0	47	22	47	24	57	5	14	4	6	32	35	30	19	6	13	29	55	25	28	45	53	25	60	37	38	32	59	54	21	23	45	56	14	27	62	33	24	57	16	44	30	38	50	7	36	11	43	2	25	8	14	33	18	60	3	28	53	51	20	15	4	65	56
0	0	14	52	19	25	5	9	52	7	38	43	65	54	17	27	52	35	15	62	56	60	59	14	7	57	40	32	3	38	50	18	26	66	54	45	47	24	44	4	12	21	36	53	6	38	48	40	9	20	31	27	30	18	33	56	25	39	32	28	26	49	65	41
0	0	0	12	46	13	66	20	53	62	46	65	62	27	14	59	36	51	52	7	4	66	2	64	34	26	47	56	2	35	5	18	10	4	30	9	23	58	26	27	33	48	47	35	8	32	45	17	5	58	14	12	12	16	41	12	7	54	11	38	10	7	64	67
0	0	0	0	65	29	11	36	49	57	68	35	37	48	25	32	60	61	12	13	45	25	21	17	43	11	29	30	19	52	33	37	26	61	21	62	36	43	6	11	28	45	6	11	67	3	19	10	65	13	13	58	4	59	47	57	59	33	68	20	35	8	39	28
0	0	0	0	0	21	42	63	66	29	36	58	8	4	41	62	26	25	62	61	22	54	47	40	69	27	63	20	17	32	39	60	44	28	35	32	30	43	37	58	35	60	49	31	39	36	31	67	22	61	3	56	47	20	14	30	46	30	27	23	62	47	16	53
0	0	0	0	0	0	49	39	68	33	32	46	48	31	38	8	52	6	48	19	29	17	17	7	32	66	49	47	22	34	41	50	63	42	47	24	37	26	37	48	54	61	31	28	26	20	13	43	53	26	13	16	60	32	5	67	57	25	38	53	34	27	36	56
0	0	0	0	0	0	0	18	43	20	50	27	25	30	64	62	66	7	30	32	50	37	66	14	32	24	28	32	17	14	7	38	10	32	62	60	34	38	43	28	65	64	9	22	49	51	8	59	27	34	32	32	69	25	39	24	55	46	17	54	16	44	56	9
0	0	0	0	0	0	0	0	34	57	40	11	50	52	9	8	28	49	7	34	34	50	14	36	41	54	10	17	8	13	66	43	44	11	33	42	29	55	55	54	50	52	28	18	23	65	56	10	22	18	27	42	64	59	6	29	13	40	51	13	28	64	15	50
0	0	0	0	0	0	0	0	0	55	62	58	23	11	36	23	19	25	15	30	49	28	37	7	48	65	4	13	59	38	56	28	39	53	46	66	35	55	54	2	69	37	10	25	45	24	32	36	8	28	44	26	29	9	55	35	64	53	12	52	20	48	48	37
0	0	0	0	0	0	0	0	0	0	25	60	11	38	47	43	15	26	60	39	33	57	9	30	20	46	62	37	13	49	11	54	35	20	66	61	70	55	32	15	11	9	55	68	67	30	10	48	23	45	51	55	29	37	37	51	35	56	23	7	40	54	11	28
0	0	0	0	0	0	0	0	0	0	0	54	50	20	5	54	75	62	26	67	47	42	29	13	69	26	29	59	48	15	53	55	66	25	33	32	23	50	17	46	60	63	65	12	19	51	46	14	45	12	23	32	67	45	63	65	34	54	67	42	53	65	59	25
0	0	0	0	0	0	0	0	0	0	0	0	63	46	49	33	56	24	37	47	27	71	54	15	6	53	23	61	60	57	30	33	46	53	25	42	46	48	62	49	44	59	12	25	13	23	12	70	23	64	30	65	49	71	22	52	47	28	43	63	65	39	28	20
0	0	0	0	0	0	0	0	0	0	0	0	0	17	30	39	9	31	57	65	40	61	52	73	37	57	23	51	75	47	59	13	20	49	47	55	15	66	42	31	18	53	29	58	71	45	13	48	58	20	23	24	52	31	39	47	60	44	17	20	45	27	41	14
0	0	0	0	0	0	0	0	0	0	0	0	0	0	40	58	46	48	73	24	18	15	69	22	51	15	40	36	21	38	12	63	28	77	53	21	47	13	42	34	40	71	30	55	28	61	32	32	30	28	19	47	64	37	21	71	17	16	15	48	29	9	50	46
0	0	0	0	0	0	0	0	0	0	0	0	0	0	0	50	21	49	61	21	12	51	35	67	46	56	9	17	33	57	45	63	22	10	31	20	32	41	70	29	19	47	27	43	39	54	62	41	15	48	27	66	48	61	73	62	10	64	56	11	22	7	28	45
0	0	0	0	0	0	0	0	0	0	0	0	0	0	0	0	12	67	34	59	65	49	52	43	21	23	57	47	38	23	28	21	29	46	9	27	62	75	34	24	37	22	9	52	18	57	42	26	21	47	51	15	76	66	53	23	49	59	34	39	59	36	19	11
0	0	0	0	0	0	0	0	0	0	0	0	0	0	0	0	0	15	16	47	41	52	35	55	66	70	44	50	41	46	20	10	55	37	21	57	22	35	34	40	45	40	65	28	16	15	78	19	76	25	68	48	41	38	18	28	15	74	15	7	40	44	26	38
0	0	0	0	0	0	0	0	0	0	0	0	0	0	0	0	0	0	69	18	54	32	38	34	32	18	58	28	30	37	42	39	51	29	46	6	26	43	42	44	24	54	56	10	76	5	68	17	45	37	61	43	12	30	49	72	59	41	51	48	36	18	13	50
0	0	0	0	0	0	0	0	0	0	0	0	0	0	0	0	0	0	0	53	83	68	62	36	16	66	48	12	41	61	34	52	18	19	31	23	67	54	68	28	7	62	18	74	70	29	61	66	29	20	37	57	9	33	44	47	45	73	58	24	11	78	78	54
0	0	0	0	0	0	0	0	0	0	0	0	0	0	0	0	0	0	0	0	61	57	52	20	61	67	79	71	63	65	18	73	55	66	57	22	70	40	16	81	69	50	32	62	14	46	70	36	41	50	43	58	46	52	31	56	47	34	17	46	36	67	73	6
0	0	0	0	0	0	0	0	0	0	0	0	0	0	0	0	0	0	0	0	0	34	43	59	47	51	17	14	16	60	50	67	62	67	70	62	66	61	57	50	35	34	47	58	65	62	26	46	17	52	34	66	60	27	59	19	44	35	61	32	69	51	19	19
0	0	0	0	0	0	0	0	0	0	0	0	0	0	0	0	0	0	0	0	0	0	73	67	16	29	25	67	47	17	57	27	33	15	65	71	69	18	22	28	55	29	23	63	42	19	49	52	30	46	68	70	71	82	66	22	73	26	22	71	20	85	57	29
0	0	0	0	0	0	0	0	0	0	0	0	0	0	0	0	0	0	0	0	0	0	0	42	41	61	60	24	26	54	37	54	14	48	59	45	20	27	58	20	62	38	24	36	60	31	39	15	31	18	51	52	47	31	32	58	33	56	60	53	64	40	28	30
0	0	0	0	0	0	0	0	0	0	0	0	0	0	0	0	0	0	0	0	0	0	0	0	38	53	27	63	6	41	51	52	43	61	48	33	66	29	67	82	55	9	58	37	59	51	21	55	67	20	68	62	25	29	66	61	81	32	31	72	59	14	51	80
0	0	0	0	0	0	0	0	0	0	0	0	0	0	0	0	0	0	0	0	0	0	0	0	0	26	60	7	69	32	47	25	59	53	51	14	53	37	49	66	65	47	83	35	79	33	58	11	53	41	54	73	69	16	46	12	66	10	25	42	79	86	69	21
0	0	0	0	0	0	0	0	0	0	0	0	0	0	0	0	0	0	0	0	0	0	0	0	0	0	85	60	60	41	59	64	32	64	83	29	47	39	48	57	41	38	14	42	38	26	43	73	49	65	41	38	61	31	86	39	41	20	42	49	64	47	55	66
0	0	0	0	0	0	0	0	0	0	0	0	0	0	0	0	0	0	0	0	0	0	0	0	0	0	0	79	30	30	13	60	43	76	40	42	58	67	78	57	16	56	30	70	9	73	75	27	70	68	51	43	34	67	44	55	69	63	58	25	37	66	73	11
0	0	0	0	0	0	0	0	0	0	0	0	0	0	0	0	0	0	0	0	0	0	0	0	0	0	0	0	24	44	29	83	25	17	70	20	67	75	44	34	68	53	70	72	11	36	49	56	49	52	68	40	51	62	72	34	39	76	51	69	37	35	76	62
0	0	0	0	0	0	0	0	0	0	0	0	0	0	0	0	0	0	0	0	0	0	0	0	0	0	0	0	0	68	51	62	47	74	2	59	32	60	26	73	53	32	71	53	56	92	69	46	7	63	33	29	38	44	34	64	67	31	35	60	72	64	49	22
0	0	0	0	0	0	0	0	0	0	0	0	0	0	0	0	0	0	0	0	0	0	0	0	0	0	0	0	0	0	53	76	83	35	12	41	89	43	26	80	30	90	36	63	49	69	55	17	23	57	16	54	68	52	29	45	46	66	74	26	60	50	32	45
0	0	0	0	0	0	0	0	0	0	0	0	0	0	0	0	0	0	0	0	0	0	0	0	0	0	0	0	0	0	0	46	64	89	56	54	47	76	26	35	60	62	74	50	41	35	44	79	89	85	54	56	46	58	57	64	75	56	50	34	47	92	37	66
0	0	0	0	0	0	0	0	0	0	0	0	0	0	0	0	0	0	0	0	0	0	0	0	0	0	0	0	0	0	0	0	65	16	63	42	35	69	52	51	72	59	24	37	18	87	32	17	66	61	29	68	67	25	36	68	81	42	15	30	29	52	38	18
0	0	0	0	0	0	0	0	0	0	0	0	0	0	0	0	0	0	0	0	0	0	0	0	0	0	0	0	0	0	0	0	0	14	55	79	46	58	20	36	68	37	33	54	28	29	54	38	64	40	67	78	67	25	51	54	47	27	45	32	72	73	45	38
0	0	0	0	0	0	0	0	0	0	0	0	0	0	0	0	0	0	0	0	0	0	0	0	0	0	0	0	0	0	0	0	0	0	59	73	58	37	36	94	30	36	20	30	16	75	50	90	50	32	22	51	39	9	38	63	82	83	65	77	42	79	32	68
0	0	0	0	0	0	0	0	0	0	0	0	0	0	0	0	0	0	0	0	0	0	0	0	0	0	0	0	0	0	0	0	0	0	0	63	34	41	43	83	47	45	67	30	41	48	66	44	50	85	47	76	34	48	77	67	12	35	96	64	56	62	54	78
0	0	0	0	0	0	0	0	0	0	0	0	0	0	0	0	0	0	0	0	0	0	0	0	0	0	0	0	0	0	0	0	0	0	0	0	38	50	28	63	68	60	59	80	67	72	69	20	37	41	18	8	16	17	87	52	25	81	51	67	43	49	59	29
0	0	0	0	0	0	0	0	0	0	0	0	0	0	0	0	0	0	0	0	0	0	0	0	0	0	0	0	0	0	0	0	0	0	0	0	0	69	97	36	34	98	37	81	55	72	38	36	33	72	43	89	58	75	25	59	96	69	54	86	61	79	34	32
0	0	0	0	0	0	0	0	0	0	0	0	0	0	0	0	0	0	0	0	0	0	0	0	0	0	0	0	0	0	0	0	0	0	0	0	0	0	37	19	42	80	46	46	53	57	25	35	81	52	67	26	68	33	22	54	65	96	78	59	53	63	78	27
0	0	0	0	0	0	0	0	0	0	0	0	0	0	0	0	0	0	0	0	0	0	0	0	0	0	0	0	0	0	0	0	0	0	0	0	0	0	0	45	14	56	64	76	84	25	59	51	70	70	56	61	45	30	41	87	50	65	52	34	79	37	57	42
0	0	0	0	0	0	0	0	0	0	0	0	0	0	0	0	0	0	0	0	0	0	0	0	0	0	0	0	0	0	0	0	0	0	0	0	0	0	0	0	50	56	54	68	62	24	42	23	62	75	92	91	36	42	88	67	20	65	96	55	51	38	15	85
0	0	0	0	0	0	0	0	0	0	0	0	0	0	0	0	0	0	0	0	0	0	0	0	0	0	0	0	0	0	0	0	0	0	0	0	0	0	0	0	0	9	24	43	50	48	26	60	45	43	88	42	63	51	62	43	27	86	47	25	58	76	50	37
0	0	0	0	0	0	0	0	0	0	0	0	0	0	0	0	0	0	0	0	0	0	0	0	0	0	0	0	0	0	0	0	0	0	0	0	0	0	0	0	0	0	68	32	60	42	8	52	91	49	36	33	49	51	10	81	62	56	64	71	30	40	15	82
0	0	0	0	0	0	0	0	0	0	0	0	0	0	0	0	0	0	0	0	0	0	0	0	0	0	0	0	0	0	0	0	0	0	0	0	0	0	0	0	0	0	0	51	72	29	60	79	54	69	45	45	62	52	54	56	60	48	58	50	26	82	51	49
0	0	0	0	0	0	0	0	0	0	0	0	0	0	0	0	0	0	0	0	0	0	0	0	0	0	0	0	0	0	0	0	0	0	0	0	0	0	0	0	0	0	0	0	28	33	33	75	22	34	100	19	76	63	97	78	62	70	57	33	19	34	28	63
0	0	0	0	0	0	0	0	0	0	0	0	0	0	0	0	0	0	0	0	0	0	0	0	0	0	0	0	0	0	0	0	0	0	0	0	0	0	0	0	0	0	0	0	0	60	36	66	36	79	81	56	38	60	56	68	39	13	74	30	64	64	52	85
0	0	0	0	0	0	0	0	0	0	0	0	0	0	0	0	0	0	0	0	0	0	0	0	0	0	0	0	0	0	0	0	0	0	0	0	0	0	0	0	0	0	0	0	0	0	45	62	65	23	89	47	20	50	91	51	74	40	94	75	64	20	41	34
0	0	0	0	0	0	0	0	0	0	0	0	0	0	0	0	0	0	0	0	0	0	0	0	0	0	0	0	0	0	0	0	0	0	0	0	0	0	0	0	0	0	0	0	0	0	0	51	48	83	30	61	67	56	9	55	26	61	29	13	40	73	14	52
0	0	0	0	0	0	0	0	0	0	0	0	0	0	0	0	0	0	0	0	0	0	0	0	0	0	0	0	0	0	0	0	0	0	0	0	0	0	0	0	0	0	0	0	0	0	0	0	79	72	54	74	66	71	69	27	28	73	93	90	34	31	78	51
0	0	0	0	0	0	0	0	0	0	0	0	0	0	0	0	0	0	0	0	0	0	0	0	0	0	0	0	0	0	0	0	0	0	0	0	0	0	0	0	0	0	0	0	0	0	0	0	0	67	25	28	36	36	43	72	78	96	93	64	68	60	88	26
0	0	0	0	0	0	0	0	0	0	0	0	0	0	0	0	0	0	0	0	0	0	0	0	0	0	0	0	0	0	0	0	0	0	0	0	0	0	0	0	0	0	0	0	0	0	0	0	0	0	38	44	42	29	60	41	90	28	89	95	64	13	21	11
0	0	0	0	0	0	0	0	0	0	0	0	0	0	0	0	0	0	0	0	0	0	0	0	0	0	0	0	0	0	0	0	0	0	0	0	0	0	0	0	0	0	0	0	0	0	0	0	0	0	0	70	62	37	53	12	92	53	47	97	36	53	78	20
0	0	0	0	0	0	0	0	0	0	0	0	0	0	0	0	0	0	0	0	0	0	0	0	0	0	0	0	0	0	0	0	0	0	0	0	0	0	0	0	0	0	0	0	0	0	0	0	0	0	0	0	34	44	14	8	46	52	91	72	70	54	67	19
0	0	0	0	0	0	0	0	0	0	0	0	0	0	0	0	0	0	0	0	0	0	0	0	0	0	0	0	0	0	0	0	0	0	0	0	0	0	0	0	0	0	0	0	0	0	0	0	0	0	0	0	0	40	108	13	71	85	102	54	21	52	62	52
0	0	0	0	0	0	0	0	0	0	0	0	0	0	0	0	0	0	0	0	0	0	0	0	0	0	0	0	0	0	0	0	0	0	0	0	0	0	0	0	0	0	0	0	0	0	0	0	0	0	0	0	0	0	25	30	74	93	73	66	83	69	84	57
0	0	0	0	0	0	0	0	0	0	0	0	0	0	0	0	0	0	0	0	0	0	0	0	0	0	0	0	0	0	0	0	0	0	0	0	0	0	0	0	0	0	0	0	0	0	0	0	0	0	0	0	0	0	0	77	56	91	52	63	76	75	58	18
0	0	0	0	0	0	0	0	0	0	0	0	0	0	0	0	0	0	0	0	0	0	0	0	0	0	0	0	0	0	0	0	0	0	0	0	0	0	0	0	0	0	0	0	0	0	0	0	0	0	0	0	0	0	0	0	53	57	89	31	34	111	22	31
0	0	0	0	0	0	0	0	0	0	0	0	0	0	0	0	0	0	0	0	0	0	0	0	0	0	0	0	0	0	0	0	0	0	0	0	0	0	0	0	0	0	0	0	0	0	0	0	0	0	0	0	0	0	0	0	0	43	66	29	108	59	96	68
0	0	0	0	0	0	0	0	0	0	0	0	0	0	0	0	0	0	0	0	0	0	0	0	0	0	0	0	0	0	0	0	0	0	0	0	0	0	0	0	0	0	0	0	0	0	0	0	0	0	0	0	0	0	0	0	0	0	73	54	81	63	65	68
0	0	0	0	0	0	0	0	0	0	0	0	0	0	0	0	0	0	0	0	0	0	0	0	0	0	0	0	0	0	0	0	0	0	0	0	0	0	0	0	0	0	0	0	0	0	0	0	0	0	0	0	0	0	0	0	0	0	0	42	102	35	62	35
0	0	0	0	0	0	0	0	0	0	0	0	0	0	0	0	0	0	0	0	0	0	0	0	0	0	0	0	0	0	0	0	0	0	0	0	0	0	0	0	0	0	0	0	0	0	0	0	0	0	0	0	0	0	0	0	0	0	0	0	63	90	28	40
0	0	0	0	0	0	0	0	0	0	0	0	0	0	0	0	0	0	0	0	0	0	0	0	0	0	0	0	0	0	0	0	0	0	0	0	0	0	0	0	0	0	0	0	0	0	0	0	0	0	0	0	0	0	0	0	0	0	0	0	0	64	55	30
0	0	0	0	0	0	0	0	0	0	0	0	0	0	0	0	0	0	0	0	0	0	0	0	0	0	0	0	0	0	0	0	0	0	0	0	0	0	0	0	0	0	0	0	0	0	0	0	0	0	0	0	0	0	0	0	0	0	0	0	0	0	73	15
0	0	0	0	0	0	0	0	0	0	0	0	0	0	0	0	0	0	0	0	0	0	0	0	0	0	0	0	0	0	0	0	0	0	0	0	0	0	0	0	0	0	0	0	0	0	0	0	0	0	0	0	0	0	0	0	0	0	0	0	0	0	0	36
0	0	0	0	0	0	0	0	0	0	0	0	0	0	0	0	0	0	0	0	0	0	0	0	0	0	0	0	0	0	0	0	0	0	0	0	0	0	0	0	0	0	0	0	0	0	0	0	0	0	0	0	0	0	0	0	0	0	0	0	0	0	0	0