0	47	3	18	47	35	7	34	11	54	33	59	62	63	26	51	9	11	46	42	41	14	42	52	48	31	56	53	20	14	35	64	8	27	16	30	30	62	7	25	40	41	63	25	42	12	2	49	59	63	4	9	18	35	24	28	57	30	49	47	60	2	57	56
0	0	20	56	47	58	12	14	16	61	26	36	15	65	55	22	25	31	2	56	2	12	34	30	41	4	23	15	56	23	3	10	51	19	37	56	22	42	17	49	64	15	35	47	43	39	43	21	16	14	6	48	38	30	60	53	28	49	17	60	53	35	65	31
0	0	0	40	7	25	41	53	50	33	9	58	26	18	21	20	26	48	16	10	29	56	24	4	50	30	59	23	9	61	42	59	10	45	14	6	47	63	11	53	54	26	67	35	2	39	16	66	66	31	21	50	22	5	36	32	36	54	60	60	61	35	43	6
0	0	0	0	20	16	52	7	14	44	59	43	2	40	22	64	33	23	41	10	16	11	31	35	7	7	27	6	4	21	11	5	44	37	31	8	39	3	11	29	6	21	58	48	47	39	23	14	22	12	9	29	30	6	49	38	59	42	25	22	17	14	63	52
0	0	0	0	0	21	34	28	7	64	54	53	24	3	46	16	13	57	26	25	43	28	52	68	45	62	57	24	19	21	17	20	19	44	33	7	13	19	17	36	61	15	37	51	42	20	42	10	24	65	15	54	66	52	54	41	10	49	55	63	47	14	38	20
0	0	0	0	0	0	61	16	5	12	24	26	67	63	11	40	56	32	42	43	49	21	65	55	50	13	43	41	46	65	17	20	28	23	66	43	41	14	20	62	28	7	27	15	42	33	35	17	22	4	24	17	36	15	67	45	11	31	20	6	7	19	54	20
0	0	0	0	0	0	0	52	55	21	22	43	24	9	6	30	64	21	36	6	13	23	33	8	26	9	14	14	52	18	66	18	11	56	34	54	53	45	51	27	45	48	43	48	39	2	37	55	38	27	25	27	44	32	10	38	7	45	58	50	9	32	42	35
0	0	0	0	0	0	0	0	17	26	47	42	30	37	13	13	60	57	31	7	28	51	10	38	50	42	25	28	28	63	52	30	49	29	30	62	21	38	38	62	66	19	31	6	56	66	68	30	46	9	47	20	29	62	44	43	54	9	52	26	15	37	23	18
0	0	0	0	0	0	0	0	0	65	10	29	31	44	26	41	60	45	46	20	7	49	40	12	51	33	18	12	63	15	50	22	22	64	59	63	59	48	43	7	37	58	50	43	15	4	35	26	33	63	31	58	38	5	27	48	47	14	54	56	28	65	29	60
0	0	0	0	0	0	0	0	0	0	64	8	34	30	51	44	61	60	57	27	38	32	22	60	55	66	15	27	25	44	55	29	56	22	13	55	18	68	62	32	66	26	71	25	24	55	56	15	34	35	14	58	39	11	15	55	39	29	9	66	44	23	33	7
0	0	0	0	0	0	0	0	0	0	0	47	35	32	67	32	20	60	16	65	49	10	19	32	44	32	52	66	12	47	18	12	58	40	59	52	21	11	19	11	10	49	18	41	62	11	62	36	56	9	14	57	37	57	61	12	37	27	12	61	16	36	30	37
0	0	0	0	0	0	0	0	0	0	0	0	13	22	62	31	32	25	13	38	59	72	51	48	34	14	42	73	59	9	48	42	17	62	32	54	16	41	35	55	32	14	67	72	11	41	32	17	57	10	65	14	46	44	56	34	62	8	41	74	49	60	45	13
0	0	0	0	0	0	0	0	0	0	0	0	0	39	33	9	12	39	47	43	77	17	56	7	49	31	39	49	52	41	29	14	55	32	34	22	19	52	28	53	53	44	49	17	19	35	45	72	10	24	56	61	59	11	29	45	38	37	58	47	59	71	50	47
0	0	0	0	0	0	0	0	0	0	0	0	0	0	26	41	21	15	33	22	48	37	64	51	17	68	26	29	58	56	22	38	61	7	18	29	18	9	54	63	35	57	32	46	64	34	45	11	24	17	59	31	42	13	35	15	60	66	54	59	15	49	25	71
0	0	0	0	0	0	0	0	0	0	0	0	0	0	0	14	7	47	51	26	46	54	9	16	50	48	49	25	56	23	36	52	59	62	44	27	41	72	72	33	35	38	50	68	45	28	19	14	53	56	30	48	24	50	61	33	57	50	72	58	22	58	36	28
0	0	0	0	0	0	0	0	0	0	0	0	0	0	0	0	37	65	23	23	66	60	31	26	56	46	45	24	52	70	67	52	58	12	12	36	53	69	58	34	3	39	13	42	73	48	51	55	58	34	34	57	68	51	53	74	32	69	22	31	27	25	30	24
0	0	0	0	0	0	0	0	0	0	0	0	0	0	0	0	0	35	63	24	33	68	31	65	19	41	59	59	69	65	49	47	57	37	43	18	47	62	61	65	27	61	54	44	8	5	73	30	29	55	7	59	42	42	37	39	18	48	50	31	21	66	31	57
0	0	0	0	0	0	0	0	0	0	0	0	0	0	0	0	0	0	49	51	34	65	21	36	41	52	46	18	41	47	34	34	46	56	42	37	25	13	53	21	45	43	14	47	57	37	48	25	48	52	22	22	52	60	47	60	46	24	26	32	38	62	63	79
0	0	0	0	0	0	0	0	0	0	0	0	0	0	0	0	0	0	0	29	72	42	30	65	47	13	61	40	63	51	31	49	32	47	15	43	35	42	68	27	25	35	24	68	48	35	15	67	29	61	22	14	52	12	36	66	67	53	17	35	34	39	29	17
0	0	0	0	0	0	0	0	0	0	0	0	0	0	0	0	0	0	0	0	72	29	36	31	43	7	19	12	69	38	58	49	58	69	27	9	13	44	75	28	68	75	11	16	20	35	42	24	73	73	54	14	57	26	30	22	36	62	46	33	57	15	56	11
0	0	0	0	0	0	0	0	0	0	0	0	0	0	0	0	0	0	0	0	0	44	53	73	47	29	23	57	16	27	26	58	47	12	32	31	72	10	60	69	72	43	6	26	36	30	36	72	18	61	71	52	19	59	61	48	69	17	26	44	26	56	51	13
0	0	0	0	0	0	0	0	0	0	0	0	0	0	0	0	0	0	0	0	0	0	57	74	46	39	55	42	66	34	66	75	38	11	40	27	37	57	71	61	19	40	24	31	7	69	29	35	56	16	19	65	44	31	56	20	21	45	32	32	43	18	30	52
0	0	0	0	0	0	0	0	0	0	0	0	0	0	0	0	0	0	0	0	0	0	0	66	68	22	34	39	67	42	49	85	34	21	49	74	45	49	65	17	48	37	48	19	52	24	43	54	68	29	38	27	65	75	35	54	15	73	34	15	27	51	52	21
0	0	0	0	0	0	0	0	0	0	0	0	0	0	0	0	0	0	0	0	0	0	0	0	18	69	35	69	18	66	45	24	77	74	16	36	52	18	73	87	26	44	16	60	28	73	60	61	68	17	78	40	27	76	56	49	46	25	60	71	9	25	61	24
0	0	0	0	0	0	0	0	0	0	0	0	0	0	0	0	0	0	0	0	0	0	0	0	0	15	77	34	49	48	49	20	52	58	35	67	50	69	53	73	25	12	25	49	85	82	58	50	47	37	32	58	74	64	57	67	17	60	52	21	41	80	10	74
0	0	0	0	0	0	0	0	0	0	0	0	0	0	0	0	0	0	0	0	0	0	0	0	0	0	75	28	15	21	72	37	63	34	46	48	34	82	61	67	65	32	29	73	28	32	57	23	47	77	14	44	83	78	5	71	27	31	65	58	66	76	69	35
0	0	0	0	0	0	0	0	0	0	0	0	0	0	0	0	0	0	0	0	0	0	0	0	0	0	0	49	35	42	51	20	33	73	13	81	41	51	40	39	47	68	62	36	62	68	70	84	35	51	37	36	44	66	38	32	16	73	56	88	38	62	48	28
0	0	0	0	0	0	0	0	0	0	0	0	0	0	0	0	0	0	0	0	0	0	0	0	0	0	0	0	30	35	54	58	44	25	54	63	43	63	24	35	42	30	5	10	74	40	89	68	76	58	28	43	22	69	43	39	78	20	87	30	6	26	82	41
0	0	0	0	0	0	0	0	0	0	0	0	0	0	0	0	0	0	0	0	0	0	0	0	0	0	0	0	0	67	40	64	63	76	43	33	79	63	10	52	87	43	41	47	13	60	48	62	47	48	65	59	59	47	46	62	16	43	29	26	54	68	44	39
0	0	0	0	0	0	0	0	0	0	0	0	0	0	0	0	0	0	0	0	0	0	0	0	0	0	0	0	0	0	47	66	39	74	53	26	26	80	52	45	78	48	17	64	46	52	85	38	44	20	78	43	65	38	55	56	17	37	69	36	73	16	86	42
0	0	0	0	0	0	0	0	0	0	0	0	0	0	0	0	0	0	0	0	0	0	0	0	0	0	0	0	0	0	0	22	47	42	74	19	15	10	21	38	59	33	61	65	73	53	70	25	53	47	21	24	79	44	90	15	80	27	71	30	55	45	81	77
0	0	0	0	0	0	0	0	0	0	0	0	0	0	0	0	0	0	0	0	0	0	0	0	0	0	0	0	0	0	0	0	18	37	56	40	25	10	43	29	35	42	3	61	21	76	53	48	55	53	54	40	92	41	12	77	17	88	34	28	74	17	32	76
0	0	0	0	0	0	0	0	0	0	0	0	0	0	0	0	0	0	0	0	0	0	0	0	0	0	0	0	0	0	0	0	0	44	66	60	26	58	71	54	66	48	33	91	23	45	67	51	16	45	50	60	23	82	31	76	47	22	59	69	37	55	62	19
0	0	0	0	0	0	0	0	0	0	0	0	0	0	0	0	0	0	0	0	0	0	0	0	0	0	0	0	0	0	0	0	0	0	49	33	79	59	83	43	70	36	24	65	69	75	55	40	57	82	62	67	61	81	79	52	60	71	19	73	58	27	39	20
0	0	0	0	0	0	0	0	0	0	0	0	0	0	0	0	0	0	0	0	0	0	0	0	0	0	0	0	0	0	0	0	0	0	0	42	77	49	15	87	51	27	30	17	33	80	12	41	77	42	41	45	57	27	65	68	50	70	17	47	43	65	69	83
0	0	0	0	0	0	0	0	0	0	0	0	0	0	0	0	0	0	0	0	0	0	0	0	0	0	0	0	0	0	0	0	0	0	0	0	69	82	75	60	86	46	28	31	34	48	37	45	51	63	43	50	78	58	22	74	54	71	58	31	80	57	38	47
0	0	0	0	0	0	0	0	0	0	0	0	0	0	0	0	0	0	0	0	0	0	0	0	0	0	0	0	0	0	0	0	0	0	0	0	0	41	72	6	28	41	9	57	63	58	36	29	19	90	66	66	43	45	51	86	29	18	26	40	53	49	34	74
0	0	0	0	0	0	0	0	0	0	0	0	0	0	0	0	0	0	0	0	0	0	0	0	0	0	0	0	0	0	0	0	0	0	0	0	0	0	73	52	90	28	37	35	63	32	54	23	87	26	9	56	83	18	60	74	51	21	71	51	62	83	66	71
0	0	0	0	0	0	0	0	0	0	0	0	0	0	0	0	0	0	0	0	0	0	0	0	0	0	0	0	0	0	0	0	0	0	0	0	0	0	0	33	64	86	35	72	60	30	64	40	55	62	15	47	24	50	31	23	57	33	33	80	51	45	70	64
0	0	0	0	0	0	0	0	0	0	0	0	0	0	0	0	0	0	0	0	0	0	0	0	0	0	0	0	0	0	0	0	0	0	0	0	0	0	0	0	68	68	35	90	34	91	35	74	30	77	87	50	41	37	30	73	99	85	48	82	19	78	60	52
0	0	0	0	0	0	0	0	0	0	0	0	0	0	0	0	0	0	0	0	0	0	0	0	0	0	0	0	0	0	0	0	0	0	0	0	0	0	0	0	0	35	75	35	77	55	62	49	29	72	44	51	67	36	16	32	67	75	49	48	41	91	30	58
0	0	0	0	0	0	0	0	0	0	0	0	0	0	0	0	0	0	0	0	0	0	0	0	0	0	0	0	0	0	0	0	0	0	0	0	0	0	0	0	0	0	44	35	14	18	91	65	19	21	40	35	101	27	77	60	53	26	77	58	50	68	33	45
0	0	0	0	0	0	0	0	0	0	0	0	0	0	0	0	0	0	0	0	0	0	0	0	0	0	0	0	0	0	0	0	0	0	0	0	0	0	0	0	0	0	0	72	52	91	36	96	37	68	72	12	94	66	65	83	60	40	28	42	76	39	61	64
0	0	0	0	0	0	0	0	0	0	0	0	0	0	0	0	0	0	0	0	0	0	0	0	0	0	0	0	0	0	0	0	0	0	0	0	0	0	0	0	0	0	0	0	47	50	63	32	24	32	51	39	51	89	5	82	38	48	53	63	48	46	56	48
0	0	0	0	0	0	0	0	0	0	0	0	0	0	0	0	0	0	0	0	0	0	0	0	0	0	0	0	0	0	0	0	0	0	0	0	0	0	0	0	0	0	0	0	0	66	44	97	57	76	88	81	17	73	46	45	48	57	68	74	91	72	9	22
0	0	0	0	0	0	0	0	0	0	0	0	0	0	0	0	0	0	0	0	0	0	0	0	0	0	0	0	0	0	0	0	0	0	0	0	0	0	0	0	0	0	0	0	0	0	69	59	48	27	33	70	76	75	51	26	5	61	49	48	77	87	23	55
0	0	0	0	0	0	0	0	0	0	0	0	0	0	0	0	0	0	0	0	0	0	0	0	0	0	0	0	0	0	0	0	0	0	0	0	0	0	0	0	0	0	0	0	0	0	0	43	66	69	87	36	50	67	68	45	60	79	63	40	66	80	74	49
0	0	0	0	0	0	0	0	0	0	0	0	0	0	0	0	0	0	0	0	0	0	0	0	0	0	0	0	0	0	0	0	0	0	0	0	0	0	0	0	0	0	0	0	0	0	0	0	93	58	72	32	92	39	83	90	41	48	27	28	53	37	49	66
0	0	0	0	0	0	0	0	0	0	0	0	0	0	0	0	0	0	0	0	0	0	0	0	0	0	0	0	0	0	0	0	0	0	0	0	0	0	0	0	0	0	0	0	0	0	0	0	0	33	28	93	74	43	57	49	64	31	44	74	34	67	72	60
0	0	0	0	0	0	0	0	0	0	0	0	0	0	0	0	0	0	0	0	0	0	0	0	0	0	0	0	0	0	0	0	0	0	0	0	0	0	0	0	0	0	0	0	0	0	0	0	0	0	107	53	30	61	58	25	53	18	59	77	73	88	46	83
0	0	0	0	0	0	0	0	0	0	0	0	0	0	0	0	0	0	0	0	0	0	0	0	0	0	0	0	0	0	0	0	0	0	0	0	0	0	0	0	0	0	0	0	0	0	0	0	0	0	0	31	34	27	66	43	37	30	88	59	63	59	73	63
0	0	0	0	0	0	0	0	0	0	0	0	0	0	0	0	0	0	0	0	0	0	0	0	0	0	0	0	0	0	0	0	0	0	0	0	0	0	0	0	0	0	0	0	0	0	0	0	0	0	0	0	42	62	18	60	46	53	57	39	68	33	82	30
0	0	0	0	0	0	0	0	0	0	0	0	0	0	0	0	0	0	0	0	0	0	0	0	0	0	0	0	0	0	0	0	0	0	0	0	0	0	0	0	0	0	0	0	0	0	0	0	0	0	0	0	0	43	40	85	60	105	25	101	38	85	77	107
0	0	0	0	0	0	0	0	0	0	0	0	0	0	0	0	0	0	0	0	0	0	0	0	0	0	0	0	0	0	0	0	0	0	0	0	0	0	0	0	0	0	0	0	0	0	0	0	0	0	0	0	0	0	39	53	50	25	45	107	56	70	79	100
0	0	0	0	0	0	0	0	0	0	0	0	0	0	0	0	0	0	0	0	0	0	0	0	0	0	0	0	0	0	0	0	0	0	0	0	0	0	0	0	0	0	0	0	0	0	0	0	0	0	0	0	0	0	0	63	85	69	79	21	33	58	79	90
0	0	0	0	0	0	0	0	0	0	0	0	0	0	0	0	0	0	0	0	0	0	0	0	0	0	0	0	0	0	0	0	0	0	0	0	0	0	0	0	0	0	0	0	0	0	0	0	0	0	0	0	0	0	0	0	78	62	40	117	69	3	73	36
0	0	0	0	0	0	0	0	0	0	0	0	0	0	0	0	0	0	0	0	0	0	0	0	0	0	0	0	0	0	0	0	0	0	0	0	0	0	0	0	0	0	0	0	0	0	0	0	0	0	0	0	0	0	0	0	0	79	30	84	24	39	50	94
0	0	0	0	0	0	0	0	0	0	0	0	0	0	0	0	0	0	0	0	0	0	0	0	0	0	0	0	0	0	0	0	0	0	0	0	0	0	0	0	0	0	0	0	0	0	0	0	0	0	0	0	0	0	0	0	0	0	44	99	23	16	90	46
0	0	0	0	0	0	0	0	0	0	0	0	0	0	0	0	0	0	0	0	0	0	0	0	0	0	0	0	0	0	0	0	0	0	0	0	0	0	0	0	0	0	0	0	0	0	0	0	0	0	0	0	0	0	0	0	0	0	0	77	17	40	92	59
0	0	0	0	0	0	0	0	0	0	0	0	0	0	0	0	0	0	0	0	0	0	0	0	0	0	0	0	0	0	0	0	0	0	0	0	0	0	0	0	0	0	0	0	0	0	0	0	0	0	0	0	0	0	0	0	0	0	0	0	69	37	88	55
0	0	0	0	0	0	0	0	0	0	0	0	0	0	0	0	0	0	0	0	0	0	0	0	0	0	0	0	0	0	0	0	0	0	0	0	0	0	0	0	0	0	0	0	0	0	0	0	0	0	0	0	0	0	0	0	0	0	0	0	0	64	111	50
0	0	0	0	0	0	0	0	0	0	0	0	0	0	0	0	0	0	0	0	0	0	0	0	0	0	0	0	0	0	0	0	0	0	0	0	0	0	0	0	0	0	0	0	0	0	0	0	0	0	0	0	0	0	0	0	0	0	0	0	0	0	55	107
0	0	0	0	0	0	0	0	0	0	0	0	0	0	0	0	0	0	0	0	0	0	0	0	0	0	0	0	0	0	0	0	0	0	0	0	0	0	0	0	0	0	0	0	0	0	0	0	0	0	0	0	0	0	0	0	0	0	0	0	0	0	0	38
0	0	0	0	0	0	0	0	0	0	0	0	0	0	0	0	0	0	0	0	0	0	0	0	0	0	0	0	0	0	0	0	0	0	0	0	0	0	0	0	0	0	0	0	0	0	0	0	0	0	0	0	0	0	0	0	0	0	0	0	0	0	0	0