0	40	62	32	32	27	32	19	52	16	15	45	5	35	51	20	54	10	36	2	40	44	19	52	50	55	43	22	43	30	11	8	35	23	2	20	23	5	56	14	50	62	1	50	50	20	10	7	21	39	25	46	3	2	20	50	34	48	59	19	41	3	14	45
0	0	38	40	54	34	52	15	37	38	41	11	14	60	34	18	54	12	24	30	12	26	1	44	13	1	58	12	10	22	26	21	48	37	8	18	10	7	63	48	50	22	22	22	29	35	8	1	23	15	46	7	60	20	16	18	38	41	33	24	34	17	6	54
0	0	0	17	47	5	25	46	13	42	4	56	43	32	29	26	29	30	59	27	47	39	41	64	57	12	32	23	13	43	2	36	21	34	55	22	21	28	42	24	63	42	10	9	17	45	39	40	56	45	33	34	46	25	35	3	33	42	40	2	44	5	60	14
0	0	0	0	13	30	52	50	47	58	50	52	53	7	30	7	12	36	56	18	63	21	26	14	34	15	51	54	64	32	7	46	57	56	42	62	8	8	22	53	62	53	49	40	55	29	36	9	52	32	23	62	30	49	3	23	10	8	11	16	56	21	53	7
0	0	0	0	0	28	29	53	56	1	64	12	64	48	10	40	19	50	5	11	3	3	62	1	29	32	61	34	55	21	35	2	58	58	15	24	46	29	48	8	46	3	7	50	40	8	11	11	47	61	51	60	22	11	17	53	33	29	44	42	41	34	41	60
0	0	0	0	0	0	30	16	58	46	51	12	32	59	41	12	3	16	30	8	52	53	15	35	61	25	57	44	6	55	45	26	61	1	32	31	59	25	56	23	15	13	18	12	20	15	36	20	62	34	38	53	5	23	15	17	26	29	57	23	20	58	5	33
0	0	0	0	0	0	0	5	34	2	5	14	12	59	53	10	56	5	21	4	57	37	14	37	15	46	39	6	57	42	36	37	4	30	39	35	9	56	14	12	60	17	10	51	64	18	25	44	6	58	49	2	39	14	26	8	36	31	42	27	36	33	20	53
0	0	0	0	0	0	0	0	28	45	17	45	15	33	12	27	49	53	52	55	5	3	26	17	57	33	2	19	32	18	60	36	64	8	40	14	2	28	27	7	22	34	17	3	59	2	58	16	62	63	37	31	12	29	15	48	10	32	46	6	4	11	22	40
0	0	0	0	0	0	0	0	0	22	42	29	47	64	45	56	8	61	36	13	56	4	42	7	21	15	30	10	60	51	5	8	50	47	24	17	56	36	57	63	8	13	32	7	26	35	59	3	22	40	54	2	28	14	32	7	36	17	37	11	31	41	31	46
0	0	0	0	0	0	0	0	0	0	23	4	34	1	36	38	26	14	1	31	20	1	28	15	4	47	37	12	27	59	54	26	12	51	35	14	38	16	4	5	51	40	60	42	62	15	53	19	54	39	37	23	28	59	6	17	53	32	23	58	60	49	32	50
0	0	0	0	0	0	0	0	0	0	0	58	45	63	15	41	59	31	29	20	21	61	20	40	5	33	19	24	40	61	63	62	9	1	4	31	51	48	24	1	45	42	35	48	61	40	40	5	25	44	2	10	26	62	17	37	41	63	22	6	15	27	42	55
0	0	0	0	0	0	0	0	0	0	0	0	50	41	48	11	26	60	6	35	60	9	38	4	57	31	30	48	35	62	44	49	13	5	45	55	43	12	13	55	6	1	15	31	39	10	8	22	57	43	45	48	27	17	3	5	6	42	11	51	2	14	62	31
0	0	0	0	0	0	0	0	0	0	0	0	0	22	12	53	50	11	10	19	11	53	33	16	15	57	60	6	59	51	60	34	53	20	27	37	3	14	30	33	41	19	3	11	21	32	64	5	45	33	27	10	19	53	31	26	6	22	21	19	30	39	35	14
0	0	0	0	0	0	0	0	0	0	0	0	0	0	25	15	54	34	58	29	40	40	54	9	2	27	35	14	26	47	9	12	15	21	19	12	27	16	28	28	54	59	39	30	5	17	60	1	49	37	52	7	56	43	16	63	45	26	30	45	31	7	34	15
0	0	0	0	0	0	0	0	0	0	0	0	0	0	0	21	42	38	14	62	9	44	64	30	61	64	13	64	45	39	31	34	4	45	5	39	63	18	11	5	60	44	26	27	16	36	31	38	33	31	18	24	5	1	16	63	56	28	11	61	6	24	41	18
0	0	0	0	0	0	0	0	0	0	0	0	0	0	0	0	52	7	44	15	2	7	39	13	29	47	6	34	31	15	31	62	32	31	50	42	10	45	8	32	55	63	7	53	42	11	15	17	30	57	15	12	43	12	60	40	59	2	13	44	8	2	2	41
0	0	0	0	0	0	0	0	0	0	0	0	0	0	0	0	0	46	26	3	24	19	51	41	13	35	50	7	10	4	28	13	27	51	60	15	27	33	15	21	14	64	23	60	29	18	44	39	59	26	26	34	1	7	46	29	28	56	53	16	12	27	41	40
0	0	0	0	0	0	0	0	0	0	0	0	0	0	0	0	0	0	61	33	21	13	52	7	7	28	33	21	9	40	51	32	20	8	20	7	22	21	48	3	63	17	40	36	36	32	2	58	8	52	40	47	63	8	45	3	62	53	6	54	36	13	5	4
0	0	0	0	0	0	0	0	0	0	0	0	0	0	0	0	0	0	0	64	50	31	31	10	14	28	1	36	46	25	6	59	59	26	43	30	11	52	60	17	26	60	40	18	31	39	49	51	52	41	20	37	48	46	6	59	9	18	14	29	21	6	17	21
0	0	0	0	0	0	0	0	0	0	0	0	0	0	0	0	0	0	0	0	4	40	6	38	63	9	23	64	55	63	49	8	52	6	64	41	38	10	53	3	63	29	27	29	32	56	38	5	18	28	53	16	46	11	31	22	38	5	51	32	30	39	42	6
0	0	0	0	0	0	0	0	0	0	0	0	0	0	0	0	0	0	0	0	0	13	58	63	39	9	28	47	56	25	56	55	43	51	14	35	12	58	36	56	49	64	52	54	40	63	9	15	4	47	6	8	6	7	62	26	2	1	59	34	22	17	18	49
0	0	0	0	0	0	0	0	0	0	0	0	0	0	0	0	0	0	0	0	0	0	45	27	19	45	34	15	46	58	39	6	41	19	44	28	57	21	42	9	16	32	43	36	8	64	9	17	59	61	40	48	26	14	40	27	27	58	42	42	53	35	30	33
0	0	0	0	0	0	0	0	0	0	0	0	0	0	0	0	0	0	0	0	0	0	0	23	22	12	41	10	63	46	19	12	24	6	34	60	36	4	39	32	45	15	14	6	48	62	53	4	5	42	28	59	52	30	55	59	17	15	21	5	26	3	54	11
0	0	0	0	0	0	0	0	0	0	0	0	0	0	0	0	0	0	0	0	0	0	0	0	15	31	39	39	47	30	23	15	46	58	25	24	18	61	35	55	63	5	13	50	34	24	20	58	56	31	28	61	46	60	24	28	28	64	15	57	35	63	16	63
0	0	0	0	0	0	0	0	0	0	0	0	0	0	0	0	0	0	0	0	0	0	0	0	0	26	11	17	16	19	46	34	42	22	32	59	15	11	25	19	51	56	42	60	42	56	29	58	63	37	16	10	9	64	14	14	17	16	33	8	2	7	33	63
0	0	0	0	0	0	0	0	0	0	0	0	0	0	0	0	0	0	0	0	0	0	0	0	0	0	5	20	30	26	44	53	9	24	61	2	53	14	63	43	41	3	3	29	16	47	9	52	36	47	30	12	3	59	45	13	46	53	23	35	29	25	43	19
0	0	0	0	0	0	0	0	0	0	0	0	0	0	0	0	0	0	0	0	0	0	0	0	0	0	0	61	58	51	4	43	49	17	15	39	15	26	15	51	5	57	37	22	31	55	50	2	17	52	53	2	60	14	21	20	45	6	51	58	38	5	58	23
0	0	0	0	0	0	0	0	0	0	0	0	0	0	0	0	0	0	0	0	0	0	0	0	0	0	0	0	57	2	52	29	3	4	15	17	50	43	58	17	6	47	9	4	36	21	22	30	46	55	27	29	22	2	63	8	59	26	2	57	24	43	59	21
0	0	0	0	0	0	0	0	0	0	0	0	0	0	0	0	0	0	0	0	0	0	0	0	0	0	0	0	0	56	4	20	19	10	25	49	51	42	63	38	32	8	31	14	21	19	21	48	60	6	25	4	19	32	26	9	25	57	20	12	20	53	3	42
0	0	0	0	0	0	0	0	0	0	0	0	0	0	0	0	0	0	0	0	0	0	0	0	0	0	0	0	0	0	10	31	8	53	23	27	31	27	34	2	55	10	12	2	4	12	26	21	23	54	3	27	13	58	17	45	7	5	58	63	4	23	48	43
0	0	0	0	0	0	0	0	0	0	0	0	0	0	0	0	0	0	0	0	0	0	0	0	0	0	0	0	0	0	0	46	32	42	50	3	6	19	13	42	11	25	13	8	64	26	8	11	7	30	11	59	39	29	39	9	26	35	59	57	47	64	41	54
0	0	0	0	0	0	0	0	0	0	0	0	0	0	0	0	0	0	0	0	0	0	0	0	0	0	0	0	0	0	0	0	54	1	49	53	6	1	10	23	43	27	49	16	8	26	60	8	59	54	14	20	10	38	8	20	54	13	21	13	17	27	52	23
0	0	0	0	0	0	0	0	0	0	0	0	0	0	0	0	0	0	0	0	0	0	0	0	0	0	0	0	0	0	0	0	0	23	62	40	4	42	23	28	6	59	22	47	29	37	57	33	2	21	30	17	48	63	18	43	6	12	8	40	23	21	35	11
0	0	0	0	0	0	0	0	0	0	0	0	0	0	0	0	0	0	0	0	0	0	0	0	0	0	0	0	0	0	0	0	0	0	16	38	45	5	56	47	1	32	34	62	1	9	47	38	34	10	36	24	12	58	47	16	52	9	9	37	25	44	5	23
0	0	0	0	0	0	0	0	0	0	0	0	0	0	0	0	0	0	0	0	0	0	0	0	0	0	0	0	0	0	0	0	0	0	0	56	39	50	46	34	21	26	22	48	27	62	20	8	60	42	47	36	3	61	12	19	15	59	16	33	55	31	20	23
0	0	0	0	0	0	0	0	0	0	0	0	0	0	0	0	0	0	0	0	0	0	0	0	0	0	0	0	0	0	0	0	0	0	0	0	5	13	48	1	13	52	8	32	6	1	24	26	20	38	31	61	32	29	32	58	27	19	18	64	25	13	63	57
0	0	0	0	0	0	0	0	0	0	0	0	0	0	0	0	0	0	0	0	0	0	0	0	0	0	0	0	0	0	0	0	0	0	0	0	0	52	31	40	25	61	39	41	58	63	39	6	64	47	45	3	26	8	60	54	41	9	34	62	43	44	45	51
0	0	0	0	0	0	0	0	0	0	0	0	0	0	0	0	0	0	0	0	0	0	0	0	0	0	0	0	0	0	0	0	0	0	0	0	0	0	39	28	52	44	11	12	51	46	18	7	4	22	49	32	27	24	29	52	6	23	10	63	55	21	44	43
0	0	0	0	0	0	0	0	0	0	0	0	0	0	0	0	0	0	0	0	0	0	0	0	0	0	0	0	0	0	0	0	0	0	0	0	0	0	0	3	21	6	43	63	61	16	19	64	15	44	22	31	9	16	42	42	54	13	17	31	17	19	5	40
0	0	0	0	0	0	0	0	0	0	0	0	0	0	0	0	0	0	0	0	0	0	0	0	0	0	0	0	0	0	0	0	0	0	0	0	0	0	0	0	11	33	50	46	53	29	7	48	54	58	58	10	18	48	8	21	61	17	8	10	19	46	4	2
0	0	0	0	0	0	0	0	0	0	0	0	0	0	0	0	0	0	0	0	0	0	0	0	0	0	0	0	0	0	0	0	0	0	0	0	0	0	0	0	0	53	26	13	17	4	36	46	21	3	9	12	28	49	4	61	55	59	50	33	62	61	23	5
0	0	0	0	0	0	0	0	0	0	0	0	0	0	0	0	0	0	0	0	0	0	0	0	0	0	0	0	0	0	0	0	0	0	0	0	0	0	0	0	0	0	21	10	40	20	44	58	28	27	14	25	33	61	47	22	39	24	35	62	5	39	32	52
0	0	0	0	0	0	0	0	0	0	0	0	0	0	0	0	0	0	0	0	0	0	0	0	0	0	0	0	0	0	0	0	0	0	0	0	0	0	0	0	0	0	0	48	45	63	19	49	17	18	53	42	9	26	39	62	53	62	11	2	37	27	4	7
0	0	0	0	0	0	0	0	0	0	0	0	0	0	0	0	0	0	0	0	0	0	0	0	0	0	0	0	0	0	0	0	0	0	0	0	0	0	0	0	0	0	0	0	41	3	27	19	39	7	21	39	29	55	27	6	16	40	25	27	36	34	16	11
0	0	0	0	0	0	0	0	0	0	0	0	0	0	0	0	0	0	0	0	0	0	0	0	0	0	0	0	0	0	0	0	0	0	0	0	0	0	0	0	0	0	0	0	0	40	29	38	58	24	52	11	17	24	13	63	10	50	23	5	23	50	13	2
0	0	0	0	0	0	0	0	0	0	0	0	0	0	0	0	0	0	0	0	0	0	0	0	0	0	0	0	0	0	0	0	0	0	0	0	0	0	0	0	0	0	0	0	0	0	58	4	38	29	26	37	49	44	15	17	11	29	39	40	62	19	47	6
0	0	0	0	0	0	0	0	0	0	0	0	0	0	0	0	0	0	0	0	0	0	0	0	0	0	0	0	0	0	0	0	0	0	0	0	0	0	0	0	0	0	0	0	0	0	0	58	40	12	50	27	30	18	1	27	47	60	51	18	19	56	18	24
0	0	0	0	0	0	0	0	0	0	0	0	0	0	0	0	0	0	0	0	0	0	0	0	0	0	0	0	0	0	0	0	0	0	0	0	0	0	0	0	0	0	0	0	0	0	0	0	8	41	34	50	59	54	62	12	29	36	17	35	9	27	8	40
0	0	0	0	0	0	0	0	0	0	0	0	0	0	0	0	0	0	0	0	0	0	0	0	0	0	0	0	0	0	0	0	0	0	0	0	0	0	0	0	0	0	0	0	0	0	0	0	0	27	29	48	13	43	48	20	15	40	8	43	55	5	42	29
0	0	0	0	0	0	0	0	0	0	0	0	0	0	0	0	0	0	0	0	0	0	0	0	0	0	0	0	0	0	0	0	0	0	0	0	0	0	0	0	0	0	0	0	0	0	0	0	0	0	37	5	26	36	46	17	63	61	54	55	33	64	35	1
0	0	0	0	0	0	0	0	0	0	0	0	0	0	0	0	0	0	0	0	0	0	0	0	0	0	0	0	0	0	0	0	0	0	0	0	0	0	0	0	0	0	0	0	0	0	0	0	0	0	0	24	46	48	15	37	36	64	22	13	49	31	61	14
0	0	0	0	0	0	0	0	0	0	0	0	0	0	0	0	0	0	0	0	0	0	0	0	0	0	0	0	0	0	0	0	0	0	0	0	0	0	0	0	0	0	0	0	0	0	0	0	0	0	0	0	31	43	2	15	44	31	49	52	57	43	21	1
0	0	0	0	0	0	0	0	0	0	0	0	0	0	0	0	0	0	0	0	0	0	0	0	0	0	0	0	0	0	0	0	0	0	0	0	0	0	0	0	0	0	0	0	0	0	0	0	0	0	0	0	0	30	5	52	10	30	46	2	17	27	55	13
0	0	0	0	0	0	0	0	0	0	0	0	0	0	0	0	0	0	0	0	0	0	0	0	0	0	0	0	0	0	0	0	0	0	0	0	0	0	0	0	0	0	0	0	0	0	0	0	0	0	0	0	0	0	59	24	23	59	37	39	52	1	64	55
0	0	0	0	0	0	0	0	0	0	0	0	0	0	0	0	0	0	0	0	0	0	0	0	0	0	0	0	0	0	0	0	0	0	0	0	0	0	0	0	0	0	0	0	0	0	0	0	0	0	0	0	0	0	0	34	57	22	33	13	11	26	20	47
0	0	0	0	0	0	0	0	0	0	0	0	0	0	0	0	0	0	0	0	0	0	0	0	0	0	0	0	0	0	0	0	0	0	0	0	0	0	0	0	0	0	0	0	0	0	0	0	0	0	0	0	0	0	0	0	31	1	24	27	35	6	15	27
0	0	0	0	0	0	0	0	0	0	0	0	0	0	0	0	0	0	0	0	0	0	0	0	0	0	0	0	0	0	0	0	0	0	0	0	0	0	0	0	0	0	0	0	0	0	0	0	0	0	0	0	0	0	0	0	0	64	30	27	49	42	23	25
0	0	0	0	0	0	0	0	0	0	0	0	0	0	0	0	0	0	0	0	0	0	0	0	0	0	0	0	0	0	0	0	0	0	0	0	0	0	0	0	0	0	0	0	0	0	0	0	0	0	0	0	0	0	0	0	0	0	39	47	20	37	9	23
0	0	0	0	0	0	0	0	0	0	0	0	0	0	0	0	0	0	0	0	0	0	0	0	0	0	0	0	0	0	0	0	0	0	0	0	0	0	0	0	0	0	0	0	0	0	0	0	0	0	0	0	0	0	0	0	0	0	0	20	1	48	35	30
0	0	0	0	0	0	0	0	0	0	0	0	0	0	0	0	0	0	0	0	0	0	0	0	0	0	0	0	0	0	0	0	0	0	0	0	0	0	0	0	0	0	0	0	0	0	0	0	0	0	0	0	0	0	0	0	0	0	0	0	8	16	51	1
0	0	0	0	0	0	0	0	0	0	0	0	0	0	0	0	0	0	0	0	0	0	0	0	0	0	0	0	0	0	0	0	0	0	0	0	0	0	0	0	0	0	0	0	0	0	0	0	0	0	0	0	0	0	0	0	0	0	0	0	0	20	64	44
0	0	0	0	0	0	0	0	0	0	0	0	0	0	0	0	0	0	0	0	0	0	0	0	0	0	0	0	0	0	0	0	0	0	0	0	0	0	0	0	0	0	0	0	0	0	0	0	0	0	0	0	0	0	0	0	0	0	0	0	0	0	18	33
0	0	0	0	0	0	0	0	0	0	0	0	0	0	0	0	0	0	0	0	0	0	0	0	0	0	0	0	0	0	0	0	0	0	0	0	0	0	0	0	0	0	0	0	0	0	0	0	0	0	0	0	0	0	0	0	0	0	0	0	0	0	0	50
0	0	0	0	0	0	0	0	0	0	0	0	0	0	0	0	0	0	0	0	0	0	0	0	0	0	0	0	0	0	0	0	0	0	0	0	0	0	0	0	0	0	0	0	0	0	0	0	0	0	0	0	0	0	0	0	0	0	0	0	0	0	0	0