0	64	12	21	29	38	29	10	61	61	34	33	54	8	6	43	45	12	26	51	9	17	55	58	5	63	11	8	23	52	61	55	36	10	22	39	59	30	13	49	52	5	37	1	17	37	10	61	39	27	37	31	61	30	38	48	27	17	57	9	53	6	58	52
0	0	42	9	20	41	14	28	12	3	10	11	5	29	44	35	22	62	4	46	38	54	49	5	44	49	56	23	60	9	51	2	59	11	49	37	43	18	38	46	55	55	3	55	4	23	10	36	2	41	4	34	35	35	46	52	13	25	7	23	28	62	32	60
0	0	0	19	33	35	4	9	3	11	10	12	47	60	50	47	58	30	42	12	33	10	16	30	55	37	58	44	32	16	50	39	33	14	10	55	18	37	22	42	5	37	14	62	19	12	59	43	18	52	4	3	45	6	38	53	27	12	44	25	31	41	30	32
0	0	0	0	16	14	39	24	37	51	5	59	26	28	12	51	6	8	35	58	22	34	63	42	25	19	40	42	64	54	26	35	43	2	16	63	58	26	6	50	54	59	21	60	48	52	47	61	49	7	62	48	14	43	61	3	63	31	11	57	21	41	27	60
0	0	0	0	0	40	45	29	4	45	52	9	54	43	46	21	51	57	46	58	48	60	54	23	43	33	18	9	25	28	49	55	25	48	42	25	13	34	60	59	48	33	24	51	39	31	62	46	64	53	47	46	43	55	31	41	11	36	14	46	51	50	63	42
0	0	0	0	0	0	34	13	14	4	33	16	15	46	18	9	20	30	13	24	40	21	7	47	33	9	3	64	42	46	21	20	13	8	55	18	49	24	31	26	36	51	41	34	54	62	21	36	32	3	34	13	28	23	59	17	57	23	1	62	61	10	32	11
0	0	0	0	0	0	0	55	61	5	63	37	46	4	47	63	17	50	30	52	31	10	32	38	22	13	58	52	58	2	3	58	61	53	4	21	64	23	2	12	64	8	17	48	55	47	14	57	40	35	45	35	5	18	63	2	13	47	19	48	3	2	1	45
0	0	0	0	0	0	0	0	59	31	37	60	64	42	21	46	9	4	35	9	1	28	54	28	29	6	53	57	34	17	52	35	4	29	33	32	18	4	4	62	36	30	19	59	26	19	20	18	24	5	43	55	11	64	50	5	24	56	16	53	29	38	15	60
0	0	0	0	0	0	0	0	0	13	1	48	54	24	24	2	61	47	37	20	33	16	32	47	46	41	57	33	16	26	16	11	63	36	13	58	42	30	6	26	61	17	31	52	4	12	30	34	42	45	6	60	47	25	38	51	43	31	37	53	42	24	20	46
0	0	0	0	0	0	0	0	0	0	60	6	55	9	3	24	55	58	62	53	21	43	50	55	27	32	5	41	1	27	44	27	61	7	64	13	26	59	9	51	40	32	32	41	41	33	32	64	19	50	57	28	53	32	7	62	62	20	16	24	23	11	32	8
0	0	0	0	0	0	0	0	0	0	0	56	5	22	33	41	56	57	19	28	62	60	6	15	35	17	37	2	45	29	60	17	32	16	55	40	62	51	15	4	52	46	54	40	9	12	4	20	53	49	33	6	5	35	35	27	43	33	20	32	38	8	9	12
0	0	0	0	0	0	0	0	0	0	0	0	29	10	62	56	38	34	11	31	37	64	26	56	53	5	49	17	27	45	52	8	60	21	37	64	38	57	16	45	50	62	11	10	41	44	51	39	9	54	37	35	63	6	43	64	42	6	50	52	60	44	35	32
0	0	0	0	0	0	0	0	0	0	0	0	0	33	3	33	38	25	3	14	58	14	53	32	25	63	34	12	41	50	31	64	12	26	60	3	49	14	36	38	48	43	25	55	8	7	48	26	14	26	4	28	3	31	23	10	3	22	62	15	46	8	25	4
0	0	0	0	0	0	0	0	0	0	0	0	0	0	13	58	63	13	43	19	45	37	22	61	22	11	46	27	5	58	39	36	63	47	52	57	8	28	45	16	22	4	52	39	34	52	45	42	30	58	40	9	5	1	22	19	43	20	45	24	32	21	46	45
0	0	0	0	0	0	0	0	0	0	0	0	0	0	0	63	18	40	35	34	37	16	57	55	9	53	31	37	46	64	18	19	47	53	62	37	58	30	55	61	44	21	60	29	59	19	38	55	55	36	2	22	19	14	21	21	57	4	40	54	4	46	13	13
0	0	0	0	0	0	0	0	0	0	0	0	0	0	0	0	53	53	19	55	47	33	49	22	37	21	57	7	48	14	27	45	3	14	7	63	54	17	57	42	12	43	38	13	9	6	18	14	32	28	42	7	32	27	51	55	21	11	29	46	20	42	16	16
0	0	0	0	0	0	0	0	0	0	0	0	0	0	0	0	0	40	22	58	20	20	58	33	7	60	25	3	25	43	60	31	44	4	38	20	61	47	62	20	30	44	53	64	54	20	21	30	1	16	21	30	12	57	2	45	53	2	18	6	22	55	47	14
0	0	0	0	0	0	0	0	0	0	0	0	0	0	0	0	0	0	63	25	49	4	55	40	59	26	14	45	42	18	49	20	10	53	59	11	53	62	36	32	18	6	56	28	58	56	51	5	54	61	17	55	12	34	42	39	31	44	13	26	28	15	40	33
0	0	0	0	0	0	0	0	0	0	0	0	0	0	0	0	0	0	0	26	22	58	17	6	17	22	13	6	58	46	51	40	64	14	35	36	60	30	20	56	41	58	23	58	32	60	4	38	13	64	41	58	15	35	28	7	23	51	26	63	50	22	56	3
0	0	0	0	0	0	0	0	0	0	0	0	0	0	0	0	0	0	0	0	44	57	1	20	24	55	59	27	44	32	9	24	29	9	40	44	37	22	31	51	51	4	63	13	37	64	15	46	24	49	51	15	29	11	61	62	22	9	16	41	20	16	26	26
0	0	0	0	0	0	0	0	0	0	0	0	0	0	0	0	0	0	0	0	0	9	33	45	34	39	22	2	34	26	53	33	56	18	62	47	12	6	30	39	38	18	8	11	60	64	50	61	33	35	12	41	10	22	14	20	27	20	61	24	1	38	54	41
0	0	0	0	0	0	0	0	0	0	0	0	0	0	0	0	0	0	0	0	0	0	42	29	22	29	61	6	58	16	49	4	30	33	30	26	24	36	57	44	57	56	53	35	26	39	2	31	63	13	42	33	12	50	64	59	52	50	42	45	9	24	29	21
0	0	0	0	0	0	0	0	0	0	0	0	0	0	0	0	0	0	0	0	0	0	0	34	36	48	49	11	32	16	45	56	53	15	63	40	33	61	17	17	36	12	1	26	28	16	50	53	12	46	57	11	18	2	51	2	6	59	26	24	14	32	37	10
0	0	0	0	0	0	0	0	0	0	0	0	0	0	0	0	0	0	0	0	0	0	0	0	14	25	30	1	27	21	5	64	53	25	33	42	11	24	24	43	37	6	41	7	14	50	43	53	52	61	50	50	19	61	48	2	33	34	41	19	50	26	9	64
0	0	0	0	0	0	0	0	0	0	0	0	0	0	0	0	0	0	0	0	0	0	0	0	0	63	11	58	12	58	51	5	22	59	23	32	16	39	8	25	40	46	1	34	7	46	14	60	18	13	2	40	51	51	57	46	5	21	14	22	40	37	36	46
0	0	0	0	0	0	0	0	0	0	0	0	0	0	0	0	0	0	0	0	0	0	0	0	0	0	46	4	58	46	42	35	41	24	26	12	56	56	5	11	59	1	28	29	21	50	59	35	47	26	3	2	10	10	46	30	29	16	41	42	3	38	10	32
0	0	0	0	0	0	0	0	0	0	0	0	0	0	0	0	0	0	0	0	0	0	0	0	0	0	0	29	54	38	25	37	47	18	61	61	43	63	54	24	37	43	52	60	25	48	16	26	57	26	55	58	21	33	41	16	6	6	7	41	41	1	18	12
0	0	0	0	0	0	0	0	0	0	0	0	0	0	0	0	0	0	0	0	0	0	0	0	0	0	0	0	55	13	33	38	6	31	11	1	24	59	28	63	6	30	22	61	7	46	44	45	18	36	6	38	12	7	25	52	20	22	61	35	21	8	57	51
0	0	0	0	0	0	0	0	0	0	0	0	0	0	0	0	0	0	0	0	0	0	0	0	0	0	0	0	0	19	26	11	9	42	27	41	36	26	63	23	57	59	27	21	53	8	57	2	16	17	54	2	8	15	51	26	38	10	41	48	3	57	62	25
0	0	0	0	0	0	0	0	0	0	0	0	0	0	0	0	0	0	0	0	0	0	0	0	0	0	0	0	0	0	31	10	19	17	5	60	54	44	41	15	32	57	64	5	64	13	34	31	42	54	41	47	31	62	31	44	14	42	34	46	16	19	16	51
0	0	0	0	0	0	0	0	0	0	0	0	0	0	0	0	0	0	0	0	0	0	0	0	0	0	0	0	0	0	0	51	55	24	54	24	58	6	43	7	7	43	44	9	17	19	45	40	58	3	46	46	23	30	24	33	44	19	6	4	17	4	55	39
0	0	0	0	0	0	0	0	0	0	0	0	0	0	0	0	0	0	0	0	0	0	0	0	0	0	0	0	0	0	0	0	36	35	63	6	14	57	46	38	24	38	36	20	34	35	31	52	51	7	35	46	35	16	33	42	16	28	4	15	48	35	39	3
0	0	0	0	0	0	0	0	0	0	0	0	0	0	0	0	0	0	0	0	0	0	0	0	0	0	0	0	0	0	0	0	0	34	6	63	8	35	63	56	58	56	63	62	28	37	20	11	42	21	51	15	14	12	13	17	39	52	35	41	57	30	15	59
0	0	0	0	0	0	0	0	0	0	0	0	0	0	0	0	0	0	0	0	0	0	0	0	0	0	0	0	0	0	0	0	0	0	43	58	63	55	40	34	54	64	12	19	25	52	39	49	8	9	35	50	60	12	53	63	58	35	56	20	61	28	7	13
0	0	0	0	0	0	0	0	0	0	0	0	0	0	0	0	0	0	0	0	0	0	0	0	0	0	0	0	0	0	0	0	0	0	0	45	18	58	60	19	64	48	20	20	11	25	24	52	12	64	15	25	7	5	38	4	38	64	33	29	54	59	44	15
0	0	0	0	0	0	0	0	0	0	0	0	0	0	0	0	0	0	0	0	0	0	0	0	0	0	0	0	0	0	0	0	0	0	0	0	29	24	18	16	59	52	10	14	38	33	41	35	25	14	12	51	10	27	58	14	60	51	53	54	64	41	33	31
0	0	0	0	0	0	0	0	0	0	0	0	0	0	0	0	0	0	0	0	0	0	0	0	0	0	0	0	0	0	0	0	0	0	0	0	0	35	29	24	1	10	19	57	62	37	9	4	15	49	44	34	30	17	13	40	37	41	59	26	62	33	62	23
0	0	0	0	0	0	0	0	0	0	0	0	0	0	0	0	0	0	0	0	0	0	0	0	0	0	0	0	0	0	0	0	0	0	0	0	0	0	32	41	3	22	1	41	31	42	25	28	12	45	1	51	64	7	32	6	34	13	16	22	15	57	25	18
0	0	0	0	0	0	0	0	0	0	0	0	0	0	0	0	0	0	0	0	0	0	0	0	0	0	0	0	0	0	0	0	0	0	0	0	0	0	0	58	6	43	45	4	55	57	3	26	17	9	12	21	36	54	20	42	4	63	61	54	49	31	28	63
0	0	0	0	0	0	0	0	0	0	0	0	0	0	0	0	0	0	0	0	0	0	0	0	0	0	0	0	0	0	0	0	0	0	0	0	0	0	0	0	22	1	35	57	47	24	24	22	34	50	5	31	20	59	6	57	38	63	47	5	17	58	33	56
0	0	0	0	0	0	0	0	0	0	0	0	0	0	0	0	0	0	0	0	0	0	0	0	0	0	0	0	0	0	0	0	0	0	0	0	0	0	0	0	0	12	17	12	31	57	42	27	46	35	7	45	18	24	23	30	9	48	20	53	3	27	4	63
0	0	0	0	0	0	0	0	0	0	0	0	0	0	0	0	0	0	0	0	0	0	0	0	0	0	0	0	0	0	0	0	0	0	0	0	0	0	0	0	0	0	31	45	25	39	28	27	23	33	31	10	8	54	9	44	30	48	24	45	7	64	20	44
0	0	0	0	0	0	0	0	0	0	0	0	0	0	0	0	0	0	0	0	0	0	0	0	0	0	0	0	0	0	0	0	0	0	0	0	0	0	0	0	0	0	0	46	10	4	1	4	50	31	46	36	1	4	11	30	57	44	3	29	64	53	28	10
0	0	0	0	0	0	0	0	0	0	0	0	0	0	0	0	0	0	0	0	0	0	0	0	0	0	0	0	0	0	0	0	0	0	0	0	0	0	0	0	0	0	0	0	11	17	2	52	52	45	53	59	61	27	49	56	47	35	51	56	37	7	17	31
0	0	0	0	0	0	0	0	0	0	0	0	0	0	0	0	0	0	0	0	0	0	0	0	0	0	0	0	0	0	0	0	0	0	0	0	0	0	0	0	0	0	0	0	0	47	13	47	3	6	41	58	29	47	41	9	34	60	8	60	11	1	38	57
0	0	0	0	0	0	0	0	0	0	0	0	0	0	0	0	0	0	0	0	0	0	0	0	0	0	0	0	0	0	0	0	0	0	0	0	0	0	0	0	0	0	0	0	0	0	63	29	44	42	7	4	30	39	55	58	35	49	17	34	54	24	8	15
0	0	0	0	0	0	0	0	0	0	0	0	0	0	0	0	0	0	0	0	0	0	0	0	0	0	0	0	0	0	0	0	0	0	0	0	0	0	0	0	0	0	0	0	0	0	0	18	7	39	52	38	64	50	19	12	46	1	10	26	58	56	35	35
0	0	0	0	0	0	0	0	0	0	0	0	0	0	0	0	0	0	0	0	0	0	0	0	0	0	0	0	0	0	0	0	0	0	0	0	0	0	0	0	0	0	0	0	0	0	0	0	43	40	58	51	27	14	57	28	41	16	20	36	29	19	45	44
0	0	0	0	0	0	0	0	0	0	0	0	0	0	0	0	0	0	0	0	0	0	0	0	0	0	0	0	0	0	0	0	0	0	0	0	0	0	0	0	0	0	0	0	0	0	0	0	0	46	57	60	20	56	19	51	13	20	59	23	26	58	39	53
0	0	0	0	0	0	0	0	0	0	0	0	0	0	0	0	0	0	0	0	0	0	0	0	0	0	0	0	0	0	0	0	0	0	0	0	0	0	0	0	0	0	0	0	0	0	0	0	0	0	17	52	10	14	34	4	15	8	1	27	46	54	58	60
0	0	0	0	0	0	0	0	0	0	0	0	0	0	0	0	0	0	0	0	0	0	0	0	0	0	0	0	0	0	0	0	0	0	0	0	0	0	0	0	0	0	0	0	0	0	0	0	0	0	0	9	42	18	13	19	24	48	5	61	51	45	51	23
0	0	0	0	0	0	0	0	0	0	0	0	0	0	0	0	0	0	0	0	0	0	0	0	0	0	0	0	0	0	0	0	0	0	0	0	0	0	0	0	0	0	0	0	0	0	0	0	0	0	0	0	26	39	8	18	57	58	41	14	49	47	57	51
0	0	0	0	0	0	0	0	0	0	0	0	0	0	0	0	0	0	0	0	0	0	0	0	0	0	0	0	0	0	0	0	0	0	0	0	0	0	0	0	0	0	0	0	0	0	0	0	0	0	0	0	0	30	32	64	21	64	23	48	36	56	57	1
0	0	0	0	0	0	0	0	0	0	0	0	0	0	0	0	0	0	0	0	0	0	0	0	0	0	0	0	0	0	0	0	0	0	0	0	0	0	0	0	0	0	0	0	0	0	0	0	0	0	0	0	0	0	46	15	11	15	16	17	6	49	44	11
0	0	0	0	0	0	0	0	0	0	0	0	0	0	0	0	0	0	0	0	0	0	0	0	0	0	0	0	0	0	0	0	0	0	0	0	0	0	0	0	0	0	0	0	0	0	0	0	0	0	0	0	0	0	0	63	8	4	15	17	4	23	57	1
0	0	0	0	0	0	0	0	0	0	0	0	0	0	0	0	0	0	0	0	0	0	0	0	0	0	0	0	0	0	0	0	0	0	0	0	0	0	0	0	0	0	0	0	0	0	0	0	0	0	0	0	0	0	0	0	63	18	53	8	31	5	43	38
0	0	0	0	0	0	0	0	0	0	0	0	0	0	0	0	0	0	0	0	0	0	0	0	0	0	0	0	0	0	0	0	0	0	0	0	0	0	0	0	0	0	0	0	0	0	0	0	0	0	0	0	0	0	0	0	0	48	13	20	26	31	14	52
0	0	0	0	0	0	0	0	0	0	0	0	0	0	0	0	0	0	0	0	0	0	0	0	0	0	0	0	0	0	0	0	0	0	0	0	0	0	0	0	0	0	0	0	0	0	0	0	0	0	0	0	0	0	0	0	0	0	37	28	52	32	28	15
0	0	0	0	0	0	0	0	0	0	0	0	0	0	0	0	0	0	0	0	0	0	0	0	0	0	0	0	0	0	0	0	0	0	0	0	0	0	0	0	0	0	0	0	0	0	0	0	0	0	0	0	0	0	0	0	0	0	0	49	64	51	50	20
0	0	0	0	0	0	0	0	0	0	0	0	0	0	0	0	0	0	0	0	0	0	0	0	0	0	0	0	0	0	0	0	0	0	0	0	0	0	0	0	0	0	0	0	0	0	0	0	0	0	0	0	0	0	0	0	0	0	0	0	40	24	16	23
0	0	0	0	0	0	0	0	0	0	0	0	0	0	0	0	0	0	0	0	0	0	0	0	0	0	0	0	0	0	0	0	0	0	0	0	0	0	0	0	0	0	0	0	0	0	0	0	0	0	0	0	0	0	0	0	0	0	0	0	0	54	51	25
0	0	0	0	0	0	0	0	0	0	0	0	0	0	0	0	0	0	0	0	0	0	0	0	0	0	0	0	0	0	0	0	0	0	0	0	0	0	0	0	0	0	0	0	0	0	0	0	0	0	0	0	0	0	0	0	0	0	0	0	0	0	39	45
0	0	0	0	0	0	0	0	0	0	0	0	0	0	0	0	0	0	0	0	0	0	0	0	0	0	0	0	0	0	0	0	0	0	0	0	0	0	0	0	0	0	0	0	0	0	0	0	0	0	0	0	0	0	0	0	0	0	0	0	0	0	0	29
0	0	0	0	0	0	0	0	0	0	0	0	0	0	0	0	0	0	0	0	0	0	0	0	0	0	0	0	0	0	0	0	0	0	0	0	0	0	0	0	0	0	0	0	0	0	0	0	0	0	0	0	0	0	0	0	0	0	0	0	0	0	0	0