0	63	8	19	55	22	58	48	18	58	39	2	1	24	35	24	54	39	64	37	19	60	4	30	34	52	15	55	20	15	40	2	48	21	36	24	56	37	64	46	63	21	12	59	42	2	6	1	10	35	42	56	43	49	20	26	14	42	41	25	28	33	13	51
0	0	36	38	16	60	4	20	41	29	10	11	1	18	42	8	56	25	30	46	33	63	33	6	7	31	58	22	46	28	57	40	44	58	37	29	29	27	16	21	22	56	32	62	64	16	36	12	32	28	35	2	59	30	9	4	11	50	60	49	25	10	35	16
0	0	0	15	14	51	43	10	46	55	17	41	47	28	47	5	2	55	5	60	39	25	16	39	30	28	1	24	8	24	10	30	21	21	37	8	43	57	3	35	17	9	35	26	35	12	9	43	57	52	26	52	39	26	35	25	43	27	4	17	41	32	50	44
0	0	0	0	58	30	39	33	61	1	59	23	24	58	14	15	15	1	12	6	46	51	32	45	32	59	63	3	23	63	24	53	37	7	16	39	59	37	14	28	21	16	17	56	46	4	53	47	23	4	63	15	54	56	51	25	58	39	54	48	7	12	56	28
0	0	0	0	0	8	56	16	51	57	29	18	15	12	16	58	62	56	56	9	10	1	49	29	62	26	11	21	44	56	43	16	46	23	34	28	59	45	34	15	47	37	5	43	45	19	31	20	39	7	10	35	28	49	41	38	39	62	31	16	39	6	38	61
0	0	0	0	0	0	53	45	14	38	61	34	17	13	61	27	17	16	14	20	7	62	6	64	64	59	5	47	25	12	47	45	37	32	6	23	7	19	10	49	33	18	30	25	42	14	28	55	3	6	2	25	47	41	49	11	32	48	43	36	11	13	35	22
0	0	0	0	0	0	0	12	27	7	62	37	64	44	18	14	27	29	46	54	24	31	59	7	40	63	36	53	12	37	30	58	22	7	44	31	18	63	18	19	40	50	61	28	23	5	27	8	6	41	63	51	3	19	7	21	64	41	44	54	23	42	62	16
0	0	0	0	0	0	0	0	59	54	15	58	52	20	17	29	24	34	58	28	20	37	21	8	60	56	45	50	1	14	40	39	22	57	45	7	4	17	34	27	58	54	45	9	11	6	62	52	1	20	35	48	1	32	26	43	39	20	44	60	25	46	42	10
0	0	0	0	0	0	0	0	0	20	3	8	41	33	22	54	63	45	12	21	42	60	46	30	5	6	3	5	28	35	62	43	22	1	1	38	56	55	32	37	44	36	25	41	48	16	11	40	42	43	30	18	41	34	57	63	51	36	50	19	37	37	42	12
0	0	0	0	0	0	0	0	0	0	29	13	45	13	52	23	1	5	35	39	61	21	42	5	10	59	1	32	17	57	17	51	30	36	21	45	35	35	18	45	22	39	17	29	14	17	46	58	49	41	40	24	37	27	53	50	13	54	2	52	61	1	3	56
0	0	0	0	0	0	0	0	0	0	0	52	17	29	64	58	50	57	53	16	45	1	59	16	33	1	57	39	56	55	47	50	7	57	28	52	36	8	36	33	10	53	37	45	57	57	3	35	46	15	32	22	10	52	3	12	21	28	2	41	49	5	38	17
0	0	0	0	0	0	0	0	0	0	0	0	14	24	14	33	15	38	45	37	57	38	14	36	64	1	51	10	21	56	12	54	39	49	29	61	54	25	24	23	62	48	24	49	1	53	10	60	12	27	19	62	38	50	60	30	41	62	60	27	32	10	9	10
0	0	0	0	0	0	0	0	0	0	0	0	0	33	63	8	31	33	31	55	19	15	51	22	59	53	46	47	42	27	47	60	30	37	55	22	40	32	48	11	48	32	5	61	22	43	25	24	13	44	57	22	18	44	42	9	12	7	10	39	38	40	38	38
0	0	0	0	0	0	0	0	0	0	0	0	0	0	12	57	59	9	24	49	18	42	31	25	59	55	23	27	42	40	42	19	46	31	61	2	37	63	56	17	5	29	5	53	31	49	16	35	32	58	47	13	28	4	30	25	55	51	56	20	24	14	11	19
0	0	0	0	0	0	0	0	0	0	0	0	0	0	0	52	34	1	23	12	13	22	17	1	60	12	46	46	5	3	60	44	39	45	49	52	63	32	14	20	46	4	11	17	56	12	56	43	47	26	19	10	26	7	29	42	19	4	50	30	21	16	9	16
0	0	0	0	0	0	0	0	0	0	0	0	0	0	0	0	58	59	30	59	31	15	53	37	52	30	21	7	15	47	45	2	63	56	61	39	57	24	47	4	50	34	38	20	51	27	39	22	60	58	43	28	55	57	12	23	51	14	45	37	18	13	22	36
0	0	0	0	0	0	0	0	0	0	0	0	0	0	0	0	0	25	52	22	32	28	24	60	23	30	10	31	4	29	21	16	56	10	16	15	15	59	14	37	37	47	7	41	14	34	63	12	20	54	1	49	14	8	19	42	50	47	12	3	12	35	43	24
0	0	0	0	0	0	0	0	0	0	0	0	0	0	0	0	0	0	32	46	38	2	55	10	45	58	8	37	42	5	56	41	13	28	6	19	56	41	11	1	51	13	11	30	8	27	38	55	42	47	34	7	26	26	28	25	34	44	25	42	32	64	56	43
0	0	0	0	0	0	0	0	0	0	0	0	0	0	0	0	0	0	0	49	11	2	63	41	25	41	14	51	60	27	9	39	3	47	41	16	29	14	18	59	11	42	10	34	34	5	32	41	63	58	54	42	19	47	59	2	19	4	55	2	57	46	39	27
0	0	0	0	0	0	0	0	0	0	0	0	0	0	0	0	0	0	0	0	44	17	22	20	54	29	33	55	42	37	16	54	23	34	38	35	35	49	21	63	33	61	23	18	27	6	29	30	46	50	36	47	6	37	47	7	11	10	5	44	56	26	39	56
0	0	0	0	0	0	0	0	0	0	0	0	0	0	0	0	0	0	0	0	0	52	10	38	44	40	31	48	37	57	50	48	30	52	48	34	24	30	18	49	19	62	41	5	54	39	52	15	63	32	7	19	5	45	64	29	35	32	31	32	53	8	13	33
0	0	0	0	0	0	0	0	0	0	0	0	0	0	0	0	0	0	0	0	0	0	44	62	19	12	28	12	13	53	53	57	8	4	10	29	24	60	4	46	17	35	40	54	20	1	4	36	10	54	34	50	34	61	9	29	47	17	16	63	42	23	30	43
0	0	0	0	0	0	0	0	0	0	0	0	0	0	0	0	0	0	0	0	0	0	0	27	10	15	27	5	30	21	6	38	41	23	18	54	36	36	35	49	49	1	19	20	32	59	24	59	28	63	51	24	14	58	48	24	63	32	35	33	59	44	37	38
0	0	0	0	0	0	0	0	0	0	0	0	0	0	0	0	0	0	0	0	0	0	0	0	29	40	25	18	21	32	62	25	24	3	64	32	58	3	11	61	58	31	40	27	2	23	46	12	4	54	10	12	53	35	16	24	57	33	21	32	7	40	37	10
0	0	0	0	0	0	0	0	0	0	0	0	0	0	0	0	0	0	0	0	0	0	0	0	0	31	51	21	40	1	12	46	45	61	4	28	54	14	35	12	26	63	48	50	12	23	10	3	63	16	58	47	25	10	32	2	55	43	5	27	51	25	57	55
0	0	0	0	0	0	0	0	0	0	0	0	0	0	0	0	0	0	0	0	0	0	0	0	0	0	8	4	58	17	23	24	31	46	38	46	27	61	13	43	29	34	11	7	38	29	63	44	2	53	49	33	16	62	49	44	57	46	63	43	35	16	34	57
0	0	0	0	0	0	0	0	0	0	0	0	0	0	0	0	0	0	0	0	0	0	0	0	0	0	0	52	62	41	20	49	6	43	3	62	48	33	32	51	52	43	2	40	18	56	11	5	13	12	51	28	12	53	35	30	39	28	27	31	37	34	8	25
0	0	0	0	0	0	0	0	0	0	0	0	0	0	0	0	0	0	0	0	0	0	0	0	0	0	0	0	26	60	45	61	11	33	55	55	29	21	14	46	45	54	60	30	45	58	53	16	12	58	37	11	25	22	33	31	31	30	51	21	12	49	64	13
0	0	0	0	0	0	0	0	0	0	0	0	0	0	0	0	0	0	0	0	0	0	0	0	0	0	0	0	0	56	45	34	2	48	18	56	27	35	43	17	48	32	14	44	7	59	1	63	21	22	14	61	42	27	41	24	2	35	6	14	49	44	61	12
0	0	0	0	0	0	0	0	0	0	0	0	0	0	0	0	0	0	0	0	0	0	0	0	0	0	0	0	0	0	11	61	51	62	10	17	23	41	23	35	21	44	24	48	3	19	42	44	36	3	49	22	52	53	1	19	12	7	61	62	20	4	13	59
0	0	0	0	0	0	0	0	0	0	0	0	0	0	0	0	0	0	0	0	0	0	0	0	0	0	0	0	0	0	0	54	41	18	37	33	9	44	54	8	35	32	57	27	8	24	53	39	61	54	19	22	28	11	5	50	47	4	25	37	19	17	30	5
0	0	0	0	0	0	0	0	0	0	0	0	0	0	0	0	0	0	0	0	0	0	0	0	0	0	0	0	0	0	0	0	37	7	16	52	61	53	10	28	6	33	52	46	34	60	45	37	24	41	26	12	10	20	27	19	7	56	56	14	54	58	24	35
0	0	0	0	0	0	0	0	0	0	0	0	0	0	0	0	0	0	0	0	0	0	0	0	0	0	0	0	0	0	0	0	0	1	24	55	7	21	27	38	16	5	6	17	38	25	54	24	10	11	3	62	64	53	54	34	4	15	9	4	6	40	51	39
0	0	0	0	0	0	0	0	0	0	0	0	0	0	0	0	0	0	0	0	0	0	0	0	0	0	0	0	0	0	0	0	0	0	43	44	38	22	45	64	49	36	22	49	64	55	39	17	39	63	60	55	4	32	43	45	3	22	16	15	56	44	37	48
0	0	0	0	0	0	0	0	0	0	0	0	0	0	0	0	0	0	0	0	0	0	0	0	0	0	0	0	0	0	0	0	0	0	0	33	1	61	37	1	31	15	57	33	56	21	58	20	20	29	42	44	2	22	60	36	62	24	19	50	21	44	26	45
0	0	0	0	0	0	0	0	0	0	0	0	0	0	0	0	0	0	0	0	0	0	0	0	0	0	0	0	0	0	0	0	0	0	0	0	58	15	43	20	55	21	2	54	34	45	7	63	52	18	30	10	22	33	16	57	1	35	41	33	38	8	29	7
0	0	0	0	0	0	0	0	0	0	0	0	0	0	0	0	0	0	0	0	0	0	0	0	0	0	0	0	0	0	0	0	0	0	0	0	0	64	17	20	15	42	63	49	22	55	48	28	53	29	60	55	13	14	17	45	30	28	61	36	4	54	52	55
0	0	0	0	0	0	0	0	0	0	0	0	0	0	0	0	0	0	0	0	0	0	0	0	0	0	0	0	0	0	0	0	0	0	0	0	0	0	47	51	6	26	53	29	51	19	62	10	23	1	57	55	27	38	8	44	30	48	53	60	29	49	18	33
0	0	0	0	0	0	0	0	0	0	0	0	0	0	0	0	0	0	0	0	0	0	0	0	0	0	0	0	0	0	0	0	0	0	0	0	0	0	0	33	25	14	33	4	46	12	56	20	46	48	55	20	15	22	9	57	61	30	20	24	41	24	42	52
0	0	0	0	0	0	0	0	0	0	0	0	0	0	0	0	0	0	0	0	0	0	0	0	0	0	0	0	0	0	0	0	0	0	0	0	0	0	0	0	37	47	48	9	21	55	33	45	14	21	50	38	45	14	12	42	3	12	31	38	18	47	39	32
0	0	0	0	0	0	0	0	0	0	0	0	0	0	0	0	0	0	0	0	0	0	0	0	0	0	0	0	0	0	0	0	0	0	0	0	0	0	0	0	0	2	8	63	13	46	42	56	4	50	5	34	17	23	3	54	16	27	37	19	50	14	12	27
0	0	0	0	0	0	0	0	0	0	0	0	0	0	0	0	0	0	0	0	0	0	0	0	0	0	0	0	0	0	0	0	0	0	0	0	0	0	0	0	0	0	8	47	44	25	25	53	42	33	8	33	8	38	4	32	21	58	61	36	15	29	46	43
0	0	0	0	0	0	0	0	0	0	0	0	0	0	0	0	0	0	0	0	0	0	0	0	0	0	0	0	0	0	0	0	0	0	0	0	0	0	0	0	0	0	0	53	14	61	30	60	11	12	25	30	56	10	30	28	17	21	41	24	29	59	59	51
0	0	0	0	0	0	0	0	0	0	0	0	0	0	0	0	0	0	0	0	0	0	0	0	0	0	0	0	0	0	0	0	0	0	0	0	0	0	0	0	0	0	0	0	35	45	1	31	1	53	56	39	10	37	54	57	4	28	3	40	9	16	14	31
0	0	0	0	0	0	0	0	0	0	0	0	0	0	0	0	0	0	0	0	0	0	0	0	0	0	0	0	0	0	0	0	0	0	0	0	0	0	0	0	0	0	0	0	0	47	31	3	42	43	49	2	22	5	28	49	9	12	34	14	18	10	21	11
0	0	0	0	0	0	0	0	0	0	0	0	0	0	0	0	0	0	0	0	0	0	0	0	0	0	0	0	0	0	0	0	0	0	0	0	0	0	0	0	0	0	0	0	0	0	55	12	32	42	31	40	31	49	27	22	21	58	3	56	25	35	7	25
0	0	0	0	0	0	0	0	0	0	0	0	0	0	0	0	0	0	0	0	0	0	0	0	0	0	0	0	0	0	0	0	0	0	0	0	0	0	0	0	0	0	0	0	0	0	0	10	58	21	5	48	43	31	17	48	19	49	16	22	15	15	28	48
0	0	0	0	0	0	0	0	0	0	0	0	0	0	0	0	0	0	0	0	0	0	0	0	0	0	0	0	0	0	0	0	0	0	0	0	0	0	0	0	0	0	0	0	0	0	0	0	10	48	63	11	40	63	48	49	17	4	32	16	58	17	27	53
0	0	0	0	0	0	0	0	0	0	0	0	0	0	0	0	0	0	0	0	0	0	0	0	0	0	0	0	0	0	0	0	0	0	0	0	0	0	0	0	0	0	0	0	0	0	0	0	0	28	55	45	55	39	14	41	63	5	23	52	45	46	22	58
0	0	0	0	0	0	0	0	0	0	0	0	0	0	0	0	0	0	0	0	0	0	0	0	0	0	0	0	0	0	0	0	0	0	0	0	0	0	0	0	0	0	0	0	0	0	0	0	0	0	57	28	59	1	11	8	13	42	47	24	40	25	3	35
0	0	0	0	0	0	0	0	0	0	0	0	0	0	0	0	0	0	0	0	0	0	0	0	0	0	0	0	0	0	0	0	0	0	0	0	0	0	0	0	0	0	0	0	0	0	0	0	0	0	0	5	11	33	50	28	35	14	64	56	61	56	50	15
0	0	0	0	0	0	0	0	0	0	0	0	0	0	0	0	0	0	0	0	0	0	0	0	0	0	0	0	0	0	0	0	0	0	0	0	0	0	0	0	0	0	0	0	0	0	0	0	0	0	0	0	21	9	32	48	25	13	21	8	63	61	58	1
0	0	0	0	0	0	0	0	0	0	0	0	0	0	0	0	0	0	0	0	0	0	0	0	0	0	0	0	0	0	0	0	0	0	0	0	0	0	0	0	0	0	0	0	0	0	0	0	0	0	0	0	0	24	24	20	29	28	45	25	53	10	4	45
0	0	0	0	0	0	0	0	0	0	0	0	0	0	0	0	0	0	0	0	0	0	0	0	0	0	0	0	0	0	0	0	0	0	0	0	0	0	0	0	0	0	0	0	0	0	0	0	0	0	0	0	0	0	60	1	47	26	20	42	37	13	47	33
0	0	0	0	0	0	0	0	0	0	0	0	0	0	0	0	0	0	0	0	0	0	0	0	0	0	0	0	0	0	0	0	0	0	0	0	0	0	0	0	0	0	0	0	0	0	0	0	0	0	0	0	0	0	0	13	64	37	37	54	11	54	40	62
0	0	0	0	0	0	0	0	0	0	0	0	0	0	0	0	0	0	0	0	0	0	0	0	0	0	0	0	0	0	0	0	0	0	0	0	0	0	0	0	0	0	0	0	0	0	0	0	0	0	0	0	0	0	0	0	60	14	62	30	58	32	61	32
0	0	0	0	0	0	0	0	0	0	0	0	0	0	0	0	0	0	0	0	0	0	0	0	0	0	0	0	0	0	0	0	0	0	0	0	0	0	0	0	0	0	0	0	0	0	0	0	0	0	0	0	0	0	0	0	0	39	54	9	62	13	35	8
0	0	0	0	0	0	0	0	0	0	0	0	0	0	0	0	0	0	0	0	0	0	0	0	0	0	0	0	0	0	0	0	0	0	0	0	0	0	0	0	0	0	0	0	0	0	0	0	0	0	0	0	0	0	0	0	0	0	49	39	7	54	46	36
0	0	0	0	0	0	0	0	0	0	0	0	0	0	0	0	0	0	0	0	0	0	0	0	0	0	0	0	0	0	0	0	0	0	0	0	0	0	0	0	0	0	0	0	0	0	0	0	0	0	0	0	0	0	0	0	0	0	0	39	2	30	45	32
0	0	0	0	0	0	0	0	0	0	0	0	0	0	0	0	0	0	0	0	0	0	0	0	0	0	0	0	0	0	0	0	0	0	0	0	0	0	0	0	0	0	0	0	0	0	0	0	0	0	0	0	0	0	0	0	0	0	0	0	8	3	47	15
0	0	0	0	0	0	0	0	0	0	0	0	0	0	0	0	0	0	0	0	0	0	0	0	0	0	0	0	0	0	0	0	0	0	0	0	0	0	0	0	0	0	0	0	0	0	0	0	0	0	0	0	0	0	0	0	0	0	0	0	0	58	57	55
0	0	0	0	0	0	0	0	0	0	0	0	0	0	0	0	0	0	0	0	0	0	0	0	0	0	0	0	0	0	0	0	0	0	0	0	0	0	0	0	0	0	0	0	0	0	0	0	0	0	0	0	0	0	0	0	0	0	0	0	0	0	61	22
0	0	0	0	0	0	0	0	0	0	0	0	0	0	0	0	0	0	0	0	0	0	0	0	0	0	0	0	0	0	0	0	0	0	0	0	0	0	0	0	0	0	0	0	0	0	0	0	0	0	0	0	0	0	0	0	0	0	0	0	0	0	0	42
0	0	0	0	0	0	0	0	0	0	0	0	0	0	0	0	0	0	0	0	0	0	0	0	0	0	0	0	0	0	0	0	0	0	0	0	0	0	0	0	0	0	0	0	0	0	0	0	0	0	0	0	0	0	0	0	0	0	0	0	0	0	0	0