0	62	2	111	36	52	67	71	82	31	4	110	42	55	27	16	110	123	100	77	80	51	70	44	96	102	69	34	78	14	74	49	83	48	15	49	25	2	13	44	33	126	76	60	104	95	94	25	128	49	68	14	128	42	20	19	105	63	81	74	27	117	50	100	9	30	43	69	47	73	48	119	91	60	45	7	40	26	82	113	100	16	87	2	44	93	63	48	113	107	105	30	103	128	62	83	119	91	44	124	92	107	93	84	80	109	58	122	86	102	39	89	127	29	37	70	99	52	83	57	47	16	103	96	49	48	29	14
0	0	23	45	83	50	42	52	122	10	28	17	75	120	3	3	63	122	16	44	83	54	23	46	77	105	120	52	7	99	80	2	128	44	38	60	65	66	106	53	27	79	97	82	112	113	22	32	85	69	88	63	127	33	93	130	100	107	81	66	76	119	112	87	36	16	73	126	44	74	59	97	102	70	86	88	14	72	53	17	122	80	69	97	95	19	120	104	73	16	95	110	55	104	101	101	119	113	41	113	26	46	46	106	130	13	58	37	60	21	17	124	64	77	110	120	41	26	7	42	116	33	116	104	94	115	11	101
0	0	0	14	127	44	98	117	82	46	6	96	87	73	40	18	97	102	97	32	28	34	22	75	100	112	12	42	104	41	130	88	81	31	33	45	119	102	113	79	109	16	75	54	73	86	47	107	23	102	78	4	80	84	127	124	50	108	79	24	60	5	52	107	78	57	99	3	11	32	30	67	70	115	40	53	24	42	23	67	111	28	18	40	79	111	24	50	128	74	33	103	119	38	17	95	65	8	17	80	36	90	91	66	46	8	65	15	70	93	90	4	125	106	90	88	46	72	41	100	23	105	21	61	46	124	4	114
0	0	0	0	19	19	26	87	13	37	31	88	85	9	40	32	81	16	104	19	71	88	78	43	15	30	15	110	124	109	49	59	38	23	104	102	11	70	24	121	114	25	14	111	20	36	56	28	61	64	11	131	103	130	113	52	3	59	104	122	13	104	75	98	76	55	78	109	71	74	110	55	111	61	96	83	50	130	38	72	93	20	75	65	60	19	73	81	26	19	123	110	74	53	102	127	20	78	50	15	54	77	39	78	85	84	117	11	27	123	95	81	33	4	99	12	111	99	90	74	5	15	80	77	20	102	51	26
0	0	0	0	0	25	66	28	117	106	4	67	59	121	117	48	74	115	95	61	110	17	71	71	118	118	54	88	33	36	115	62	130	51	32	72	15	14	64	100	131	9	38	123	71	8	78	12	88	121	45	75	86	104	53	55	48	70	30	123	88	75	23	43	66	49	127	54	65	26	77	109	8	15	61	31	71	28	130	69	66	39	79	16	90	98	25	13	80	125	82	28	41	128	13	88	81	90	40	98	66	115	37	127	115	111	92	104	113	90	128	131	69	125	4	95	127	77	72	57	63	40	8	7	117	59	86	119
0	0	0	0	0	0	70	22	89	40	13	114	28	78	6	31	118	47	68	67	121	85	113	115	123	66	95	11	21	79	81	70	21	112	58	81	7	90	85	62	122	70	7	38	72	36	84	10	86	110	70	118	41	102	68	80	36	112	32	19	45	60	32	72	122	34	58	100	125	62	108	45	80	100	14	65	109	81	48	133	99	87	90	20	89	93	120	126	80	128	98	10	38	116	53	119	127	4	94	128	86	105	41	48	50	105	60	56	8	86	39	3	107	128	98	124	99	122	10	65	107	89	57	85	110	86	59	19
0	0	0	0	0	0	0	127	36	64	70	100	77	125	18	100	54	26	34	114	43	60	51	127	98	12	93	102	88	16	28	74	39	62	88	35	67	58	36	113	85	93	51	110	79	43	100	58	80	121	68	32	16	83	78	105	123	31	114	100	113	27	115	59	59	106	54	92	58	45	108	28	34	37	27	30	58	43	11	66	110	106	74	59	70	126	16	54	118	78	52	121	76	31	12	94	8	13	51	46	126	112	11	44	106	58	77	48	105	79	31	37	99	79	116	86	124	16	22	104	51	6	45	49	33	122	55	30
0	0	0	0	0	0	0	0	77	104	27	14	7	90	56	10	5	98	55	36	87	100	120	21	70	98	57	17	10	41	75	119	124	72	114	12	122	79	10	49	35	91	102	27	8	52	97	10	30	16	34	115	18	120	79	117	22	60	85	41	124	70	48	38	112	22	47	9	2	7	93	28	20	37	37	12	131	37	49	121	44	136	124	61	34	90	31	33	90	66	53	96	54	42	61	16	46	53	20	25	46	41	45	80	2	97	8	117	133	106	17	36	121	66	104	44	101	122	20	106	28	111	86	17	75	75	117	99
0	0	0	0	0	0	0	0	0	44	132	67	14	73	39	10	115	107	24	44	52	89	92	26	108	82	136	9	27	37	74	132	130	68	66	55	56	86	95	131	59	90	28	109	97	101	102	25	42	42	82	72	31	132	80	80	20	103	77	10	123	18	112	22	87	81	105	11	100	19	81	105	19	86	70	106	47	88	52	54	93	52	39	64	71	106	63	46	114	99	103	73	24	124	109	79	132	86	87	124	70	96	78	56	81	101	76	36	12	110	71	88	61	87	11	25	98	133	128	9	16	8	120	26	121	39	99	96
0	0	0	0	0	0	0	0	0	0	13	22	93	71	22	110	29	108	42	26	64	117	65	76	11	54	108	66	120	92	106	68	131	117	116	103	130	52	9	111	19	20	102	38	46	43	62	23	123	31	35	115	64	13	90	133	19	32	128	76	55	90	45	106	54	82	106	49	56	114	108	56	101	116	84	15	53	39	92	32	81	127	26	107	11	130	51	93	56	114	19	87	50	65	85	16	39	112	46	99	39	61	94	41	63	74	81	110	14	23	33	84	130	54	26	128	9	8	74	8	125	43	113	46	79	114	62	31
0	0	0	0	0	0	0	0	0	0	0	36	45	8	122	73	107	94	66	104	122	80	103	51	30	85	51	107	68	69	98	84	120	30	72	27	57	14	25	26	133	39	29	53	87	53	71	51	57	84	84	30	8	74	129	81	15	119	111	34	124	120	48	106	21	135	28	82	105	30	20	22	18	95	139	93	87	6	41	31	35	10	67	122	48	13	77	96	21	51	103	56	57	94	13	97	46	73	17	47	82	29	90	34	131	62	10	88	87	16	18	97	10	20	108	29	75	29	103	132	61	100	128	57	15	86	35	104
0	0	0	0	0	0	0	0	0	0	0	0	10	115	72	130	29	8	37	84	42	85	87	15	17	48	101	12	105	72	26	88	105	67	98	27	63	13	135	98	46	112	75	115	61	62	76	120	127	26	135	127	87	19	117	117	102	106	73	25	54	77	129	50	64	108	103	25	96	52	24	125	95	70	117	52	46	94	111	122	26	113	77	103	14	6	77	33	95	16	18	65	64	82	90	129	25	97	122	80	107	79	22	76	78	80	70	68	101	29	9	80	14	56	33	83	87	55	58	85	57	32	31	124	125	55	137	102
0	0	0	0	0	0	0	0	0	0	0	0	0	69	84	41	95	122	87	104	64	64	34	50	3	119	18	26	40	82	71	72	8	55	72	112	62	61	22	61	98	24	87	10	78	12	66	48	82	82	85	24	83	114	139	39	17	74	122	66	42	55	31	119	102	47	77	86	29	88	5	47	75	107	68	43	68	92	33	51	29	18	89	25	13	109	33	25	54	63	22	66	80	84	80	104	125	115	29	85	31	126	28	117	129	127	95	130	59	23	102	68	100	74	57	79	105	117	73	71	110	128	25	114	6	117	73	60
0	0	0	0	0	0	0	0	0	0	0	0	0	0	52	58	71	20	23	52	22	68	78	96	124	51	92	67	28	17	60	105	122	88	124	58	130	50	51	61	114	73	133	104	88	137	18	111	105	30	83	12	32	46	73	86	117	103	40	112	37	46	60	57	58	109	131	64	138	133	119	19	62	69	24	35	94	73	134	85	10	120	78	135	116	15	10	59	46	66	102	96	106	119	29	108	5	8	71	21	27	39	47	28	15	17	48	20	91	95	125	118	32	96	117	70	20	125	133	51	40	118	92	95	105	138	44	89
0	0	0	0	0	0	0	0	0	0	0	0	0	0	0	117	27	7	57	4	9	56	78	82	67	48	43	118	123	19	67	92	11	52	131	8	24	122	20	103	35	75	49	28	16	106	126	136	33	22	50	110	117	113	134	52	40	48	56	33	102	56	73	18	100	45	113	97	13	46	31	125	138	19	99	117	101	29	61	95	27	46	47	77	103	21	56	54	137	93	65	132	79	99	119	129	75	47	86	86	107	55	101	84	119	45	127	88	92	36	23	42	97	125	92	94	59	140	11	130	54	56	125	53	25	102	84	37
0	0	0	0	0	0	0	0	0	0	0	0	0	0	0	0	81	85	122	57	116	99	131	59	87	101	22	84	15	17	23	122	89	50	44	48	22	78	91	44	74	108	118	85	42	68	56	108	87	134	49	21	58	77	65	26	84	95	49	131	40	77	37	34	78	21	68	116	128	18	117	72	109	37	20	101	27	122	60	105	32	102	123	104	39	62	35	76	133	124	128	56	140	95	18	59	74	66	92	122	6	111	69	47	74	129	17	93	125	23	49	83	50	39	130	114	79	91	58	99	110	43	124	91	31	100	51	55
0	0	0	0	0	0	0	0	0	0	0	0	0	0	0	0	0	86	35	30	136	105	55	108	108	33	102	34	34	21	57	132	55	127	81	88	72	80	65	133	115	52	91	50	59	13	76	47	17	107	49	121	61	53	79	101	110	61	40	9	15	43	52	15	46	92	90	19	129	101	54	123	29	83	46	121	121	124	84	76	108	136	65	29	93	125	34	43	57	108	116	110	84	25	66	40	74	79	73	104	75	29	104	115	47	89	63	137	42	129	100	95	14	120	88	32	56	117	55	30	56	108	16	128	23	53	54	37
0	0	0	0	0	0	0	0	0	0	0	0	0	0	0	0	0	0	97	47	9	20	102	110	99	31	46	110	128	37	53	75	49	44	22	91	82	15	90	37	127	36	40	83	102	23	19	45	57	134	117	25	7	89	26	107	77	43	11	123	30	60	14	134	81	136	69	50	89	125	21	101	32	85	99	69	56	75	104	27	95	43	129	122	143	72	43	53	37	111	53	114	26	73	19	117	128	46	71	102	126	36	38	47	106	64	72	67	89	132	129	67	22	44	35	112	64	133	88	74	55	84	141	87	47	98	88	129
0	0	0	0	0	0	0	0	0	0	0	0	0	0	0	0	0	0	0	103	15	80	118	76	79	23	122	128	113	74	45	101	51	93	104	83	104	103	70	121	28	93	30	68	37	98	124	63	23	140	102	128	109	30	108	97	38	46	31	96	54	106	78	39	61	124	79	52	54	62	76	28	31	64	91	112	80	100	46	17	115	22	110	83	30	105	80	145	59	24	26	64	75	77	115	24	76	101	77	110	120	73	35	25	53	86	109	90	134	130	31	68	79	65	25	41	13	32	74	66	34	15	110	97	41	53	21	83
0	0	0	0	0	0	0	0	0	0	0	0	0	0	0	0	0	0	0	0	85	24	114	12	31	73	66	39	74	75	121	33	29	117	102	70	15	132	63	76	22	18	82	65	126	133	127	69	28	38	70	64	115	61	82	67	93	27	84	123	70	129	129	136	99	109	94	80	99	107	131	55	131	67	52	71	68	103	66	109	128	129	53	68	31	59	53	133	37	38	101	67	104	70	85	34	27	135	85	92	53	106	24	115	105	34	93	16	24	71	112	131	86	7	96	119	71	111	81	39	86	17	55	118	99	39	69	22
0	0	0	0	0	0	0	0	0	0	0	0	0	0	0	0	0	0	0	0	0	67	12	105	40	119	29	102	143	90	90	41	38	71	120	56	25	120	124	100	59	15	111	41	56	124	82	73	81	115	109	120	119	84	113	95	121	28	135	50	123	82	39	68	31	136	87	104	124	51	118	21	92	107	121	147	33	133	71	82	21	26	72	42	109	79	89	122	102	61	95	114	83	82	110	132	19	79	87	141	78	39	56	118	127	27	26	51	38	88	95	120	110	10	45	24	45	99	112	53	100	48	71	88	74	16	73	9
0	0	0	0	0	0	0	0	0	0	0	0	0	0	0	0	0	0	0	0	0	0	22	103	75	44	30	99	71	109	115	77	64	98	72	45	54	78	56	41	88	128	121	60	30	74	107	136	134	125	124	56	31	54	20	24	70	115	130	83	66	45	67	80	68	20	34	71	71	44	53	134	25	115	100	53	99	64	5	63	75	41	64	41	71	92	52	49	61	75	35	61	9	63	24	36	56	127	53	20	81	125	77	133	82	23	117	141	143	44	30	67	21	26	8	41	88	39	75	40	74	63	108	106	124	50	47	100
0	0	0	0	0	0	0	0	0	0	0	0	0	0	0	0	0	0	0	0	0	0	0	83	125	52	29	89	133	100	135	78	115	129	27	50	17	67	110	131	36	26	38	27	16	71	38	43	139	120	50	26	29	20	67	129	127	83	139	120	114	68	139	67	125	109	134	130	95	115	13	59	49	7	17	52	45	118	41	27	64	16	107	47	92	119	51	114	27	31	109	107	13	133	131	30	120	115	50	12	90	103	130	7	35	78	108	131	119	89	87	61	114	112	123	23	22	15	133	50	135	47	42	17	71	45	92	21
0	0	0	0	0	0	0	0	0	0	0	0	0	0	0	0	0	0	0	0	0	0	0	0	139	10	27	146	11	76	39	57	42	49	52	105	122	106	76	123	104	44	22	123	32	121	31	37	137	64	49	19	69	59	41	93	119	106	59	86	119	110	12	117	148	121	127	24	132	107	52	75	139	4	113	82	35	126	38	75	119	130	101	102	33	123	82	16	117	69	92	139	39	15	80	94	23	117	68	69	37	117	116	35	123	38	58	104	61	118	47	87	91	96	59	25	82	10	131	85	87	120	64	99	109	47	47	119
0	0	0	0	0	0	0	0	0	0	0	0	0	0	0	0	0	0	0	0	0	0	0	0	0	15	93	69	86	121	136	19	62	13	93	141	46	41	95	63	98	101	46	44	119	54	54	25	57	50	113	101	59	23	109	88	134	94	27	105	113	113	69	61	112	82	118	76	83	12	26	30	24	51	13	62	123	36	26	52	106	45	98	115	37	74	133	35	39	31	129	142	34	99	44	131	18	20	95	39	54	85	15	123	21	30	23	21	33	21	110	67	83	98	36	134	103	90	75	132	117	32	71	139	120	124	24	148
0	0	0	0	0	0	0	0	0	0	0	0	0	0	0	0	0	0	0	0	0	0	0	0	0	0	27	102	45	89	53	140	125	132	64	117	67	113	127	51	102	50	142	93	30	140	126	128	44	59	22	29	22	127	103	15	140	75	83	34	61	56	133	29	31	39	124	116	100	98	3	76	107	53	49	50	134	77	75	75	29	63	31	130	22	20	49	117	139	32	137	96	107	81	39	37	43	97	26	99	96	53	47	98	61	121	73	127	58	50	90	74	39	3	13	49	6	102	74	125	116	102	148	32	86	116	8	59
0	0	0	0	0	0	0	0	0	0	0	0	0	0	0	0	0	0	0	0	0	0	0	0	0	0	0	107	124	128	47	57	89	120	36	16	21	124	23	121	29	49	43	80	91	108	44	56	114	81	46	58	57	89	74	131	118	93	66	117	64	67	35	61	89	127	87	23	89	49	107	30	78	122	119	111	89	104	102	60	95	79	78	21	95	134	110	107	40	105	54	107	80	47	91	61	98	40	76	74	84	43	87	87	125	111	73	73	74	113	102	65	99	97	107	147	137	48	143	29	96	66	102	107	29	119	110	125
0	0	0	0	0	0	0	0	0	0	0	0	0	0	0	0	0	0	0	0	0	0	0	0	0	0	0	0	104	35	83	91	10	70	47	117	31	132	128	55	114	39	92	115	37	61	137	53	69	151	111	131	96	111	53	112	9	133	137	31	78	133	18	94	76	138	42	67	105	19	46	39	151	72	127	146	67	83	44	18	74	102	147	105	81	137	60	113	68	24	120	64	108	37	51	24	110	68	125	21	50	77	41	126	127	145	140	84	50	91	81	115	116	57	124	54	2	96	33	145	96	134	72	14	86	127	71	111
0	0	0	0	0	0	0	0	0	0	0	0	0	0	0	0	0	0	0	0	0	0	0	0	0	0	0	0	0	82	137	32	95	44	95	12	76	125	54	36	74	106	119	33	33	56	22	55	60	123	54	53	36	84	100	129	67	50	26	113	20	112	127	53	134	28	24	85	41	111	33	147	117	51	10	59	78	148	64	72	110	119	75	42	95	109	122	12	37	14	130	118	71	63	125	39	51	120	74	112	83	25	118	107	17	61	128	101	72	145	42	50	121	69	93	123	113	28	45	102	42	102	141	30	8	94	52	33
0	0	0	0	0	0	0	0	0	0	0	0	0	0	0	0	0	0	0	0	0	0	0	0	0	0	0	0	0	0	90	9	87	137	62	11	87	58	90	97	98	35	52	84	21	55	127	119	47	127	32	113	54	123	25	108	51	8	136	93	68	138	77	18	148	48	94	92	22	126	55	72	80	29	67	143	122	148	65	20	89	70	61	65	60	57	88	25	130	46	124	98	8	88	76	35	56	119	90	118	26	131	36	96	131	35	59	32	128	122	13	105	114	122	118	23	136	153	122	104	57	29	75	31	123	149	58	28
0	0	0	0	0	0	0	0	0	0	0	0	0	0	0	0	0	0	0	0	0	0	0	0	0	0	0	0	0	0	0	123	118	56	112	25	86	111	135	73	45	67	141	89	60	117	29	47	129	94	25	55	32	92	29	85	81	80	91	11	91	19	100	55	33	21	133	83	108	126	32	75	64	57	112	17	105	31	30	118	23	56	47	157	57	57	27	122	29	149	55	105	103	56	71	141	44	73	100	74	31	22	74	44	153	37	53	151	94	89	147	132	45	83	85	64	118	118	112	69	33	55	69	77	79	142	77	53
0	0	0	0	0	0	0	0	0	0	0	0	0	0	0	0	0	0	0	0	0	0	0	0	0	0	0	0	0	0	0	0	10	99	151	63	97	73	39	43	126	26	34	74	77	141	25	39	49	42	99	110	81	141	62	73	125	56	54	132	132	64	54	73	141	51	140	108	128	83	96	31	92	90	78	69	85	138	154	37	34	101	52	50	95	100	119	38	112	86	110	100	119	78	79	83	150	135	103	113	44	29	128	45	79	115	113	67	81	87	45	63	65	138	104	25	121	83	83	59	102	134	81	138	90	20	98	87
0	0	0	0	0	0	0	0	0	0	0	0	0	0	0	0	0	0	0	0	0	0	0	0	0	0	0	0	0	0	0	0	0	38	60	52	82	51	34	51	122	55	99	135	115	76	49	81	90	10	59	56	67	133	93	93	121	132	55	40	28	63	102	37	51	120	81	135	108	15	46	38	73	144	52	18	47	83	105	123	95	61	66	149	44	124	81	126	42	83	81	110	93	97	145	32	40	111	65	126	97	50	59	28	62	122	57	145	114	120	75	23	97	76	55	24	23	63	151	117	29	91	95	114	46	87	35	35
0	0	0	0	0	0	0	0	0	0	0	0	0	0	0	0	0	0	0	0	0	0	0	0	0	0	0	0	0	0	0	0	0	0	21	31	102	122	109	97	98	45	137	156	107	39	49	72	102	100	103	98	113	42	54	119	113	138	46	117	21	68	140	76	26	119	80	24	116	133	63	44	142	61	99	73	114	145	94	74	76	108	100	68	37	109	20	74	153	71	101	140	37	99	52	72	40	25	122	42	85	132	44	73	46	122	80	90	49	117	30	80	29	25	47	66	117	69	99	48	83	39	57	110	104	89	99	83
0	0	0	0	0	0	0	0	0	0	0	0	0	0	0	0	0	0	0	0	0	0	0	0	0	0	0	0	0	0	0	0	0	0	0	46	125	123	116	20	108	96	51	119	116	118	4	106	50	133	63	142	52	144	14	71	84	49	48	109	78	79	109	117	111	83	103	87	63	128	132	74	42	154	93	108	94	65	45	68	68	113	96	92	59	91	51	117	43	41	70	101	143	41	84	77	144	108	65	63	67	62	120	115	34	85	129	86	68	71	79	76	37	80	15	94	112	47	40	60	81	97	130	73	25	113	75	104
0	0	0	0	0	0	0	0	0	0	0	0	0	0	0	0	0	0	0	0	0	0	0	0	0	0	0	0	0	0	0	0	0	0	0	0	95	90	104	84	96	38	34	134	37	79	75	95	140	109	120	24	77	18	41	55	137	11	96	135	47	52	31	60	100	55	105	132	117	108	52	27	63	54	80	97	56	76	150	94	120	149	11	54	120	7	94	70	46	133	68	138	18	31	97	88	59	55	81	61	95	48	110	109	59	132	91	62	32	35	98	22	138	97	120	137	28	73	62	44	58	41	109	101	63	59	158	98
0	0	0	0	0	0	0	0	0	0	0	0	0	0	0	0	0	0	0	0	0	0	0	0	0	0	0	0	0	0	0	0	0	0	0	0	0	79	25	52	45	139	112	41	117	98	88	89	121	26	107	76	125	62	79	67	16	128	68	9	21	101	69	34	132	108	50	48	83	41	126	57	43	21	141	139	72	62	58	134	40	100	110	46	60	156	53	107	29	99	37	99	75	37	39	97	16	150	57	75	121	122	110	48	62	24	129	77	74	88	65	150	139	32	98	51	141	18	113	40	14	21	122	52	63	51	25	65
0	0	0	0	0	0	0	0	0	0	0	0	0	0	0	0	0	0	0	0	0	0	0	0	0	0	0	0	0	0	0	0	0	0	0	0	0	0	123	97	65	99	116	134	50	61	131	47	102	119	61	148	34	135	84	57	105	82	54	22	31	47	29	117	74	17	123	10	73	67	125	116	121	148	137	54	137	130	117	65	8	117	77	130	124	110	109	110	56	29	81	15	129	95	98	114	99	106	119	107	79	94	80	70	108	83	73	155	104	114	125	37	161	92	147	80	57	35	31	44	111	35	41	62	14	60	24	117
0	0	0	0	0	0	0	0	0	0	0	0	0	0	0	0	0	0	0	0	0	0	0	0	0	0	0	0	0	0	0	0	0	0	0	0	0	0	0	47	141	52	59	115	37	144	43	113	112	129	145	28	56	130	142	80	61	63	94	132	67	85	55	53	131	14	68	130	120	63	78	16	62	162	110	114	103	96	116	133	150	128	136	90	99	76	62	129	40	128	33	64	69	126	125	59	39	69	92	122	100	45	23	85	75	103	76	122	74	107	82	114	137	63	24	29	84	113	122	138	110	60	114	29	67	88	63	86
0	0	0	0	0	0	0	0	0	0	0	0	0	0	0	0	0	0	0	0	0	0	0	0	0	0	0	0	0	0	0	0	0	0	0	0	0	0	0	0	62	154	127	77	53	116	141	58	127	62	54	81	75	86	85	142	94	34	75	146	125	63	47	146	24	148	95	103	119	82	137	65	46	118	36	100	62	111	113	70	28	131	90	103	59	42	64	93	150	122	35	111	23	135	64	53	31	58	45	97	118	153	62	34	139	101	37	54	134	91	101	84	109	49	77	124	126	60	56	60	82	90	67	30	108	135	137	48
0	0	0	0	0	0	0	0	0	0	0	0	0	0	0	0	0	0	0	0	0	0	0	0	0	0	0	0	0	0	0	0	0	0	0	0	0	0	0	0	0	64	95	24	95	17	97	38	113	93	159	45	95	113	41	99	77	25	160	81	75	134	46	49	67	136	91	129	47	135	127	126	74	107	47	40	114	36	56	121	107	137	34	17	66	41	54	106	8	98	46	34	123	48	131	93	147	24	130	80	78	39	34	114	120	137	28	71	89	74	147	68	71	111	103	114	98	58	42	16	87	136	117	128	73	148	121	132
0	0	0	0	0	0	0	0	0	0	0	0	0	0	0	0	0	0	0	0	0	0	0	0	0	0	0	0	0	0	0	0	0	0	0	0	0	0	0	0	0	0	42	97	52	76	79	45	76	52	109	113	99	52	94	54	153	81	85	23	129	75	123	125	43	132	43	84	47	111	86	55	56	109	37	58	62	78	132	27	139	77	96	113	17	113	111	64	89	94	23	71	48	156	41	48	38	140	64	31	37	97	130	109	49	69	14	92	86	63	136	87	40	119	67	141	77	102	111	47	55	132	99	119	125	131	124	53
0	0	0	0	0	0	0	0	0	0	0	0	0	0	0	0	0	0	0	0	0	0	0	0	0	0	0	0	0	0	0	0	0	0	0	0	0	0	0	0	0	0	0	69	135	93	129	24	33	107	125	150	90	79	59	126	57	91	87	129	100	99	40	15	148	17	139	141	50	39	17	123	26	167	79	56	72	121	40	149	121	52	37	37	29	19	102	140	95	121	47	44	65	67	142	101	89	148	146	133	92	91	104	96	45	34	60	48	103	119	142	88	107	123	98	139	86	113	133	53	97	57	60	39	118	68	64	149
0	0	0	0	0	0	0	0	0	0	0	0	0	0	0	0	0	0	0	0	0	0	0	0	0	0	0	0	0	0	0	0	0	0	0	0	0	0	0	0	0	0	0	0	10	107	53	145	100	46	46	45	136	138	45	143	107	109	125	158	108	116	52	89	117	120	125	85	58	115	68	49	154	12	157	120	63	50	122	149	115	150	111	146	35	30	48	95	90	91	89	59	22	133	120	77	88	15	155	76	135	118	48	118	90	119	34	31	42	146	140	125	83	66	41	23	30	35	111	75	125	61	69	124	48	38	108	75
0	0	0	0	0	0	0	0	0	0	0	0	0	0	0	0	0	0	0	0	0	0	0	0	0	0	0	0	0	0	0	0	0	0	0	0	0	0	0	0	0	0	0	0	0	92	63	135	54	78	103	145	64	24	124	114	102	54	103	51	82	42	49	130	107	152	44	94	74	18	101	47	56	98	65	22	123	85	101	110	164	28	102	133	115	51	84	54	87	121	89	41	161	116	96	66	79	116	116	23	95	114	49	94	34	103	73	60	126	23	80	67	147	57	65	104	99	25	56	81	72	85	72	141	124	109	124	117
0	0	0	0	0	0	0	0	0	0	0	0	0	0	0	0	0	0	0	0	0	0	0	0	0	0	0	0	0	0	0	0	0	0	0	0	0	0	0	0	0	0	0	0	0	0	127	58	64	12	90	140	105	59	61	61	80	79	45	81	113	57	78	137	50	105	62	148	122	82	107	115	74	40	51	14	104	57	140	98	92	83	38	17	86	54	110	71	64	39	106	60	27	119	99	141	147	66	128	98	81	136	126	122	65	51	55	149	124	59	22	27	52	154	114	42	40	94	126	65	64	47	101	145	18	58	46	155
0	0	0	0	0	0	0	0	0	0	0	0	0	0	0	0	0	0	0	0	0	0	0	0	0	0	0	0	0	0	0	0	0	0	0	0	0	0	0	0	0	0	0	0	0	0	0	121	69	133	100	20	35	88	133	52	53	33	66	123	106	90	45	35	127	109	66	65	80	108	122	49	116	46	94	18	52	101	86	63	137	104	70	116	112	90	167	158	119	116	159	71	88	130	149	121	52	71	131	115	81	76	40	83	79	159	48	25	100	139	62	81	89	68	58	121	163	143	28	31	71	171	70	97	51	103	51	73
0	0	0	0	0	0	0	0	0	0	0	0	0	0	0	0	0	0	0	0	0	0	0	0	0	0	0	0	0	0	0	0	0	0	0	0	0	0	0	0	0	0	0	0	0	0	0	0	108	138	57	126	98	63	39	102	121	68	45	47	47	42	118	114	103	64	35	112	34	139	42	146	132	72	142	114	23	49	139	171	122	140	147	97	122	86	112	89	29	144	133	142	110	128	120	170	85	143	78	57	101	125	24	119	96	54	82	85	43	134	76	125	45	135	10	145	51	86	142	68	58	63	56	154	89	62	77	118
0	0	0	0	0	0	0	0	0	0	0	0	0	0	0	0	0	0	0	0	0	0	0	0	0	0	0	0	0	0	0	0	0	0	0	0	0	0	0	0	0	0	0	0	0	0	0	0	0	53	115	41	71	119	157	100	57	128	91	63	136	94	61	65	36	134	107	69	72	96	55	14	144	68	144	89	59	143	60	111	133	70	74	93	80	150	58	95	122	146	52	47	147	108	140	69	73	75	54	70	101	32	161	89	52	157	116	115	86	32	57	113	132	135	100	88	72	67	146	69	114	47	25	103	86	137	86	65
0	0	0	0	0	0	0	0	0	0	0	0	0	0	0	0	0	0	0	0	0	0	0	0	0	0	0	0	0	0	0	0	0	0	0	0	0	0	0	0	0	0	0	0	0	0	0	0	0	0	88	62	75	77	77	46	118	90	144	66	143	45	143	143	140	141	72	163	38	30	145	56	56	71	141	46	79	48	22	142	138	57	92	156	83	159	117	104	97	39	71	66	86	152	162	96	142	143	108	122	66	124	96	44	45	79	123	95	87	129	89	114	43	64	92	26	145	92	51	32	72	56	91	80	135	108	103	21
0	0	0	0	0	0	0	0	0	0	0	0	0	0	0	0	0	0	0	0	0	0	0	0	0	0	0	0	0	0	0	0	0	0	0	0	0	0	0	0	0	0	0	0	0	0	0	0	0	0	0	62	69	61	103	44	9	174	98	36	174	42	129	138	94	78	74	74	81	127	90	157	24	142	85	76	94	172	33	94	92	46	89	62	63	147	114	65	82	109	47	146	151	118	76	131	112	55	118	58	31	26	103	42	51	85	105	97	124	130	40	91	51	119	20	103	71	132	122	90	80	49	142	47	125	145	152	106
0	0	0	0	0	0	0	0	0	0	0	0	0	0	0	0	0	0	0	0	0	0	0	0	0	0	0	0	0	0	0	0	0	0	0	0	0	0	0	0	0	0	0	0	0	0	0	0	0	0	0	0	132	78	176	80	94	92	88	82	117	125	135	141	61	158	173	124	123	116	131	27	72	150	69	37	44	103	96	93	71	157	39	65	87	48	73	32	47	50	161	50	64	134	96	75	72	30	139	86	110	143	43	82	42	58	102	133	76	71	52	118	93	148	91	14	145	116	166	112	94	104	72	48	130	90	70	71
0	0	0	0	0	0	0	0	0	0	0	0	0	0	0	0	0	0	0	0	0	0	0	0	0	0	0	0	0	0	0	0	0	0	0	0	0	0	0	0	0	0	0	0	0	0	0	0	0	0	0	0	0	72	70	64	35	75	134	130	102	111	115	95	110	82	46	37	10	122	115	37	71	113	107	103	139	49	171	72	97	21	29	53	115	114	131	113	130	143	127	122	70	60	30	104	34	88	40	61	58	140	106	134	107	96	98	85	82	69	58	59	76	49	70	11	120	109	87	126	65	101	40	91	42	48	59	36
0	0	0	0	0	0	0	0	0	0	0	0	0	0	0	0	0	0	0	0	0	0	0	0	0	0	0	0	0	0	0	0	0	0	0	0	0	0	0	0	0	0	0	0	0	0	0	0	0	0	0	0	0	0	144	119	126	85	145	130	35	128	155	108	142	105	147	94	118	59	76	59	73	102	66	126	42	125	43	61	171	31	14	118	119	47	85	109	138	51	54	52	136	120	79	63	103	37	56	129	64	96	127	149	77	17	90	127	80	71	123	81	58	48	45	68	94	133	42	116	119	103	121	91	87	139	85	50
0	0	0	0	0	0	0	0	0	0	0	0	0	0	0	0	0	0	0	0	0	0	0	0	0	0	0	0	0	0	0	0	0	0	0	0	0	0	0	0	0	0	0	0	0	0	0	0	0	0	0	0	0	0	0	22	99	123	167	127	63	152	173	89	125	91	140	60	133	114	44	53	115	50	52	54	166	42	61	91	84	167	48	33	114	94	108	122	137	76	105	108	130	75	84	123	107	92	40	57	79	130	155	139	107	93	33	108	125	118	111	26	97	90	97	136	133	117	123	31	43	84	23	99	40	104	39	91
0	0	0	0	0	0	0	0	0	0	0	0	0	0	0	0	0	0	0	0	0	0	0	0	0	0	0	0	0	0	0	0	0	0	0	0	0	0	0	0	0	0	0	0	0	0	0	0	0	0	0	0	0	0	0	0	20	159	83	137	155	147	79	71	122	30	33	150	140	93	108	134	78	65	20	81	138	43	160	82	38	118	133	102	75	91	103	8	135	59	34	88	56	30	65	126	21	142	129	137	120	84	85	106	82	18	71	55	116	85	137	88	62	181	161	147	103	67	110	117	59	79	108	131	99	131	46	139
0	0	0	0	0	0	0	0	0	0	0	0	0	0	0	0	0	0	0	0	0	0	0	0	0	0	0	0	0	0	0	0	0	0	0	0	0	0	0	0	0	0	0	0	0	0	0	0	0	0	0	0	0	0	0	0	0	138	97	136	138	59	80	88	140	115	94	37	97	82	117	153	31	149	96	107	59	145	83	106	62	90	101	128	61	40	111	103	103	38	116	45	142	73	11	71	107	137	110	98	115	65	137	26	64	109	60	74	157	99	130	148	175	79	93	128	74	137	38	39	53	139	172	111	32	32	106	128
0	0	0	0	0	0	0	0	0	0	0	0	0	0	0	0	0	0	0	0	0	0	0	0	0	0	0	0	0	0	0	0	0	0	0	0	0	0	0	0	0	0	0	0	0	0	0	0	0	0	0	0	0	0	0	0	0	0	133	4	135	56	102	66	31	113	109	134	72	91	134	72	168	125	100	63	56	152	71	67	170	55	59	69	70	147	154	139	122	53	109	122	48	89	181	147	45	42	130	132	110	16	170	121	120	62	138	88	89	157	37	54	56	156	48	99	114	79	64	68	95	138	136	65	66	111	104	47
0	0	0	0	0	0	0	0	0	0	0	0	0	0	0	0	0	0	0	0	0	0	0	0	0	0	0	0	0	0	0	0	0	0	0	0	0	0	0	0	0	0	0	0	0	0	0	0	0	0	0	0	0	0	0	0	0	0	0	38	77	125	120	52	94	161	49	73	39	61	137	131	62	104	98	43	27	163	50	131	108	76	125	85	101	47	131	123	70	123	11	51	28	90	82	146	68	51	62	95	80	73	105	89	133	133	32	52	172	47	51	114	25	118	171	96	88	127	63	91	63	62	140	99	100	130	159	95
0	0	0	0	0	0	0	0	0	0	0	0	0	0	0	0	0	0	0	0	0	0	0	0	0	0	0	0	0	0	0	0	0	0	0	0	0	0	0	0	0	0	0	0	0	0	0	0	0	0	0	0	0	0	0	0	0	0	0	0	100	73	120	97	106	104	75	34	120	103	100	58	84	45	106	99	127	105	74	52	28	122	133	65	73	57	90	99	73	113	67	72	26	105	94	82	58	61	119	44	76	145	67	114	118	77	90	34	162	135	106	58	75	127	98	67	89	157	169	32	60	35	128	139	30	119	115	160
0	0	0	0	0	0	0	0	0	0	0	0	0	0	0	0	0	0	0	0	0	0	0	0	0	0	0	0	0	0	0	0	0	0	0	0	0	0	0	0	0	0	0	0	0	0	0	0	0	0	0	0	0	0	0	0	0	0	0	0	0	82	95	78	145	85	124	78	104	98	65	52	93	113	160	69	103	154	173	123	57	57	67	135	116	156	59	119	26	165	88	168	44	148	75	162	90	120	126	72	88	129	166	40	67	157	61	52	47	156	15	154	140	123	85	70	143	150	36	71	20	129	101	175	120	114	96	44
0	0	0	0	0	0	0	0	0	0	0	0	0	0	0	0	0	0	0	0	0	0	0	0	0	0	0	0	0	0	0	0	0	0	0	0	0	0	0	0	0	0	0	0	0	0	0	0	0	0	0	0	0	0	0	0	0	0	0	0	0	0	156	27	67	138	128	102	121	161	85	139	61	51	57	165	75	86	86	35	69	58	19	176	92	55	65	64	68	58	78	101	94	122	118	65	56	123	121	136	10	134	126	79	177	91	16	121	114	136	86	115	33	109	38	77	73	123	145	11	116	143	84	125	105	113	84	106
0	0	0	0	0	0	0	0	0	0	0	0	0	0	0	0	0	0	0	0	0	0	0	0	0	0	0	0	0	0	0	0	0	0	0	0	0	0	0	0	0	0	0	0	0	0	0	0	0	0	0	0	0	0	0	0	0	0	0	0	0	0	0	54	159	146	172	135	144	109	112	90	134	104	120	161	175	118	121	84	75	97	104	66	58	35	58	164	34	112	73	176	99	76	70	48	112	128	52	39	141	163	28	133	23	122	133	28	122	108	161	110	82	109	46	112	38	114	127	59	91	116	79	108	74	108	162	92
0	0	0	0	0	0	0	0	0	0	0	0	0	0	0	0	0	0	0	0	0	0	0	0	0	0	0	0	0	0	0	0	0	0	0	0	0	0	0	0	0	0	0	0	0	0	0	0	0	0	0	0	0	0	0	0	0	0	0	0	0	0	0	0	149	70	28	172	74	158	26	162	133	61	62	50	159	103	68	22	128	40	58	90	80	56	114	108	67	48	114	127	85	111	89	95	24	49	97	22	78	118	95	117	143	180	148	79	141	130	138	89	63	21	94	72	104	169	30	54	116	121	67	85	80	107	167	55
0	0	0	0	0	0	0	0	0	0	0	0	0	0	0	0	0	0	0	0	0	0	0	0	0	0	0	0	0	0	0	0	0	0	0	0	0	0	0	0	0	0	0	0	0	0	0	0	0	0	0	0	0	0	0	0	0	0	0	0	0	0	0	0	0	162	68	21	151	121	155	97	82	136	136	94	125	81	45	134	163	98	163	130	119	79	98	174	79	110	136	131	129	112	119	125	130	38	102	90	106	140	156	116	90	122	101	37	113	23	76	73	121	129	168	150	91	127	46	65	101	91	142	138	92	103	147	155
0	0	0	0	0	0	0	0	0	0	0	0	0	0	0	0	0	0	0	0	0	0	0	0	0	0	0	0	0	0	0	0	0	0	0	0	0	0	0	0	0	0	0	0	0	0	0	0	0	0	0	0	0	0	0	0	0	0	0	0	0	0	0	0	0	0	149	118	172	136	132	126	91	162	44	176	59	165	94	156	132	121	11	23	99	47	40	93	120	172	92	149	93	92	121	61	65	59	161	158	167	136	179	101	107	102	126	120	108	127	78	78	30	68	102	117	57	150	95	147	87	133	95	122	92	119	122	115
0	0	0	0	0	0	0	0	0	0	0	0	0	0	0	0	0	0	0	0	0	0	0	0	0	0	0	0	0	0	0	0	0	0	0	0	0	0	0	0	0	0	0	0	0	0	0	0	0	0	0	0	0	0	0	0	0	0	0	0	0	0	0	0	0	0	0	152	142	125	132	49	26	158	50	112	87	83	175	103	82	99	81	132	149	84	56	144	32	162	83	108	113	147	126	131	136	129	56	128	105	61	100	164	71	73	88	62	147	160	101	93	17	102	83	97	53	157	40	148	30	128	120	52	83	126	57	98
0	0	0	0	0	0	0	0	0	0	0	0	0	0	0	0	0	0	0	0	0	0	0	0	0	0	0	0	0	0	0	0	0	0	0	0	0	0	0	0	0	0	0	0	0	0	0	0	0	0	0	0	0	0	0	0	0	0	0	0	0	0	0	0	0	0	0	0	82	159	159	57	66	49	81	129	75	118	96	144	43	143	109	130	49	126	76	126	145	123	101	52	75	108	111	42	152	132	85	129	113	32	33	177	109	142	91	114	133	147	145	81	123	70	149	135	137	109	116	58	158	91	91	93	114	108	140	34
0	0	0	0	0	0	0	0	0	0	0	0	0	0	0	0	0	0	0	0	0	0	0	0	0	0	0	0	0	0	0	0	0	0	0	0	0	0	0	0	0	0	0	0	0	0	0	0	0	0	0	0	0	0	0	0	0	0	0	0	0	0	0	0	0	0	0	0	0	41	191	102	15	45	42	80	82	158	118	66	144	67	173	92	95	120	169	141	29	107	107	78	140	99	42	118	82	79	161	66	48	55	67	32	62	118	80	57	31	41	90	106	38	41	42	147	102	114	82	68	137	120	93	49	102	152	45	121
0	0	0	0	0	0	0	0	0	0	0	0	0	0	0	0	0	0	0	0	0	0	0	0	0	0	0	0	0	0	0	0	0	0	0	0	0	0	0	0	0	0	0	0	0	0	0	0	0	0	0	0	0	0	0	0	0	0	0	0	0	0	0	0	0	0	0	0	0	0	73	164	82	103	54	68	92	128	87	170	67	84	166	134	112	126	79	60	165	157	80	57	98	126	21	173	161	153	125	156	110	106	145	91	138	147	147	108	95	83	51	45	130	101	113	143	133	107	170	7	48	146	40	96	68	158	87	68
0	0	0	0	0	0	0	0	0	0	0	0	0	0	0	0	0	0	0	0	0	0	0	0	0	0	0	0	0	0	0	0	0	0	0	0	0	0	0	0	0	0	0	0	0	0	0	0	0	0	0	0	0	0	0	0	0	0	0	0	0	0	0	0	0	0	0	0	0	0	0	131	124	177	163	77	164	175	134	130	91	93	166	165	123	75	136	132	125	51	167	88	129	100	193	35	145	61	66	114	175	57	97	54	141	186	183	146	102	146	88	86	16	131	111	136	96	167	75	77	121	186	137	49	60	89	46	34
0	0	0	0	0	0	0	0	0	0	0	0	0	0	0	0	0	0	0	0	0	0	0	0	0	0	0	0	0	0	0	0	0	0	0	0	0	0	0	0	0	0	0	0	0	0	0	0	0	0	0	0	0	0	0	0	0	0	0	0	0	0	0	0	0	0	0	0	0	0	0	0	74	150	111	180	148	141	70	187	132	152	54	160	132	89	175	56	39	154	81	53	23	145	164	64	62	188	98	61	82	15	92	44	128	77	118	142	61	114	148	69	42	86	164	121	184	81	136	50	57	122	151	107	145	25	166	132
0	0	0	0	0	0	0	0	0	0	0	0	0	0	0	0	0	0	0	0	0	0	0	0	0	0	0	0	0	0	0	0	0	0	0	0	0	0	0	0	0	0	0	0	0	0	0	0	0	0	0	0	0	0	0	0	0	0	0	0	0	0	0	0	0	0	0	0	0	0	0	0	0	39	77	61	24	96	94	39	136	74	194	91	170	87	80	159	138	127	113	146	125	145	119	77	58	81	77	161	149	97	82	19	169	130	134	127	95	114	125	103	122	165	70	91	115	70	147	78	128	60	106	155	112	179	86	182
0	0	0	0	0	0	0	0	0	0	0	0	0	0	0	0	0	0	0	0	0	0	0	0	0	0	0	0	0	0	0	0	0	0	0	0	0	0	0	0	0	0	0	0	0	0	0	0	0	0	0	0	0	0	0	0	0	0	0	0	0	0	0	0	0	0	0	0	0	0	0	0	0	0	136	91	71	14	173	18	47	116	124	102	97	73	38	79	29	104	121	137	23	147	69	132	131	180	130	93	124	156	49	155	149	83	78	63	67	73	119	96	79	45	108	68	93	168	47	159	112	124	117	78	102	22	122	102
0	0	0	0	0	0	0	0	0	0	0	0	0	0	0	0	0	0	0	0	0	0	0	0	0	0	0	0	0	0	0	0	0	0	0	0	0	0	0	0	0	0	0	0	0	0	0	0	0	0	0	0	0	0	0	0	0	0	0	0	0	0	0	0	0	0	0	0	0	0	0	0	0	0	0	78	94	141	83	113	102	94	112	149	126	99	136	99	41	175	134	93	186	133	69	147	165	184	134	106	113	26	153	92	148	38	54	108	87	116	106	122	97	159	193	16	168	33	127	61	70	46	75	82	88	100	54	135
0	0	0	0	0	0	0	0	0	0	0	0	0	0	0	0	0	0	0	0	0	0	0	0	0	0	0	0	0	0	0	0	0	0	0	0	0	0	0	0	0	0	0	0	0	0	0	0	0	0	0	0	0	0	0	0	0	0	0	0	0	0	0	0	0	0	0	0	0	0	0	0	0	0	0	0	113	140	13	148	92	112	35	176	115	112	68	96	196	96	104	76	31	155	15	158	151	73	61	42	32	95	180	173	145	106	52	201	91	29	169	139	55	59	70	55	89	122	131	79	74	108	106	50	46	115	118	178
0	0	0	0	0	0	0	0	0	0	0	0	0	0	0	0	0	0	0	0	0	0	0	0	0	0	0	0	0	0	0	0	0	0	0	0	0	0	0	0	0	0	0	0	0	0	0	0	0	0	0	0	0	0	0	0	0	0	0	0	0	0	0	0	0	0	0	0	0	0	0	0	0	0	0	0	0	138	185	180	174	23	113	67	69	44	126	97	28	84	133	80	100	156	142	46	97	65	60	171	133	102	74	180	62	97	53	113	39	125	164	104	98	184	75	125	149	84	101	190	92	78	23	107	90	129	52	26
0	0	0	0	0	0	0	0	0	0	0	0	0	0	0	0	0	0	0	0	0	0	0	0	0	0	0	0	0	0	0	0	0	0	0	0	0	0	0	0	0	0	0	0	0	0	0	0	0	0	0	0	0	0	0	0	0	0	0	0	0	0	0	0	0	0	0	0	0	0	0	0	0	0	0	0	0	0	61	125	186	51	41	101	143	72	147	31	64	41	199	88	58	154	146	112	111	137	153	139	121	196	59	149	57	125	94	45	144	83	51	111	107	71	126	111	115	201	68	98	84	51	144	30	56	66	88	58
0	0	0	0	0	0	0	0	0	0	0	0	0	0	0	0	0	0	0	0	0	0	0	0	0	0	0	0	0	0	0	0	0	0	0	0	0	0	0	0	0	0	0	0	0	0	0	0	0	0	0	0	0	0	0	0	0	0	0	0	0	0	0	0	0	0	0	0	0	0	0	0	0	0	0	0	0	0	0	115	52	125	138	102	59	157	130	92	69	28	94	123	96	34	147	23	133	157	136	100	106	92	51	106	159	71	40	39	97	108	18	135	165	87	68	86	160	144	97	24	108	90	152	86	147	67	160	141
0	0	0	0	0	0	0	0	0	0	0	0	0	0	0	0	0	0	0	0	0	0	0	0	0	0	0	0	0	0	0	0	0	0	0	0	0	0	0	0	0	0	0	0	0	0	0	0	0	0	0	0	0	0	0	0	0	0	0	0	0	0	0	0	0	0	0	0	0	0	0	0	0	0	0	0	0	0	0	0	45	103	138	90	139	56	155	126	127	72	81	43	185	184	76	94	112	192	94	56	175	52	128	102	114	92	50	45	71	115	86	80	48	180	113	56	139	54	152	103	33	156	57	159	197	138	100	37
0	0	0	0	0	0	0	0	0	0	0	0	0	0	0	0	0	0	0	0	0	0	0	0	0	0	0	0	0	0	0	0	0	0	0	0	0	0	0	0	0	0	0	0	0	0	0	0	0	0	0	0	0	0	0	0	0	0	0	0	0	0	0	0	0	0	0	0	0	0	0	0	0	0	0	0	0	0	0	0	0	102	121	31	178	98	131	22	205	37	162	91	93	76	76	57	91	131	45	56	187	163	53	168	177	143	62	104	101	73	125	123	31	154	62	171	105	92	98	100	101	80	55	148	156	23	54	153
0	0	0	0	0	0	0	0	0	0	0	0	0	0	0	0	0	0	0	0	0	0	0	0	0	0	0	0	0	0	0	0	0	0	0	0	0	0	0	0	0	0	0	0	0	0	0	0	0	0	0	0	0	0	0	0	0	0	0	0	0	0	0	0	0	0	0	0	0	0	0	0	0	0	0	0	0	0	0	0	0	0	61	58	42	137	152	127	197	157	23	119	130	82	67	141	59	134	155	113	132	158	80	162	53	111	188	145	144	100	196	102	56	124	54	71	133	72	99	148	110	50	80	183	134	114	107	79
0	0	0	0	0	0	0	0	0	0	0	0	0	0	0	0	0	0	0	0	0	0	0	0	0	0	0	0	0	0	0	0	0	0	0	0	0	0	0	0	0	0	0	0	0	0	0	0	0	0	0	0	0	0	0	0	0	0	0	0	0	0	0	0	0	0	0	0	0	0	0	0	0	0	0	0	0	0	0	0	0	0	0	149	155	119	111	130	115	48	89	155	49	90	60	50	119	47	128	83	47	25	180	42	70	154	125	158	46	130	43	196	183	44	103	194	37	51	162	173	91	62	140	131	50	80	62	115
0	0	0	0	0	0	0	0	0	0	0	0	0	0	0	0	0	0	0	0	0	0	0	0	0	0	0	0	0	0	0	0	0	0	0	0	0	0	0	0	0	0	0	0	0	0	0	0	0	0	0	0	0	0	0	0	0	0	0	0	0	0	0	0	0	0	0	0	0	0	0	0	0	0	0	0	0	0	0	0	0	0	0	0	112	67	113	87	92	42	127	190	138	87	105	154	89	89	107	80	15	107	54	107	105	100	139	96	83	124	140	65	113	158	55	177	134	116	26	182	108	128	151	37	71	53	93	83
0	0	0	0	0	0	0	0	0	0	0	0	0	0	0	0	0	0	0	0	0	0	0	0	0	0	0	0	0	0	0	0	0	0	0	0	0	0	0	0	0	0	0	0	0	0	0	0	0	0	0	0	0	0	0	0	0	0	0	0	0	0	0	0	0	0	0	0	0	0	0	0	0	0	0	0	0	0	0	0	0	0	0	0	0	138	153	24	117	138	85	174	168	137	40	179	97	182	156	104	156	95	96	105	203	63	133	166	50	85	108	115	49	97	40	103	55	107	82	12	160	33	20	81	142	162	71	114
0	0	0	0	0	0	0	0	0	0	0	0	0	0	0	0	0	0	0	0	0	0	0	0	0	0	0	0	0	0	0	0	0	0	0	0	0	0	0	0	0	0	0	0	0	0	0	0	0	0	0	0	0	0	0	0	0	0	0	0	0	0	0	0	0	0	0	0	0	0	0	0	0	0	0	0	0	0	0	0	0	0	0	0	0	0	104	153	74	111	149	117	141	98	59	36	139	143	105	138	87	96	211	143	55	116	122	117	139	123	142	38	83	94	91	48	113	32	43	158	164	177	47	120	89	165	86	170
0	0	0	0	0	0	0	0	0	0	0	0	0	0	0	0	0	0	0	0	0	0	0	0	0	0	0	0	0	0	0	0	0	0	0	0	0	0	0	0	0	0	0	0	0	0	0	0	0	0	0	0	0	0	0	0	0	0	0	0	0	0	0	0	0	0	0	0	0	0	0	0	0	0	0	0	0	0	0	0	0	0	0	0	0	0	0	128	85	200	180	88	90	33	35	90	81	115	90	135	137	81	156	19	40	65	192	174	131	127	169	118	144	82	138	113	131	48	178	39	135	61	45	111	84	92	92	133
0	0	0	0	0	0	0	0	0	0	0	0	0	0	0	0	0	0	0	0	0	0	0	0	0	0	0	0	0	0	0	0	0	0	0	0	0	0	0	0	0	0	0	0	0	0	0	0	0	0	0	0	0	0	0	0	0	0	0	0	0	0	0	0	0	0	0	0	0	0	0	0	0	0	0	0	0	0	0	0	0	0	0	0	0	0	0	0	57	116	37	120	160	17	118	91	119	21	176	114	62	207	107	77	138	97	81	83	86	147	151	133	70	128	42	96	140	128	125	57	121	99	197	58	118	135	84	134
0	0	0	0	0	0	0	0	0	0	0	0	0	0	0	0	0	0	0	0	0	0	0	0	0	0	0	0	0	0	0	0	0	0	0	0	0	0	0	0	0	0	0	0	0	0	0	0	0	0	0	0	0	0	0	0	0	0	0	0	0	0	0	0	0	0	0	0	0	0	0	0	0	0	0	0	0	0	0	0	0	0	0	0	0	0	0	0	0	137	157	146	115	172	86	204	33	9	98	108	69	153	158	59	149	82	84	148	18	32	47	160	113	70	36	85	164	139	61	67	88	169	164	143	160	165	97	179
0	0	0	0	0	0	0	0	0	0	0	0	0	0	0	0	0	0	0	0	0	0	0	0	0	0	0	0	0	0	0	0	0	0	0	0	0	0	0	0	0	0	0	0	0	0	0	0	0	0	0	0	0	0	0	0	0	0	0	0	0	0	0	0	0	0	0	0	0	0	0	0	0	0	0	0	0	0	0	0	0	0	0	0	0	0	0	0	0	0	95	105	11	58	133	91	100	143	96	126	74	114	43	168	156	47	18	131	107	123	54	71	36	85	35	127	86	97	77	120	92	118	155	131	76	58	113	44
0	0	0	0	0	0	0	0	0	0	0	0	0	0	0	0	0	0	0	0	0	0	0	0	0	0	0	0	0	0	0	0	0	0	0	0	0	0	0	0	0	0	0	0	0	0	0	0	0	0	0	0	0	0	0	0	0	0	0	0	0	0	0	0	0	0	0	0	0	0	0	0	0	0	0	0	0	0	0	0	0	0	0	0	0	0	0	0	0	0	0	123	81	79	103	201	184	109	156	66	80	66	114	115	103	199	16	43	117	58	47	95	9	171	59	118	52	46	132	138	112	114	133	104	87	94	28	58
0	0	0	0	0	0	0	0	0	0	0	0	0	0	0	0	0	0	0	0	0	0	0	0	0	0	0	0	0	0	0	0	0	0	0	0	0	0	0	0	0	0	0	0	0	0	0	0	0	0	0	0	0	0	0	0	0	0	0	0	0	0	0	0	0	0	0	0	0	0	0	0	0	0	0	0	0	0	0	0	0	0	0	0	0	0	0	0	0	0	0	0	101	130	178	114	121	80	110	55	172	79	89	37	131	118	100	81	43	138	114	65	63	152	129	143	19	92	128	165	112	116	55	162	128	147	95	142
0	0	0	0	0	0	0	0	0	0	0	0	0	0	0	0	0	0	0	0	0	0	0	0	0	0	0	0	0	0	0	0	0	0	0	0	0	0	0	0	0	0	0	0	0	0	0	0	0	0	0	0	0	0	0	0	0	0	0	0	0	0	0	0	0	0	0	0	0	0	0	0	0	0	0	0	0	0	0	0	0	0	0	0	0	0	0	0	0	0	0	0	0	135	20	133	181	149	202	99	82	145	164	40	78	158	97	87	82	212	151	38	98	118	85	150	96	43	70	81	97	81	116	103	104	114	68	96
0	0	0	0	0	0	0	0	0	0	0	0	0	0	0	0	0	0	0	0	0	0	0	0	0	0	0	0	0	0	0	0	0	0	0	0	0	0	0	0	0	0	0	0	0	0	0	0	0	0	0	0	0	0	0	0	0	0	0	0	0	0	0	0	0	0	0	0	0	0	0	0	0	0	0	0	0	0	0	0	0	0	0	0	0	0	0	0	0	0	0	0	0	0	91	195	85	87	58	125	170	90	77	133	121	145	157	182	200	127	85	138	157	201	79	199	30	143	78	49	121	107	77	31	54	141	56	128
0	0	0	0	0	0	0	0	0	0	0	0	0	0	0	0	0	0	0	0	0	0	0	0	0	0	0	0	0	0	0	0	0	0	0	0	0	0	0	0	0	0	0	0	0	0	0	0	0	0	0	0	0	0	0	0	0	0	0	0	0	0	0	0	0	0	0	0	0	0	0	0	0	0	0	0	0	0	0	0	0	0	0	0	0	0	0	0	0	0	0	0	0	0	0	160	54	107	135	99	106	110	96	131	106	116	22	160	25	160	105	11	138	124	99	214	56	116	43	88	40	182	102	162	92	135	107	108
0	0	0	0	0	0	0	0	0	0	0	0	0	0	0	0	0	0	0	0	0	0	0	0	0	0	0	0	0	0	0	0	0	0	0	0	0	0	0	0	0	0	0	0	0	0	0	0	0	0	0	0	0	0	0	0	0	0	0	0	0	0	0	0	0	0	0	0	0	0	0	0	0	0	0	0	0	0	0	0	0	0	0	0	0	0	0	0	0	0	0	0	0	0	0	0	107	81	102	173	77	108	84	47	160	165	148	162	133	127	144	106	100	160	183	139	165	124	91	197	70	97	203	83	179	132	32	132
0	0	0	0	0	0	0	0	0	0	0	0	0	0	0	0	0	0	0	0	0	0	0	0	0	0	0	0	0	0	0	0	0	0	0	0	0	0	0	0	0	0	0	0	0	0	0	0	0	0	0	0	0	0	0	0	0	0	0	0	0	0	0	0	0	0	0	0	0	0	0	0	0	0	0	0	0	0	0	0	0	0	0	0	0	0	0	0	0	0	0	0	0	0	0	0	0	200	104	82	114	11	117	136	128	88	36	167	94	157	57	187	92	174	122	183	19	160	38	106	95	172	149	160	109	164	180	29
0	0	0	0	0	0	0	0	0	0	0	0	0	0	0	0	0	0	0	0	0	0	0	0	0	0	0	0	0	0	0	0	0	0	0	0	0	0	0	0	0	0	0	0	0	0	0	0	0	0	0	0	0	0	0	0	0	0	0	0	0	0	0	0	0	0	0	0	0	0	0	0	0	0	0	0	0	0	0	0	0	0	0	0	0	0	0	0	0	0	0	0	0	0	0	0	0	0	30	184	124	115	97	169	105	146	99	100	126	10	85	208	94	64	66	96	119	119	132	125	93	24	73	215	63	35	47	96
0	0	0	0	0	0	0	0	0	0	0	0	0	0	0	0	0	0	0	0	0	0	0	0	0	0	0	0	0	0	0	0	0	0	0	0	0	0	0	0	0	0	0	0	0	0	0	0	0	0	0	0	0	0	0	0	0	0	0	0	0	0	0	0	0	0	0	0	0	0	0	0	0	0	0	0	0	0	0	0	0	0	0	0	0	0	0	0	0	0	0	0	0	0	0	0	0	0	0	201	137	161	57	88	100	90	190	121	54	43	73	72	124	87	144	63	85	100	115	85	46	163	105	148	59	102	32	132
0	0	0	0	0	0	0	0	0	0	0	0	0	0	0	0	0	0	0	0	0	0	0	0	0	0	0	0	0	0	0	0	0	0	0	0	0	0	0	0	0	0	0	0	0	0	0	0	0	0	0	0	0	0	0	0	0	0	0	0	0	0	0	0	0	0	0	0	0	0	0	0	0	0	0	0	0	0	0	0	0	0	0	0	0	0	0	0	0	0	0	0	0	0	0	0	0	0	0	0	67	119	211	173	44	48	47	69	115	88	124	196	148	173	141	83	91	75	116	48	114	88	145	59	133	139	89	166
0	0	0	0	0	0	0	0	0	0	0	0	0	0	0	0	0	0	0	0	0	0	0	0	0	0	0	0	0	0	0	0	0	0	0	0	0	0	0	0	0	0	0	0	0	0	0	0	0	0	0	0	0	0	0	0	0	0	0	0	0	0	0	0	0	0	0	0	0	0	0	0	0	0	0	0	0	0	0	0	0	0	0	0	0	0	0	0	0	0	0	0	0	0	0	0	0	0	0	0	0	96	62	139	122	88	68	66	89	151	49	88	140	179	199	60	142	127	10	202	120	84	133	120	58	61	50	203
0	0	0	0	0	0	0	0	0	0	0	0	0	0	0	0	0	0	0	0	0	0	0	0	0	0	0	0	0	0	0	0	0	0	0	0	0	0	0	0	0	0	0	0	0	0	0	0	0	0	0	0	0	0	0	0	0	0	0	0	0	0	0	0	0	0	0	0	0	0	0	0	0	0	0	0	0	0	0	0	0	0	0	0	0	0	0	0	0	0	0	0	0	0	0	0	0	0	0	0	0	0	83	124	119	58	96	147	216	179	119	63	183	24	148	11	176	161	144	128	149	10	98	42	131	36	50	140
0	0	0	0	0	0	0	0	0	0	0	0	0	0	0	0	0	0	0	0	0	0	0	0	0	0	0	0	0	0	0	0	0	0	0	0	0	0	0	0	0	0	0	0	0	0	0	0	0	0	0	0	0	0	0	0	0	0	0	0	0	0	0	0	0	0	0	0	0	0	0	0	0	0	0	0	0	0	0	0	0	0	0	0	0	0	0	0	0	0	0	0	0	0	0	0	0	0	0	0	0	0	0	77	56	91	68	189	149	121	19	92	40	97	123	146	52	154	144	167	123	108	79	84	75	33	20	172
0	0	0	0	0	0	0	0	0	0	0	0	0	0	0	0	0	0	0	0	0	0	0	0	0	0	0	0	0	0	0	0	0	0	0	0	0	0	0	0	0	0	0	0	0	0	0	0	0	0	0	0	0	0	0	0	0	0	0	0	0	0	0	0	0	0	0	0	0	0	0	0	0	0	0	0	0	0	0	0	0	0	0	0	0	0	0	0	0	0	0	0	0	0	0	0	0	0	0	0	0	0	0	0	80	101	129	165	98	180	121	195	112	73	107	151	8	26	129	99	224	120	154	48	32	72	58	11
0	0	0	0	0	0	0	0	0	0	0	0	0	0	0	0	0	0	0	0	0	0	0	0	0	0	0	0	0	0	0	0	0	0	0	0	0	0	0	0	0	0	0	0	0	0	0	0	0	0	0	0	0	0	0	0	0	0	0	0	0	0	0	0	0	0	0	0	0	0	0	0	0	0	0	0	0	0	0	0	0	0	0	0	0	0	0	0	0	0	0	0	0	0	0	0	0	0	0	0	0	0	0	0	0	125	99	62	62	115	182	197	119	178	15	203	103	117	53	183	124	111	204	115	61	136	112	85
0	0	0	0	0	0	0	0	0	0	0	0	0	0	0	0	0	0	0	0	0	0	0	0	0	0	0	0	0	0	0	0	0	0	0	0	0	0	0	0	0	0	0	0	0	0	0	0	0	0	0	0	0	0	0	0	0	0	0	0	0	0	0	0	0	0	0	0	0	0	0	0	0	0	0	0	0	0	0	0	0	0	0	0	0	0	0	0	0	0	0	0	0	0	0	0	0	0	0	0	0	0	0	0	0	0	126	111	76	212	106	76	172	140	88	120	223	206	97	55	99	167	90	95	122	58	71	155
0	0	0	0	0	0	0	0	0	0	0	0	0	0	0	0	0	0	0	0	0	0	0	0	0	0	0	0	0	0	0	0	0	0	0	0	0	0	0	0	0	0	0	0	0	0	0	0	0	0	0	0	0	0	0	0	0	0	0	0	0	0	0	0	0	0	0	0	0	0	0	0	0	0	0	0	0	0	0	0	0	0	0	0	0	0	0	0	0	0	0	0	0	0	0	0	0	0	0	0	0	0	0	0	0	0	0	27	56	65	95	134	169	169	124	154	32	137	119	134	114	117	57	131	197	170	107	125
0	0	0	0	0	0	0	0	0	0	0	0	0	0	0	0	0	0	0	0	0	0	0	0	0	0	0	0	0	0	0	0	0	0	0	0	0	0	0	0	0	0	0	0	0	0	0	0	0	0	0	0	0	0	0	0	0	0	0	0	0	0	0	0	0	0	0	0	0	0	0	0	0	0	0	0	0	0	0	0	0	0	0	0	0	0	0	0	0	0	0	0	0	0	0	0	0	0	0	0	0	0	0	0	0	0	0	0	111	183	206	98	179	76	93	150	45	137	155	92	92	79	154	75	102	120	195	54
0	0	0	0	0	0	0	0	0	0	0	0	0	0	0	0	0	0	0	0	0	0	0	0	0	0	0	0	0	0	0	0	0	0	0	0	0	0	0	0	0	0	0	0	0	0	0	0	0	0	0	0	0	0	0	0	0	0	0	0	0	0	0	0	0	0	0	0	0	0	0	0	0	0	0	0	0	0	0	0	0	0	0	0	0	0	0	0	0	0	0	0	0	0	0	0	0	0	0	0	0	0	0	0	0	0	0	0	0	115	112	170	121	139	173	137	86	103	93	72	150	126	135	67	139	224	56	56
0	0	0	0	0	0	0	0	0	0	0	0	0	0	0	0	0	0	0	0	0	0	0	0	0	0	0	0	0	0	0	0	0	0	0	0	0	0	0	0	0	0	0	0	0	0	0	0	0	0	0	0	0	0	0	0	0	0	0	0	0	0	0	0	0	0	0	0	0	0	0	0	0	0	0	0	0	0	0	0	0	0	0	0	0	0	0	0	0	0	0	0	0	0	0	0	0	0	0	0	0	0	0	0	0	0	0	0	0	0	65	48	165	53	142	153	50	39	92	212	119	106	123	167	199	188	181	159
0	0	0	0	0	0	0	0	0	0	0	0	0	0	0	0	0	0	0	0	0	0	0	0	0	0	0	0	0	0	0	0	0	0	0	0	0	0	0	0	0	0	0	0	0	0	0	0	0	0	0	0	0	0	0	0	0	0	0	0	0	0	0	0	0	0	0	0	0	0	0	0	0	0	0	0	0	0	0	0	0	0	0	0	0	0	0	0	0	0	0	0	0	0	0	0	0	0	0	0	0	0	0	0	0	0	0	0	0	0	0	38	123	163	146	190	164	204	198	78	191	72	146	90	38	115	49	208
0	0	0	0	0	0	0	0	0	0	0	0	0	0	0	0	0	0	0	0	0	0	0	0	0	0	0	0	0	0	0	0	0	0	0	0	0	0	0	0	0	0	0	0	0	0	0	0	0	0	0	0	0	0	0	0	0	0	0	0	0	0	0	0	0	0	0	0	0	0	0	0	0	0	0	0	0	0	0	0	0	0	0	0	0	0	0	0	0	0	0	0	0	0	0	0	0	0	0	0	0	0	0	0	0	0	0	0	0	0	0	0	178	179	56	154	144	169	83	167	111	54	129	99	151	53	150	134
0	0	0	0	0	0	0	0	0	0	0	0	0	0	0	0	0	0	0	0	0	0	0	0	0	0	0	0	0	0	0	0	0	0	0	0	0	0	0	0	0	0	0	0	0	0	0	0	0	0	0	0	0	0	0	0	0	0	0	0	0	0	0	0	0	0	0	0	0	0	0	0	0	0	0	0	0	0	0	0	0	0	0	0	0	0	0	0	0	0	0	0	0	0	0	0	0	0	0	0	0	0	0	0	0	0	0	0	0	0	0	0	0	122	76	181	54	87	121	126	142	127	180	191	67	101	54	75
0	0	0	0	0	0	0	0	0	0	0	0	0	0	0	0	0	0	0	0	0	0	0	0	0	0	0	0	0	0	0	0	0	0	0	0	0	0	0	0	0	0	0	0	0	0	0	0	0	0	0	0	0	0	0	0	0	0	0	0	0	0	0	0	0	0	0	0	0	0	0	0	0	0	0	0	0	0	0	0	0	0	0	0	0	0	0	0	0	0	0	0	0	0	0	0	0	0	0	0	0	0	0	0	0	0	0	0	0	0	0	0	0	0	38	146	193	130	177	148	188	170	56	194	156	117	117	135
0	0	0	0	0	0	0	0	0	0	0	0	0	0	0	0	0	0	0	0	0	0	0	0	0	0	0	0	0	0	0	0	0	0	0	0	0	0	0	0	0	0	0	0	0	0	0	0	0	0	0	0	0	0	0	0	0	0	0	0	0	0	0	0	0	0	0	0	0	0	0	0	0	0	0	0	0	0	0	0	0	0	0	0	0	0	0	0	0	0	0	0	0	0	0	0	0	0	0	0	0	0	0	0	0	0	0	0	0	0	0	0	0	0	0	48	141	128	167	107	61	149	168	126	67	91	228	114
0	0	0	0	0	0	0	0	0	0	0	0	0	0	0	0	0	0	0	0	0	0	0	0	0	0	0	0	0	0	0	0	0	0	0	0	0	0	0	0	0	0	0	0	0	0	0	0	0	0	0	0	0	0	0	0	0	0	0	0	0	0	0	0	0	0	0	0	0	0	0	0	0	0	0	0	0	0	0	0	0	0	0	0	0	0	0	0	0	0	0	0	0	0	0	0	0	0	0	0	0	0	0	0	0	0	0	0	0	0	0	0	0	0	0	0	147	134	103	152	124	200	94	108	89	80	201	224
0	0	0	0	0	0	0	0	0	0	0	0	0	0	0	0	0	0	0	0	0	0	0	0	0	0	0	0	0	0	0	0	0	0	0	0	0	0	0	0	0	0	0	0	0	0	0	0	0	0	0	0	0	0	0	0	0	0	0	0	0	0	0	0	0	0	0	0	0	0	0	0	0	0	0	0	0	0	0	0	0	0	0	0	0	0	0	0	0	0	0	0	0	0	0	0	0	0	0	0	0	0	0	0	0	0	0	0	0	0	0	0	0	0	0	0	0	135	74	104	152	122	150	117	109	67	182	122
0	0	0	0	0	0	0	0	0	0	0	0	0	0	0	0	0	0	0	0	0	0	0	0	0	0	0	0	0	0	0	0	0	0	0	0	0	0	0	0	0	0	0	0	0	0	0	0	0	0	0	0	0	0	0	0	0	0	0	0	0	0	0	0	0	0	0	0	0	0	0	0	0	0	0	0	0	0	0	0	0	0	0	0	0	0	0	0	0	0	0	0	0	0	0	0	0	0	0	0	0	0	0	0	0	0	0	0	0	0	0	0	0	0	0	0	0	0	140	82	67	131	133	131	102	90	144	111
0	0	0	0	0	0	0	0	0	0	0	0	0	0	0	0	0	0	0	0	0	0	0	0	0	0	0	0	0	0	0	0	0	0	0	0	0	0	0	0	0	0	0	0	0	0	0	0	0	0	0	0	0	0	0	0	0	0	0	0	0	0	0	0	0	0	0	0	0	0	0	0	0	0	0	0	0	0	0	0	0	0	0	0	0	0	0	0	0	0	0	0	0	0	0	0	0	0	0	0	0	0	0	0	0	0	0	0	0	0	0	0	0	0	0	0	0	0	0	61	94	131	193	155	108	161	163	114
0	0	0	0	0	0	0	0	0	0	0	0	0	0	0	0	0	0	0	0	0	0	0	0	0	0	0	0	0	0	0	0	0	0	0	0	0	0	0	0	0	0	0	0	0	0	0	0	0	0	0	0	0	0	0	0	0	0	0	0	0	0	0	0	0	0	0	0	0	0	0	0	0	0	0	0	0	0	0	0	0	0	0	0	0	0	0	0	0	0	0	0	0	0	0	0	0	0	0	0	0	0	0	0	0	0	0	0	0	0	0	0	0	0	0	0	0	0	0	0	77	142	60	112	121	195	117	8
0	0	0	0	0	0	0	0	0	0	0	0	0	0	0	0	0	0	0	0	0	0	0	0	0	0	0	0	0	0	0	0	0	0	0	0	0	0	0	0	0	0	0	0	0	0	0	0	0	0	0	0	0	0	0	0	0	0	0	0	0	0	0	0	0	0	0	0	0	0	0	0	0	0	0	0	0	0	0	0	0	0	0	0	0	0	0	0	0	0	0	0	0	0	0	0	0	0	0	0	0	0	0	0	0	0	0	0	0	0	0	0	0	0	0	0	0	0	0	0	0	235	47	180	134	67	158	199
0	0	0	0	0	0	0	0	0	0	0	0	0	0	0	0	0	0	0	0	0	0	0	0	0	0	0	0	0	0	0	0	0	0	0	0	0	0	0	0	0	0	0	0	0	0	0	0	0	0	0	0	0	0	0	0	0	0	0	0	0	0	0	0	0	0	0	0	0	0	0	0	0	0	0	0	0	0	0	0	0	0	0	0	0	0	0	0	0	0	0	0	0	0	0	0	0	0	0	0	0	0	0	0	0	0	0	0	0	0	0	0	0	0	0	0	0	0	0	0	0	0	18	56	178	109	185	40
0	0	0	0	0	0	0	0	0	0	0	0	0	0	0	0	0	0	0	0	0	0	0	0	0	0	0	0	0	0	0	0	0	0	0	0	0	0	0	0	0	0	0	0	0	0	0	0	0	0	0	0	0	0	0	0	0	0	0	0	0	0	0	0	0	0	0	0	0	0	0	0	0	0	0	0	0	0	0	0	0	0	0	0	0	0	0	0	0	0	0	0	0	0	0	0	0	0	0	0	0	0	0	0	0	0	0	0	0	0	0	0	0	0	0	0	0	0	0	0	0	0	0	126	160	172	66	195
0	0	0	0	0	0	0	0	0	0	0	0	0	0	0	0	0	0	0	0	0	0	0	0	0	0	0	0	0	0	0	0	0	0	0	0	0	0	0	0	0	0	0	0	0	0	0	0	0	0	0	0	0	0	0	0	0	0	0	0	0	0	0	0	0	0	0	0	0	0	0	0	0	0	0	0	0	0	0	0	0	0	0	0	0	0	0	0	0	0	0	0	0	0	0	0	0	0	0	0	0	0	0	0	0	0	0	0	0	0	0	0	0	0	0	0	0	0	0	0	0	0	0	0	105	30	71	136
0	0	0	0	0	0	0	0	0	0	0	0	0	0	0	0	0	0	0	0	0	0	0	0	0	0	0	0	0	0	0	0	0	0	0	0	0	0	0	0	0	0	0	0	0	0	0	0	0	0	0	0	0	0	0	0	0	0	0	0	0	0	0	0	0	0	0	0	0	0	0	0	0	0	0	0	0	0	0	0	0	0	0	0	0	0	0	0	0	0	0	0	0	0	0	0	0	0	0	0	0	0	0	0	0	0	0	0	0	0	0	0	0	0	0	0	0	0	0	0	0	0	0	0	0	145	162	83
0	0	0	0	0	0	0	0	0	0	0	0	0	0	0	0	0	0	0	0	0	0	0	0	0	0	0	0	0	0	0	0	0	0	0	0	0	0	0	0	0	0	0	0	0	0	0	0	0	0	0	0	0	0	0	0	0	0	0	0	0	0	0	0	0	0	0	0	0	0	0	0	0	0	0	0	0	0	0	0	0	0	0	0	0	0	0	0	0	0	0	0	0	0	0	0	0	0	0	0	0	0	0	0	0	0	0	0	0	0	0	0	0	0	0	0	0	0	0	0	0	0	0	0	0	0	128	105
0	0	0	0	0	0	0	0	0	0	0	0	0	0	0	0	0	0	0	0	0	0	0	0	0	0	0	0	0	0	0	0	0	0	0	0	0	0	0	0	0	0	0	0	0	0	0	0	0	0	0	0	0	0	0	0	0	0	0	0	0	0	0	0	0	0	0	0	0	0	0	0	0	0	0	0	0	0	0	0	0	0	0	0	0	0	0	0	0	0	0	0	0	0	0	0	0	0	0	0	0	0	0	0	0	0	0	0	0	0	0	0	0	0	0	0	0	0	0	0	0	0	0	0	0	0	0	86
0	0	0	0	0	0	0	0	0	0	0	0	0	0	0	0	0	0	0	0	0	0	0	0	0	0	0	0	0	0	0	0	0	0	0	0	0	0	0	0	0	0	0	0	0	0	0	0	0	0	0	0	0	0	0	0	0	0	0	0	0	0	0	0	0	0	0	0	0	0	0	0	0	0	0	0	0	0	0	0	0	0	0	0	0	0	0	0	0	0	0	0	0	0	0	0	0	0	0	0	0	0	0	0	0	0	0	0	0	0	0	0	0	0	0	0	0	0	0	0	0	0	0	0	0	0	0	0