0	59	81	106	42	38	73	88	8	4	115	49	116	107	62	121	123	36	99	69	93	106	50	28	74	62	93	9	56	102	68	32	55	54	125	90	94	13	29	67	82	28	93	108	44	13	116	102	55	47	126	79	89	55	35	37	18	42	62	30	26	36	111	24	15	53	104	65	66	59	22	81	8	99	9	47	82	43	18	110	71	61	114	71	89	64	19	109	66	13	58	61	65	52	103	23	32	73	15	49	60	26	2	89	104	86	104	68	82	110	68	5	76	18	88	51	122	74	59	30	87	47	2	56	67	85	49	17
0	0	102	33	89	90	112	126	24	84	117	100	24	95	20	101	127	106	98	99	85	127	51	31	129	76	105	46	82	40	61	45	17	39	91	103	81	84	19	128	73	60	46	46	5	8	23	89	6	67	110	48	4	28	27	110	95	11	60	71	120	60	111	94	99	44	51	75	69	44	101	51	107	8	66	109	122	64	23	126	121	99	121	69	49	97	38	44	101	30	60	77	48	84	76	111	5	4	98	22	21	70	48	101	127	31	89	96	41	39	77	39	109	68	7	54	67	87	93	40	35	43	33	76	14	29	5	114
0	0	0	4	49	25	48	25	33	104	94	128	9	46	114	70	25	96	100	23	85	106	65	23	51	88	46	115	78	47	35	72	63	63	28	103	84	34	98	64	102	51	92	101	125	18	58	128	39	52	77	126	12	95	70	90	82	72	120	82	103	15	114	35	124	99	7	89	109	61	81	57	3	104	97	130	38	63	14	11	110	84	102	128	9	119	33	56	30	127	53	72	41	3	36	83	103	24	45	69	45	55	17	52	120	55	94	101	21	75	88	108	116	47	80	86	35	27	51	118	29	83	75	82	76	80	99	53
0	0	0	0	28	25	10	74	26	114	59	114	131	123	57	104	64	71	124	39	117	36	128	30	83	100	120	9	51	19	119	122	83	9	54	42	19	121	85	56	111	48	4	7	126	105	88	47	82	63	21	5	23	124	117	83	62	4	121	76	14	80	6	79	121	120	38	114	6	36	36	36	126	56	15	94	37	18	36	50	73	13	41	18	114	114	20	98	106	64	113	57	42	28	26	65	127	72	29	110	39	51	120	110	90	118	4	8	94	22	3	16	107	125	76	47	97	46	21	48	48	60	95	84	46	83	99	81
0	0	0	0	0	117	91	12	49	63	41	99	85	110	45	50	123	58	54	50	113	40	77	56	77	60	108	19	67	81	25	86	40	32	92	72	21	14	91	121	49	66	41	63	67	117	31	17	115	6	92	106	78	10	131	75	10	120	83	39	13	127	8	106	61	63	126	118	42	104	65	58	5	33	45	106	125	88	5	120	107	71	93	108	49	100	106	115	5	78	87	103	102	94	96	90	100	74	13	66	115	44	95	53	115	46	115	13	127	126	94	82	73	79	23	109	99	50	46	11	24	113	114	28	51	71	36	84
0	0	0	0	0	0	43	19	48	31	26	14	75	5	117	43	122	107	61	119	44	47	105	129	84	43	103	92	23	53	19	81	98	78	25	118	79	124	16	88	89	101	56	122	59	16	33	83	66	59	129	70	111	39	27	64	23	21	124	12	24	120	124	92	83	127	102	29	83	63	119	82	15	72	81	62	14	97	120	101	72	60	9	108	25	32	27	31	92	55	121	123	34	61	28	94	93	100	54	15	98	7	60	133	95	71	116	114	72	106	16	51	111	35	35	87	124	64	38	110	82	28	105	86	85	56	22	52
0	0	0	0	0	0	0	40	129	94	122	86	123	119	75	35	59	50	33	30	122	18	56	10	130	36	106	84	88	35	11	50	47	104	69	13	47	104	93	50	91	127	7	124	62	11	12	87	101	53	126	32	100	33	71	12	26	45	46	31	87	79	87	110	40	81	60	20	100	62	67	18	77	55	84	56	15	120	71	44	119	32	122	133	68	70	78	41	41	82	10	5	29	101	48	69	32	84	82	126	68	102	67	79	116	97	124	12	119	133	80	9	24	17	28	93	36	134	80	107	24	36	113	79	22	116	13	29
0	0	0	0	0	0	0	0	18	45	74	31	45	33	28	92	87	25	40	96	20	6	82	16	127	85	68	129	136	81	4	120	110	60	21	81	83	73	103	86	85	131	105	64	121	79	55	121	19	42	39	70	27	78	109	60	72	39	91	34	82	43	9	68	98	113	74	31	12	99	13	93	92	50	75	93	56	39	78	129	80	96	32	60	111	12	71	117	97	74	31	94	79	51	82	30	69	90	103	99	39	81	18	24	90	113	30	115	10	52	79	133	82	83	26	123	129	38	97	82	15	122	35	117	40	37	23	12
0	0	0	0	0	0	0	0	0	107	119	98	70	61	16	54	11	94	53	80	80	34	16	29	133	48	114	86	56	121	45	71	39	92	16	21	105	118	46	129	42	36	51	87	91	101	113	95	47	46	53	41	36	53	20	129	38	78	75	92	111	12	64	88	105	93	76	19	46	77	95	14	101	14	21	43	117	90	63	20	47	118	129	115	66	37	124	75	53	44	42	120	60	81	127	67	70	71	28	56	127	81	84	23	100	91	16	48	83	29	90	100	28	44	33	18	45	8	131	52	87	79	84	131	48	128	79	48
0	0	0	0	0	0	0	0	0	0	120	13	52	115	65	126	78	68	76	54	103	43	109	16	37	64	42	60	107	61	103	24	68	72	20	55	93	90	29	37	90	5	24	120	118	86	127	104	72	54	53	90	55	66	41	66	78	93	116	63	88	85	78	100	134	63	113	25	10	10	128	33	60	124	89	17	119	45	69	117	87	74	119	32	37	113	77	92	90	30	64	129	87	69	58	61	86	91	73	43	41	63	126	73	5	20	16	18	125	119	49	67	15	47	137	12	51	33	127	83	83	33	89	42	121	57	71	33
0	0	0	0	0	0	0	0	0	0	0	35	12	106	86	52	73	77	59	97	98	92	123	122	73	98	60	24	55	88	71	106	124	34	79	85	120	52	109	85	42	106	113	60	84	70	61	47	96	52	12	54	27	12	29	112	112	122	13	20	58	110	63	114	71	116	23	28	99	9	82	45	34	43	128	72	12	23	38	45	21	93	100	136	31	51	119	64	21	113	77	51	115	110	106	38	29	92	25	66	39	52	68	38	16	2	57	122	71	9	75	122	108	18	8	113	14	125	19	122	86	23	67	31	79	117	105	36
0	0	0	0	0	0	0	0	0	0	0	0	65	27	77	3	40	112	105	25	121	10	8	54	123	11	61	76	120	57	109	106	113	19	29	50	78	70	72	16	63	112	24	108	127	12	118	94	3	57	85	67	17	103	64	41	32	62	29	135	105	132	23	40	67	91	23	113	119	97	62	80	17	72	63	59	43	65	18	7	65	17	118	29	106	22	105	55	43	53	80	16	45	43	20	80	123	127	29	71	125	114	112	37	117	18	57	47	74	24	99	50	37	122	115	86	32	74	138	20	59	21	31	14	82	80	110	16
0	0	0	0	0	0	0	0	0	0	0	0	0	105	122	113	46	101	59	76	124	57	40	127	121	105	6	40	64	40	31	94	84	34	135	22	131	132	73	54	53	51	13	50	87	63	106	141	35	26	53	91	83	119	71	40	96	64	66	126	97	28	112	118	96	82	126	104	45	44	64	17	50	67	50	28	32	23	51	116	67	69	87	50	71	62	18	111	93	61	128	16	33	36	33	71	125	87	123	114	99	52	6	108	97	106	82	109	131	124	109	81	100	18	50	103	61	113	86	40	31	104	109	102	72	96	81	34
0	0	0	0	0	0	0	0	0	0	0	0	0	0	101	28	131	8	105	40	62	86	67	85	90	73	6	73	96	18	58	53	125	103	48	74	63	82	58	140	62	24	61	48	103	50	98	101	17	102	34	135	42	107	76	112	78	83	82	125	118	52	92	124	89	132	73	114	54	73	81	91	55	18	76	99	111	119	112	96	67	66	89	38	110	141	116	112	48	18	11	15	123	31	66	25	109	68	54	42	14	94	128	104	64	95	92	119	9	43	38	116	133	18	29	102	135	44	40	119	100	96	31	35	21	66	15	71
0	0	0	0	0	0	0	0	0	0	0	0	0	0	0	82	84	54	42	114	58	55	76	67	30	13	39	16	19	91	61	112	60	129	94	85	57	57	30	17	91	58	111	33	84	23	93	47	119	22	12	73	89	76	132	40	133	34	82	110	57	89	50	31	38	124	8	116	65	44	84	75	33	19	118	38	66	66	36	130	99	16	120	119	59	81	92	68	25	44	89	10	39	49	18	82	38	31	92	52	41	124	12	45	107	16	123	80	117	108	86	6	64	99	85	19	134	11	49	28	64	33	101	61	18	135	74	98
0	0	0	0	0	0	0	0	0	0	0	0	0	0	0	0	11	103	16	93	132	68	115	38	106	21	58	106	95	135	111	53	42	14	96	128	94	52	64	80	69	102	71	6	124	51	48	65	113	114	10	101	38	64	19	101	78	18	90	95	63	97	134	24	86	41	45	57	113	73	51	129	82	31	83	101	95	25	52	89	120	53	15	71	84	53	46	10	83	88	73	128	89	121	115	86	98	50	40	30	28	57	124	55	52	30	33	16	59	45	109	140	137	61	34	34	26	43	138	21	72	129	13	56	67	75	33	39
0	0	0	0	0	0	0	0	0	0	0	0	0	0	0	0	0	80	138	103	60	75	20	56	17	14	90	33	130	80	45	71	82	104	84	88	103	130	26	127	88	53	35	104	72	92	114	123	126	60	80	59	63	18	88	92	83	96	36	18	125	11	95	114	77	72	112	16	118	10	113	118	20	125	93	52	107	35	59	58	35	131	79	46	110	91	70	119	114	55	35	111	55	30	75	63	11	117	8	119	124	85	64	39	54	95	57	4	115	73	123	33	103	139	81	11	70	95	104	115	135	60	35	124	38	16	65	15
0	0	0	0	0	0	0	0	0	0	0	0	0	0	0	0	0	0	91	71	62	134	24	135	19	85	87	140	84	20	114	101	110	118	125	93	55	50	119	135	59	120	66	22	108	102	53	111	24	130	88	130	139	15	21	87	44	64	8	50	119	35	79	107	17	86	136	18	41	112	41	122	21	39	39	109	21	56	111	43	54	60	56	29	12	74	19	45	99	106	101	118	22	22	110	77	63	77	115	8	95	57	78	83	23	67	92	11	76	25	129	28	38	54	120	101	61	127	17	93	33	55	117	6	86	39	29	122
0	0	0	0	0	0	0	0	0	0	0	0	0	0	0	0	0	0	0	93	96	57	96	72	86	22	44	83	99	139	141	101	39	120	58	93	54	36	134	104	87	69	102	121	69	67	11	58	121	47	86	11	88	34	9	85	84	96	87	98	17	60	31	94	35	139	134	142	106	52	62	44	33	38	76	74	58	140	48	94	67	14	49	90	91	119	56	109	79	128	13	68	60	54	87	106	141	131	124	83	17	61	109	50	135	89	128	92	111	54	72	25	25	92	42	69	131	76	65	48	124	133	60	112	24	118	100	43
0	0	0	0	0	0	0	0	0	0	0	0	0	0	0	0	0	0	0	0	127	60	102	93	76	37	131	92	126	43	135	78	51	120	99	124	70	85	92	33	44	122	35	30	11	122	48	112	127	74	123	125	140	24	84	22	51	10	94	121	60	116	40	72	31	82	128	32	99	100	17	66	55	90	82	93	122	117	123	78	95	41	94	109	50	80	107	98	40	110	16	73	120	110	84	57	92	34	17	37	120	35	94	126	138	91	22	117	45	15	133	48	49	48	117	86	114	109	104	111	34	48	118	143	61	56	81	91
0	0	0	0	0	0	0	0	0	0	0	0	0	0	0	0	0	0	0	0	0	89	44	115	118	96	116	138	15	89	131	127	133	87	80	145	25	18	119	25	69	55	71	36	21	65	51	60	38	36	113	69	102	115	55	80	33	87	108	108	82	122	141	30	35	40	68	20	85	85	135	55	32	74	79	35	141	70	20	81	61	107	107	85	137	120	11	83	7	112	82	113	131	55	31	94	93	11	67	107	48	30	108	94	126	13	76	51	112	51	51	130	113	109	58	143	80	82	16	121	63	112	28	131	38	68	44	92
0	0	0	0	0	0	0	0	0	0	0	0	0	0	0	0	0	0	0	0	0	0	108	68	13	54	129	120	98	13	20	53	106	140	101	60	29	20	123	86	37	104	54	144	91	49	112	130	107	75	100	127	128	82	123	57	131	87	122	25	104	117	98	110	133	98	107	97	17	77	71	142	49	81	110	71	121	84	131	51	68	78	100	29	77	50	122	67	35	67	41	82	14	55	54	79	123	99	124	74	109	41	29	116	114	135	112	119	81	103	56	42	58	126	124	119	36	127	89	130	31	90	123	24	38	49	126	97
0	0	0	0	0	0	0	0	0	0	0	0	0	0	0	0	0	0	0	0	0	0	0	86	59	45	85	43	107	88	19	91	63	20	72	39	39	26	130	77	34	93	86	101	134	104	47	85	141	101	38	45	81	40	78	16	61	43	84	46	40	60	47	57	99	64	120	22	87	22	123	48	114	130	18	45	85	82	14	59	128	32	33	133	14	53	8	74	119	119	109	30	138	107	135	129	142	113	59	127	28	75	58	66	104	125	77	130	130	56	107	122	54	128	8	120	128	17	86	73	55	57	91	19	16	117	64	104
0	0	0	0	0	0	0	0	0	0	0	0	0	0	0	0	0	0	0	0	0	0	0	0	80	102	75	30	149	71	117	35	72	80	95	44	111	45	21	135	131	69	144	67	27	116	26	144	30	129	51	20	56	46	127	89	18	124	105	137	82	87	139	42	21	99	80	52	13	103	37	43	97	92	85	89	66	20	26	49	71	98	98	142	81	66	139	123	105	80	133	21	90	115	68	135	113	41	21	72	147	29	120	121	51	130	108	131	138	39	57	23	97	37	28	52	131	61	90	60	17	30	87	26	58	21	47	81
0	0	0	0	0	0	0	0	0	0	0	0	0	0	0	0	0	0	0	0	0	0	0	0	0	28	31	95	61	102	99	92	24	125	122	46	110	47	111	37	41	56	48	40	82	71	94	106	87	74	127	45	38	100	129	60	33	105	69	144	44	136	65	53	41	92	19	52	24	87	109	39	74	87	22	76	117	83	27	123	59	28	58	61	66	89	65	123	74	76	33	70	127	32	60	76	114	45	10	115	69	24	107	29	35	31	90	47	23	34	139	65	91	63	103	39	33	133	73	14	28	124	31	95	126	65	136	89
0	0	0	0	0	0	0	0	0	0	0	0	0	0	0	0	0	0	0	0	0	0	0	0	0	0	127	96	54	63	84	74	66	21	112	120	101	149	30	104	48	42	28	102	87	64	95	110	38	28	100	51	54	22	118	141	36	67	119	75	74	70	126	82	129	70	66	88	101	61	31	79	67	21	29	125	71	137	43	48	94	14	5	62	102	127	125	27	61	24	98	74	73	93	82	133	99	122	88	56	81	28	21	70	78	126	115	82	60	137	91	129	35	16	115	128	6	73	11	108	119	89	23	78	148	45	127	22
0	0	0	0	0	0	0	0	0	0	0	0	0	0	0	0	0	0	0	0	0	0	0	0	0	0	0	15	68	136	64	37	32	94	147	18	131	50	84	93	98	124	120	44	52	112	35	125	134	111	114	122	34	72	53	98	37	96	90	6	140	69	107	7	59	25	50	91	132	121	34	45	122	69	73	106	112	96	70	121	80	85	69	35	88	14	14	129	45	42	48	92	81	123	120	69	127	150	55	30	135	55	67	127	103	124	52	137	73	21	59	103	55	93	34	57	117	35	26	111	134	65	87	109	78	60	120	31
0	0	0	0	0	0	0	0	0	0	0	0	0	0	0	0	0	0	0	0	0	0	0	0	0	0	0	0	91	43	130	116	133	60	26	113	120	88	59	69	70	66	116	51	18	91	78	79	97	127	134	64	55	133	37	55	14	5	87	13	84	48	9	28	55	69	66	103	131	77	94	57	118	92	114	143	74	61	82	33	40	122	62	133	23	66	72	127	88	71	103	119	27	31	71	150	55	16	102	41	27	73	55	125	34	124	141	89	57	135	100	59	141	37	135	19	41	69	118	26	60	143	36	57	56	73	80	136
0	0	0	0	0	0	0	0	0	0	0	0	0	0	0	0	0	0	0	0	0	0	0	0	0	0	0	0	0	101	87	106	116	114	147	112	46	146	89	151	24	75	142	112	60	67	75	117	134	96	45	58	26	29	107	71	46	58	59	68	30	87	104	87	83	19	38	112	81	124	51	120	120	32	65	119	127	95	69	46	129	76	91	38	145	61	20	126	20	27	89	55	46	44	136	82	23	61	110	10	82	103	36	21	60	27	25	10	34	44	64	113	61	86	96	32	90	88	48	42	127	99	84	116	80	40	105	77
0	0	0	0	0	0	0	0	0	0	0	0	0	0	0	0	0	0	0	0	0	0	0	0	0	0	0	0	0	0	89	136	65	73	105	49	106	107	82	52	135	68	59	39	14	131	155	44	97	102	86	41	18	36	65	68	51	127	79	150	108	47	112	110	106	3	94	67	67	89	45	62	76	84	93	138	67	41	106	48	57	87	112	56	146	133	60	114	76	67	71	73	42	55	43	68	130	29	33	30	95	98	29	66	54	93	129	78	114	85	42	130	74	109	117	147	94	58	75	46	73	23	115	144	13	52	79	70
0	0	0	0	0	0	0	0	0	0	0	0	0	0	0	0	0	0	0	0	0	0	0	0	0	0	0	0	0	0	0	39	31	55	79	105	41	24	81	95	86	88	109	57	121	153	42	132	102	100	55	148	107	52	79	118	22	121	88	28	69	72	131	123	36	156	71	87	66	121	99	78	92	42	59	73	32	130	140	40	52	34	27	113	129	51	130	33	30	149	117	54	143	148	132	63	111	40	41	97	46	49	29	41	115	119	147	64	34	90	83	73	67	103	93	111	34	52	136	65	52	119	63	64	62	109	94	15
0	0	0	0	0	0	0	0	0	0	0	0	0	0	0	0	0	0	0	0	0	0	0	0	0	0	0	0	0	0	0	0	41	13	103	73	92	33	92	112	34	71	131	159	129	17	70	58	77	11	71	73	93	113	87	73	50	63	69	103	99	111	16	65	23	60	71	121	132	124	60	146	54	132	126	101	91	97	85	115	23	125	50	105	13	20	75	48	44	20	74	64	79	90	43	129	63	150	140	91	92	117	48	95	86	47	129	139	79	39	56	60	13	140	137	53	117	56	95	62	139	131	62	72	15	79	105	100
0	0	0	0	0	0	0	0	0	0	0	0	0	0	0	0	0	0	0	0	0	0	0	0	0	0	0	0	0	0	0	0	0	22	105	11	36	43	128	19	64	73	50	124	120	31	112	122	65	111	11	27	146	72	108	97	106	11	44	130	36	68	89	13	84	91	133	83	21	45	57	67	95	151	123	80	107	43	106	39	32	62	152	120	122	118	50	48	42	40	56	30	144	41	129	70	85	139	95	22	33	75	130	69	37	129	43	51	122	22	131	94	106	77	103	19	76	24	113	113	128	49	113	50	61	86	59	101
0	0	0	0	0	0	0	0	0	0	0	0	0	0	0	0	0	0	0	0	0	0	0	0	0	0	0	0	0	0	0	0	0	0	147	53	88	72	46	131	145	44	56	119	53	105	90	57	29	124	149	48	135	131	124	112	46	130	60	132	119	135	34	32	69	119	130	109	65	51	153	48	85	30	41	141	137	116	109	89	103	10	131	22	95	115	93	73	137	61	124	119	71	52	66	95	45	141	51	84	68	120	74	104	75	23	161	36	109	133	66	48	19	144	56	5	117	73	55	6	73	12	21	82	98	117	89	34
0	0	0	0	0	0	0	0	0	0	0	0	0	0	0	0	0	0	0	0	0	0	0	0	0	0	0	0	0	0	0	0	0	0	0	116	57	37	54	97	69	120	91	29	152	38	121	35	84	53	68	50	90	144	114	107	79	63	50	82	88	94	100	116	138	120	126	48	136	128	26	35	117	150	75	70	75	134	142	71	71	66	59	28	46	91	45	93	125	76	100	67	57	121	124	9	38	56	87	123	22	133	110	95	72	97	138	86	100	99	130	144	89	133	47	108	102	97	62	55	23	64	88	100	118	46	49	31
0	0	0	0	0	0	0	0	0	0	0	0	0	0	0	0	0	0	0	0	0	0	0	0	0	0	0	0	0	0	0	0	0	0	0	0	125	134	95	121	29	154	94	94	140	105	34	56	105	120	36	46	95	26	108	153	122	107	56	110	130	64	45	87	122	129	52	93	71	121	106	103	50	156	54	55	127	55	75	59	42	84	37	67	149	36	65	160	67	86	91	141	18	136	63	31	30	100	13	131	88	119	26	58	136	99	117	125	156	107	124	119	80	81	119	58	66	132	6	66	115	14	30	111	29	55	71	128
0	0	0	0	0	0	0	0	0	0	0	0	0	0	0	0	0	0	0	0	0	0	0	0	0	0	0	0	0	0	0	0	0	0	0	0	0	111	19	161	113	103	153	124	55	120	131	99	71	107	76	60	81	138	21	115	111	118	94	110	104	102	126	152	93	30	108	20	126	98	139	94	52	127	119	75	90	112	36	60	92	72	54	58	21	89	125	136	67	81	86	33	18	50	82	83	128	47	56	37	64	41	112	44	106	18	121	37	126	52	120	112	6	50	127	38	100	22	129	49	122	25	103	24	132	125	32	94
0	0	0	0	0	0	0	0	0	0	0	0	0	0	0	0	0	0	0	0	0	0	0	0	0	0	0	0	0	0	0	0	0	0	0	0	0	0	82	136	132	16	67	103	78	43	70	77	37	100	42	98	40	44	61	136	64	51	25	128	25	30	115	133	128	93	144	109	143	27	99	95	64	73	80	132	115	29	129	53	130	34	120	131	136	163	94	132	134	34	116	10	153	74	115	107	155	128	81	73	119	143	98	133	100	100	124	99	40	94	94	106	81	70	122	76	54	109	59	129	81	35	99	78	111	27	56	129
0	0	0	0	0	0	0	0	0	0	0	0	0	0	0	0	0	0	0	0	0	0	0	0	0	0	0	0	0	0	0	0	0	0	0	0	0	0	0	122	104	100	59	71	110	84	124	61	48	138	59	48	118	73	65	86	122	130	130	94	93	72	50	52	31	45	56	133	75	40	118	103	81	101	110	124	77	76	23	113	51	71	76	36	40	5	63	151	119	12	62	64	56	52	93	100	101	136	105	87	42	18	84	105	96	90	101	96	91	47	11	102	106	70	33	110	150	37	103	109	136	131	59	27	125	143	144	145
0	0	0	0	0	0	0	0	0	0	0	0	0	0	0	0	0	0	0	0	0	0	0	0	0	0	0	0	0	0	0	0	0	0	0	0	0	0	0	0	123	86	94	43	88	138	48	79	137	35	120	141	41	109	147	61	120	113	61	36	40	51	145	114	94	113	88	154	46	62	159	28	124	42	107	83	115	70	120	123	80	25	26	106	97	122	99	137	142	147	109	52	40	149	65	36	149	21	113	132	54	45	18	108	68	72	121	39	120	51	150	61	101	77	101	101	100	146	96	53	108	90	131	146	119	24	37	96
0	0	0	0	0	0	0	0	0	0	0	0	0	0	0	0	0	0	0	0	0	0	0	0	0	0	0	0	0	0	0	0	0	0	0	0	0	0	0	0	0	120	117	10	92	121	125	129	148	139	29	87	139	115	97	88	119	133	117	29	94	73	24	131	99	100	76	151	79	58	133	148	22	72	44	92	38	119	67	71	74	44	49	38	36	55	153	132	54	116	155	45	141	165	78	63	77	77	107	46	90	55	148	93	53	78	45	87	5	33	31	61	40	76	106	106	40	151	22	26	90	100	66	153	19	105	66	126
0	0	0	0	0	0	0	0	0	0	0	0	0	0	0	0	0	0	0	0	0	0	0	0	0	0	0	0	0	0	0	0	0	0	0	0	0	0	0	0	0	0	12	146	149	95	143	80	71	154	18	127	91	65	79	43	11	48	141	67	153	62	55	133	113	19	28	55	115	132	129	73	106	86	26	58	136	101	75	44	125	47	7	74	106	146	57	81	118	71	110	107	121	70	60	32	111	74	86	116	160	29	73	79	51	27	60	111	103	42	34	71	43	11	155	147	32	29	85	103	122	158	117	148	20	36	106	80
0	0	0	0	0	0	0	0	0	0	0	0	0	0	0	0	0	0	0	0	0	0	0	0	0	0	0	0	0	0	0	0	0	0	0	0	0	0	0	0	0	0	0	119	87	31	107	71	151	43	31	101	153	70	44	87	69	83	137	98	74	54	125	74	30	91	61	34	76	113	130	161	55	157	111	126	51	36	111	122	152	22	55	107	93	55	138	41	149	55	132	41	59	130	55	149	59	116	159	153	51	77	57	129	64	109	132	76	111	125	44	98	150	91	86	41	119	78	59	51	135	142	115	95	40	128	96	88
0	0	0	0	0	0	0	0	0	0	0	0	0	0	0	0	0	0	0	0	0	0	0	0	0	0	0	0	0	0	0	0	0	0	0	0	0	0	0	0	0	0	0	0	138	147	29	98	99	97	70	5	64	93	133	41	49	116	12	127	82	132	50	10	123	101	47	131	47	110	60	54	123	57	84	65	82	135	44	87	109	82	71	52	16	21	126	43	111	126	149	129	47	46	38	91	68	45	55	132	142	72	111	108	146	112	109	73	93	99	69	42	98	88	72	75	67	53	83	127	61	120	78	95	138	117	47	59
0	0	0	0	0	0	0	0	0	0	0	0	0	0	0	0	0	0	0	0	0	0	0	0	0	0	0	0	0	0	0	0	0	0	0	0	0	0	0	0	0	0	0	0	0	37	111	19	139	93	127	131	91	113	136	84	117	120	48	146	160	72	138	116	71	114	142	104	109	95	89	84	128	143	44	147	85	146	94	52	102	136	90	143	104	36	102	96	173	63	28	108	127	16	77	83	105	128	76	82	139	105	98	46	94	68	94	48	161	154	127	126	96	72	138	101	82	153	100	119	40	113	148	133	47	69	38	135
0	0	0	0	0	0	0	0	0	0	0	0	0	0	0	0	0	0	0	0	0	0	0	0	0	0	0	0	0	0	0	0	0	0	0	0	0	0	0	0	0	0	0	0	0	0	96	37	95	51	110	53	160	48	43	76	111	127	85	133	102	52	139	65	25	77	140	83	104	100	100	43	66	126	118	140	52	117	49	120	21	129	52	78	50	130	43	19	99	34	72	135	106	72	106	94	41	134	146	148	141	56	57	132	72	44	118	66	146	46	85	116	72	80	35	116	32	83	124	43	7	133	79	161	96	16	110	108
0	0	0	0	0	0	0	0	0	0	0	0	0	0	0	0	0	0	0	0	0	0	0	0	0	0	0	0	0	0	0	0	0	0	0	0	0	0	0	0	0	0	0	0	0	0	0	27	86	24	69	63	71	115	73	139	157	65	136	166	56	74	114	43	128	168	125	59	21	72	80	14	74	129	39	30	64	113	111	103	107	50	126	137	102	134	65	111	94	96	54	79	58	102	38	39	115	39	104	20	39	65	71	115	80	14	50	119	49	132	103	60	119	109	10	134	134	93	46	106	66	125	119	40	168	152	45	90
0	0	0	0	0	0	0	0	0	0	0	0	0	0	0	0	0	0	0	0	0	0	0	0	0	0	0	0	0	0	0	0	0	0	0	0	0	0	0	0	0	0	0	0	0	0	0	0	93	56	88	126	107	121	85	74	121	89	122	10	72	26	36	166	119	125	168	83	54	144	30	74	20	58	119	94	70	143	64	159	116	144	120	156	155	60	38	90	103	116	121	36	7	129	49	167	103	29	124	151	91	111	144	75	114	65	83	144	138	81	153	124	159	111	103	171	90	119	90	24	163	120	34	57	95	62	25	70
0	0	0	0	0	0	0	0	0	0	0	0	0	0	0	0	0	0	0	0	0	0	0	0	0	0	0	0	0	0	0	0	0	0	0	0	0	0	0	0	0	0	0	0	0	0	0	0	0	103	103	86	65	73	120	129	74	51	147	153	140	133	95	109	74	155	92	148	89	101	102	68	58	93	99	139	77	43	121	84	110	120	105	94	144	75	110	112	107	45	103	88	80	135	112	74	67	109	131	39	69	124	38	118	109	168	48	130	97	151	64	97	60	158	51	118	166	43	102	148	122	47	114	113	113	56	81	150
0	0	0	0	0	0	0	0	0	0	0	0	0	0	0	0	0	0	0	0	0	0	0	0	0	0	0	0	0	0	0	0	0	0	0	0	0	0	0	0	0	0	0	0	0	0	0	0	0	0	107	99	117	124	48	170	92	150	146	66	84	125	112	38	27	33	158	137	167	135	128	110	24	103	9	177	105	30	89	80	75	146	124	109	88	36	94	162	129	47	79	111	38	140	136	134	98	56	77	88	116	139	98	101	96	56	117	115	98	87	50	66	85	107	155	146	31	40	115	60	55	123	14	96	142	57	54	121
0	0	0	0	0	0	0	0	0	0	0	0	0	0	0	0	0	0	0	0	0	0	0	0	0	0	0	0	0	0	0	0	0	0	0	0	0	0	0	0	0	0	0	0	0	0	0	0	0	0	0	98	89	115	78	87	125	81	148	67	58	52	111	83	92	113	52	107	92	17	36	53	35	55	119	100	137	48	82	142	120	66	62	166	66	66	21	71	128	76	70	127	60	61	68	155	80	127	41	141	6	4	149	30	37	83	102	145	86	50	29	29	136	120	158	79	126	135	36	128	48	104	89	54	65	70	81	131
0	0	0	0	0	0	0	0	0	0	0	0	0	0	0	0	0	0	0	0	0	0	0	0	0	0	0	0	0	0	0	0	0	0	0	0	0	0	0	0	0	0	0	0	0	0	0	0	0	0	0	0	47	34	73	78	110	89	146	34	13	106	135	116	90	54	41	40	83	51	127	81	171	74	40	101	147	41	171	32	50	28	149	115	147	115	111	10	33	62	59	81	159	90	147	48	116	109	86	125	79	93	94	59	159	135	128	21	87	131	46	133	53	19	46	138	105	123	118	95	76	47	116	63	97	62	22	104
0	0	0	0	0	0	0	0	0	0	0	0	0	0	0	0	0	0	0	0	0	0	0	0	0	0	0	0	0	0	0	0	0	0	0	0	0	0	0	0	0	0	0	0	0	0	0	0	0	0	0	0	0	179	87	155	85	48	115	67	28	55	175	114	125	85	76	58	66	76	95	113	78	104	140	94	91	69	136	149	151	87	81	150	12	50	39	109	120	163	131	124	128	40	84	122	4	121	102	26	101	104	157	110	49	75	124	42	62	76	119	124	74	80	63	78	55	21	31	100	126	77	67	67	70	56	80	155
0	0	0	0	0	0	0	0	0	0	0	0	0	0	0	0	0	0	0	0	0	0	0	0	0	0	0	0	0	0	0	0	0	0	0	0	0	0	0	0	0	0	0	0	0	0	0	0	0	0	0	0	0	0	64	107	64	55	168	82	99	26	140	41	130	25	71	134	71	87	110	45	93	43	66	75	100	104	110	135	108	26	168	142	98	73	151	111	63	115	53	120	117	131	99	65	113	128	79	78	62	40	42	47	119	79	128	129	81	138	118	71	133	29	20	160	53	45	164	112	102	25	157	125	40	140	145	46
0	0	0	0	0	0	0	0	0	0	0	0	0	0	0	0	0	0	0	0	0	0	0	0	0	0	0	0	0	0	0	0	0	0	0	0	0	0	0	0	0	0	0	0	0	0	0	0	0	0	0	0	0	0	0	152	22	49	126	68	71	127	21	94	89	147	22	130	153	29	117	123	76	91	117	32	32	40	107	119	74	56	151	66	154	162	40	118	32	136	42	118	119	133	127	54	143	109	118	126	163	112	161	135	96	155	81	110	68	75	131	116	34	81	75	159	126	28	129	42	107	119	101	138	100	109	77	38
0	0	0	0	0	0	0	0	0	0	0	0	0	0	0	0	0	0	0	0	0	0	0	0	0	0	0	0	0	0	0	0	0	0	0	0	0	0	0	0	0	0	0	0	0	0	0	0	0	0	0	0	0	0	0	0	96	111	115	20	174	80	96	83	117	71	86	125	113	41	150	46	55	127	119	103	159	62	54	37	43	84	88	91	141	41	90	137	133	157	145	114	173	61	89	46	72	58	54	68	107	30	105	84	114	100	16	46	76	75	84	108	39	60	119	154	80	60	12	59	94	92	102	148	41	115	114	110
0	0	0	0	0	0	0	0	0	0	0	0	0	0	0	0	0	0	0	0	0	0	0	0	0	0	0	0	0	0	0	0	0	0	0	0	0	0	0	0	0	0	0	0	0	0	0	0	0	0	0	0	0	0	0	0	0	69	44	77	69	151	146	124	114	66	168	33	109	43	90	132	162	163	67	118	30	82	105	79	30	132	65	104	123	29	64	40	127	101	134	107	171	45	119	143	176	147	43	82	128	121	69	48	167	35	75	131	152	137	46	93	122	98	68	77	133	131	75	80	49	133	45	141	114	95	51	170
0	0	0	0	0	0	0	0	0	0	0	0	0	0	0	0	0	0	0	0	0	0	0	0	0	0	0	0	0	0	0	0	0	0	0	0	0	0	0	0	0	0	0	0	0	0	0	0	0	0	0	0	0	0	0	0	0	0	140	51	19	56	42	92	59	72	131	72	63	35	128	101	69	142	108	151	60	7	111	42	98	47	92	106	124	142	147	121	77	99	114	72	131	132	84	90	91	141	59	130	136	79	103	89	50	75	96	86	34	156	115	54	106	27	121	76	55	39	54	124	62	80	122	137	100	134	104	132
0	0	0	0	0	0	0	0	0	0	0	0	0	0	0	0	0	0	0	0	0	0	0	0	0	0	0	0	0	0	0	0	0	0	0	0	0	0	0	0	0	0	0	0	0	0	0	0	0	0	0	0	0	0	0	0	0	0	0	119	117	135	110	49	43	181	140	58	135	109	109	49	51	135	36	68	22	110	97	131	50	113	86	127	24	56	30	60	108	62	56	124	122	73	100	108	87	92	93	107	38	114	68	73	108	156	81	150	114	108	132	54	149	49	51	119	162	165	97	137	180	151	68	56	119	89	20	106
0	0	0	0	0	0	0	0	0	0	0	0	0	0	0	0	0	0	0	0	0	0	0	0	0	0	0	0	0	0	0	0	0	0	0	0	0	0	0	0	0	0	0	0	0	0	0	0	0	0	0	0	0	0	0	0	0	0	0	0	33	101	82	119	95	82	71	142	148	119	132	110	42	65	59	71	166	92	112	43	94	127	81	89	100	89	37	111	118	114	124	39	27	113	75	150	130	131	57	91	107	121	116	121	131	116	77	144	179	132	136	100	123	125	103	86	84	140	29	95	86	155	68	113	141	169	91	78
0	0	0	0	0	0	0	0	0	0	0	0	0	0	0	0	0	0	0	0	0	0	0	0	0	0	0	0	0	0	0	0	0	0	0	0	0	0	0	0	0	0	0	0	0	0	0	0	0	0	0	0	0	0	0	0	0	0	0	0	0	48	124	79	90	173	78	153	101	60	97	130	43	54	172	83	165	92	142	128	14	141	73	82	65	105	153	102	164	60	80	52	133	81	126	115	137	129	71	85	45	68	139	52	73	99	114	139	140	85	139	157	106	72	151	137	171	145	128	75	150	95	117	157	102	78	44	23
0	0	0	0	0	0	0	0	0	0	0	0	0	0	0	0	0	0	0	0	0	0	0	0	0	0	0	0	0	0	0	0	0	0	0	0	0	0	0	0	0	0	0	0	0	0	0	0	0	0	0	0	0	0	0	0	0	0	0	0	0	0	101	60	68	61	168	105	15	144	101	52	92	102	90	161	141	152	100	131	81	12	146	61	63	130	66	49	146	124	130	44	153	112	142	110	94	51	129	80	80	34	95	52	52	126	154	156	91	79	129	24	141	103	87	71	106	145	105	110	73	30	48	94	81	170	153	51
0	0	0	0	0	0	0	0	0	0	0	0	0	0	0	0	0	0	0	0	0	0	0	0	0	0	0	0	0	0	0	0	0	0	0	0	0	0	0	0	0	0	0	0	0	0	0	0	0	0	0	0	0	0	0	0	0	0	0	0	0	0	0	76	124	145	130	137	55	48	162	142	64	133	12	180	24	23	145	69	151	52	103	59	93	75	13	92	38	168	150	48	56	106	87	75	76	47	180	151	125	74	129	73	117	109	128	88	68	104	101	102	108	50	55	33	145	59	106	11	88	96	65	95	22	99	26	124
0	0	0	0	0	0	0	0	0	0	0	0	0	0	0	0	0	0	0	0	0	0	0	0	0	0	0	0	0	0	0	0	0	0	0	0	0	0	0	0	0	0	0	0	0	0	0	0	0	0	0	0	0	0	0	0	0	0	0	0	0	0	0	0	92	139	28	97	139	53	132	103	54	58	24	118	102	45	100	117	92	148	115	47	113	78	10	142	82	21	170	12	63	62	90	83	44	118	84	82	101	58	87	76	56	82	68	44	74	136	123	122	108	127	24	26	120	138	143	83	162	65	120	141	73	130	160	52
0	0	0	0	0	0	0	0	0	0	0	0	0	0	0	0	0	0	0	0	0	0	0	0	0	0	0	0	0	0	0	0	0	0	0	0	0	0	0	0	0	0	0	0	0	0	0	0	0	0	0	0	0	0	0	0	0	0	0	0	0	0	0	0	0	71	98	94	113	119	43	78	88	86	59	134	54	87	150	85	60	115	49	100	61	155	128	93	106	118	131	122	117	179	167	101	37	45	126	126	85	17	74	131	140	149	41	143	64	179	136	146	123	151	118	120	58	148	49	92	131	159	120	52	92	45	91	169
0	0	0	0	0	0	0	0	0	0	0	0	0	0	0	0	0	0	0	0	0	0	0	0	0	0	0	0	0	0	0	0	0	0	0	0	0	0	0	0	0	0	0	0	0	0	0	0	0	0	0	0	0	0	0	0	0	0	0	0	0	0	0	0	0	0	141	108	162	116	97	103	133	164	47	41	28	93	163	61	26	66	121	24	127	108	103	83	60	132	77	92	159	114	114	99	155	81	159	92	112	176	172	18	34	115	57	81	63	130	114	100	78	76	100	95	127	105	183	94	166	46	153	158	121	56	103	160
0	0	0	0	0	0	0	0	0	0	0	0	0	0	0	0	0	0	0	0	0	0	0	0	0	0	0	0	0	0	0	0	0	0	0	0	0	0	0	0	0	0	0	0	0	0	0	0	0	0	0	0	0	0	0	0	0	0	0	0	0	0	0	0	0	0	0	187	66	80	148	56	100	94	173	49	88	94	40	117	35	54	82	161	146	155	90	67	126	111	168	67	75	132	56	165	115	90	151	48	116	154	67	80	110	53	88	72	94	55	92	35	41	101	70	87	163	22	96	18	31	138	144	123	88	85	31	55
0	0	0	0	0	0	0	0	0	0	0	0	0	0	0	0	0	0	0	0	0	0	0	0	0	0	0	0	0	0	0	0	0	0	0	0	0	0	0	0	0	0	0	0	0	0	0	0	0	0	0	0	0	0	0	0	0	0	0	0	0	0	0	0	0	0	0	0	30	116	72	118	181	115	77	60	125	43	112	77	100	174	51	98	189	66	175	151	79	72	158	45	117	125	69	42	108	107	120	110	107	107	86	73	17	133	107	98	158	74	23	115	47	34	101	33	108	113	59	83	83	70	72	74	149	71	90	144
0	0	0	0	0	0	0	0	0	0	0	0	0	0	0	0	0	0	0	0	0	0	0	0	0	0	0	0	0	0	0	0	0	0	0	0	0	0	0	0	0	0	0	0	0	0	0	0	0	0	0	0	0	0	0	0	0	0	0	0	0	0	0	0	0	0	0	0	0	129	71	80	98	107	73	51	93	77	111	112	68	82	145	125	108	121	51	85	169	94	132	95	146	39	64	80	98	136	72	96	126	110	157	168	149	66	70	90	153	62	172	54	53	119	95	53	82	80	104	57	130	86	110	56	177	77	128	28
0	0	0	0	0	0	0	0	0	0	0	0	0	0	0	0	0	0	0	0	0	0	0	0	0	0	0	0	0	0	0	0	0	0	0	0	0	0	0	0	0	0	0	0	0	0	0	0	0	0	0	0	0	0	0	0	0	0	0	0	0	0	0	0	0	0	0	0	0	0	140	49	164	45	86	74	39	67	154	25	91	94	144	85	34	144	138	75	71	29	75	134	60	167	184	82	123	29	153	148	46	112	52	27	45	86	87	51	110	91	104	101	69	106	86	110	35	132	174	141	151	130	154	70	67	144	139	154
0	0	0	0	0	0	0	0	0	0	0	0	0	0	0	0	0	0	0	0	0	0	0	0	0	0	0	0	0	0	0	0	0	0	0	0	0	0	0	0	0	0	0	0	0	0	0	0	0	0	0	0	0	0	0	0	0	0	0	0	0	0	0	0	0	0	0	0	0	0	0	156	120	87	28	78	45	17	108	165	78	112	73	111	144	155	83	134	93	97	174	109	99	95	66	44	77	109	180	144	185	177	105	68	74	112	128	131	97	91	73	86	70	88	145	134	77	45	41	121	132	53	113	63	123	91	166	106
0	0	0	0	0	0	0	0	0	0	0	0	0	0	0	0	0	0	0	0	0	0	0	0	0	0	0	0	0	0	0	0	0	0	0	0	0	0	0	0	0	0	0	0	0	0	0	0	0	0	0	0	0	0	0	0	0	0	0	0	0	0	0	0	0	0	0	0	0	0	0	0	151	73	58	118	82	57	31	92	32	27	129	103	96	81	107	129	79	44	20	126	101	117	66	86	28	122	160	119	66	160	180	98	179	124	189	141	138	182	120	123	5	64	67	48	121	74	83	89	70	118	149	45	76	77	86	32
0	0	0	0	0	0	0	0	0	0	0	0	0	0	0	0	0	0	0	0	0	0	0	0	0	0	0	0	0	0	0	0	0	0	0	0	0	0	0	0	0	0	0	0	0	0	0	0	0	0	0	0	0	0	0	0	0	0	0	0	0	0	0	0	0	0	0	0	0	0	0	0	0	166	110	107	139	152	124	132	82	95	71	117	132	33	77	49	184	128	87	43	36	19	91	171	136	166	151	123	125	125	87	105	71	30	50	47	87	157	120	79	62	88	42	117	91	146	92	105	55	139	161	63	152	110	81	39
0	0	0	0	0	0	0	0	0	0	0	0	0	0	0	0	0	0	0	0	0	0	0	0	0	0	0	0	0	0	0	0	0	0	0	0	0	0	0	0	0	0	0	0	0	0	0	0	0	0	0	0	0	0	0	0	0	0	0	0	0	0	0	0	0	0	0	0	0	0	0	0	0	0	86	83	36	69	137	158	149	50	94	104	108	83	24	45	105	6	176	139	101	143	173	166	132	124	60	132	146	95	96	134	136	75	51	87	128	176	157	144	103	76	65	76	82	107	107	181	40	125	64	128	104	60	118	83
0	0	0	0	0	0	0	0	0	0	0	0	0	0	0	0	0	0	0	0	0	0	0	0	0	0	0	0	0	0	0	0	0	0	0	0	0	0	0	0	0	0	0	0	0	0	0	0	0	0	0	0	0	0	0	0	0	0	0	0	0	0	0	0	0	0	0	0	0	0	0	0	0	0	0	124	129	168	106	122	18	123	77	186	36	131	53	81	131	59	112	93	79	161	56	37	160	149	100	59	167	88	163	46	87	91	88	79	116	110	98	175	93	186	39	93	80	46	171	128	53	93	109	60	82	101	93	106
0	0	0	0	0	0	0	0	0	0	0	0	0	0	0	0	0	0	0	0	0	0	0	0	0	0	0	0	0	0	0	0	0	0	0	0	0	0	0	0	0	0	0	0	0	0	0	0	0	0	0	0	0	0	0	0	0	0	0	0	0	0	0	0	0	0	0	0	0	0	0	0	0	0	0	0	47	107	146	151	161	118	111	49	114	181	147	48	123	69	57	124	94	70	40	135	129	128	90	195	10	133	78	107	152	151	113	122	119	132	61	179	16	118	64	102	86	133	47	74	129	65	81	75	134	123	167	153
0	0	0	0	0	0	0	0	0	0	0	0	0	0	0	0	0	0	0	0	0	0	0	0	0	0	0	0	0	0	0	0	0	0	0	0	0	0	0	0	0	0	0	0	0	0	0	0	0	0	0	0	0	0	0	0	0	0	0	0	0	0	0	0	0	0	0	0	0	0	0	0	0	0	0	0	0	89	95	102	166	73	113	124	56	95	109	134	163	142	92	41	83	57	59	120	30	68	65	157	108	175	158	98	75	94	132	179	41	121	55	115	73	112	97	93	125	108	137	124	160	141	65	125	158	92	115	67
0	0	0	0	0	0	0	0	0	0	0	0	0	0	0	0	0	0	0	0	0	0	0	0	0	0	0	0	0	0	0	0	0	0	0	0	0	0	0	0	0	0	0	0	0	0	0	0	0	0	0	0	0	0	0	0	0	0	0	0	0	0	0	0	0	0	0	0	0	0	0	0	0	0	0	0	0	0	72	92	112	54	68	128	74	82	52	155	141	146	162	157	90	117	174	140	129	89	164	104	154	82	97	61	110	166	178	55	94	116	85	151	76	17	54	48	110	82	78	149	98	90	113	83	77	130	184	143
0	0	0	0	0	0	0	0	0	0	0	0	0	0	0	0	0	0	0	0	0	0	0	0	0	0	0	0	0	0	0	0	0	0	0	0	0	0	0	0	0	0	0	0	0	0	0	0	0	0	0	0	0	0	0	0	0	0	0	0	0	0	0	0	0	0	0	0	0	0	0	0	0	0	0	0	0	0	0	81	109	57	36	70	116	60	94	176	120	72	107	121	93	127	41	138	120	40	165	141	83	10	52	137	150	62	84	99	168	136	78	163	141	50	104	123	46	200	169	174	144	154	108	101	121	156	143	62
0	0	0	0	0	0	0	0	0	0	0	0	0	0	0	0	0	0	0	0	0	0	0	0	0	0	0	0	0	0	0	0	0	0	0	0	0	0	0	0	0	0	0	0	0	0	0	0	0	0	0	0	0	0	0	0	0	0	0	0	0	0	0	0	0	0	0	0	0	0	0	0	0	0	0	0	0	0	0	0	144	83	145	168	109	117	128	137	102	75	69	107	90	90	47	99	58	124	125	93	108	61	116	142	65	127	44	110	102	62	83	106	164	67	76	122	127	164	119	108	193	141	100	35	5	56	115	168
0	0	0	0	0	0	0	0	0	0	0	0	0	0	0	0	0	0	0	0	0	0	0	0	0	0	0	0	0	0	0	0	0	0	0	0	0	0	0	0	0	0	0	0	0	0	0	0	0	0	0	0	0	0	0	0	0	0	0	0	0	0	0	0	0	0	0	0	0	0	0	0	0	0	0	0	0	0	0	0	0	183	82	117	66	87	128	104	155	191	29	154	56	99	85	110	91	84	183	100	157	118	168	121	105	10	45	103	77	79	172	133	102	131	138	154	129	88	165	28	147	38	127	146	30	65	127	172
0	0	0	0	0	0	0	0	0	0	0	0	0	0	0	0	0	0	0	0	0	0	0	0	0	0	0	0	0	0	0	0	0	0	0	0	0	0	0	0	0	0	0	0	0	0	0	0	0	0	0	0	0	0	0	0	0	0	0	0	0	0	0	0	0	0	0	0	0	0	0	0	0	0	0	0	0	0	0	0	0	0	126	168	68	91	140	19	149	65	88	129	136	180	25	95	15	82	62	119	63	119	95	115	80	40	121	82	167	138	160	130	75	121	131	104	36	124	83	80	97	109	140	73	102	147	67	169
0	0	0	0	0	0	0	0	0	0	0	0	0	0	0	0	0	0	0	0	0	0	0	0	0	0	0	0	0	0	0	0	0	0	0	0	0	0	0	0	0	0	0	0	0	0	0	0	0	0	0	0	0	0	0	0	0	0	0	0	0	0	0	0	0	0	0	0	0	0	0	0	0	0	0	0	0	0	0	0	0	0	0	112	41	140	73	161	82	139	122	181	131	167	77	171	82	116	100	58	9	82	147	127	51	107	66	88	58	185	61	116	144	42	76	160	131	127	111	89	155	79	120	124	59	68	101	58
0	0	0	0	0	0	0	0	0	0	0	0	0	0	0	0	0	0	0	0	0	0	0	0	0	0	0	0	0	0	0	0	0	0	0	0	0	0	0	0	0	0	0	0	0	0	0	0	0	0	0	0	0	0	0	0	0	0	0	0	0	0	0	0	0	0	0	0	0	0	0	0	0	0	0	0	0	0	0	0	0	0	0	0	86	137	172	132	93	194	26	123	144	196	71	169	124	147	102	36	148	137	155	50	37	126	21	144	139	83	154	133	95	59	41	124	42	103	97	137	141	137	71	97	154	77	141	144
0	0	0	0	0	0	0	0	0	0	0	0	0	0	0	0	0	0	0	0	0	0	0	0	0	0	0	0	0	0	0	0	0	0	0	0	0	0	0	0	0	0	0	0	0	0	0	0	0	0	0	0	0	0	0	0	0	0	0	0	0	0	0	0	0	0	0	0	0	0	0	0	0	0	0	0	0	0	0	0	0	0	0	0	0	107	173	60	140	116	128	30	67	190	28	177	64	94	140	51	133	79	112	22	193	167	12	30	153	94	179	86	157	74	103	188	65	45	80	45	87	93	145	118	198	163	72	163
0	0	0	0	0	0	0	0	0	0	0	0	0	0	0	0	0	0	0	0	0	0	0	0	0	0	0	0	0	0	0	0	0	0	0	0	0	0	0	0	0	0	0	0	0	0	0	0	0	0	0	0	0	0	0	0	0	0	0	0	0	0	0	0	0	0	0	0	0	0	0	0	0	0	0	0	0	0	0	0	0	0	0	0	0	0	122	140	171	37	174	131	97	179	84	59	106	134	79	98	115	166	161	132	119	186	28	37	134	145	139	107	164	180	82	114	119	194	131	62	47	135	87	96	165	73	197	183
0	0	0	0	0	0	0	0	0	0	0	0	0	0	0	0	0	0	0	0	0	0	0	0	0	0	0	0	0	0	0	0	0	0	0	0	0	0	0	0	0	0	0	0	0	0	0	0	0	0	0	0	0	0	0	0	0	0	0	0	0	0	0	0	0	0	0	0	0	0	0	0	0	0	0	0	0	0	0	0	0	0	0	0	0	0	0	115	101	212	97	72	34	58	116	113	123	116	113	32	143	169	200	148	146	52	77	53	101	178	132	126	77	140	152	98	103	137	154	18	153	94	177	59	90	58	116	206
0	0	0	0	0	0	0	0	0	0	0	0	0	0	0	0	0	0	0	0	0	0	0	0	0	0	0	0	0	0	0	0	0	0	0	0	0	0	0	0	0	0	0	0	0	0	0	0	0	0	0	0	0	0	0	0	0	0	0	0	0	0	0	0	0	0	0	0	0	0	0	0	0	0	0	0	0	0	0	0	0	0	0	0	0	0	0	0	154	173	81	67	163	119	88	48	150	119	70	27	91	62	165	92	95	88	136	161	87	24	51	71	108	102	31	132	12	125	82	63	100	78	144	24	54	58	177	77
0	0	0	0	0	0	0	0	0	0	0	0	0	0	0	0	0	0	0	0	0	0	0	0	0	0	0	0	0	0	0	0	0	0	0	0	0	0	0	0	0	0	0	0	0	0	0	0	0	0	0	0	0	0	0	0	0	0	0	0	0	0	0	0	0	0	0	0	0	0	0	0	0	0	0	0	0	0	0	0	0	0	0	0	0	0	0	0	0	120	192	115	150	173	115	175	22	74	72	127	88	134	54	125	32	143	45	46	182	123	87	103	129	179	105	102	159	172	102	108	41	37	182	130	99	74	105	69
0	0	0	0	0	0	0	0	0	0	0	0	0	0	0	0	0	0	0	0	0	0	0	0	0	0	0	0	0	0	0	0	0	0	0	0	0	0	0	0	0	0	0	0	0	0	0	0	0	0	0	0	0	0	0	0	0	0	0	0	0	0	0	0	0	0	0	0	0	0	0	0	0	0	0	0	0	0	0	0	0	0	0	0	0	0	0	0	0	0	142	51	199	128	69	184	74	151	29	33	135	13	11	143	177	148	104	48	65	122	133	73	164	118	130	112	165	129	82	56	131	89	107	166	134	147	37	89
0	0	0	0	0	0	0	0	0	0	0	0	0	0	0	0	0	0	0	0	0	0	0	0	0	0	0	0	0	0	0	0	0	0	0	0	0	0	0	0	0	0	0	0	0	0	0	0	0	0	0	0	0	0	0	0	0	0	0	0	0	0	0	0	0	0	0	0	0	0	0	0	0	0	0	0	0	0	0	0	0	0	0	0	0	0	0	0	0	0	0	170	200	104	154	198	137	119	134	123	101	87	154	56	205	98	162	115	118	190	72	178	53	4	111	60	133	142	75	39	62	122	127	117	95	74	80	115
0	0	0	0	0	0	0	0	0	0	0	0	0	0	0	0	0	0	0	0	0	0	0	0	0	0	0	0	0	0	0	0	0	0	0	0	0	0	0	0	0	0	0	0	0	0	0	0	0	0	0	0	0	0	0	0	0	0	0	0	0	0	0	0	0	0	0	0	0	0	0	0	0	0	0	0	0	0	0	0	0	0	0	0	0	0	0	0	0	0	0	0	165	95	98	34	121	84	109	58	103	171	114	130	155	187	41	18	177	82	78	78	195	97	149	201	65	148	55	65	157	82	139	24	96	61	117	70
0	0	0	0	0	0	0	0	0	0	0	0	0	0	0	0	0	0	0	0	0	0	0	0	0	0	0	0	0	0	0	0	0	0	0	0	0	0	0	0	0	0	0	0	0	0	0	0	0	0	0	0	0	0	0	0	0	0	0	0	0	0	0	0	0	0	0	0	0	0	0	0	0	0	0	0	0	0	0	0	0	0	0	0	0	0	0	0	0	0	0	0	0	143	155	136	127	162	84	90	110	146	180	102	65	66	170	137	137	111	138	113	99	117	164	183	151	149	50	208	179	189	165	143	90	106	61	110
0	0	0	0	0	0	0	0	0	0	0	0	0	0	0	0	0	0	0	0	0	0	0	0	0	0	0	0	0	0	0	0	0	0	0	0	0	0	0	0	0	0	0	0	0	0	0	0	0	0	0	0	0	0	0	0	0	0	0	0	0	0	0	0	0	0	0	0	0	0	0	0	0	0	0	0	0	0	0	0	0	0	0	0	0	0	0	0	0	0	0	0	0	0	113	170	109	133	54	99	133	133	109	173	42	82	127	176	29	109	80	79	117	33	79	54	84	45	100	51	33	125	88	106	78	71	162	93
0	0	0	0	0	0	0	0	0	0	0	0	0	0	0	0	0	0	0	0	0	0	0	0	0	0	0	0	0	0	0	0	0	0	0	0	0	0	0	0	0	0	0	0	0	0	0	0	0	0	0	0	0	0	0	0	0	0	0	0	0	0	0	0	0	0	0	0	0	0	0	0	0	0	0	0	0	0	0	0	0	0	0	0	0	0	0	0	0	0	0	0	0	0	0	168	63	11	146	199	99	99	149	94	92	162	196	121	80	100	99	165	56	107	63	35	132	94	118	134	187	154	124	27	153	71	49	104
0	0	0	0	0	0	0	0	0	0	0	0	0	0	0	0	0	0	0	0	0	0	0	0	0	0	0	0	0	0	0	0	0	0	0	0	0	0	0	0	0	0	0	0	0	0	0	0	0	0	0	0	0	0	0	0	0	0	0	0	0	0	0	0	0	0	0	0	0	0	0	0	0	0	0	0	0	0	0	0	0	0	0	0	0	0	0	0	0	0	0	0	0	0	0	0	74	151	23	112	70	21	99	169	53	157	133	102	96	142	156	87	101	83	137	195	109	41	65	106	76	151	51	111	214	185	61	105
0	0	0	0	0	0	0	0	0	0	0	0	0	0	0	0	0	0	0	0	0	0	0	0	0	0	0	0	0	0	0	0	0	0	0	0	0	0	0	0	0	0	0	0	0	0	0	0	0	0	0	0	0	0	0	0	0	0	0	0	0	0	0	0	0	0	0	0	0	0	0	0	0	0	0	0	0	0	0	0	0	0	0	0	0	0	0	0	0	0	0	0	0	0	0	0	0	179	76	101	107	131	82	44	137	91	63	91	153	49	154	53	72	112	95	144	84	34	107	101	124	23	41	71	154	98	170	125
0	0	0	0	0	0	0	0	0	0	0	0	0	0	0	0	0	0	0	0	0	0	0	0	0	0	0	0	0	0	0	0	0	0	0	0	0	0	0	0	0	0	0	0	0	0	0	0	0	0	0	0	0	0	0	0	0	0	0	0	0	0	0	0	0	0	0	0	0	0	0	0	0	0	0	0	0	0	0	0	0	0	0	0	0	0	0	0	0	0	0	0	0	0	0	0	0	0	156	99	194	107	68	158	159	133	119	147	130	26	183	84	58	143	184	39	119	177	88	164	146	104	155	133	60	86	68	57
0	0	0	0	0	0	0	0	0	0	0	0	0	0	0	0	0	0	0	0	0	0	0	0	0	0	0	0	0	0	0	0	0	0	0	0	0	0	0	0	0	0	0	0	0	0	0	0	0	0	0	0	0	0	0	0	0	0	0	0	0	0	0	0	0	0	0	0	0	0	0	0	0	0	0	0	0	0	0	0	0	0	0	0	0	0	0	0	0	0	0	0	0	0	0	0	0	0	0	129	107	94	141	78	107	67	107	81	124	156	132	167	72	105	91	105	124	94	109	149	130	154	169	73	77	38	93	110
0	0	0	0	0	0	0	0	0	0	0	0	0	0	0	0	0	0	0	0	0	0	0	0	0	0	0	0	0	0	0	0	0	0	0	0	0	0	0	0	0	0	0	0	0	0	0	0	0	0	0	0	0	0	0	0	0	0	0	0	0	0	0	0	0	0	0	0	0	0	0	0	0	0	0	0	0	0	0	0	0	0	0	0	0	0	0	0	0	0	0	0	0	0	0	0	0	0	0	0	71	82	65	164	162	187	26	83	208	170	99	134	135	84	123	112	148	139	134	44	68	82	123	103	153	84	146	188
0	0	0	0	0	0	0	0	0	0	0	0	0	0	0	0	0	0	0	0	0	0	0	0	0	0	0	0	0	0	0	0	0	0	0	0	0	0	0	0	0	0	0	0	0	0	0	0	0	0	0	0	0	0	0	0	0	0	0	0	0	0	0	0	0	0	0	0	0	0	0	0	0	0	0	0	0	0	0	0	0	0	0	0	0	0	0	0	0	0	0	0	0	0	0	0	0	0	0	0	0	100	119	40	149	104	212	52	127	86	138	141	130	148	55	76	71	46	149	109	80	65	162	119	193	85	38	72
0	0	0	0	0	0	0	0	0	0	0	0	0	0	0	0	0	0	0	0	0	0	0	0	0	0	0	0	0	0	0	0	0	0	0	0	0	0	0	0	0	0	0	0	0	0	0	0	0	0	0	0	0	0	0	0	0	0	0	0	0	0	0	0	0	0	0	0	0	0	0	0	0	0	0	0	0	0	0	0	0	0	0	0	0	0	0	0	0	0	0	0	0	0	0	0	0	0	0	0	0	0	206	152	43	114	21	216	69	189	159	128	139	90	185	72	89	145	40	130	105	28	115	115	186	185	135	98
0	0	0	0	0	0	0	0	0	0	0	0	0	0	0	0	0	0	0	0	0	0	0	0	0	0	0	0	0	0	0	0	0	0	0	0	0	0	0	0	0	0	0	0	0	0	0	0	0	0	0	0	0	0	0	0	0	0	0	0	0	0	0	0	0	0	0	0	0	0	0	0	0	0	0	0	0	0	0	0	0	0	0	0	0	0	0	0	0	0	0	0	0	0	0	0	0	0	0	0	0	0	0	94	97	147	184	122	118	99	128	109	166	136	201	92	141	58	127	58	63	62	103	123	100	114	96	165
0	0	0	0	0	0	0	0	0	0	0	0	0	0	0	0	0	0	0	0	0	0	0	0	0	0	0	0	0	0	0	0	0	0	0	0	0	0	0	0	0	0	0	0	0	0	0	0	0	0	0	0	0	0	0	0	0	0	0	0	0	0	0	0	0	0	0	0	0	0	0	0	0	0	0	0	0	0	0	0	0	0	0	0	0	0	0	0	0	0	0	0	0	0	0	0	0	0	0	0	0	0	0	0	112	32	86	140	58	158	98	92	115	147	109	200	91	109	98	138	106	88	103	18	157	129	176	185
0	0	0	0	0	0	0	0	0	0	0	0	0	0	0	0	0	0	0	0	0	0	0	0	0	0	0	0	0	0	0	0	0	0	0	0	0	0	0	0	0	0	0	0	0	0	0	0	0	0	0	0	0	0	0	0	0	0	0	0	0	0	0	0	0	0	0	0	0	0	0	0	0	0	0	0	0	0	0	0	0	0	0	0	0	0	0	0	0	0	0	0	0	0	0	0	0	0	0	0	0	0	0	0	0	108	96	85	106	157	117	83	194	123	188	94	205	195	39	108	120	121	179	130	145	171	27	116
0	0	0	0	0	0	0	0	0	0	0	0	0	0	0	0	0	0	0	0	0	0	0	0	0	0	0	0	0	0	0	0	0	0	0	0	0	0	0	0	0	0	0	0	0	0	0	0	0	0	0	0	0	0	0	0	0	0	0	0	0	0	0	0	0	0	0	0	0	0	0	0	0	0	0	0	0	0	0	0	0	0	0	0	0	0	0	0	0	0	0	0	0	0	0	0	0	0	0	0	0	0	0	0	0	0	111	123	137	165	70	95	82	200	116	65	133	151	103	21	171	166	37	172	101	219	150	228
0	0	0	0	0	0	0	0	0	0	0	0	0	0	0	0	0	0	0	0	0	0	0	0	0	0	0	0	0	0	0	0	0	0	0	0	0	0	0	0	0	0	0	0	0	0	0	0	0	0	0	0	0	0	0	0	0	0	0	0	0	0	0	0	0	0	0	0	0	0	0	0	0	0	0	0	0	0	0	0	0	0	0	0	0	0	0	0	0	0	0	0	0	0	0	0	0	0	0	0	0	0	0	0	0	0	0	116	67	107	202	42	120	77	126	139	131	116	110	90	138	59	83	110	54	81	178	52
0	0	0	0	0	0	0	0	0	0	0	0	0	0	0	0	0	0	0	0	0	0	0	0	0	0	0	0	0	0	0	0	0	0	0	0	0	0	0	0	0	0	0	0	0	0	0	0	0	0	0	0	0	0	0	0	0	0	0	0	0	0	0	0	0	0	0	0	0	0	0	0	0	0	0	0	0	0	0	0	0	0	0	0	0	0	0	0	0	0	0	0	0	0	0	0	0	0	0	0	0	0	0	0	0	0	0	0	167	131	120	204	157	95	185	58	48	200	109	106	115	122	94	147	99	109	82	124
0	0	0	0	0	0	0	0	0	0	0	0	0	0	0	0	0	0	0	0	0	0	0	0	0	0	0	0	0	0	0	0	0	0	0	0	0	0	0	0	0	0	0	0	0	0	0	0	0	0	0	0	0	0	0	0	0	0	0	0	0	0	0	0	0	0	0	0	0	0	0	0	0	0	0	0	0	0	0	0	0	0	0	0	0	0	0	0	0	0	0	0	0	0	0	0	0	0	0	0	0	0	0	0	0	0	0	0	0	96	171	103	176	76	97	96	131	179	178	149	67	19	128	113	124	45	166	46
0	0	0	0	0	0	0	0	0	0	0	0	0	0	0	0	0	0	0	0	0	0	0	0	0	0	0	0	0	0	0	0	0	0	0	0	0	0	0	0	0	0	0	0	0	0	0	0	0	0	0	0	0	0	0	0	0	0	0	0	0	0	0	0	0	0	0	0	0	0	0	0	0	0	0	0	0	0	0	0	0	0	0	0	0	0	0	0	0	0	0	0	0	0	0	0	0	0	0	0	0	0	0	0	0	0	0	0	0	0	83	91	170	144	102	116	54	150	95	178	129	127	157	48	90	174	109	153
0	0	0	0	0	0	0	0	0	0	0	0	0	0	0	0	0	0	0	0	0	0	0	0	0	0	0	0	0	0	0	0	0	0	0	0	0	0	0	0	0	0	0	0	0	0	0	0	0	0	0	0	0	0	0	0	0	0	0	0	0	0	0	0	0	0	0	0	0	0	0	0	0	0	0	0	0	0	0	0	0	0	0	0	0	0	0	0	0	0	0	0	0	0	0	0	0	0	0	0	0	0	0	0	0	0	0	0	0	0	0	77	218	27	95	141	119	68	47	109	123	23	197	136	117	134	207	110
0	0	0	0	0	0	0	0	0	0	0	0	0	0	0	0	0	0	0	0	0	0	0	0	0	0	0	0	0	0	0	0	0	0	0	0	0	0	0	0	0	0	0	0	0	0	0	0	0	0	0	0	0	0	0	0	0	0	0	0	0	0	0	0	0	0	0	0	0	0	0	0	0	0	0	0	0	0	0	0	0	0	0	0	0	0	0	0	0	0	0	0	0	0	0	0	0	0	0	0	0	0	0	0	0	0	0	0	0	0	0	0	93	44	79	207	89	91	78	128	105	214	134	16	88	187	173	158
0	0	0	0	0	0	0	0	0	0	0	0	0	0	0	0	0	0	0	0	0	0	0	0	0	0	0	0	0	0	0	0	0	0	0	0	0	0	0	0	0	0	0	0	0	0	0	0	0	0	0	0	0	0	0	0	0	0	0	0	0	0	0	0	0	0	0	0	0	0	0	0	0	0	0	0	0	0	0	0	0	0	0	0	0	0	0	0	0	0	0	0	0	0	0	0	0	0	0	0	0	0	0	0	0	0	0	0	0	0	0	0	0	112	129	34	66	178	48	131	150	172	90	137	143	168	142	104
0	0	0	0	0	0	0	0	0	0	0	0	0	0	0	0	0	0	0	0	0	0	0	0	0	0	0	0	0	0	0	0	0	0	0	0	0	0	0	0	0	0	0	0	0	0	0	0	0	0	0	0	0	0	0	0	0	0	0	0	0	0	0	0	0	0	0	0	0	0	0	0	0	0	0	0	0	0	0	0	0	0	0	0	0	0	0	0	0	0	0	0	0	0	0	0	0	0	0	0	0	0	0	0	0	0	0	0	0	0	0	0	0	0	174	167	67	158	126	115	145	189	72	156	92	127	184	133
0	0	0	0	0	0	0	0	0	0	0	0	0	0	0	0	0	0	0	0	0	0	0	0	0	0	0	0	0	0	0	0	0	0	0	0	0	0	0	0	0	0	0	0	0	0	0	0	0	0	0	0	0	0	0	0	0	0	0	0	0	0	0	0	0	0	0	0	0	0	0	0	0	0	0	0	0	0	0	0	0	0	0	0	0	0	0	0	0	0	0	0	0	0	0	0	0	0	0	0	0	0	0	0	0	0	0	0	0	0	0	0	0	0	0	72	57	158	93	77	161	129	56	216	107	85	134	140
0	0	0	0	0	0	0	0	0	0	0	0	0	0	0	0	0	0	0	0	0	0	0	0	0	0	0	0	0	0	0	0	0	0	0	0	0	0	0	0	0	0	0	0	0	0	0	0	0	0	0	0	0	0	0	0	0	0	0	0	0	0	0	0	0	0	0	0	0	0	0	0	0	0	0	0	0	0	0	0	0	0	0	0	0	0	0	0	0	0	0	0	0	0	0	0	0	0	0	0	0	0	0	0	0	0	0	0	0	0	0	0	0	0	0	0	98	144	114	53	100	147	64	83	133	82	120	133
0	0	0	0	0	0	0	0	0	0	0	0	0	0	0	0	0	0	0	0	0	0	0	0	0	0	0	0	0	0	0	0	0	0	0	0	0	0	0	0	0	0	0	0	0	0	0	0	0	0	0	0	0	0	0	0	0	0	0	0	0	0	0	0	0	0	0	0	0	0	0	0	0	0	0	0	0	0	0	0	0	0	0	0	0	0	0	0	0	0	0	0	0	0	0	0	0	0	0	0	0	0	0	0	0	0	0	0	0	0	0	0	0	0	0	0	0	143	172	207	88	161	169	193	80	120	125	180
0	0	0	0	0	0	0	0	0	0	0	0	0	0	0	0	0	0	0	0	0	0	0	0	0	0	0	0	0	0	0	0	0	0	0	0	0	0	0	0	0	0	0	0	0	0	0	0	0	0	0	0	0	0	0	0	0	0	0	0	0	0	0	0	0	0	0	0	0	0	0	0	0	0	0	0	0	0	0	0	0	0	0	0	0	0	0	0	0	0	0	0	0	0	0	0	0	0	0	0	0	0	0	0	0	0	0	0	0	0	0	0	0	0	0	0	0	0	127	113	207	137	94	74	159	189	188	55
0	0	0	0	0	0	0	0	0	0	0	0	0	0	0	0	0	0	0	0	0	0	0	0	0	0	0	0	0	0	0	0	0	0	0	0	0	0	0	0	0	0	0	0	0	0	0	0	0	0	0	0	0	0	0	0	0	0	0	0	0	0	0	0	0	0	0	0	0	0	0	0	0	0	0	0	0	0	0	0	0	0	0	0	0	0	0	0	0	0	0	0	0	0	0	0	0	0	0	0	0	0	0	0	0	0	0	0	0	0	0	0	0	0	0	0	0	0	0	111	200	165	176	149	65	78	137	123
0	0	0	0	0	0	0	0	0	0	0	0	0	0	0	0	0	0	0	0	0	0	0	0	0	0	0	0	0	0	0	0	0	0	0	0	0	0	0	0	0	0	0	0	0	0	0	0	0	0	0	0	0	0	0	0	0	0	0	0	0	0	0	0	0	0	0	0	0	0	0	0	0	0	0	0	0	0	0	0	0	0	0	0	0	0	0	0	0	0	0	0	0	0	0	0	0	0	0	0	0	0	0	0	0	0	0	0	0	0	0	0	0	0	0	0	0	0	0	0	15	58	158	71	133	160	129	160
0	0	0	0	0	0	0	0	0	0	0	0	0	0	0	0	0	0	0	0	0	0	0	0	0	0	0	0	0	0	0	0	0	0	0	0	0	0	0	0	0	0	0	0	0	0	0	0	0	0	0	0	0	0	0	0	0	0	0	0	0	0	0	0	0	0	0	0	0	0	0	0	0	0	0	0	0	0	0	0	0	0	0	0	0	0	0	0	0	0	0	0	0	0	0	0	0	0	0	0	0	0	0	0	0	0	0	0	0	0	0	0	0	0	0	0	0	0	0	0	0	71	110	15	171	193	47	102
0	0	0	0	0	0	0	0	0	0	0	0	0	0	0	0	0	0	0	0	0	0	0	0	0	0	0	0	0	0	0	0	0	0	0	0	0	0	0	0	0	0	0	0	0	0	0	0	0	0	0	0	0	0	0	0	0	0	0	0	0	0	0	0	0	0	0	0	0	0	0	0	0	0	0	0	0	0	0	0	0	0	0	0	0	0	0	0	0	0	0	0	0	0	0	0	0	0	0	0	0	0	0	0	0	0	0	0	0	0	0	0	0	0	0	0	0	0	0	0	0	0	92	140	131	215	10	160
0	0	0	0	0	0	0	0	0	0	0	0	0	0	0	0	0	0	0	0	0	0	0	0	0	0	0	0	0	0	0	0	0	0	0	0	0	0	0	0	0	0	0	0	0	0	0	0	0	0	0	0	0	0	0	0	0	0	0	0	0	0	0	0	0	0	0	0	0	0	0	0	0	0	0	0	0	0	0	0	0	0	0	0	0	0	0	0	0	0	0	0	0	0	0	0	0	0	0	0	0	0	0	0	0	0	0	0	0	0	0	0	0	0	0	0	0	0	0	0	0	0	0	111	233	74	99	170
0	0	0	0	0	0	0	0	0	0	0	0	0	0	0	0	0	0	0	0	0	0	0	0	0	0	0	0	0	0	0	0	0	0	0	0	0	0	0	0	0	0	0	0	0	0	0	0	0	0	0	0	0	0	0	0	0	0	0	0	0	0	0	0	0	0	0	0	0	0	0	0	0	0	0	0	0	0	0	0	0	0	0	0	0	0	0	0	0	0	0	0	0	0	0	0	0	0	0	0	0	0	0	0	0	0	0	0	0	0	0	0	0	0	0	0	0	0	0	0	0	0	0	0	132	63	127	46
0	0	0	0	0	0	0	0	0	0	0	0	0	0	0	0	0	0	0	0	0	0	0	0	0	0	0	0	0	0	0	0	0	0	0	0	0	0	0	0	0	0	0	0	0	0	0	0	0	0	0	0	0	0	0	0	0	0	0	0	0	0	0	0	0	0	0	0	0	0	0	0	0	0	0	0	0	0	0	0	0	0	0	0	0	0	0	0	0	0	0	0	0	0	0	0	0	0	0	0	0	0	0	0	0	0	0	0	0	0	0	0	0	0	0	0	0	0	0	0	0	0	0	0	0	90	60	177
0	0	0	0	0	0	0	0	0	0	0	0	0	0	0	0	0	0	0	0	0	0	0	0	0	0	0	0	0	0	0	0	0	0	0	0	0	0	0	0	0	0	0	0	0	0	0	0	0	0	0	0	0	0	0	0	0	0	0	0	0	0	0	0	0	0	0	0	0	0	0	0	0	0	0	0	0	0	0	0	0	0	0	0	0	0	0	0	0	0	0	0	0	0	0	0	0	0	0	0	0	0	0	0	0	0	0	0	0	0	0	0	0	0	0	0	0	0	0	0	0	0	0	0	0	0	225	156
0	0	0	0	0	0	0	0	0	0	0	0	0	0	0	0	0	0	0	0	0	0	0	0	0	0	0	0	0	0	0	0	0	0	0	0	0	0	0	0	0	0	0	0	0	0	0	0	0	0	0	0	0	0	0	0	0	0	0	0	0	0	0	0	0	0	0	0	0	0	0	0	0	0	0	0	0	0	0	0	0	0	0	0	0	0	0	0	0	0	0	0	0	0	0	0	0	0	0	0	0	0	0	0	0	0	0	0	0	0	0	0	0	0	0	0	0	0	0	0	0	0	0	0	0	0	0	82
0	0	0	0	0	0	0	0	0	0	0	0	0	0	0	0	0	0	0	0	0	0	0	0	0	0	0	0	0	0	0	0	0	0	0	0	0	0	0	0	0	0	0	0	0	0	0	0	0	0	0	0	0	0	0	0	0	0	0	0	0	0	0	0	0	0	0	0	0	0	0	0	0	0	0	0	0	0	0	0	0	0	0	0	0	0	0	0	0	0	0	0	0	0	0	0	0	0	0	0	0	0	0	0	0	0	0	0	0	0	0	0	0	0	0	0	0	0	0	0	0	0	0	0	0	0	0	0