0	105	25	123	10	38	9	8	9	97	75	92	17	14	31	94	89	59	121	94	61	44	85	17	32	62	66	8	44	92	36	15	120	82	111	106	129	107	95	49	9	44	62	31	48	90	117	32	32	79	14	82	46	126	92	120	65	111	55	90	128	28	121	128	86	90	43	96	14	59	10	36	83	16	2	20	8	98	11	61	127	18	125	91	68	127	18	56	61	66	38	128	34	70	35	102	84	100	126	96	45	65	12	78	56	128	82	30	47	76	113	78	62	105	40	66	28	78	64	62	95	126	68	80	81	25	97	80
0	0	6	56	48	115	118	76	33	30	122	122	98	93	93	95	73	126	95	37	81	19	104	114	27	95	15	13	118	41	47	106	45	27	37	20	97	121	7	41	6	6	105	49	60	97	117	121	118	58	95	119	125	116	32	25	21	70	55	58	28	72	14	8	128	87	79	121	48	9	37	100	8	81	54	58	52	68	74	22	120	86	61	96	118	81	96	100	94	64	53	61	113	65	78	70	38	121	16	11	38	64	95	19	63	125	30	4	78	122	107	84	76	99	65	77	34	103	56	99	59	60	43	22	89	88	95	68
0	0	0	3	55	27	96	42	105	88	57	27	56	105	47	48	99	45	15	67	78	10	116	50	13	21	46	82	76	22	12	60	101	100	111	130	20	68	4	4	94	107	21	17	120	73	91	125	124	72	62	45	116	40	80	75	4	97	104	6	37	93	84	6	35	87	20	83	72	24	79	115	112	55	103	123	39	8	87	26	123	31	18	16	33	21	128	39	83	35	72	37	12	47	37	119	81	114	19	50	104	127	19	79	43	41	106	47	76	87	101	3	46	100	122	102	49	75	76	103	109	103	64	50	51	40	93	67
0	0	0	0	34	69	13	21	51	123	34	20	67	98	24	3	81	102	48	74	78	89	47	32	112	16	121	97	123	37	94	13	72	9	67	103	49	18	122	111	125	33	8	94	120	45	42	32	66	115	7	9	52	97	8	91	58	99	73	128	127	125	56	22	91	88	95	86	11	97	40	34	56	99	102	96	6	70	13	37	66	87	91	89	31	32	52	57	46	15	91	92	59	58	54	96	47	92	75	127	44	72	10	120	16	5	80	36	53	24	75	124	50	55	73	19	91	105	98	27	58	50	103	65	98	12	118	71
0	0	0	0	0	30	32	50	64	18	4	94	5	98	37	88	31	104	11	80	5	53	40	27	59	7	130	9	61	30	4	89	32	33	37	39	32	106	22	10	47	80	125	63	16	88	57	49	46	46	64	72	129	79	20	31	74	74	113	14	83	110	12	87	40	47	122	89	86	79	16	122	58	66	23	74	110	106	67	31	121	67	53	35	44	129	128	52	120	112	124	93	38	129	48	70	109	38	22	37	87	43	93	100	122	33	23	89	38	93	15	12	39	83	118	68	126	23	20	100	97	83	106	16	129	5	5	55
0	0	0	0	0	0	71	47	30	37	104	128	94	107	45	55	48	78	93	12	114	54	74	47	42	39	107	121	62	74	102	39	49	126	55	72	60	75	70	32	89	96	127	11	34	4	37	37	17	81	42	129	38	76	47	99	23	108	117	96	122	38	124	85	73	69	13	67	24	46	117	109	95	88	40	11	36	117	10	34	48	84	93	100	111	22	52	51	88	87	26	38	5	90	7	24	99	132	105	12	75	100	74	93	131	71	10	61	19	121	52	104	103	41	113	21	105	44	105	33	81	127	101	73	42	27	12	7
0	0	0	0	0	0	0	85	95	69	12	18	27	39	131	119	17	3	98	89	24	103	85	44	64	46	59	89	120	115	129	27	11	123	76	120	57	87	25	16	63	30	120	12	85	16	54	109	80	74	20	61	23	100	118	92	110	25	55	128	73	104	117	8	129	101	9	75	79	92	106	106	47	28	36	99	88	46	38	59	121	126	134	51	121	111	80	112	11	45	97	76	54	20	99	127	59	123	50	42	46	107	35	21	21	106	91	85	38	12	60	56	80	122	30	101	37	60	106	52	110	72	72	70	74	81	75	20
0	0	0	0	0	0	0	0	55	95	18	88	88	27	105	131	41	71	47	127	74	82	73	22	99	114	87	97	40	28	12	115	11	74	121	122	3	4	94	105	78	80	70	127	125	38	97	64	32	77	12	36	80	13	100	31	72	53	59	109	89	51	49	78	63	109	5	32	102	27	13	65	57	69	84	108	124	16	50	41	56	97	44	103	93	114	40	74	69	28	40	92	81	5	83	79	20	29	12	71	100	65	91	10	82	59	89	127	47	113	119	83	23	112	66	121	24	103	99	111	40	105	61	107	24	124	93	58
0	0	0	0	0	0	0	0	0	65	115	6	129	119	28	116	83	39	46	34	79	105	28	43	35	72	52	97	69	24	117	58	134	64	57	97	33	53	34	116	100	73	9	83	116	105	136	73	115	27	10	119	70	81	121	42	126	95	30	16	54	127	119	113	37	37	55	60	104	98	39	34	13	121	52	57	24	36	47	13	121	46	121	13	84	14	5	30	127	7	46	126	86	103	37	67	43	94	114	129	16	120	111	84	62	99	110	103	46	45	134	115	90	27	107	11	61	18	83	100	93	86	37	134	123	132	83	128
0	0	0	0	0	0	0	0	0	0	29	128	43	7	94	46	84	57	92	120	30	91	123	87	64	129	40	93	128	85	78	82	99	89	119	122	78	31	94	74	125	31	66	81	128	7	46	72	24	69	30	68	49	21	42	89	105	33	51	120	9	90	47	22	61	88	111	114	121	41	20	117	37	3	22	74	65	42	76	90	133	45	15	74	21	24	76	23	6	98	92	118	54	22	74	12	129	22	30	99	114	31	129	59	92	44	106	102	116	77	17	69	11	26	62	118	83	97	74	115	123	72	37	57	49	70	10	134
0	0	0	0	0	0	0	0	0	0	0	98	2	35	16	132	112	11	65	54	31	97	123	111	24	114	24	95	109	13	108	72	127	27	26	124	119	28	132	90	100	91	137	58	37	71	67	67	77	100	79	33	15	51	42	86	22	6	71	35	47	126	16	21	48	53	80	59	80	32	72	101	121	55	118	43	98	129	103	110	54	38	73	51	37	56	22	11	119	99	75	78	132	17	21	23	114	85	36	53	119	125	25	61	96	110	43	93	45	97	44	8	129	21	25	126	80	115	88	58	120	84	30	114	87	131	80	92
0	0	0	0	0	0	0	0	0	0	0	0	66	133	123	53	36	66	122	132	66	122	26	7	29	81	71	12	94	138	128	16	26	123	97	17	87	118	138	132	18	25	35	96	118	100	80	97	112	20	58	6	130	12	80	30	48	125	31	81	115	125	60	53	107	19	30	132	128	43	113	88	72	44	95	48	121	86	55	46	46	61	76	12	98	78	103	65	60	53	110	121	24	49	17	94	110	121	21	21	79	113	23	54	90	10	7	11	76	34	71	129	76	49	70	44	111	115	73	42	99	50	62	113	130	19	32	88
0	0	0	0	0	0	0	0	0	0	0	0	0	104	49	54	46	25	14	84	28	82	95	102	46	99	65	112	108	61	92	64	134	16	71	122	34	6	128	114	74	116	95	44	95	76	85	14	65	124	130	21	100	55	81	58	24	39	25	83	35	63	71	35	103	65	38	21	81	24	16	115	34	112	52	38	34	63	115	126	38	102	99	89	110	21	20	68	96	21	23	13	100	93	112	70	39	82	85	53	97	51	69	128	47	65	95	58	89	64	115	110	29	113	131	102	5	109	131	92	31	83	9	81	79	60	109	102
0	0	0	0	0	0	0	0	0	0	0	0	0	0	117	23	86	97	100	85	90	25	127	26	75	96	72	138	52	59	95	131	48	103	49	34	109	99	45	53	63	97	39	46	112	51	58	26	131	87	58	101	92	117	130	123	117	86	71	29	85	99	121	86	115	62	55	15	53	29	81	127	46	78	128	26	31	91	132	132	83	46	24	124	65	71	65	63	57	66	106	70	124	47	57	93	88	72	113	53	126	29	93	27	92	123	62	49	110	85	31	44	130	49	113	97	81	110	74	112	126	121	79	98	116	18	52	124
0	0	0	0	0	0	0	0	0	0	0	0	0	0	0	74	41	119	82	35	80	138	17	103	110	83	88	61	115	24	85	27	83	24	38	88	125	137	53	107	113	45	73	68	112	95	73	25	49	17	53	28	67	30	50	14	95	107	131	55	101	25	67	56	82	36	128	54	99	100	12	137	28	85	105	131	137	87	55	43	27	93	107	84	75	31	27	17	79	20	74	80	80	102	8	132	97	127	24	31	86	69	28	94	39	30	102	68	105	83	35	27	117	34	69	122	53	45	114	74	98	28	119	122	92	127	51	43
0	0	0	0	0	0	0	0	0	0	0	0	0	0	0	0	72	60	43	117	46	87	35	93	71	113	62	49	64	131	128	12	44	55	119	125	51	3	47	120	83	139	53	23	36	74	124	14	102	100	137	114	134	42	53	48	30	105	41	67	62	44	93	66	121	79	119	10	57	20	85	8	17	68	10	57	115	132	116	131	67	10	129	106	71	32	23	84	26	20	134	23	66	69	60	47	125	124	98	79	24	80	89	116	20	65	100	78	62	104	120	57	41	78	85	66	83	96	32	89	106	122	67	121	133	108	66	94
0	0	0	0	0	0	0	0	0	0	0	0	0	0	0	0	0	90	118	112	20	110	99	34	22	69	73	21	27	95	98	116	14	12	66	54	32	95	79	7	30	91	128	121	54	7	50	103	84	34	47	53	95	41	26	92	98	48	122	136	38	90	11	69	84	12	117	44	88	121	70	41	29	92	83	27	99	27	140	19	29	24	36	122	112	43	34	36	94	10	111	32	124	31	60	91	83	53	132	99	55	124	62	17	92	85	40	26	40	58	88	75	133	98	140	83	139	38	77	81	82	24	116	122	25	97	107	112
0	0	0	0	0	0	0	0	0	0	0	0	0	0	0	0	0	0	128	70	50	30	31	110	30	58	33	88	56	28	104	29	60	31	124	65	81	9	125	86	120	113	52	79	49	48	122	98	31	115	137	14	6	107	21	67	115	106	61	6	134	18	82	43	71	134	90	67	46	134	30	86	119	67	18	21	89	43	63	70	50	40	43	25	32	89	109	103	98	57	88	68	108	118	102	117	31	18	41	34	42	56	61	84	58	139	108	53	96	59	87	132	93	124	91	116	66	83	66	90	114	48	88	134	97	35	41	120
0	0	0	0	0	0	0	0	0	0	0	0	0	0	0	0	0	0	0	31	69	41	132	109	137	64	94	62	122	56	58	42	70	29	67	20	91	112	90	135	41	33	56	74	105	128	118	64	132	35	38	32	136	90	129	87	119	114	66	109	41	76	67	23	133	21	136	110	17	106	49	16	38	120	95	101	133	65	72	74	123	107	78	98	118	42	127	122	97	78	123	37	133	74	108	39	24	32	14	80	22	77	63	49	132	25	98	73	132	23	118	112	106	35	65	123	53	117	114	140	100	49	10	119	21	45	91	89
0	0	0	0	0	0	0	0	0	0	0	0	0	0	0	0	0	0	0	0	115	37	34	76	136	68	88	94	103	86	18	90	50	128	142	94	128	26	89	144	33	116	38	53	107	49	95	8	98	84	25	41	25	91	81	20	132	128	48	17	102	119	139	8	61	53	113	120	44	12	73	131	72	114	52	108	102	49	63	50	22	21	103	80	78	53	37	82	65	142	24	87	84	103	105	145	78	14	28	100	78	44	51	18	80	124	44	63	47	52	82	59	84	23	63	79	111	18	106	92	119	100	30	59	47	105	28	61
0	0	0	0	0	0	0	0	0	0	0	0	0	0	0	0	0	0	0	0	0	115	62	88	136	106	126	124	38	136	41	88	85	33	86	67	48	64	54	129	113	108	110	138	95	120	75	42	55	18	48	38	17	20	63	16	128	117	43	18	129	49	29	74	70	22	74	109	76	13	61	72	18	103	118	39	79	4	8	85	119	15	107	115	66	111	112	62	49	124	87	116	85	84	102	61	21	50	26	21	64	109	45	90	59	73	110	86	92	134	70	119	43	41	114	24	13	74	114	77	49	33	74	122	65	76	27	41
0	0	0	0	0	0	0	0	0	0	0	0	0	0	0	0	0	0	0	0	0	0	117	53	100	103	31	50	88	47	77	144	52	110	30	49	103	87	101	10	101	37	65	63	70	32	66	49	50	57	37	71	91	52	105	121	120	84	44	40	125	83	71	44	46	10	37	141	131	41	69	142	56	21	28	83	54	104	121	19	58	62	75	125	106	95	96	15	75	76	30	7	46	23	100	75	93	72	40	69	58	27	76	23	40	106	75	101	127	57	110	81	129	69	30	64	115	40	144	12	76	79	126	64	81	28	39	68
0	0	0	0	0	0	0	0	0	0	0	0	0	0	0	0	0	0	0	0	0	0	0	45	85	99	137	108	119	141	123	24	109	47	25	103	107	43	106	37	108	7	78	16	44	93	35	35	46	11	93	37	62	24	96	46	32	34	13	35	74	120	120	97	85	131	103	86	115	86	49	48	62	41	46	110	100	94	68	101	30	6	55	103	104	87	46	116	129	111	80	107	51	28	130	34	69	65	90	109	10	41	73	81	91	41	42	41	30	15	144	76	76	133	104	10	141	21	111	19	18	68	112	131	29	134	129	32
0	0	0	0	0	0	0	0	0	0	0	0	0	0	0	0	0	0	0	0	0	0	0	0	27	79	27	106	57	42	124	61	55	113	29	40	97	49	97	78	7	43	120	81	54	45	69	108	57	136	73	40	70	121	61	123	99	105	97	27	72	96	43	24	121	40	13	101	141	18	86	79	29	89	18	67	29	120	135	104	98	128	116	120	70	125	54	139	53	33	118	131	59	131	97	14	40	22	84	118	133	12	38	113	32	22	88	124	94	91	43	100	76	47	129	63	125	135	20	47	120	68	107	146	76	100	49	115
0	0	0	0	0	0	0	0	0	0	0	0	0	0	0	0	0	0	0	0	0	0	0	0	0	131	110	69	22	91	81	68	50	134	131	97	87	65	36	82	119	43	104	89	114	145	61	40	79	90	37	137	78	125	80	69	119	145	101	122	64	117	5	71	134	45	135	43	92	30	28	25	21	71	41	70	43	92	85	122	127	49	37	109	105	62	120	126	77	36	79	95	37	107	11	134	123	77	104	52	136	60	53	108	23	24	94	101	78	71	38	65	67	89	51	110	104	20	57	87	151	79	79	26	123	51	29	20
0	0	0	0	0	0	0	0	0	0	0	0	0	0	0	0	0	0	0	0	0	0	0	0	0	0	100	35	16	105	71	102	64	44	149	33	30	99	80	33	21	98	45	55	92	25	114	45	16	69	16	96	89	44	123	95	103	11	142	72	10	32	109	120	33	56	131	18	107	34	46	46	8	45	11	16	83	41	73	64	97	87	47	56	94	76	28	19	74	38	47	124	130	23	34	52	69	96	89	56	44	17	32	96	58	56	51	115	70	78	98	99	110	64	85	73	42	131	108	102	112	32	70	71	118	54	29	80
0	0	0	0	0	0	0	0	0	0	0	0	0	0	0	0	0	0	0	0	0	0	0	0	0	0	0	150	134	95	93	92	111	38	28	106	100	32	124	98	69	135	103	73	110	104	31	58	77	73	55	124	8	112	91	110	7	59	49	62	133	139	16	119	68	68	81	112	90	51	36	106	41	106	92	25	38	34	52	90	41	133	128	68	135	33	123	104	22	68	38	72	122	93	59	63	106	23	54	110	61	81	79	88	70	44	63	110	54	52	99	145	55	66	89	129	109	13	115	72	20	143	21	132	22	69	60	92
0	0	0	0	0	0	0	0	0	0	0	0	0	0	0	0	0	0	0	0	0	0	0	0	0	0	0	0	103	141	44	142	11	99	72	72	53	100	35	22	127	95	89	30	25	131	133	39	83	84	52	78	74	147	137	28	96	33	69	144	98	147	11	22	58	53	95	114	105	38	143	24	108	83	34	24	8	92	125	82	127	80	76	141	99	145	74	53	46	89	97	35	53	121	130	64	36	83	93	24	24	14	68	144	86	46	93	110	62	128	65	43	30	52	147	84	82	33	39	124	52	110	72	110	99	106	109	32
0	0	0	0	0	0	0	0	0	0	0	0	0	0	0	0	0	0	0	0	0	0	0	0	0	0	0	0	0	39	83	60	36	69	67	135	51	128	40	70	82	68	33	73	84	126	26	50	91	129	121	139	147	110	47	136	142	53	37	88	133	139	104	131	82	65	43	129	87	92	48	116	23	117	113	83	29	124	84	125	55	126	15	25	21	124	12	118	88	25	92	122	20	41	102	35	32	76	79	125	142	152	29	92	75	112	79	64	139	78	90	128	106	91	122	45	111	91	9	68	77	21	21	36	94	141	71	96
0	0	0	0	0	0	0	0	0	0	0	0	0	0	0	0	0	0	0	0	0	0	0	0	0	0	0	0	0	0	114	135	139	61	79	54	103	75	41	111	137	92	126	53	98	109	105	81	122	43	86	68	96	41	97	111	59	146	151	36	108	97	75	57	109	38	60	22	89	84	31	75	37	96	104	138	30	25	84	91	120	130	96	133	86	66	65	85	128	154	61	41	17	23	68	127	121	121	57	28	90	28	62	58	127	81	45	96	35	31	49	61	29	43	126	96	7	27	92	21	136	117	96	88	98	116	96	24
0	0	0	0	0	0	0	0	0	0	0	0	0	0	0	0	0	0	0	0	0	0	0	0	0	0	0	0	0	0	0	148	47	157	120	55	94	103	58	50	115	74	66	125	59	33	57	33	92	66	55	115	135	47	133	5	134	45	94	20	151	72	38	107	53	44	91	132	107	138	32	31	106	73	53	36	140	119	33	12	50	100	67	83	67	94	37	145	127	71	93	50	62	78	20	102	66	62	19	114	106	101	115	53	39	153	114	94	145	138	86	119	69	113	80	52	36	116	38	49	69	66	30	131	71	98	72	79
0	0	0	0	0	0	0	0	0	0	0	0	0	0	0	0	0	0	0	0	0	0	0	0	0	0	0	0	0	0	0	0	24	128	104	132	9	100	61	70	100	68	13	134	81	21	114	96	121	80	71	17	72	34	119	110	123	96	105	113	135	68	57	45	80	121	108	27	133	80	128	36	57	39	73	45	126	120	21	37	41	136	103	98	22	111	58	109	56	97	32	71	41	139	14	54	72	56	21	82	63	124	99	58	124	10	124	59	133	44	47	111	49	95	129	27	95	77	135	109	39	34	83	97	64	97	22	117
0	0	0	0	0	0	0	0	0	0	0	0	0	0	0	0	0	0	0	0	0	0	0	0	0	0	0	0	0	0	0	0	0	113	66	59	30	59	41	18	90	10	22	39	123	78	118	115	70	106	101	41	50	46	148	127	85	23	51	124	34	50	18	103	161	129	120	152	40	79	104	122	96	114	88	27	91	106	135	54	68	127	44	108	134	70	84	125	73	50	120	92	106	83	119	39	73	93	155	11	84	24	100	139	132	63	64	48	146	120	117	68	154	38	119	59	61	38	39	30	153	32	36	29	148	61	114	77
0	0	0	0	0	0	0	0	0	0	0	0	0	0	0	0	0	0	0	0	0	0	0	0	0	0	0	0	0	0	0	0	0	0	71	54	66	133	84	94	32	79	53	116	50	24	55	141	106	60	35	130	52	141	22	120	111	131	34	144	29	116	85	122	101	97	122	72	137	77	82	59	134	106	101	152	56	22	84	25	46	82	44	134	143	78	125	38	79	31	140	85	110	20	79	117	33	128	137	44	131	108	86	78	108	24	70	103	94	110	76	125	98	49	95	52	45	75	70	80	78	17	60	42	24	131	129	33
0	0	0	0	0	0	0	0	0	0	0	0	0	0	0	0	0	0	0	0	0	0	0	0	0	0	0	0	0	0	0	0	0	0	0	12	106	134	79	111	145	107	79	59	80	110	51	93	34	51	43	85	104	108	33	49	79	98	148	100	142	60	66	38	42	87	64	111	54	64	145	80	107	121	116	50	114	39	49	138	81	38	135	36	87	89	66	123	61	126	78	84	133	45	108	106	100	133	87	30	39	52	21	151	112	97	93	66	112	58	8	81	101	129	91	52	39	70	4	27	136	65	130	73	63	55	123	13
0	0	0	0	0	0	0	0	0	0	0	0	0	0	0	0	0	0	0	0	0	0	0	0	0	0	0	0	0	0	0	0	0	0	0	0	100	54	52	78	146	16	93	88	134	117	151	12	145	12	100	141	76	112	108	145	157	47	145	41	111	149	66	152	114	126	57	44	36	128	39	48	127	78	85	109	98	117	44	92	116	34	52	103	37	93	90	33	94	56	73	24	29	92	42	45	118	28	142	137	56	128	23	129	12	119	38	124	34	88	30	122	30	134	30	66	133	51	127	90	132	80	124	115	122	157	116	59
0	0	0	0	0	0	0	0	0	0	0	0	0	0	0	0	0	0	0	0	0	0	0	0	0	0	0	0	0	0	0	0	0	0	0	0	0	158	41	52	86	132	55	57	34	113	44	101	138	68	129	59	140	20	54	73	66	58	90	138	127	117	59	135	76	126	102	105	40	57	36	65	92	117	45	154	112	94	53	105	147	134	100	46	119	78	61	152	68	59	72	122	105	64	71	107	73	70	124	128	52	112	135	70	142	56	131	57	152	37	118	13	91	16	25	125	52	66	100	80	147	64	59	44	58	112	120	80
0	0	0	0	0	0	0	0	0	0	0	0	0	0	0	0	0	0	0	0	0	0	0	0	0	0	0	0	0	0	0	0	0	0	0	0	0	0	31	119	31	103	122	44	19	115	84	41	120	19	109	126	36	50	145	64	72	64	134	51	73	78	23	30	15	112	109	63	37	125	132	126	125	96	18	88	90	88	56	41	95	42	151	124	60	63	77	61	131	97	139	97	88	76	124	71	110	29	120	125	60	97	115	54	103	18	123	51	99	71	82	157	101	15	37	100	65	67	32	41	50	126	69	145	102	115	120	58
0	0	0	0	0	0	0	0	0	0	0	0	0	0	0	0	0	0	0	0	0	0	0	0	0	0	0	0	0	0	0	0	0	0	0	0	0	0	0	126	42	41	78	134	10	39	45	58	47	100	54	58	19	118	124	126	74	131	103	29	155	20	100	15	12	107	34	87	30	81	73	4	160	44	109	145	41	118	158	121	104	165	42	45	59	152	130	98	150	75	85	72	162	77	67	87	53	83	131	92	51	146	69	35	147	153	83	45	147	37	28	91	88	77	157	51	14	121	89	134	68	75	36	125	54	124	76	117
0	0	0	0	0	0	0	0	0	0	0	0	0	0	0	0	0	0	0	0	0	0	0	0	0	0	0	0	0	0	0	0	0	0	0	0	0	0	0	0	120	167	133	75	38	146	70	38	70	94	87	17	119	127	57	145	58	95	32	151	118	112	51	21	58	123	117	40	48	83	74	106	112	117	131	127	56	44	28	132	58	91	106	63	92	109	148	71	94	91	34	52	10	53	31	6	44	119	14	64	19	36	53	21	72	129	39	95	141	129	26	96	55	164	104	82	75	39	26	75	77	87	126	133	86	58	27	79
0	0	0	0	0	0	0	0	0	0	0	0	0	0	0	0	0	0	0	0	0	0	0	0	0	0	0	0	0	0	0	0	0	0	0	0	0	0	0	0	0	82	135	86	71	46	27	37	65	71	140	108	116	109	31	90	51	77	29	85	40	91	66	86	63	135	127	135	18	84	96	127	27	60	65	85	147	97	112	109	120	69	104	67	63	93	129	141	28	52	106	105	62	128	62	70	125	18	21	52	109	24	129	123	49	152	66	133	44	70	111	127	26	57	75	43	158	43	65	23	79	64	67	98	121	120	30	106
0	0	0	0	0	0	0	0	0	0	0	0	0	0	0	0	0	0	0	0	0	0	0	0	0	0	0	0	0	0	0	0	0	0	0	0	0	0	0	0	0	0	120	58	87	139	75	129	151	99	104	120	71	121	73	134	104	47	131	135	59	110	112	50	82	102	92	128	54	111	60	154	79	73	56	68	73	58	50	79	103	65	80	91	47	126	106	21	56	60	84	117	63	56	40	117	54	100	107	148	37	62	53	88	151	112	54	121	8	137	126	140	80	53	83	24	124	50	133	126	52	154	101	139	127	57	53	117
0	0	0	0	0	0	0	0	0	0	0	0	0	0	0	0	0	0	0	0	0	0	0	0	0	0	0	0	0	0	0	0	0	0	0	0	0	0	0	0	0	0	0	55	26	14	152	68	66	119	119	91	135	91	143	111	55	33	105	64	39	64	62	145	136	137	114	68	106	147	132	103	51	61	100	35	92	77	99	42	133	125	33	87	121	97	74	122	64	106	33	53	99	71	90	56	114	59	91	147	119	116	136	135	55	100	79	120	97	145	95	90	44	105	116	15	32	80	101	73	114	131	82	124	77	74	111	84
0	0	0	0	0	0	0	0	0	0	0	0	0	0	0	0	0	0	0	0	0	0	0	0	0	0	0	0	0	0	0	0	0	0	0	0	0	0	0	0	0	0	0	0	66	27	53	49	114	85	83	85	133	111	41	126	113	78	82	109	107	85	59	77	112	86	112	60	59	64	110	139	145	45	148	63	119	155	37	55	133	84	38	68	98	137	160	130	51	120	22	106	136	15	100	118	63	38	134	136	134	143	102	123	117	44	67	111	132	124	134	41	164	132	148	108	139	96	94	62	133	52	41	90	54	45	105	156
0	0	0	0	0	0	0	0	0	0	0	0	0	0	0	0	0	0	0	0	0	0	0	0	0	0	0	0	0	0	0	0	0	0	0	0	0	0	0	0	0	0	0	0	0	48	76	136	50	71	120	95	42	170	125	141	72	86	34	153	137	133	80	111	98	105	126	36	162	128	66	82	72	121	29	130	100	9	82	97	88	90	114	18	84	92	54	64	63	126	113	139	91	73	96	107	96	11	27	136	81	83	65	120	145	60	100	93	107	114	157	59	147	36	54	111	33	76	140	120	132	62	92	13	73	78	100	105
0	0	0	0	0	0	0	0	0	0	0	0	0	0	0	0	0	0	0	0	0	0	0	0	0	0	0	0	0	0	0	0	0	0	0	0	0	0	0	0	0	0	0	0	0	0	28	83	63	115	93	115	93	91	122	107	54	23	39	84	53	109	50	145	109	138	40	90	94	61	130	149	61	84	111	61	72	43	19	53	28	84	126	125	44	65	59	116	22	88	112	52	113	129	87	51	53	48	90	137	140	92	40	19	123	117	143	86	125	126	121	44	139	86	85	110	53	75	135	106	54	116	153	43	112	104	100	70
0	0	0	0	0	0	0	0	0	0	0	0	0	0	0	0	0	0	0	0	0	0	0	0	0	0	0	0	0	0	0	0	0	0	0	0	0	0	0	0	0	0	0	0	0	0	0	119	128	129	114	80	138	133	52	96	128	43	146	108	14	28	15	75	22	123	40	101	17	97	150	73	63	144	154	136	124	76	109	117	48	60	164	95	116	46	64	69	112	65	54	80	131	46	121	100	147	74	111	151	132	34	39	52	57	34	49	163	131	118	60	88	42	152	114	58	67	17	107	52	69	86	79	93	44	56	50	101
0	0	0	0	0	0	0	0	0	0	0	0	0	0	0	0	0	0	0	0	0	0	0	0	0	0	0	0	0	0	0	0	0	0	0	0	0	0	0	0	0	0	0	0	0	0	0	0	113	45	144	73	121	96	122	75	128	158	11	74	7	48	47	78	173	20	31	59	37	54	110	129	33	56	57	86	38	35	79	62	96	46	60	25	13	97	117	62	50	94	101	101	90	89	27	115	45	114	138	56	65	89	52	116	30	16	82	141	77	150	122	125	101	23	119	39	104	86	34	120	136	90	72	39	117	50	70	64
0	0	0	0	0	0	0	0	0	0	0	0	0	0	0	0	0	0	0	0	0	0	0	0	0	0	0	0	0	0	0	0	0	0	0	0	0	0	0	0	0	0	0	0	0	0	0	0	0	33	66	125	131	27	77	28	31	123	56	105	150	82	96	104	60	140	106	30	107	69	58	112	33	122	56	117	106	162	60	115	101	45	42	115	116	106	126	145	152	90	98	56	82	99	39	68	55	49	124	28	80	65	132	12	36	91	52	94	73	115	161	108	128	101	128	55	115	160	64	16	132	25	93	73	54	155	88	66
0	0	0	0	0	0	0	0	0	0	0	0	0	0	0	0	0	0	0	0	0	0	0	0	0	0	0	0	0	0	0	0	0	0	0	0	0	0	0	0	0	0	0	0	0	0	0	0	0	0	134	91	127	22	14	170	73	132	35	22	118	78	49	134	43	75	126	137	129	39	120	158	171	96	135	43	99	84	81	114	92	93	87	153	121	153	131	68	75	112	67	95	116	116	85	152	49	59	107	47	90	52	58	51	80	146	151	68	58	58	130	91	95	17	153	100	103	61	143	48	33	126	103	80	64	113	170	50
0	0	0	0	0	0	0	0	0	0	0	0	0	0	0	0	0	0	0	0	0	0	0	0	0	0	0	0	0	0	0	0	0	0	0	0	0	0	0	0	0	0	0	0	0	0	0	0	0	0	0	29	87	86	150	42	63	63	86	33	134	89	70	171	88	108	77	173	109	44	108	162	75	83	47	93	94	130	60	59	70	94	139	115	38	148	120	90	148	102	72	68	32	109	131	135	100	137	95	72	56	107	28	102	73	61	37	108	55	132	92	155	125	72	117	123	78	71	64	60	40	15	66	105	64	86	98	91
0	0	0	0	0	0	0	0	0	0	0	0	0	0	0	0	0	0	0	0	0	0	0	0	0	0	0	0	0	0	0	0	0	0	0	0	0	0	0	0	0	0	0	0	0	0	0	0	0	0	0	0	97	80	65	86	146	138	115	57	46	84	132	69	57	160	50	136	46	47	69	49	88	67	90	143	136	126	151	54	74	86	96	55	51	23	106	79	67	64	81	68	56	103	92	135	46	99	81	48	145	75	86	150	43	115	134	117	114	93	77	21	99	103	65	136	121	150	147	114	71	34	40	148	111	126	131	61
0	0	0	0	0	0	0	0	0	0	0	0	0	0	0	0	0	0	0	0	0	0	0	0	0	0	0	0	0	0	0	0	0	0	0	0	0	0	0	0	0	0	0	0	0	0	0	0	0	0	0	0	0	36	150	19	91	98	121	98	153	141	79	52	113	51	83	23	99	130	94	115	56	53	171	123	114	77	160	41	178	104	110	103	57	139	134	71	134	101	43	54	86	152	74	135	129	55	135	124	166	69	73	35	27	108	115	77	67	116	56	117	86	154	100	92	146	110	88	131	87	81	126	71	63	53	117	66
0	0	0	0	0	0	0	0	0	0	0	0	0	0	0	0	0	0	0	0	0	0	0	0	0	0	0	0	0	0	0	0	0	0	0	0	0	0	0	0	0	0	0	0	0	0	0	0	0	0	0	0	0	0	71	83	117	69	136	115	23	132	88	54	64	61	133	111	69	131	56	23	139	76	7	98	78	48	8	140	75	77	34	101	71	127	114	125	100	73	148	163	109	63	83	41	125	156	85	146	65	74	126	65	77	138	131	19	119	129	52	147	70	17	46	138	164	108	84	157	107	55	53	127	137	120	35	88
0	0	0	0	0	0	0	0	0	0	0	0	0	0	0	0	0	0	0	0	0	0	0	0	0	0	0	0	0	0	0	0	0	0	0	0	0	0	0	0	0	0	0	0	0	0	0	0	0	0	0	0	0	0	0	138	83	45	165	54	96	53	139	71	55	33	94	15	65	152	174	90	98	89	129	13	61	59	63	7	90	48	53	98	93	112	115	93	136	96	132	153	28	65	95	82	109	35	78	153	25	126	76	82	93	100	169	100	107	169	130	104	60	61	146	108	96	33	101	126	116	57	94	134	74	132	128	141
0	0	0	0	0	0	0	0	0	0	0	0	0	0	0	0	0	0	0	0	0	0	0	0	0	0	0	0	0	0	0	0	0	0	0	0	0	0	0	0	0	0	0	0	0	0	0	0	0	0	0	0	0	0	0	0	46	54	71	49	116	77	72	64	91	96	104	130	96	125	69	98	105	101	106	51	10	36	93	41	130	42	138	73	121	100	98	88	26	125	133	101	93	136	35	52	58	46	107	59	71	151	88	75	14	37	138	60	149	112	75	45	75	143	119	19	175	143	118	52	102	117	135	55	100	42	54	62
0	0	0	0	0	0	0	0	0	0	0	0	0	0	0	0	0	0	0	0	0	0	0	0	0	0	0	0	0	0	0	0	0	0	0	0	0	0	0	0	0	0	0	0	0	0	0	0	0	0	0	0	0	0	0	0	0	136	123	128	122	99	125	48	133	96	46	100	59	153	108	132	55	120	117	147	94	114	142	118	129	43	81	104	45	50	121	12	61	45	44	107	47	70	95	93	149	144	42	14	106	122	91	106	104	102	93	116	179	136	147	59	38	131	145	152	69	97	128	165	47	139	44	56	61	74	155	132
0	0	0	0	0	0	0	0	0	0	0	0	0	0	0	0	0	0	0	0	0	0	0	0	0	0	0	0	0	0	0	0	0	0	0	0	0	0	0	0	0	0	0	0	0	0	0	0	0	0	0	0	0	0	0	0	0	0	133	88	84	45	125	131	40	113	58	84	75	15	128	102	46	155	87	46	139	30	102	100	71	48	55	117	40	94	130	21	132	143	166	47	133	137	150	120	122	71	138	94	174	127	121	30	21	154	142	83	91	48	59	161	135	71	95	110	137	92	71	63	90	143	141	109	107	101	46	154
0	0	0	0	0	0	0	0	0	0	0	0	0	0	0	0	0	0	0	0	0	0	0	0	0	0	0	0	0	0	0	0	0	0	0	0	0	0	0	0	0	0	0	0	0	0	0	0	0	0	0	0	0	0	0	0	0	0	0	170	69	58	124	103	83	7	137	32	148	50	124	133	5	66	59	186	112	101	68	59	36	125	125	53	59	74	75	126	133	137	119	94	102	129	144	79	158	25	135	70	128	136	57	165	64	164	93	120	39	119	139	49	101	54	150	117	127	81	173	137	136	143	42	87	84	40	30	21
0	0	0	0	0	0	0	0	0	0	0	0	0	0	0	0	0	0	0	0	0	0	0	0	0	0	0	0	0	0	0	0	0	0	0	0	0	0	0	0	0	0	0	0	0	0	0	0	0	0	0	0	0	0	0	0	0	0	0	0	40	102	12	39	80	49	115	73	125	146	122	54	101	168	66	169	163	7	121	38	62	152	83	107	124	61	157	84	120	144	129	106	127	57	134	48	32	103	123	108	86	96	19	104	144	88	106	134	93	111	121	167	71	56	111	51	24	168	131	86	86	138	114	124	96	113	89	54
0	0	0	0	0	0	0	0	0	0	0	0	0	0	0	0	0	0	0	0	0	0	0	0	0	0	0	0	0	0	0	0	0	0	0	0	0	0	0	0	0	0	0	0	0	0	0	0	0	0	0	0	0	0	0	0	0	0	0	0	0	56	125	127	142	37	127	45	83	45	134	120	108	102	121	71	100	58	37	83	61	51	50	112	100	136	52	165	30	137	146	80	80	61	67	62	70	34	45	136	107	161	14	162	83	52	51	119	86	171	100	26	50	101	21	22	158	107	122	42	54	52	157	78	74	101	46	12
0	0	0	0	0	0	0	0	0	0	0	0	0	0	0	0	0	0	0	0	0	0	0	0	0	0	0	0	0	0	0	0	0	0	0	0	0	0	0	0	0	0	0	0	0	0	0	0	0	0	0	0	0	0	0	0	0	0	0	0	0	0	76	136	95	61	63	24	46	58	56	81	137	63	29	62	77	167	122	79	171	95	111	122	96	119	83	170	90	125	162	94	81	139	121	59	92	122	105	128	87	27	78	167	87	61	60	40	141	40	123	128	104	57	54	115	37	31	175	149	147	113	86	29	180	46	152	114
0	0	0	0	0	0	0	0	0	0	0	0	0	0	0	0	0	0	0	0	0	0	0	0	0	0	0	0	0	0	0	0	0	0	0	0	0	0	0	0	0	0	0	0	0	0	0	0	0	0	0	0	0	0	0	0	0	0	0	0	0	0	0	128	84	92	66	57	149	85	68	153	69	111	68	60	84	153	111	95	87	39	161	118	181	98	136	104	167	49	117	86	53	101	91	89	110	83	10	64	27	152	147	153	147	71	45	76	65	68	76	47	95	110	36	64	24	90	40	72	71	86	110	36	71	49	139	127
0	0	0	0	0	0	0	0	0	0	0	0	0	0	0	0	0	0	0	0	0	0	0	0	0	0	0	0	0	0	0	0	0	0	0	0	0	0	0	0	0	0	0	0	0	0	0	0	0	0	0	0	0	0	0	0	0	0	0	0	0	0	0	0	59	97	49	55	130	134	103	87	115	70	89	101	148	149	132	185	141	111	80	102	120	88	152	72	53	73	152	65	141	120	23	33	185	66	113	96	29	103	28	73	179	180	86	84	115	156	144	185	71	132	189	83	158	119	62	112	88	66	138	165	125	72	126	142
0	0	0	0	0	0	0	0	0	0	0	0	0	0	0	0	0	0	0	0	0	0	0	0	0	0	0	0	0	0	0	0	0	0	0	0	0	0	0	0	0	0	0	0	0	0	0	0	0	0	0	0	0	0	0	0	0	0	0	0	0	0	0	0	0	159	139	106	34	169	114	78	74	31	119	73	48	129	112	12	23	96	54	83	149	17	56	120	36	76	56	147	83	146	110	39	51	27	55	76	110	71	60	89	152	47	163	63	118	134	23	80	73	88	135	114	149	43	36	128	112	59	78	48	148	42	100	116
0	0	0	0	0	0	0	0	0	0	0	0	0	0	0	0	0	0	0	0	0	0	0	0	0	0	0	0	0	0	0	0	0	0	0	0	0	0	0	0	0	0	0	0	0	0	0	0	0	0	0	0	0	0	0	0	0	0	0	0	0	0	0	0	0	0	62	74	134	129	104	104	12	119	77	34	159	167	46	105	108	115	121	68	82	168	111	97	41	110	121	127	49	156	79	46	24	75	27	67	54	40	156	140	165	90	96	64	93	19	90	66	47	118	133	55	136	85	88	144	167	103	147	119	138	48	19	67
0	0	0	0	0	0	0	0	0	0	0	0	0	0	0	0	0	0	0	0	0	0	0	0	0	0	0	0	0	0	0	0	0	0	0	0	0	0	0	0	0	0	0	0	0	0	0	0	0	0	0	0	0	0	0	0	0	0	0	0	0	0	0	0	0	0	0	113	118	98	88	101	49	138	73	112	87	120	111	38	90	99	128	146	176	118	136	121	22	101	91	77	87	89	38	78	96	54	80	32	170	120	64	79	85	73	103	146	117	106	71	140	122	106	48	56	118	92	168	95	91	76	181	98	29	44	107	101
0	0	0	0	0	0	0	0	0	0	0	0	0	0	0	0	0	0	0	0	0	0	0	0	0	0	0	0	0	0	0	0	0	0	0	0	0	0	0	0	0	0	0	0	0	0	0	0	0	0	0	0	0	0	0	0	0	0	0	0	0	0	0	0	0	0	0	0	139	60	110	151	158	23	99	17	111	114	113	86	59	78	94	57	106	69	101	98	161	104	43	97	93	133	109	55	163	50	141	56	70	126	5	105	82	61	50	64	109	67	135	148	114	24	49	184	162	148	137	81	95	81	135	34	150	36	75	136
0	0	0	0	0	0	0	0	0	0	0	0	0	0	0	0	0	0	0	0	0	0	0	0	0	0	0	0	0	0	0	0	0	0	0	0	0	0	0	0	0	0	0	0	0	0	0	0	0	0	0	0	0	0	0	0	0	0	0	0	0	0	0	0	0	0	0	0	0	112	54	87	63	27	165	79	173	101	134	87	73	63	76	119	83	101	65	24	35	49	181	134	104	55	150	120	17	178	98	131	21	94	65	130	103	149	58	22	163	140	140	110	120	90	73	127	11	134	105	13	142	127	72	73	158	149	163	101
0	0	0	0	0	0	0	0	0	0	0	0	0	0	0	0	0	0	0	0	0	0	0	0	0	0	0	0	0	0	0	0	0	0	0	0	0	0	0	0	0	0	0	0	0	0	0	0	0	0	0	0	0	0	0	0	0	0	0	0	0	0	0	0	0	0	0	0	0	0	71	104	18	34	93	148	114	123	67	68	92	149	72	89	131	80	132	64	72	72	63	41	98	70	164	123	154	139	102	56	45	67	40	94	40	58	10	155	98	21	122	188	65	87	112	157	101	56	53	93	156	61	85	141	91	94	123	72
0	0	0	0	0	0	0	0	0	0	0	0	0	0	0	0	0	0	0	0	0	0	0	0	0	0	0	0	0	0	0	0	0	0	0	0	0	0	0	0	0	0	0	0	0	0	0	0	0	0	0	0	0	0	0	0	0	0	0	0	0	0	0	0	0	0	0	0	0	0	0	32	109	93	128	35	106	121	143	137	15	114	145	142	129	117	134	138	60	105	75	105	141	134	109	108	72	134	87	117	141	116	108	119	121	107	164	55	79	123	148	70	20	175	29	159	113	83	138	56	21	159	130	17	164	73	103	80
0	0	0	0	0	0	0	0	0	0	0	0	0	0	0	0	0	0	0	0	0	0	0	0	0	0	0	0	0	0	0	0	0	0	0	0	0	0	0	0	0	0	0	0	0	0	0	0	0	0	0	0	0	0	0	0	0	0	0	0	0	0	0	0	0	0	0	0	0	0	0	0	90	108	95	79	109	60	130	50	125	17	101	97	105	166	89	100	79	60	74	71	97	107	20	150	70	49	49	30	105	105	168	121	38	62	97	111	41	118	125	153	162	95	64	116	144	46	40	84	61	178	189	97	160	150	67	115
0	0	0	0	0	0	0	0	0	0	0	0	0	0	0	0	0	0	0	0	0	0	0	0	0	0	0	0	0	0	0	0	0	0	0	0	0	0	0	0	0	0	0	0	0	0	0	0	0	0	0	0	0	0	0	0	0	0	0	0	0	0	0	0	0	0	0	0	0	0	0	0	0	103	155	126	54	122	156	163	184	35	40	83	92	99	72	81	150	123	73	113	113	104	107	76	128	75	141	168	131	133	130	115	146	21	116	124	50	92	128	89	69	198	96	152	28	139	65	131	180	95	183	96	111	86	174	194
0	0	0	0	0	0	0	0	0	0	0	0	0	0	0	0	0	0	0	0	0	0	0	0	0	0	0	0	0	0	0	0	0	0	0	0	0	0	0	0	0	0	0	0	0	0	0	0	0	0	0	0	0	0	0	0	0	0	0	0	0	0	0	0	0	0	0	0	0	0	0	0	0	0	73	189	93	103	165	87	159	76	71	180	97	56	44	85	130	80	148	125	131	32	102	151	78	60	113	62	130	27	163	130	132	123	10	113	95	170	106	151	127	123	168	104	114	62	125	122	147	168	127	16	72	99	141	153
0	0	0	0	0	0	0	0	0	0	0	0	0	0	0	0	0	0	0	0	0	0	0	0	0	0	0	0	0	0	0	0	0	0	0	0	0	0	0	0	0	0	0	0	0	0	0	0	0	0	0	0	0	0	0	0	0	0	0	0	0	0	0	0	0	0	0	0	0	0	0	0	0	0	0	175	131	107	96	151	87	59	73	128	93	149	126	85	154	49	82	82	174	76	51	89	23	80	87	79	114	89	120	111	130	116	97	93	70	104	104	95	74	114	116	91	102	84	110	56	45	94	107	121	153	12	19	155
0	0	0	0	0	0	0	0	0	0	0	0	0	0	0	0	0	0	0	0	0	0	0	0	0	0	0	0	0	0	0	0	0	0	0	0	0	0	0	0	0	0	0	0	0	0	0	0	0	0	0	0	0	0	0	0	0	0	0	0	0	0	0	0	0	0	0	0	0	0	0	0	0	0	0	0	11	133	109	114	149	28	135	178	76	152	58	54	116	194	59	123	113	150	125	69	108	189	63	88	137	31	83	108	71	88	127	24	36	134	130	29	103	60	105	96	173	159	49	147	109	135	55	135	114	79	168	148
0	0	0	0	0	0	0	0	0	0	0	0	0	0	0	0	0	0	0	0	0	0	0	0	0	0	0	0	0	0	0	0	0	0	0	0	0	0	0	0	0	0	0	0	0	0	0	0	0	0	0	0	0	0	0	0	0	0	0	0	0	0	0	0	0	0	0	0	0	0	0	0	0	0	0	0	0	95	116	88	178	88	97	98	143	110	69	187	143	49	118	59	135	181	152	105	160	121	145	99	7	20	138	42	131	115	47	152	61	67	73	58	148	145	50	99	101	97	178	65	37	43	61	156	105	137	138	182
0	0	0	0	0	0	0	0	0	0	0	0	0	0	0	0	0	0	0	0	0	0	0	0	0	0	0	0	0	0	0	0	0	0	0	0	0	0	0	0	0	0	0	0	0	0	0	0	0	0	0	0	0	0	0	0	0	0	0	0	0	0	0	0	0	0	0	0	0	0	0	0	0	0	0	0	0	0	151	51	85	70	60	67	124	136	95	88	130	54	167	101	55	104	165	67	60	22	94	105	113	108	80	114	125	128	39	75	73	73	187	125	81	73	147	82	91	66	100	122	53	44	115	139	138	68	120	106
0	0	0	0	0	0	0	0	0	0	0	0	0	0	0	0	0	0	0	0	0	0	0	0	0	0	0	0	0	0	0	0	0	0	0	0	0	0	0	0	0	0	0	0	0	0	0	0	0	0	0	0	0	0	0	0	0	0	0	0	0	0	0	0	0	0	0	0	0	0	0	0	0	0	0	0	0	0	0	28	79	177	111	111	188	78	168	59	52	128	91	204	155	160	75	58	145	110	124	16	125	107	33	53	82	98	94	68	97	122	71	178	138	89	69	113	206	49	194	118	50	142	26	87	102	127	59	104
0	0	0	0	0	0	0	0	0	0	0	0	0	0	0	0	0	0	0	0	0	0	0	0	0	0	0	0	0	0	0	0	0	0	0	0	0	0	0	0	0	0	0	0	0	0	0	0	0	0	0	0	0	0	0	0	0	0	0	0	0	0	0	0	0	0	0	0	0	0	0	0	0	0	0	0	0	0	0	0	98	104	112	96	73	38	42	70	130	82	138	170	66	49	115	52	83	94	138	120	120	42	158	85	69	140	116	152	193	103	129	144	151	68	75	134	136	61	76	84	147	66	94	89	114	79	125	49
0	0	0	0	0	0	0	0	0	0	0	0	0	0	0	0	0	0	0	0	0	0	0	0	0	0	0	0	0	0	0	0	0	0	0	0	0	0	0	0	0	0	0	0	0	0	0	0	0	0	0	0	0	0	0	0	0	0	0	0	0	0	0	0	0	0	0	0	0	0	0	0	0	0	0	0	0	0	0	0	0	101	88	83	43	31	20	108	83	194	204	36	91	66	75	50	79	28	57	17	111	123	74	93	156	97	143	129	141	123	82	142	65	73	116	101	88	148	51	140	101	164	118	77	37	45	153	33
0	0	0	0	0	0	0	0	0	0	0	0	0	0	0	0	0	0	0	0	0	0	0	0	0	0	0	0	0	0	0	0	0	0	0	0	0	0	0	0	0	0	0	0	0	0	0	0	0	0	0	0	0	0	0	0	0	0	0	0	0	0	0	0	0	0	0	0	0	0	0	0	0	0	0	0	0	0	0	0	0	0	134	178	117	49	100	60	103	145	64	98	120	162	133	27	146	113	177	139	181	49	4	158	130	192	51	176	46	139	65	46	139	55	55	55	118	50	115	193	70	128	78	130	180	147	193	59
0	0	0	0	0	0	0	0	0	0	0	0	0	0	0	0	0	0	0	0	0	0	0	0	0	0	0	0	0	0	0	0	0	0	0	0	0	0	0	0	0	0	0	0	0	0	0	0	0	0	0	0	0	0	0	0	0	0	0	0	0	0	0	0	0	0	0	0	0	0	0	0	0	0	0	0	0	0	0	0	0	0	0	149	163	60	160	107	156	8	75	148	70	109	163	177	187	71	69	143	137	90	101	166	107	99	65	85	146	130	33	137	99	198	156	46	68	41	117	140	86	84	27	117	62	119	66	17
0	0	0	0	0	0	0	0	0	0	0	0	0	0	0	0	0	0	0	0	0	0	0	0	0	0	0	0	0	0	0	0	0	0	0	0	0	0	0	0	0	0	0	0	0	0	0	0	0	0	0	0	0	0	0	0	0	0	0	0	0	0	0	0	0	0	0	0	0	0	0	0	0	0	0	0	0	0	0	0	0	0	0	0	68	108	148	77	95	89	157	70	82	101	133	102	100	142	65	69	98	170	47	136	68	78	129	167	144	51	193	115	128	152	109	88	72	165	103	157	147	140	165	113	174	73	141	46
0	0	0	0	0	0	0	0	0	0	0	0	0	0	0	0	0	0	0	0	0	0	0	0	0	0	0	0	0	0	0	0	0	0	0	0	0	0	0	0	0	0	0	0	0	0	0	0	0	0	0	0	0	0	0	0	0	0	0	0	0	0	0	0	0	0	0	0	0	0	0	0	0	0	0	0	0	0	0	0	0	0	0	0	0	103	97	95	97	89	127	75	152	170	156	123	97	43	119	103	74	93	162	76	138	87	30	146	116	81	46	138	56	180	143	175	96	207	58	92	49	62	118	149	149	161	113	176
0	0	0	0	0	0	0	0	0	0	0	0	0	0	0	0	0	0	0	0	0	0	0	0	0	0	0	0	0	0	0	0	0	0	0	0	0	0	0	0	0	0	0	0	0	0	0	0	0	0	0	0	0	0	0	0	0	0	0	0	0	0	0	0	0	0	0	0	0	0	0	0	0	0	0	0	0	0	0	0	0	0	0	0	0	0	113	162	156	108	105	163	105	36	46	130	114	89	67	157	24	81	175	138	193	114	122	155	171	73	101	60	122	146	147	166	92	109	133	135	161	162	120	58	194	67	83	96
0	0	0	0	0	0	0	0	0	0	0	0	0	0	0	0	0	0	0	0	0	0	0	0	0	0	0	0	0	0	0	0	0	0	0	0	0	0	0	0	0	0	0	0	0	0	0	0	0	0	0	0	0	0	0	0	0	0	0	0	0	0	0	0	0	0	0	0	0	0	0	0	0	0	0	0	0	0	0	0	0	0	0	0	0	0	0	192	91	75	125	161	70	149	137	110	79	95	115	107	49	17	32	121	134	154	69	20	12	86	142	43	92	136	22	37	17	151	110	157	86	87	94	93	130	128	129	71
0	0	0	0	0	0	0	0	0	0	0	0	0	0	0	0	0	0	0	0	0	0	0	0	0	0	0	0	0	0	0	0	0	0	0	0	0	0	0	0	0	0	0	0	0	0	0	0	0	0	0	0	0	0	0	0	0	0	0	0	0	0	0	0	0	0	0	0	0	0	0	0	0	0	0	0	0	0	0	0	0	0	0	0	0	0	0	0	101	144	119	113	53	81	157	113	146	111	88	81	90	35	124	153	102	32	156	108	164	117	15	192	160	57	44	148	181	107	57	74	146	119	172	103	103	90	145	106
0	0	0	0	0	0	0	0	0	0	0	0	0	0	0	0	0	0	0	0	0	0	0	0	0	0	0	0	0	0	0	0	0	0	0	0	0	0	0	0	0	0	0	0	0	0	0	0	0	0	0	0	0	0	0	0	0	0	0	0	0	0	0	0	0	0	0	0	0	0	0	0	0	0	0	0	0	0	0	0	0	0	0	0	0	0	0	0	0	69	36	22	103	110	115	143	169	102	75	92	206	194	49	113	86	126	149	61	173	56	197	94	105	105	44	32	102	127	134	73	43	88	159	128	125	173	46	135
0	0	0	0	0	0	0	0	0	0	0	0	0	0	0	0	0	0	0	0	0	0	0	0	0	0	0	0	0	0	0	0	0	0	0	0	0	0	0	0	0	0	0	0	0	0	0	0	0	0	0	0	0	0	0	0	0	0	0	0	0	0	0	0	0	0	0	0	0	0	0	0	0	0	0	0	0	0	0	0	0	0	0	0	0	0	0	0	0	0	130	147	109	166	95	148	140	123	64	68	201	108	188	152	96	26	199	111	114	122	60	63	161	40	99	23	117	116	101	52	185	175	91	97	62	164	110	145
0	0	0	0	0	0	0	0	0	0	0	0	0	0	0	0	0	0	0	0	0	0	0	0	0	0	0	0	0	0	0	0	0	0	0	0	0	0	0	0	0	0	0	0	0	0	0	0	0	0	0	0	0	0	0	0	0	0	0	0	0	0	0	0	0	0	0	0	0	0	0	0	0	0	0	0	0	0	0	0	0	0	0	0	0	0	0	0	0	0	0	34	185	113	111	41	137	192	178	88	135	73	35	101	140	144	60	83	129	103	201	183	139	122	138	79	113	125	114	174	134	166	158	110	136	97	164	68
0	0	0	0	0	0	0	0	0	0	0	0	0	0	0	0	0	0	0	0	0	0	0	0	0	0	0	0	0	0	0	0	0	0	0	0	0	0	0	0	0	0	0	0	0	0	0	0	0	0	0	0	0	0	0	0	0	0	0	0	0	0	0	0	0	0	0	0	0	0	0	0	0	0	0	0	0	0	0	0	0	0	0	0	0	0	0	0	0	0	0	0	144	58	64	96	24	49	117	156	149	77	107	117	50	187	73	81	106	40	159	176	145	68	124	200	157	31	74	89	55	163	130	84	162	51	156	167
0	0	0	0	0	0	0	0	0	0	0	0	0	0	0	0	0	0	0	0	0	0	0	0	0	0	0	0	0	0	0	0	0	0	0	0	0	0	0	0	0	0	0	0	0	0	0	0	0	0	0	0	0	0	0	0	0	0	0	0	0	0	0	0	0	0	0	0	0	0	0	0	0	0	0	0	0	0	0	0	0	0	0	0	0	0	0	0	0	0	0	0	0	116	172	116	127	145	165	157	146	185	72	66	173	115	193	122	131	106	174	113	126	60	152	67	55	60	35	190	125	160	74	133	123	198	85	183
0	0	0	0	0	0	0	0	0	0	0	0	0	0	0	0	0	0	0	0	0	0	0	0	0	0	0	0	0	0	0	0	0	0	0	0	0	0	0	0	0	0	0	0	0	0	0	0	0	0	0	0	0	0	0	0	0	0	0	0	0	0	0	0	0	0	0	0	0	0	0	0	0	0	0	0	0	0	0	0	0	0	0	0	0	0	0	0	0	0	0	0	0	0	132	116	61	124	169	46	153	174	47	55	71	33	88	118	140	87	111	74	69	158	84	204	113	149	189	162	182	50	51	146	161	122	85	64
0	0	0	0	0	0	0	0	0	0	0	0	0	0	0	0	0	0	0	0	0	0	0	0	0	0	0	0	0	0	0	0	0	0	0	0	0	0	0	0	0	0	0	0	0	0	0	0	0	0	0	0	0	0	0	0	0	0	0	0	0	0	0	0	0	0	0	0	0	0	0	0	0	0	0	0	0	0	0	0	0	0	0	0	0	0	0	0	0	0	0	0	0	0	0	147	194	55	111	93	215	58	82	85	105	137	196	73	133	81	150	50	156	48	10	73	118	133	160	68	72	145	118	132	69	163	103	78
0	0	0	0	0	0	0	0	0	0	0	0	0	0	0	0	0	0	0	0	0	0	0	0	0	0	0	0	0	0	0	0	0	0	0	0	0	0	0	0	0	0	0	0	0	0	0	0	0	0	0	0	0	0	0	0	0	0	0	0	0	0	0	0	0	0	0	0	0	0	0	0	0	0	0	0	0	0	0	0	0	0	0	0	0	0	0	0	0	0	0	0	0	0	0	0	79	150	6	81	132	101	132	200	135	92	101	172	139	92	81	149	116	178	69	115	48	129	184	102	86	107	82	56	137	69	153	150
0	0	0	0	0	0	0	0	0	0	0	0	0	0	0	0	0	0	0	0	0	0	0	0	0	0	0	0	0	0	0	0	0	0	0	0	0	0	0	0	0	0	0	0	0	0	0	0	0	0	0	0	0	0	0	0	0	0	0	0	0	0	0	0	0	0	0	0	0	0	0	0	0	0	0	0	0	0	0	0	0	0	0	0	0	0	0	0	0	0	0	0	0	0	0	0	0	133	156	131	58	109	83	121	64	86	95	151	128	110	140	77	66	106	109	113	118	129	192	144	90	164	165	86	127	179	107	51
0	0	0	0	0	0	0	0	0	0	0	0	0	0	0	0	0	0	0	0	0	0	0	0	0	0	0	0	0	0	0	0	0	0	0	0	0	0	0	0	0	0	0	0	0	0	0	0	0	0	0	0	0	0	0	0	0	0	0	0	0	0	0	0	0	0	0	0	0	0	0	0	0	0	0	0	0	0	0	0	0	0	0	0	0	0	0	0	0	0	0	0	0	0	0	0	0	0	150	102	64	58	147	89	100	67	219	62	161	104	156	153	92	83	111	92	89	176	161	42	80	122	126	128	82	118	167	173
0	0	0	0	0	0	0	0	0	0	0	0	0	0	0	0	0	0	0	0	0	0	0	0	0	0	0	0	0	0	0	0	0	0	0	0	0	0	0	0	0	0	0	0	0	0	0	0	0	0	0	0	0	0	0	0	0	0	0	0	0	0	0	0	0	0	0	0	0	0	0	0	0	0	0	0	0	0	0	0	0	0	0	0	0	0	0	0	0	0	0	0	0	0	0	0	0	0	0	104	170	133	78	176	100	148	197	175	98	188	168	162	177	188	103	65	43	92	215	185	21	170	53	85	141	124	110	97
0	0	0	0	0	0	0	0	0	0	0	0	0	0	0	0	0	0	0	0	0	0	0	0	0	0	0	0	0	0	0	0	0	0	0	0	0	0	0	0	0	0	0	0	0	0	0	0	0	0	0	0	0	0	0	0	0	0	0	0	0	0	0	0	0	0	0	0	0	0	0	0	0	0	0	0	0	0	0	0	0	0	0	0	0	0	0	0	0	0	0	0	0	0	0	0	0	0	0	0	189	136	158	199	111	159	136	120	91	86	51	29	109	175	32	137	106	162	110	11	137	96	33	179	126	98	75	133
0	0	0	0	0	0	0	0	0	0	0	0	0	0	0	0	0	0	0	0	0	0	0	0	0	0	0	0	0	0	0	0	0	0	0	0	0	0	0	0	0	0	0	0	0	0	0	0	0	0	0	0	0	0	0	0	0	0	0	0	0	0	0	0	0	0	0	0	0	0	0	0	0	0	0	0	0	0	0	0	0	0	0	0	0	0	0	0	0	0	0	0	0	0	0	0	0	0	0	0	0	135	61	101	44	90	90	119	84	76	35	162	105	59	139	47	136	66	213	109	122	109	78	137	86	81	159	121
0	0	0	0	0	0	0	0	0	0	0	0	0	0	0	0	0	0	0	0	0	0	0	0	0	0	0	0	0	0	0	0	0	0	0	0	0	0	0	0	0	0	0	0	0	0	0	0	0	0	0	0	0	0	0	0	0	0	0	0	0	0	0	0	0	0	0	0	0	0	0	0	0	0	0	0	0	0	0	0	0	0	0	0	0	0	0	0	0	0	0	0	0	0	0	0	0	0	0	0	0	0	200	138	105	53	82	91	47	79	29	50	158	180	189	187	220	169	51	65	200	68	163	116	117	114	96	117
0	0	0	0	0	0	0	0	0	0	0	0	0	0	0	0	0	0	0	0	0	0	0	0	0	0	0	0	0	0	0	0	0	0	0	0	0	0	0	0	0	0	0	0	0	0	0	0	0	0	0	0	0	0	0	0	0	0	0	0	0	0	0	0	0	0	0	0	0	0	0	0	0	0	0	0	0	0	0	0	0	0	0	0	0	0	0	0	0	0	0	0	0	0	0	0	0	0	0	0	0	0	0	79	23	165	96	75	159	113	149	105	56	132	227	176	71	107	184	102	174	136	152	130	90	109	102	68
0	0	0	0	0	0	0	0	0	0	0	0	0	0	0	0	0	0	0	0	0	0	0	0	0	0	0	0	0	0	0	0	0	0	0	0	0	0	0	0	0	0	0	0	0	0	0	0	0	0	0	0	0	0	0	0	0	0	0	0	0	0	0	0	0	0	0	0	0	0	0	0	0	0	0	0	0	0	0	0	0	0	0	0	0	0	0	0	0	0	0	0	0	0	0	0	0	0	0	0	0	0	0	0	64	111	57	146	88	71	209	41	152	72	118	109	157	24	185	145	128	154	120	133	198	103	27	225
0	0	0	0	0	0	0	0	0	0	0	0	0	0	0	0	0	0	0	0	0	0	0	0	0	0	0	0	0	0	0	0	0	0	0	0	0	0	0	0	0	0	0	0	0	0	0	0	0	0	0	0	0	0	0	0	0	0	0	0	0	0	0	0	0	0	0	0	0	0	0	0	0	0	0	0	0	0	0	0	0	0	0	0	0	0	0	0	0	0	0	0	0	0	0	0	0	0	0	0	0	0	0	0	0	65	119	129	72	90	165	85	9	112	199	113	15	31	156	57	65	122	85	49	178	73	86	93
0	0	0	0	0	0	0	0	0	0	0	0	0	0	0	0	0	0	0	0	0	0	0	0	0	0	0	0	0	0	0	0	0	0	0	0	0	0	0	0	0	0	0	0	0	0	0	0	0	0	0	0	0	0	0	0	0	0	0	0	0	0	0	0	0	0	0	0	0	0	0	0	0	0	0	0	0	0	0	0	0	0	0	0	0	0	0	0	0	0	0	0	0	0	0	0	0	0	0	0	0	0	0	0	0	0	111	137	115	120	84	123	163	104	152	116	123	120	148	165	42	114	128	125	116	104	117	153
0	0	0	0	0	0	0	0	0	0	0	0	0	0	0	0	0	0	0	0	0	0	0	0	0	0	0	0	0	0	0	0	0	0	0	0	0	0	0	0	0	0	0	0	0	0	0	0	0	0	0	0	0	0	0	0	0	0	0	0	0	0	0	0	0	0	0	0	0	0	0	0	0	0	0	0	0	0	0	0	0	0	0	0	0	0	0	0	0	0	0	0	0	0	0	0	0	0	0	0	0	0	0	0	0	0	0	218	32	103	36	158	57	208	68	94	122	43	78	136	83	133	134	78	102	183	225	172
0	0	0	0	0	0	0	0	0	0	0	0	0	0	0	0	0	0	0	0	0	0	0	0	0	0	0	0	0	0	0	0	0	0	0	0	0	0	0	0	0	0	0	0	0	0	0	0	0	0	0	0	0	0	0	0	0	0	0	0	0	0	0	0	0	0	0	0	0	0	0	0	0	0	0	0	0	0	0	0	0	0	0	0	0	0	0	0	0	0	0	0	0	0	0	0	0	0	0	0	0	0	0	0	0	0	0	0	163	130	160	184	152	148	213	67	100	147	72	167	97	173	92	201	166	121	143	97
0	0	0	0	0	0	0	0	0	0	0	0	0	0	0	0	0	0	0	0	0	0	0	0	0	0	0	0	0	0	0	0	0	0	0	0	0	0	0	0	0	0	0	0	0	0	0	0	0	0	0	0	0	0	0	0	0	0	0	0	0	0	0	0	0	0	0	0	0	0	0	0	0	0	0	0	0	0	0	0	0	0	0	0	0	0	0	0	0	0	0	0	0	0	0	0	0	0	0	0	0	0	0	0	0	0	0	0	0	131	163	134	182	116	58	171	137	98	74	156	49	105	166	66	68	130	51	219
0	0	0	0	0	0	0	0	0	0	0	0	0	0	0	0	0	0	0	0	0	0	0	0	0	0	0	0	0	0	0	0	0	0	0	0	0	0	0	0	0	0	0	0	0	0	0	0	0	0	0	0	0	0	0	0	0	0	0	0	0	0	0	0	0	0	0	0	0	0	0	0	0	0	0	0	0	0	0	0	0	0	0	0	0	0	0	0	0	0	0	0	0	0	0	0	0	0	0	0	0	0	0	0	0	0	0	0	0	0	116	58	134	20	177	174	107	112	83	135	196	131	154	125	30	91	131	119
0	0	0	0	0	0	0	0	0	0	0	0	0	0	0	0	0	0	0	0	0	0	0	0	0	0	0	0	0	0	0	0	0	0	0	0	0	0	0	0	0	0	0	0	0	0	0	0	0	0	0	0	0	0	0	0	0	0	0	0	0	0	0	0	0	0	0	0	0	0	0	0	0	0	0	0	0	0	0	0	0	0	0	0	0	0	0	0	0	0	0	0	0	0	0	0	0	0	0	0	0	0	0	0	0	0	0	0	0	0	0	227	121	180	30	80	165	125	98	170	115	77	89	128	155	210	40	163
0	0	0	0	0	0	0	0	0	0	0	0	0	0	0	0	0	0	0	0	0	0	0	0	0	0	0	0	0	0	0	0	0	0	0	0	0	0	0	0	0	0	0	0	0	0	0	0	0	0	0	0	0	0	0	0	0	0	0	0	0	0	0	0	0	0	0	0	0	0	0	0	0	0	0	0	0	0	0	0	0	0	0	0	0	0	0	0	0	0	0	0	0	0	0	0	0	0	0	0	0	0	0	0	0	0	0	0	0	0	0	0	43	82	42	32	205	112	118	36	107	89	150	175	184	172	112	134
0	0	0	0	0	0	0	0	0	0	0	0	0	0	0	0	0	0	0	0	0	0	0	0	0	0	0	0	0	0	0	0	0	0	0	0	0	0	0	0	0	0	0	0	0	0	0	0	0	0	0	0	0	0	0	0	0	0	0	0	0	0	0	0	0	0	0	0	0	0	0	0	0	0	0	0	0	0	0	0	0	0	0	0	0	0	0	0	0	0	0	0	0	0	0	0	0	0	0	0	0	0	0	0	0	0	0	0	0	0	0	0	0	76	63	109	141	125	89	84	51	57	217	131	108	86	45	145
0	0	0	0	0	0	0	0	0	0	0	0	0	0	0	0	0	0	0	0	0	0	0	0	0	0	0	0	0	0	0	0	0	0	0	0	0	0	0	0	0	0	0	0	0	0	0	0	0	0	0	0	0	0	0	0	0	0	0	0	0	0	0	0	0	0	0	0	0	0	0	0	0	0	0	0	0	0	0	0	0	0	0	0	0	0	0	0	0	0	0	0	0	0	0	0	0	0	0	0	0	0	0	0	0	0	0	0	0	0	0	0	0	0	182	88	86	126	175	12	69	24	197	96	104	184	115	175
0	0	0	0	0	0	0	0	0	0	0	0	0	0	0	0	0	0	0	0	0	0	0	0	0	0	0	0	0	0	0	0	0	0	0	0	0	0	0	0	0	0	0	0	0	0	0	0	0	0	0	0	0	0	0	0	0	0	0	0	0	0	0	0	0	0	0	0	0	0	0	0	0	0	0	0	0	0	0	0	0	0	0	0	0	0	0	0	0	0	0	0	0	0	0	0	0	0	0	0	0	0	0	0	0	0	0	0	0	0	0	0	0	0	0	4	61	155	153	177	68	129	144	101	160	168	135	61
0	0	0	0	0	0	0	0	0	0	0	0	0	0	0	0	0	0	0	0	0	0	0	0	0	0	0	0	0	0	0	0	0	0	0	0	0	0	0	0	0	0	0	0	0	0	0	0	0	0	0	0	0	0	0	0	0	0	0	0	0	0	0	0	0	0	0	0	0	0	0	0	0	0	0	0	0	0	0	0	0	0	0	0	0	0	0	0	0	0	0	0	0	0	0	0	0	0	0	0	0	0	0	0	0	0	0	0	0	0	0	0	0	0	0	0	123	113	98	212	43	148	141	183	49	198	90	49
0	0	0	0	0	0	0	0	0	0	0	0	0	0	0	0	0	0	0	0	0	0	0	0	0	0	0	0	0	0	0	0	0	0	0	0	0	0	0	0	0	0	0	0	0	0	0	0	0	0	0	0	0	0	0	0	0	0	0	0	0	0	0	0	0	0	0	0	0	0	0	0	0	0	0	0	0	0	0	0	0	0	0	0	0	0	0	0	0	0	0	0	0	0	0	0	0	0	0	0	0	0	0	0	0	0	0	0	0	0	0	0	0	0	0	0	0	15	140	31	121	96	55	165	162	150	117	137
0	0	0	0	0	0	0	0	0	0	0	0	0	0	0	0	0	0	0	0	0	0	0	0	0	0	0	0	0	0	0	0	0	0	0	0	0	0	0	0	0	0	0	0	0	0	0	0	0	0	0	0	0	0	0	0	0	0	0	0	0	0	0	0	0	0	0	0	0	0	0	0	0	0	0	0	0	0	0	0	0	0	0	0	0	0	0	0	0	0	0	0	0	0	0	0	0	0	0	0	0	0	0	0	0	0	0	0	0	0	0	0	0	0	0	0	0	0	136	120	101	152	193	126	132	152	125	146
0	0	0	0	0	0	0	0	0	0	0	0	0	0	0	0	0	0	0	0	0	0	0	0	0	0	0	0	0	0	0	0	0	0	0	0	0	0	0	0	0	0	0	0	0	0	0	0	0	0	0	0	0	0	0	0	0	0	0	0	0	0	0	0	0	0	0	0	0	0	0	0	0	0	0	0	0	0	0	0	0	0	0	0	0	0	0	0	0	0	0	0	0	0	0	0	0	0	0	0	0	0	0	0	0	0	0	0	0	0	0	0	0	0	0	0	0	0	0	129	105	114	84	189	36	186	204	133
0	0	0	0	0	0	0	0	0	0	0	0	0	0	0	0	0	0	0	0	0	0	0	0	0	0	0	0	0	0	0	0	0	0	0	0	0	0	0	0	0	0	0	0	0	0	0	0	0	0	0	0	0	0	0	0	0	0	0	0	0	0	0	0	0	0	0	0	0	0	0	0	0	0	0	0	0	0	0	0	0	0	0	0	0	0	0	0	0	0	0	0	0	0	0	0	0	0	0	0	0	0	0	0	0	0	0	0	0	0	0	0	0	0	0	0	0	0	0	0	67	132	49	204	143	143	95	58
0	0	0	0	0	0	0	0	0	0	0	0	0	0	0	0	0	0	0	0	0	0	0	0	0	0	0	0	0	0	0	0	0	0	0	0	0	0	0	0	0	0	0	0	0	0	0	0	0	0	0	0	0	0	0	0	0	0	0	0	0	0	0	0	0	0	0	0	0	0	0	0	0	0	0	0	0	0	0	0	0	0	0	0	0	0	0	0	0	0	0	0	0	0	0	0	0	0	0	0	0	0	0	0	0	0	0	0	0	0	0	0	0	0	0	0	0	0	0	0	0	96	104	109	105	127	151	126
0	0	0	0	0	0	0	0	0	0	0	0	0	0	0	0	0	0	0	0	0	0	0	0	0	0	0	0	0	0	0	0	0	0	0	0	0	0	0	0	0	0	0	0	0	0	0	0	0	0	0	0	0	0	0	0	0	0	0	0	0	0	0	0	0	0	0	0	0	0	0	0	0	0	0	0	0	0	0	0	0	0	0	0	0	0	0	0	0	0	0	0	0	0	0	0	0	0	0	0	0	0	0	0	0	0	0	0	0	0	0	0	0	0	0	0	0	0	0	0	0	0	99	126	166	125	106	150
0	0	0	0	0	0	0	0	0	0	0	0	0	0	0	0	0	0	0	0	0	0	0	0	0	0	0	0	0	0	0	0	0	0	0	0	0	0	0	0	0	0	0	0	0	0	0	0	0	0	0	0	0	0	0	0	0	0	0	0	0	0	0	0	0	0	0	0	0	0	0	0	0	0	0	0	0	0	0	0	0	0	0	0	0	0	0	0	0	0	0	0	0	0	0	0	0	0	0	0	0	0	0	0	0	0	0	0	0	0	0	0	0	0	0	0	0	0	0	0	0	0	0	115	128	121	118	67
0	0	0	0	0	0	0	0	0	0	0	0	0	0	0	0	0	0	0	0	0	0	0	0	0	0	0	0	0	0	0	0	0	0	0	0	0	0	0	0	0	0	0	0	0	0	0	0	0	0	0	0	0	0	0	0	0	0	0	0	0	0	0	0	0	0	0	0	0	0	0	0	0	0	0	0	0	0	0	0	0	0	0	0	0	0	0	0	0	0	0	0	0	0	0	0	0	0	0	0	0	0	0	0	0	0	0	0	0	0	0	0	0	0	0	0	0	0	0	0	0	0	0	0	66	155	95	117
0	0	0	0	0	0	0	0	0	0	0	0	0	0	0	0	0	0	0	0	0	0	0	0	0	0	0	0	0	0	0	0	0	0	0	0	0	0	0	0	0	0	0	0	0	0	0	0	0	0	0	0	0	0	0	0	0	0	0	0	0	0	0	0	0	0	0	0	0	0	0	0	0	0	0	0	0	0	0	0	0	0	0	0	0	0	0	0	0	0	0	0	0	0	0	0	0	0	0	0	0	0	0	0	0	0	0	0	0	0	0	0	0	0	0	0	0	0	0	0	0	0	0	0	0	145	88	158
0	0	0	0	0	0	0	0	0	0	0	0	0	0	0	0	0	0	0	0	0	0	0	0	0	0	0	0	0	0	0	0	0	0	0	0	0	0	0	0	0	0	0	0	0	0	0	0	0	0	0	0	0	0	0	0	0	0	0	0	0	0	0	0	0	0	0	0	0	0	0	0	0	0	0	0	0	0	0	0	0	0	0	0	0	0	0	0	0	0	0	0	0	0	0	0	0	0	0	0	0	0	0	0	0	0	0	0	0	0	0	0	0	0	0	0	0	0	0	0	0	0	0	0	0	0	46	112
0	0	0	0	0	0	0	0	0	0	0	0	0	0	0	0	0	0	0	0	0	0	0	0	0	0	0	0	0	0	0	0	0	0	0	0	0	0	0	0	0	0	0	0	0	0	0	0	0	0	0	0	0	0	0	0	0	0	0	0	0	0	0	0	0	0	0	0	0	0	0	0	0	0	0	0	0	0	0	0	0	0	0	0	0	0	0	0	0	0	0	0	0	0	0	0	0	0	0	0	0	0	0	0	0	0	0	0	0	0	0	0	0	0	0	0	0	0	0	0	0	0	0	0	0	0	0	114
0	0	0	0	0	0	0	0	0	0	0	0	0	0	0	0	0	0	0	0	0	0	0	0	0	0	0	0	0	0	0	0	0	0	0	0	0	0	0	0	0	0	0	0	0	0	0	0	0	0	0	0	0	0	0	0	0	0	0	0	0	0	0	0	0	0	0	0	0	0	0	0	0	0	0	0	0	0	0	0	0	0	0	0	0	0	0	0	0	0	0	0	0	0	0	0	0	0	0	0	0	0	0	0	0	0	0	0	0	0	0	0	0	0	0	0	0	0	0	0	0	0	0	0	0	0	0	0