0	112	12	129	108	86	43	55	77	125	83	83	62	53	129	23	57	98	66	117	111	26	91	54	30	15	125	20	41	69	122	56	19	107	71	97	16	126	34	48	35	70	3	47	17	3	81	116	67	21	78	14	21	103	107	6	22	55	51	6	129	8	74	87	87	54	55	31	84	119	126	23	16	14	129	65	75	87	108	37	76	22	44	53	82	111	17	30	99	27	55	105	52	5	52	79	81	52	26	103	15	30	107	50	46	85	31	46	95	102	60	101	129	118	50	95	67	25	6	127	18	122	19	121	14	129	126	122
0	0	54	114	30	121	47	75	68	37	70	66	6	87	62	55	89	73	72	34	53	52	101	70	7	110	104	103	29	55	46	9	74	43	108	103	106	82	123	13	65	23	128	114	31	92	33	19	54	84	58	23	124	123	58	78	37	119	65	24	60	53	130	42	53	52	95	128	39	122	11	51	38	36	23	73	64	86	84	52	82	52	6	26	14	18	125	121	124	119	71	122	24	38	128	44	116	35	17	108	80	55	129	51	129	127	90	48	41	105	100	126	121	90	59	20	130	48	106	41	103	19	49	66	64	36	36	114
0	0	0	125	22	31	81	104	27	81	40	38	99	54	44	64	22	44	12	48	112	50	113	114	5	74	113	28	102	85	117	43	105	109	28	44	49	73	116	7	38	4	18	115	88	41	102	4	22	41	62	122	87	91	90	46	48	70	65	86	74	41	87	50	104	85	33	52	61	41	96	76	15	118	83	62	37	129	127	51	7	99	84	70	103	78	39	130	77	4	72	110	111	84	36	85	114	78	27	84	39	13	79	75	92	66	123	9	96	102	129	24	24	44	99	6	64	36	75	38	45	80	11	100	76	99	4	45
0	0	0	0	35	101	4	123	81	113	9	96	16	30	34	75	114	97	7	59	19	65	53	55	59	109	67	29	103	79	78	22	41	126	99	112	15	56	45	37	73	55	21	114	37	124	104	79	36	86	108	107	75	64	40	30	23	5	63	35	14	97	95	102	125	24	101	120	56	40	5	126	13	89	7	36	44	17	93	4	12	115	56	3	118	130	112	107	49	49	96	73	79	58	111	113	24	72	13	97	83	26	35	79	42	107	85	84	37	100	75	50	119	28	118	6	94	118	15	109	123	47	24	89	35	96	44	87
0	0	0	0	0	131	96	87	8	77	59	57	86	112	97	107	30	45	100	114	122	36	35	18	115	24	53	54	106	83	39	111	114	62	59	100	75	10	61	118	55	112	75	78	23	130	38	123	67	73	91	95	96	22	101	9	88	9	29	76	60	113	98	93	117	74	124	29	10	85	126	78	6	6	32	94	39	102	63	18	102	56	106	96	70	68	24	49	24	61	105	124	37	53	31	28	46	83	125	59	54	125	5	55	37	48	42	41	24	4	68	16	97	15	47	13	50	69	56	89	90	87	36	119	126	50	95	47
0	0	0	0	0	0	130	76	40	8	16	117	78	117	51	10	65	60	51	43	40	10	133	52	104	130	75	30	16	125	129	33	24	20	31	77	4	67	83	56	23	33	89	121	36	98	50	92	9	92	19	6	113	106	8	32	33	59	65	62	127	5	89	98	48	69	63	54	56	97	106	67	32	119	97	128	82	129	42	45	100	17	78	82	67	14	62	53	75	40	28	31	7	9	70	123	70	116	130	130	68	100	63	85	85	116	130	124	46	26	20	55	93	61	109	18	21	31	102	33	85	20	66	99	21	74	40	52
0	0	0	0	0	0	0	54	128	126	33	51	71	65	25	35	62	80	63	113	118	110	8	56	129	89	83	92	74	127	20	55	128	84	120	114	111	28	112	63	23	120	22	42	126	111	25	63	49	99	115	113	113	96	4	107	42	25	92	36	118	88	55	58	58	63	38	122	39	80	121	30	83	71	49	133	96	3	86	70	51	74	23	28	96	77	39	34	28	107	36	96	74	132	104	123	21	5	101	15	80	7	125	63	91	77	19	117	74	94	105	15	42	56	124	67	63	20	29	123	111	96	118	126	97	29	53	45
0	0	0	0	0	0	0	0	10	119	34	41	106	87	130	129	65	98	105	27	59	104	117	105	90	48	72	24	90	13	112	81	45	96	104	16	111	14	11	128	129	111	120	65	65	10	35	85	112	48	50	50	42	121	9	68	96	119	48	105	35	40	67	12	126	119	23	9	67	71	50	79	12	53	124	123	48	78	30	104	11	35	94	80	77	37	134	13	69	67	64	75	62	92	14	131	26	118	85	42	47	46	87	130	23	73	93	18	15	63	122	95	127	22	94	6	113	25	49	114	59	60	87	88	129	87	104	39
0	0	0	0	0	0	0	0	0	122	89	86	114	18	42	131	82	122	38	39	128	96	55	58	128	99	28	21	113	102	86	36	95	9	46	107	39	37	70	62	68	72	47	126	117	122	39	88	45	102	20	105	39	92	70	31	21	66	18	94	41	30	73	78	101	109	43	105	50	98	29	134	64	10	128	95	11	103	6	104	14	5	113	45	103	63	82	34	124	65	48	20	42	91	21	27	76	71	80	14	27	122	46	29	54	31	43	70	37	74	5	60	118	93	112	28	119	119	123	133	5	83	82	105	99	16	122	71
0	0	0	0	0	0	0	0	0	0	64	69	36	22	77	67	80	101	37	47	109	39	15	90	123	76	80	107	54	22	109	24	118	14	77	91	61	15	111	89	62	51	37	30	15	31	55	27	42	34	127	18	39	93	40	5	117	56	31	77	61	88	102	59	14	54	107	132	66	40	41	43	37	127	99	47	133	66	41	59	111	113	124	20	112	131	134	17	95	38	87	13	57	16	92	59	108	55	10	73	105	4	61	84	88	127	129	100	48	107	25	10	120	87	72	57	42	78	20	120	125	48	119	108	74	123	64	49
0	0	0	0	0	0	0	0	0	0	0	122	43	110	68	35	21	87	113	29	82	38	99	85	19	76	128	118	131	70	54	102	83	67	81	112	39	89	64	12	96	102	44	128	25	109	132	129	27	76	115	29	90	36	89	108	23	91	10	42	104	90	88	75	39	51	35	106	89	95	133	105	115	90	99	30	52	29	106	19	115	112	15	9	63	40	125	58	44	80	71	23	86	111	118	10	99	100	71	60	84	31	57	108	24	73	33	42	62	80	95	80	119	88	64	26	75	30	93	60	44	116	109	41	29	46	64	20
0	0	0	0	0	0	0	0	0	0	0	0	48	65	98	48	115	61	58	68	76	55	23	112	108	106	76	86	107	19	31	36	61	12	12	80	34	55	47	64	5	46	104	47	90	22	75	81	68	58	127	66	55	106	74	91	79	76	54	33	32	80	113	21	82	124	91	6	73	46	22	11	134	46	30	80	122	39	50	52	22	74	111	40	16	43	58	116	18	45	81	44	110	121	78	73	50	135	78	56	121	97	26	24	115	114	120	78	65	13	23	69	42	58	108	120	135	74	29	56	87	84	115	36	115	10	43	123
0	0	0	0	0	0	0	0	0	0	0	0	0	41	105	34	9	17	119	117	128	106	35	34	48	107	69	122	123	117	49	114	81	36	8	84	30	69	110	42	98	20	128	78	90	13	87	68	56	60	52	39	19	99	124	129	14	78	39	44	47	101	35	66	27	74	65	124	101	90	46	90	11	99	29	15	111	9	92	102	77	36	12	18	78	45	43	28	61	101	107	25	45	18	35	122	18	103	108	61	86	128	111	113	36	38	42	16	24	93	22	104	34	41	50	54	64	130	76	11	110	19	55	41	53	82	15	70
0	0	0	0	0	0	0	0	0	0	0	0	0	0	25	34	112	20	14	68	111	87	83	19	100	108	126	39	111	120	11	39	73	50	71	107	75	121	113	11	54	22	16	32	120	49	9	35	132	107	80	24	115	130	67	85	27	61	75	34	103	65	69	114	60	37	78	50	47	77	24	90	16	100	121	43	126	65	132	113	31	103	8	58	107	107	109	77	88	67	32	100	42	68	128	109	113	86	29	77	14	38	48	89	17	14	95	124	41	66	26	76	129	125	29	99	28	59	73	28	34	18	118	27	126	131	102	64
0	0	0	0	0	0	0	0	0	0	0	0	0	0	0	76	113	76	119	132	85	9	41	89	41	115	17	130	45	38	25	32	92	123	136	137	52	133	86	77	90	123	127	47	22	110	122	95	42	128	17	71	41	123	31	33	14	126	140	12	126	124	47	126	51	34	106	11	92	16	104	14	55	72	100	70	128	30	84	85	55	123	111	68	20	60	42	102	4	38	114	78	31	23	36	96	82	10	77	83	43	92	131	102	85	30	104	80	45	70	6	125	34	84	115	113	130	97	77	31	48	68	56	120	56	90	125	64
0	0	0	0	0	0	0	0	0	0	0	0	0	0	0	0	107	111	114	135	31	69	42	23	21	57	19	3	69	20	64	76	26	13	83	57	78	96	82	19	59	41	78	85	118	120	107	111	136	111	24	30	59	122	24	77	25	81	115	111	126	131	81	42	11	102	111	78	131	57	80	92	64	103	97	16	43	69	66	125	96	47	126	31	94	37	92	67	27	105	27	100	73	40	131	101	12	78	61	20	75	62	68	88	109	54	86	71	127	30	117	49	62	39	45	22	91	81	71	25	35	9	117	88	93	120	16	98
0	0	0	0	0	0	0	0	0	0	0	0	0	0	0	0	0	54	103	131	23	88	26	73	114	27	26	95	87	132	19	110	57	44	120	24	95	66	20	96	116	27	118	41	127	42	36	92	50	35	21	94	18	121	35	78	82	71	28	27	113	63	129	75	101	132	53	83	100	119	48	18	56	43	135	22	87	81	85	133	87	31	86	97	24	78	48	92	51	75	53	78	80	33	26	110	128	139	99	28	9	122	88	108	14	96	52	118	24	46	130	121	44	104	97	50	131	47	56	104	26	80	81	130	120	136	31	82
0	0	0	0	0	0	0	0	0	0	0	0	0	0	0	0	0	0	125	76	84	48	10	110	19	73	40	38	63	72	40	71	27	132	74	123	121	86	133	62	83	63	122	94	100	87	42	88	103	103	55	84	128	136	72	34	83	40	18	118	77	82	93	110	122	16	23	110	58	92	61	5	100	81	23	57	25	5	12	82	74	55	130	111	52	111	79	70	52	63	22	117	34	79	38	20	90	77	140	98	121	48	10	93	88	37	124	110	129	133	89	84	29	109	96	121	85	39	10	37	56	16	95	82	25	144	19	76
0	0	0	0	0	0	0	0	0	0	0	0	0	0	0	0	0	0	0	102	124	80	16	6	117	72	31	23	43	21	97	13	12	28	103	115	64	32	119	114	78	101	34	130	5	30	34	88	93	77	17	16	15	50	97	21	104	114	51	36	98	44	121	79	111	21	88	125	116	106	79	41	88	43	55	126	88	27	64	37	78	123	28	100	129	100	95	65	134	45	18	48	95	98	76	84	128	99	49	133	46	122	28	57	76	38	35	101	45	13	9	108	121	125	91	51	25	25	36	18	57	113	82	14	88	130	18	96
0	0	0	0	0	0	0	0	0	0	0	0	0	0	0	0	0	0	0	0	13	56	83	77	133	82	15	118	75	38	107	54	12	39	101	96	39	100	70	61	131	40	128	10	102	71	84	134	118	35	141	27	24	32	123	91	85	107	69	128	36	77	112	120	121	72	52	54	31	122	92	51	80	87	27	80	108	49	40	62	91	58	35	130	28	43	65	141	15	134	48	44	26	8	26	86	133	95	124	61	9	82	46	71	54	89	62	134	54	130	109	133	58	103	73	103	50	15	121	114	74	44	58	124	41	119	113	116
0	0	0	0	0	0	0	0	0	0	0	0	0	0	0	0	0	0	0	0	0	98	46	143	84	64	131	69	94	67	137	115	18	25	33	85	142	133	15	78	85	113	108	44	79	60	119	78	63	99	61	102	102	42	123	118	69	18	19	93	83	23	134	115	37	140	135	75	86	74	130	52	31	68	113	128	17	21	140	105	96	28	17	57	58	48	141	47	57	57	110	131	88	46	129	71	33	37	66	101	76	55	36	8	57	43	105	58	69	33	87	71	35	36	60	94	47	76	87	60	67	21	67	117	121	49	77	86
0	0	0	0	0	0	0	0	0	0	0	0	0	0	0	0	0	0	0	0	0	0	58	17	98	29	78	74	20	25	138	47	74	103	85	92	96	72	102	135	61	120	84	51	46	108	58	22	41	60	97	68	132	25	116	115	135	48	104	85	33	113	111	69	32	98	14	66	30	94	135	137	41	118	89	43	129	117	84	106	34	44	44	135	42	69	130	93	148	87	18	23	93	58	49	17	36	63	42	127	103	135	37	30	129	52	61	23	129	116	15	91	43	28	45	130	147	128	79	146	138	97	145	79	40	106	72	135
0	0	0	0	0	0	0	0	0	0	0	0	0	0	0	0	0	0	0	0	0	0	0	133	43	124	75	87	110	55	113	12	16	139	144	42	75	79	51	45	91	85	108	41	69	21	136	125	136	108	64	42	93	86	98	113	47	55	63	113	52	83	41	47	10	151	121	136	64	104	17	23	75	20	85	32	118	51	45	22	53	117	103	61	126	30	24	101	98	132	35	118	30	69	133	145	28	29	49	99	129	136	70	119	15	118	13	68	62	115	128	45	94	43	85	124	112	41	105	17	106	21	22	45	51	83	55	39
0	0	0	0	0	0	0	0	0	0	0	0	0	0	0	0	0	0	0	0	0	0	0	0	39	41	65	139	115	91	91	91	139	53	136	58	34	82	57	146	116	55	121	21	40	135	84	53	117	72	33	106	78	102	136	136	129	66	146	137	49	53	130	76	68	75	15	113	70	48	121	74	23	132	97	38	124	29	133	45	128	26	110	102	37	21	64	9	45	75	27	20	64	30	55	63	119	109	110	131	39	61	67	138	88	97	53	8	140	72	121	111	26	35	103	29	105	36	121	83	105	111	48	44	87	105	76	26
0	0	0	0	0	0	0	0	0	0	0	0	0	0	0	0	0	0	0	0	0	0	0	0	0	24	92	44	34	68	26	106	55	54	130	145	76	36	18	42	103	137	12	148	27	139	39	35	49	30	125	108	79	110	118	128	130	47	35	108	129	92	94	144	84	24	72	118	72	39	135	133	110	56	79	12	40	79	128	29	94	58	30	42	103	12	144	6	82	14	108	85	92	89	93	101	104	85	54	32	71	82	65	141	62	52	69	83	12	115	129	80	32	50	46	63	62	126	130	131	63	105	113	52	100	52	123	22
0	0	0	0	0	0	0	0	0	0	0	0	0	0	0	0	0	0	0	0	0	0	0	0	0	0	32	19	83	85	132	38	78	125	40	113	20	33	124	11	16	3	77	125	128	96	84	14	120	12	86	128	96	106	22	20	120	109	42	145	89	62	115	118	101	55	91	126	106	117	48	11	49	111	74	113	68	43	43	30	58	23	73	26	120	60	37	111	139	48	46	89	57	127	55	23	104	91	92	82	85	57	7	16	63	102	26	92	117	89	128	152	73	105	52	46	93	40	140	66	125	139	108	137	109	120	76	46
0	0	0	0	0	0	0	0	0	0	0	0	0	0	0	0	0	0	0	0	0	0	0	0	0	0	0	69	43	62	136	131	52	72	139	31	105	67	94	32	88	92	47	72	121	30	32	39	20	78	32	130	121	129	9	131	87	15	79	98	86	32	79	52	131	55	100	35	59	27	72	118	96	64	65	38	14	54	63	58	15	142	21	119	84	55	66	92	128	76	130	25	47	124	138	89	103	116	53	124	119	37	37	118	48	144	85	101	46	35	133	24	20	51	148	56	125	120	123	21	28	73	73	40	35	133	125	73
0	0	0	0	0	0	0	0	0	0	0	0	0	0	0	0	0	0	0	0	0	0	0	0	0	0	0	0	64	41	76	63	26	110	69	131	96	11	119	26	99	108	75	73	30	38	86	146	54	118	105	123	126	75	127	137	34	96	81	138	54	103	96	112	108	18	105	134	130	32	135	42	72	130	29	26	44	116	74	86	115	133	21	117	29	33	36	71	105	27	5	58	96	46	39	92	27	122	135	147	57	125	103	66	14	141	75	120	60	94	91	47	84	105	49	115	83	16	41	80	22	87	26	63	121	93	108	73
0	0	0	0	0	0	0	0	0	0	0	0	0	0	0	0	0	0	0	0	0	0	0	0	0	0	0	0	0	154	76	83	101	114	42	45	38	88	61	90	73	79	96	127	124	118	69	87	69	47	43	43	106	44	85	35	80	127	79	114	73	19	47	91	143	122	78	29	116	98	36	103	65	109	48	54	81	113	47	37	151	74	122	123	107	32	107	93	138	105	22	78	89	33	106	9	118	24	30	142	151	70	93	57	108	59	63	75	3	124	64	28	96	48	120	135	48	69	104	90	140	13	84	82	55	15	110	38
0	0	0	0	0	0	0	0	0	0	0	0	0	0	0	0	0	0	0	0	0	0	0	0	0	0	0	0	0	0	117	74	146	80	124	82	93	132	155	58	16	118	131	65	101	89	75	53	116	136	67	22	135	44	47	31	110	49	119	57	69	103	110	70	101	80	101	75	103	41	113	135	112	55	114	41	40	48	45	130	92	108	30	104	76	60	67	77	118	47	53	147	54	85	126	138	122	46	132	79	68	117	119	128	23	58	86	79	36	67	104	97	11	101	53	73	50	82	31	73	47	116	152	30	18	30	79	10
0	0	0	0	0	0	0	0	0	0	0	0	0	0	0	0	0	0	0	0	0	0	0	0	0	0	0	0	0	0	0	13	60	18	36	54	59	70	61	22	129	71	127	97	72	11	64	108	78	40	31	18	76	118	9	105	63	70	119	29	60	43	126	107	119	84	119	97	47	106	53	103	113	54	123	127	62	84	33	102	15	136	143	60	134	15	41	106	30	94	110	9	31	109	41	86	135	115	49	39	30	77	21	95	66	55	141	27	127	98	114	113	140	38	13	94	132	111	35	10	40	53	30	107	59	11	47	39
0	0	0	0	0	0	0	0	0	0	0	0	0	0	0	0	0	0	0	0	0	0	0	0	0	0	0	0	0	0	0	0	73	141	70	77	36	60	102	111	126	123	53	104	45	137	64	149	89	129	145	116	31	122	43	89	53	72	28	57	30	60	121	113	132	111	116	118	148	100	54	151	118	23	137	48	136	36	27	33	45	27	43	142	102	97	15	81	69	144	76	130	138	106	52	51	78	157	98	105	116	104	111	107	28	76	59	88	48	49	11	43	132	112	80	81	142	71	138	50	48	128	145	113	83	91	97	69
0	0	0	0	0	0	0	0	0	0	0	0	0	0	0	0	0	0	0	0	0	0	0	0	0	0	0	0	0	0	0	0	0	69	111	31	89	34	86	24	122	48	86	145	66	113	60	50	37	150	67	63	38	14	71	121	67	78	74	98	33	38	50	46	77	144	98	117	52	73	35	97	61	37	51	36	69	126	39	119	34	127	29	17	104	111	127	63	123	69	113	133	76	32	84	150	53	86	48	133	117	112	60	62	112	80	99	110	119	98	140	63	24	61	21	113	108	145	73	72	61	140	95	140	78	135	86	56
0	0	0	0	0	0	0	0	0	0	0	0	0	0	0	0	0	0	0	0	0	0	0	0	0	0	0	0	0	0	0	0	0	0	92	53	39	37	144	102	93	128	124	70	141	121	134	31	59	5	102	46	139	132	89	38	37	136	19	78	36	86	69	72	125	47	87	22	94	43	126	50	73	36	45	65	126	78	45	35	83	89	55	51	66	59	97	42	104	53	105	91	63	79	26	103	34	110	125	55	95	79	138	132	32	103	38	17	120	34	36	104	108	73	124	68	126	42	126	63	33	23	96	136	82	59	58	85
0	0	0	0	0	0	0	0	0	0	0	0	0	0	0	0	0	0	0	0	0	0	0	0	0	0	0	0	0	0	0	0	0	0	0	37	139	23	43	158	132	118	67	83	23	13	4	117	145	112	39	114	63	34	134	72	109	57	113	50	88	145	38	97	21	108	41	109	74	101	13	99	50	110	31	18	4	38	80	117	49	23	94	65	122	135	99	42	59	106	132	29	27	67	55	139	38	92	121	101	125	74	75	32	35	71	91	151	155	118	87	56	126	14	43	71	67	150	15	96	46	105	61	38	75	91	101	152
0	0	0	0	0	0	0	0	0	0	0	0	0	0	0	0	0	0	0	0	0	0	0	0	0	0	0	0	0	0	0	0	0	0	0	0	151	34	44	12	81	91	80	151	47	66	48	150	126	102	62	109	111	86	118	63	124	35	142	108	9	118	92	44	97	39	68	128	82	92	118	15	104	48	89	72	158	57	68	94	7	100	144	79	73	134	88	70	113	94	86	68	138	82	106	130	62	101	28	70	116	134	39	30	84	18	96	84	77	138	127	43	86	103	57	48	31	142	119	122	26	58	135	146	118	120	87	47
0	0	0	0	0	0	0	0	0	0	0	0	0	0	0	0	0	0	0	0	0	0	0	0	0	0	0	0	0	0	0	0	0	0	0	0	0	20	161	43	93	73	48	54	45	36	29	77	72	71	71	139	45	135	122	156	40	27	84	62	101	147	49	51	96	80	59	57	54	131	87	59	100	59	29	20	133	149	93	69	140	71	34	35	102	63	36	35	40	102	75	89	117	102	161	154	127	62	40	105	70	21	92	125	76	83	134	68	80	21	121	73	79	9	112	69	86	145	88	53	39	148	92	98	16	57	44	130
0	0	0	0	0	0	0	0	0	0	0	0	0	0	0	0	0	0	0	0	0	0	0	0	0	0	0	0	0	0	0	0	0	0	0	0	0	0	40	99	117	39	78	42	31	93	48	26	140	129	129	104	38	67	136	64	43	117	94	39	19	126	82	83	136	138	64	30	43	132	108	113	156	85	125	58	38	78	45	76	87	87	97	77	117	146	45	93	126	69	67	54	38	36	88	52	51	117	43	61	38	88	131	60	100	151	79	125	130	97	140	75	51	76	75	75	11	103	44	60	87	34	46	59	115	110	7	139
0	0	0	0	0	0	0	0	0	0	0	0	0	0	0	0	0	0	0	0	0	0	0	0	0	0	0	0	0	0	0	0	0	0	0	0	0	0	0	123	90	101	80	144	77	145	153	37	98	20	43	77	85	78	128	123	95	84	115	75	62	124	142	129	42	76	44	150	88	64	11	115	114	48	64	47	149	107	47	118	95	63	50	121	93	32	95	116	33	50	108	103	134	43	55	91	45	108	46	123	41	68	107	123	148	99	121	72	27	71	78	56	59	63	153	132	113	90	83	148	104	85	134	114	30	120	160	91
0	0	0	0	0	0	0	0	0	0	0	0	0	0	0	0	0	0	0	0	0	0	0	0	0	0	0	0	0	0	0	0	0	0	0	0	0	0	0	0	104	93	81	64	57	96	92	107	110	72	118	152	46	60	127	104	115	152	122	98	41	66	42	56	17	107	123	61	83	70	92	62	146	159	114	116	132	142	31	63	66	34	55	137	62	62	72	92	49	98	10	137	66	128	95	100	138	135	98	19	92	28	66	131	68	94	16	78	110	57	140	96	26	144	67	101	124	50	32	87	118	52	53	95	38	116	65	70
0	0	0	0	0	0	0	0	0	0	0	0	0	0	0	0	0	0	0	0	0	0	0	0	0	0	0	0	0	0	0	0	0	0	0	0	0	0	0	0	0	28	67	28	11	32	98	123	111	84	63	83	120	122	117	110	52	25	95	56	119	78	158	30	147	57	156	109	89	45	38	84	84	99	119	62	52	97	68	63	90	90	112	83	125	47	20	44	20	132	159	120	45	54	65	67	67	135	82	116	58	118	71	64	55	78	113	102	65	123	145	93	36	97	93	75	18	86	72	148	31	57	121	63	79	88	82	117
0	0	0	0	0	0	0	0	0	0	0	0	0	0	0	0	0	0	0	0	0	0	0	0	0	0	0	0	0	0	0	0	0	0	0	0	0	0	0	0	0	0	10	110	58	25	73	89	82	37	58	135	146	125	66	52	124	53	67	118	55	10	83	52	111	109	99	60	61	114	66	121	26	80	111	139	140	117	55	127	77	63	113	139	66	111	45	157	33	143	115	49	63	52	73	103	130	135	53	147	68	23	49	60	108	36	95	97	82	73	118	90	109	66	93	33	85	144	110	101	117	152	64	91	46	56	132	51
0	0	0	0	0	0	0	0	0	0	0	0	0	0	0	0	0	0	0	0	0	0	0	0	0	0	0	0	0	0	0	0	0	0	0	0	0	0	0	0	0	0	0	95	28	61	52	71	73	69	66	147	46	93	98	76	80	130	53	37	113	143	119	69	18	107	69	92	150	79	155	134	112	96	108	95	117	105	103	23	95	65	86	104	120	106	64	72	146	158	126	53	65	67	113	68	130	58	131	74	53	50	99	59	105	108	108	63	140	120	56	44	92	156	38	84	140	135	120	10	90	47	16	120	94	90	124	153
0	0	0	0	0	0	0	0	0	0	0	0	0	0	0	0	0	0	0	0	0	0	0	0	0	0	0	0	0	0	0	0	0	0	0	0	0	0	0	0	0	0	0	0	93	90	57	52	69	124	68	54	52	47	35	48	112	150	48	93	121	109	30	114	145	116	140	144	133	111	93	75	86	30	65	29	45	99	85	109	74	41	117	117	135	58	101	35	84	132	142	26	51	78	166	88	134	43	80	158	50	154	57	141	80	75	137	129	104	66	101	51	91	137	135	55	122	65	118	105	58	165	154	126	35	68	101	123
0	0	0	0	0	0	0	0	0	0	0	0	0	0	0	0	0	0	0	0	0	0	0	0	0	0	0	0	0	0	0	0	0	0	0	0	0	0	0	0	0	0	0	0	0	52	23	98	82	35	64	128	65	61	26	138	85	54	100	53	136	69	80	10	103	112	156	126	72	107	44	132	81	165	31	59	39	105	116	100	113	78	131	68	43	37	58	101	129	59	17	86	67	95	112	29	112	119	122	134	139	50	139	115	31	140	60	95	88	54	31	144	66	103	144	89	123	61	104	149	80	39	113	104	134	37	84	66
0	0	0	0	0	0	0	0	0	0	0	0	0	0	0	0	0	0	0	0	0	0	0	0	0	0	0	0	0	0	0	0	0	0	0	0	0	0	0	0	0	0	0	0	0	0	83	54	139	165	23	27	75	115	118	96	139	130	113	97	109	72	137	62	121	25	133	39	75	89	76	100	47	84	97	114	51	154	114	141	135	146	113	31	90	122	83	70	133	61	83	149	90	39	83	36	55	40	71	109	100	113	76	121	60	96	108	85	35	61	70	83	74	7	114	88	75	44	59	69	128	108	141	82	140	43	98	24
0	0	0	0	0	0	0	0	0	0	0	0	0	0	0	0	0	0	0	0	0	0	0	0	0	0	0	0	0	0	0	0	0	0	0	0	0	0	0	0	0	0	0	0	0	0	0	42	80	96	132	54	43	112	124	115	67	47	63	143	153	103	76	38	139	26	109	139	71	53	39	42	131	156	58	3	115	142	120	76	111	96	60	141	39	110	123	88	54	38	120	51	44	140	116	33	152	86	127	137	150	103	128	161	118	104	12	109	48	30	105	9	129	83	137	76	82	119	63	124	51	69	108	95	116	164	45	89
0	0	0	0	0	0	0	0	0	0	0	0	0	0	0	0	0	0	0	0	0	0	0	0	0	0	0	0	0	0	0	0	0	0	0	0	0	0	0	0	0	0	0	0	0	0	0	0	59	48	22	104	149	118	128	125	72	111	112	35	134	11	46	114	33	139	97	56	133	131	73	91	86	20	159	65	90	83	26	38	105	40	115	158	100	84	17	24	77	148	54	53	62	136	81	115	151	49	49	68	82	84	57	77	143	141	63	114	120	63	141	100	90	94	161	149	142	119	42	122	42	67	141	80	76	86	46	32
0	0	0	0	0	0	0	0	0	0	0	0	0	0	0	0	0	0	0	0	0	0	0	0	0	0	0	0	0	0	0	0	0	0	0	0	0	0	0	0	0	0	0	0	0	0	0	0	0	65	69	136	137	38	103	161	104	53	14	124	70	141	113	159	42	40	106	143	34	37	104	91	76	12	103	78	99	136	91	90	79	75	81	154	140	101	166	123	59	120	93	73	72	131	49	109	113	102	127	121	31	56	90	101	64	43	56	72	90	71	98	129	137	20	90	131	92	95	102	117	101	46	82	141	35	36	83	65
0	0	0	0	0	0	0	0	0	0	0	0	0	0	0	0	0	0	0	0	0	0	0	0	0	0	0	0	0	0	0	0	0	0	0	0	0	0	0	0	0	0	0	0	0	0	0	0	0	0	98	160	116	91	119	13	120	51	163	28	162	35	47	82	126	122	100	77	40	106	120	92	99	98	134	42	131	151	150	102	138	123	111	82	95	71	125	141	54	125	88	79	124	135	112	80	79	124	91	82	23	139	10	132	100	60	68	85	110	59	108	99	55	33	120	135	86	11	97	75	140	123	109	28	129	70	142	19
0	0	0	0	0	0	0	0	0	0	0	0	0	0	0	0	0	0	0	0	0	0	0	0	0	0	0	0	0	0	0	0	0	0	0	0	0	0	0	0	0	0	0	0	0	0	0	0	0	0	0	64	93	152	45	76	112	103	69	69	105	121	59	113	123	55	113	155	63	68	66	37	39	135	168	141	108	30	126	118	80	18	42	89	100	134	132	85	71	103	125	57	69	121	83	149	141	51	117	23	156	92	86	99	141	125	157	164	59	18	40	75	52	117	24	109	137	106	165	96	115	88	87	27	110	39	9	116
0	0	0	0	0	0	0	0	0	0	0	0	0	0	0	0	0	0	0	0	0	0	0	0	0	0	0	0	0	0	0	0	0	0	0	0	0	0	0	0	0	0	0	0	0	0	0	0	0	0	0	0	116	99	149	131	85	60	91	115	97	121	157	71	69	146	137	125	104	131	52	55	156	73	125	105	75	43	136	63	147	160	53	112	115	89	136	51	56	115	99	68	90	32	33	54	61	83	145	21	101	77	126	45	87	61	38	162	48	163	43	109	161	84	93	134	85	79	125	59	50	85	137	119	29	130	157	148
0	0	0	0	0	0	0	0	0	0	0	0	0	0	0	0	0	0	0	0	0	0	0	0	0	0	0	0	0	0	0	0	0	0	0	0	0	0	0	0	0	0	0	0	0	0	0	0	0	0	0	0	0	90	39	109	83	52	140	127	127	68	52	166	78	88	86	44	66	109	41	127	130	157	97	85	108	68	30	98	72	74	138	132	119	150	34	61	73	136	87	72	63	127	50	68	73	51	141	148	127	133	89	127	40	18	90	55	114	77	110	104	65	65	49	54	161	156	66	103	94	145	79	50	162	42	34	68
0	0	0	0	0	0	0	0	0	0	0	0	0	0	0	0	0	0	0	0	0	0	0	0	0	0	0	0	0	0	0	0	0	0	0	0	0	0	0	0	0	0	0	0	0	0	0	0	0	0	0	0	0	0	70	82	110	122	76	38	72	69	74	119	26	138	120	121	136	91	127	61	74	139	158	161	53	146	58	57	165	177	80	134	141	13	91	77	157	119	137	73	98	78	111	145	52	132	89	34	24	127	59	32	127	42	118	50	81	91	57	60	68	142	41	33	86	129	20	95	99	50	89	108	117	110	111	51
0	0	0	0	0	0	0	0	0	0	0	0	0	0	0	0	0	0	0	0	0	0	0	0	0	0	0	0	0	0	0	0	0	0	0	0	0	0	0	0	0	0	0	0	0	0	0	0	0	0	0	0	0	0	0	60	91	62	153	133	51	82	127	90	51	130	132	88	110	18	42	120	50	104	108	52	157	95	141	54	94	152	133	64	93	145	130	62	19	89	122	117	61	154	43	114	41	115	57	71	80	97	45	55	106	158	115	31	103	99	36	142	149	115	158	177	124	61	40	136	42	101	47	130	172	124	37	67
0	0	0	0	0	0	0	0	0	0	0	0	0	0	0	0	0	0	0	0	0	0	0	0	0	0	0	0	0	0	0	0	0	0	0	0	0	0	0	0	0	0	0	0	0	0	0	0	0	0	0	0	0	0	0	0	171	110	31	51	163	100	120	89	55	40	42	134	121	67	77	79	68	91	79	74	82	120	52	69	101	16	105	12	87	109	83	152	110	154	136	90	57	40	102	90	64	93	152	50	91	106	102	21	118	138	62	61	24	167	90	73	154	104	148	32	89	42	135	94	157	35	67	53	94	59	127	132
0	0	0	0	0	0	0	0	0	0	0	0	0	0	0	0	0	0	0	0	0	0	0	0	0	0	0	0	0	0	0	0	0	0	0	0	0	0	0	0	0	0	0	0	0	0	0	0	0	0	0	0	0	0	0	0	0	122	135	137	70	134	123	31	103	44	68	94	120	45	96	133	86	43	105	55	176	57	74	78	116	175	125	112	169	132	65	118	135	106	123	57	126	111	23	136	130	95	31	120	63	42	113	122	38	159	107	148	130	149	100	131	48	65	55	156	78	136	60	134	111	119	152	62	178	44	93	127
0	0	0	0	0	0	0	0	0	0	0	0	0	0	0	0	0	0	0	0	0	0	0	0	0	0	0	0	0	0	0	0	0	0	0	0	0	0	0	0	0	0	0	0	0	0	0	0	0	0	0	0	0	0	0	0	0	0	89	128	165	67	120	52	139	124	157	90	182	75	125	103	127	90	107	106	104	63	63	27	95	62	140	155	130	110	35	168	112	88	109	139	113	161	87	18	134	108	116	150	139	165	115	99	92	118	53	66	134	60	131	159	108	63	103	88	63	173	89	105	86	136	10	154	99	8	100	137
0	0	0	0	0	0	0	0	0	0	0	0	0	0	0	0	0	0	0	0	0	0	0	0	0	0	0	0	0	0	0	0	0	0	0	0	0	0	0	0	0	0	0	0	0	0	0	0	0	0	0	0	0	0	0	0	0	0	0	27	61	51	109	74	149	86	176	116	78	128	90	138	101	110	29	82	29	44	93	45	38	104	80	116	177	127	54	171	18	7	86	116	106	58	139	36	73	25	58	41	123	111	83	41	80	107	126	69	90	19	57	90	5	86	60	34	115	150	88	24	61	88	110	56	27	141	65	94
0	0	0	0	0	0	0	0	0	0	0	0	0	0	0	0	0	0	0	0	0	0	0	0	0	0	0	0	0	0	0	0	0	0	0	0	0	0	0	0	0	0	0	0	0	0	0	0	0	0	0	0	0	0	0	0	0	0	0	0	25	78	70	82	64	121	94	26	122	61	110	117	110	20	69	58	83	37	66	64	124	123	85	15	117	97	99	79	12	111	121	119	77	132	151	84	77	51	117	34	87	51	140	73	76	138	132	79	91	84	103	74	100	15	107	57	151	27	88	56	66	55	132	85	41	174	62	135
0	0	0	0	0	0	0	0	0	0	0	0	0	0	0	0	0	0	0	0	0	0	0	0	0	0	0	0	0	0	0	0	0	0	0	0	0	0	0	0	0	0	0	0	0	0	0	0	0	0	0	0	0	0	0	0	0	0	0	0	0	91	152	105	44	57	124	117	64	139	71	152	41	88	33	150	133	104	88	141	118	142	56	75	70	62	133	48	153	136	159	99	108	133	77	77	137	109	74	90	50	47	92	113	139	73	84	60	54	109	95	152	116	114	106	9	115	137	113	156	94	49	103	157	131	103	80	76
0	0	0	0	0	0	0	0	0	0	0	0	0	0	0	0	0	0	0	0	0	0	0	0	0	0	0	0	0	0	0	0	0	0	0	0	0	0	0	0	0	0	0	0	0	0	0	0	0	0	0	0	0	0	0	0	0	0	0	0	0	0	87	91	104	110	77	138	114	64	76	83	90	116	91	100	186	158	139	101	126	21	120	96	61	142	162	43	52	17	70	98	122	71	17	99	117	80	108	131	33	50	101	100	178	77	145	152	85	140	20	71	64	94	114	51	97	71	38	54	147	124	150	123	123	147	96	128
0	0	0	0	0	0	0	0	0	0	0	0	0	0	0	0	0	0	0	0	0	0	0	0	0	0	0	0	0	0	0	0	0	0	0	0	0	0	0	0	0	0	0	0	0	0	0	0	0	0	0	0	0	0	0	0	0	0	0	0	0	0	0	144	94	109	52	70	165	159	76	62	130	156	68	22	102	30	127	49	19	135	157	152	182	53	105	93	52	92	87	65	132	66	63	131	188	80	155	72	120	150	102	120	139	53	61	63	122	122	116	155	188	109	132	107	33	140	134	174	135	89	113	36	101	52	104	111
0	0	0	0	0	0	0	0	0	0	0	0	0	0	0	0	0	0	0	0	0	0	0	0	0	0	0	0	0	0	0	0	0	0	0	0	0	0	0	0	0	0	0	0	0	0	0	0	0	0	0	0	0	0	0	0	0	0	0	0	0	0	0	0	134	88	85	120	53	90	74	101	130	46	68	120	48	47	92	93	53	62	89	85	131	72	77	53	58	50	116	66	164	57	74	37	183	37	107	48	101	126	81	78	43	109	52	138	99	142	134	142	92	148	102	27	18	84	83	57	110	144	92	183	83	69	31	141
0	0	0	0	0	0	0	0	0	0	0	0	0	0	0	0	0	0	0	0	0	0	0	0	0	0	0	0	0	0	0	0	0	0	0	0	0	0	0	0	0	0	0	0	0	0	0	0	0	0	0	0	0	0	0	0	0	0	0	0	0	0	0	0	0	32	51	107	98	59	140	101	73	128	73	165	139	144	65	39	129	113	127	77	61	116	164	86	153	138	122	111	32	68	132	114	40	131	122	110	80	106	127	84	147	77	45	91	149	96	148	118	136	132	121	89	22	44	81	77	58	91	136	132	186	87	133	134
0	0	0	0	0	0	0	0	0	0	0	0	0	0	0	0	0	0	0	0	0	0	0	0	0	0	0	0	0	0	0	0	0	0	0	0	0	0	0	0	0	0	0	0	0	0	0	0	0	0	0	0	0	0	0	0	0	0	0	0	0	0	0	0	0	0	184	114	65	85	120	26	66	127	146	172	127	98	137	111	67	77	80	67	120	101	134	180	146	114	143	87	156	132	114	76	46	128	43	72	30	105	64	65	82	103	154	37	82	137	112	67	131	69	90	62	27	59	85	46	115	101	31	124	64	27	79	143
0	0	0	0	0	0	0	0	0	0	0	0	0	0	0	0	0	0	0	0	0	0	0	0	0	0	0	0	0	0	0	0	0	0	0	0	0	0	0	0	0	0	0	0	0	0	0	0	0	0	0	0	0	0	0	0	0	0	0	0	0	0	0	0	0	0	0	176	59	149	128	80	95	126	112	74	76	118	134	27	152	44	179	99	110	63	119	134	53	141	176	147	145	45	105	58	85	94	108	101	70	132	17	63	109	47	128	60	160	98	92	96	59	83	74	147	82	41	79	63	66	72	49	66	139	142	148	28
0	0	0	0	0	0	0	0	0	0	0	0	0	0	0	0	0	0	0	0	0	0	0	0	0	0	0	0	0	0	0	0	0	0	0	0	0	0	0	0	0	0	0	0	0	0	0	0	0	0	0	0	0	0	0	0	0	0	0	0	0	0	0	0	0	0	0	0	115	126	36	46	45	86	77	105	25	39	99	70	182	118	87	41	96	44	141	25	87	151	46	88	112	76	134	97	113	58	97	63	113	63	24	68	164	112	114	94	150	135	133	133	115	116	109	173	66	141	62	147	54	151	165	67	54	174	71	112
0	0	0	0	0	0	0	0	0	0	0	0	0	0	0	0	0	0	0	0	0	0	0	0	0	0	0	0	0	0	0	0	0	0	0	0	0	0	0	0	0	0	0	0	0	0	0	0	0	0	0	0	0	0	0	0	0	0	0	0	0	0	0	0	0	0	0	0	0	98	126	176	38	84	130	174	120	132	111	14	117	82	11	33	131	68	23	56	173	54	91	146	107	188	157	171	130	85	42	136	132	75	84	83	95	52	50	99	153	89	131	72	111	41	79	135	106	65	79	99	62	111	147	125	162	80	33	147
0	0	0	0	0	0	0	0	0	0	0	0	0	0	0	0	0	0	0	0	0	0	0	0	0	0	0	0	0	0	0	0	0	0	0	0	0	0	0	0	0	0	0	0	0	0	0	0	0	0	0	0	0	0	0	0	0	0	0	0	0	0	0	0	0	0	0	0	0	0	60	100	84	133	96	61	126	149	136	106	30	113	107	128	146	86	76	90	84	118	78	100	51	47	105	128	37	126	93	81	106	34	78	134	59	97	143	132	42	130	97	197	148	88	75	134	133	121	120	92	43	91	136	89	137	72	104	29
0	0	0	0	0	0	0	0	0	0	0	0	0	0	0	0	0	0	0	0	0	0	0	0	0	0	0	0	0	0	0	0	0	0	0	0	0	0	0	0	0	0	0	0	0	0	0	0	0	0	0	0	0	0	0	0	0	0	0	0	0	0	0	0	0	0	0	0	0	0	0	142	98	187	38	140	170	177	123	68	122	160	123	17	137	48	155	35	118	123	124	130	60	83	136	152	44	72	95	58	11	116	98	148	25	90	92	52	161	53	85	80	94	174	32	153	101	36	157	150	122	122	161	87	94	185	71	139
0	0	0	0	0	0	0	0	0	0	0	0	0	0	0	0	0	0	0	0	0	0	0	0	0	0	0	0	0	0	0	0	0	0	0	0	0	0	0	0	0	0	0	0	0	0	0	0	0	0	0	0	0	0	0	0	0	0	0	0	0	0	0	0	0	0	0	0	0	0	0	0	79	71	92	110	45	32	162	71	88	122	76	114	24	172	58	165	156	73	122	69	51	95	79	114	91	177	47	61	145	68	48	50	154	119	152	130	59	109	107	60	182	101	48	57	85	100	102	106	55	104	30	129	110	110	115	142
0	0	0	0	0	0	0	0	0	0	0	0	0	0	0	0	0	0	0	0	0	0	0	0	0	0	0	0	0	0	0	0	0	0	0	0	0	0	0	0	0	0	0	0	0	0	0	0	0	0	0	0	0	0	0	0	0	0	0	0	0	0	0	0	0	0	0	0	0	0	0	0	0	85	181	132	130	184	52	128	108	77	101	72	122	120	150	66	110	79	95	148	87	99	93	39	154	174	15	163	86	68	141	138	192	97	42	115	61	102	123	120	109	102	39	102	93	59	30	85	60	135	70	33	122	107	128	122
0	0	0	0	0	0	0	0	0	0	0	0	0	0	0	0	0	0	0	0	0	0	0	0	0	0	0	0	0	0	0	0	0	0	0	0	0	0	0	0	0	0	0	0	0	0	0	0	0	0	0	0	0	0	0	0	0	0	0	0	0	0	0	0	0	0	0	0	0	0	0	0	0	0	59	49	132	157	35	112	37	65	91	22	87	122	70	108	117	93	52	68	55	109	146	98	97	84	87	123	133	166	65	144	134	92	168	159	174	70	146	38	47	15	141	163	46	94	114	119	120	27	135	63	49	44	102	91
0	0	0	0	0	0	0	0	0	0	0	0	0	0	0	0	0	0	0	0	0	0	0	0	0	0	0	0	0	0	0	0	0	0	0	0	0	0	0	0	0	0	0	0	0	0	0	0	0	0	0	0	0	0	0	0	0	0	0	0	0	0	0	0	0	0	0	0	0	0	0	0	0	0	0	99	145	107	118	158	100	95	62	142	144	55	86	84	87	63	75	99	83	42	131	178	169	52	80	96	164	47	155	123	77	24	123	81	140	79	46	123	42	135	70	60	162	99	49	139	124	63	87	96	134	170	103	133
0	0	0	0	0	0	0	0	0	0	0	0	0	0	0	0	0	0	0	0	0	0	0	0	0	0	0	0	0	0	0	0	0	0	0	0	0	0	0	0	0	0	0	0	0	0	0	0	0	0	0	0	0	0	0	0	0	0	0	0	0	0	0	0	0	0	0	0	0	0	0	0	0	0	0	0	48	177	79	137	115	94	133	114	139	36	80	73	51	141	77	165	63	76	73	51	67	136	183	92	126	159	114	103	111	126	24	16	128	98	170	96	117	81	65	141	145	190	136	113	157	147	72	84	124	116	136	57
0	0	0	0	0	0	0	0	0	0	0	0	0	0	0	0	0	0	0	0	0	0	0	0	0	0	0	0	0	0	0	0	0	0	0	0	0	0	0	0	0	0	0	0	0	0	0	0	0	0	0	0	0	0	0	0	0	0	0	0	0	0	0	0	0	0	0	0	0	0	0	0	0	0	0	0	0	76	125	102	92	85	57	172	110	111	120	55	101	118	136	59	99	100	102	129	130	135	104	64	81	101	45	148	29	157	190	92	157	50	40	121	102	46	70	59	153	42	159	127	100	137	96	56	123	86	80	129
0	0	0	0	0	0	0	0	0	0	0	0	0	0	0	0	0	0	0	0	0	0	0	0	0	0	0	0	0	0	0	0	0	0	0	0	0	0	0	0	0	0	0	0	0	0	0	0	0	0	0	0	0	0	0	0	0	0	0	0	0	0	0	0	0	0	0	0	0	0	0	0	0	0	0	0	0	0	84	78	34	173	111	110	99	118	121	54	129	88	60	118	107	64	102	58	48	122	191	136	66	150	119	151	198	152	120	98	113	77	59	126	100	130	62	173	123	87	115	104	80	197	85	147	30	55	95	81
0	0	0	0	0	0	0	0	0	0	0	0	0	0	0	0	0	0	0	0	0	0	0	0	0	0	0	0	0	0	0	0	0	0	0	0	0	0	0	0	0	0	0	0	0	0	0	0	0	0	0	0	0	0	0	0	0	0	0	0	0	0	0	0	0	0	0	0	0	0	0	0	0	0	0	0	0	0	0	58	108	162	58	117	125	164	204	66	114	156	155	119	175	80	12	97	94	167	138	118	49	148	168	103	147	115	113	74	92	60	126	117	64	118	108	94	79	163	73	33	126	27	70	23	160	175	110	91
0	0	0	0	0	0	0	0	0	0	0	0	0	0	0	0	0	0	0	0	0	0	0	0	0	0	0	0	0	0	0	0	0	0	0	0	0	0	0	0	0	0	0	0	0	0	0	0	0	0	0	0	0	0	0	0	0	0	0	0	0	0	0	0	0	0	0	0	0	0	0	0	0	0	0	0	0	0	0	0	52	51	72	46	51	97	28	156	10	148	180	189	105	192	111	63	201	137	87	169	36	133	89	96	48	109	128	122	53	67	143	117	163	122	125	86	127	174	49	64	83	94	60	106	22	41	161	113
0	0	0	0	0	0	0	0	0	0	0	0	0	0	0	0	0	0	0	0	0	0	0	0	0	0	0	0	0	0	0	0	0	0	0	0	0	0	0	0	0	0	0	0	0	0	0	0	0	0	0	0	0	0	0	0	0	0	0	0	0	0	0	0	0	0	0	0	0	0	0	0	0	0	0	0	0	0	0	0	0	156	86	172	33	28	81	70	99	106	170	51	54	68	81	157	70	97	164	173	35	101	104	109	82	77	93	98	175	102	169	104	62	22	149	197	130	68	135	94	168	38	46	21	103	147	74	74
0	0	0	0	0	0	0	0	0	0	0	0	0	0	0	0	0	0	0	0	0	0	0	0	0	0	0	0	0	0	0	0	0	0	0	0	0	0	0	0	0	0	0	0	0	0	0	0	0	0	0	0	0	0	0	0	0	0	0	0	0	0	0	0	0	0	0	0	0	0	0	0	0	0	0	0	0	0	0	0	0	0	111	58	138	32	96	166	143	106	101	127	80	125	71	94	106	74	114	75	120	143	145	26	17	191	154	87	177	129	120	159	72	173	32	26	102	86	121	161	68	138	182	96	165	30	118	104
0	0	0	0	0	0	0	0	0	0	0	0	0	0	0	0	0	0	0	0	0	0	0	0	0	0	0	0	0	0	0	0	0	0	0	0	0	0	0	0	0	0	0	0	0	0	0	0	0	0	0	0	0	0	0	0	0	0	0	0	0	0	0	0	0	0	0	0	0	0	0	0	0	0	0	0	0	0	0	0	0	0	0	111	117	194	93	113	102	101	76	50	135	93	147	81	77	122	137	73	204	164	30	119	79	152	125	172	133	159	144	84	90	87	173	155	151	91	78	102	139	152	19	116	69	74	67	61
0	0	0	0	0	0	0	0	0	0	0	0	0	0	0	0	0	0	0	0	0	0	0	0	0	0	0	0	0	0	0	0	0	0	0	0	0	0	0	0	0	0	0	0	0	0	0	0	0	0	0	0	0	0	0	0	0	0	0	0	0	0	0	0	0	0	0	0	0	0	0	0	0	0	0	0	0	0	0	0	0	0	0	0	128	52	128	156	32	86	118	106	80	105	76	139	178	173	49	116	61	51	139	87	105	49	85	96	59	37	28	132	64	51	28	20	73	142	100	96	37	75	53	136	173	130	55	191
0	0	0	0	0	0	0	0	0	0	0	0	0	0	0	0	0	0	0	0	0	0	0	0	0	0	0	0	0	0	0	0	0	0	0	0	0	0	0	0	0	0	0	0	0	0	0	0	0	0	0	0	0	0	0	0	0	0	0	0	0	0	0	0	0	0	0	0	0	0	0	0	0	0	0	0	0	0	0	0	0	0	0	0	0	176	121	156	61	14	161	26	162	136	132	190	129	60	123	100	41	107	104	61	162	58	189	121	92	168	101	91	146	104	92	181	38	60	153	121	153	145	66	84	171	64	90	74
0	0	0	0	0	0	0	0	0	0	0	0	0	0	0	0	0	0	0	0	0	0	0	0	0	0	0	0	0	0	0	0	0	0	0	0	0	0	0	0	0	0	0	0	0	0	0	0	0	0	0	0	0	0	0	0	0	0	0	0	0	0	0	0	0	0	0	0	0	0	0	0	0	0	0	0	0	0	0	0	0	0	0	0	0	0	157	115	172	134	141	124	22	51	138	174	97	134	90	66	59	82	154	89	100	128	112	164	86	130	111	169	186	63	88	86	117	103	116	155	89	146	115	159	102	133	153	153
0	0	0	0	0	0	0	0	0	0	0	0	0	0	0	0	0	0	0	0	0	0	0	0	0	0	0	0	0	0	0	0	0	0	0	0	0	0	0	0	0	0	0	0	0	0	0	0	0	0	0	0	0	0	0	0	0	0	0	0	0	0	0	0	0	0	0	0	0	0	0	0	0	0	0	0	0	0	0	0	0	0	0	0	0	0	0	158	85	116	177	90	70	121	43	64	149	165	48	122	61	70	56	98	16	156	174	76	105	153	131	134	39	191	134	101	90	135	41	133	159	133	126	10	93	150	101	30
0	0	0	0	0	0	0	0	0	0	0	0	0	0	0	0	0	0	0	0	0	0	0	0	0	0	0	0	0	0	0	0	0	0	0	0	0	0	0	0	0	0	0	0	0	0	0	0	0	0	0	0	0	0	0	0	0	0	0	0	0	0	0	0	0	0	0	0	0	0	0	0	0	0	0	0	0	0	0	0	0	0	0	0	0	0	0	0	178	102	69	75	130	101	82	76	125	90	25	82	96	155	135	134	204	77	110	106	207	52	86	108	140	174	35	172	144	82	146	139	38	14	116	143	155	136	146	129
0	0	0	0	0	0	0	0	0	0	0	0	0	0	0	0	0	0	0	0	0	0	0	0	0	0	0	0	0	0	0	0	0	0	0	0	0	0	0	0	0	0	0	0	0	0	0	0	0	0	0	0	0	0	0	0	0	0	0	0	0	0	0	0	0	0	0	0	0	0	0	0	0	0	0	0	0	0	0	0	0	0	0	0	0	0	0	0	0	132	162	59	137	132	7	96	84	193	201	161	105	88	128	155	72	115	95	76	82	140	115	101	21	51	121	8	49	181	102	107	160	77	197	132	187	193	96	99
0	0	0	0	0	0	0	0	0	0	0	0	0	0	0	0	0	0	0	0	0	0	0	0	0	0	0	0	0	0	0	0	0	0	0	0	0	0	0	0	0	0	0	0	0	0	0	0	0	0	0	0	0	0	0	0	0	0	0	0	0	0	0	0	0	0	0	0	0	0	0	0	0	0	0	0	0	0	0	0	0	0	0	0	0	0	0	0	0	0	210	172	149	124	146	113	91	33	81	81	155	104	158	106	161	65	143	67	117	124	26	179	204	73	95	29	108	188	144	120	107	103	101	117	194	37	166	52
0	0	0	0	0	0	0	0	0	0	0	0	0	0	0	0	0	0	0	0	0	0	0	0	0	0	0	0	0	0	0	0	0	0	0	0	0	0	0	0	0	0	0	0	0	0	0	0	0	0	0	0	0	0	0	0	0	0	0	0	0	0	0	0	0	0	0	0	0	0	0	0	0	0	0	0	0	0	0	0	0	0	0	0	0	0	0	0	0	0	0	104	145	20	157	125	102	115	201	121	85	147	117	49	59	61	165	54	147	71	119	134	196	214	96	83	61	58	185	72	27	59	46	110	168	87	157	70
0	0	0	0	0	0	0	0	0	0	0	0	0	0	0	0	0	0	0	0	0	0	0	0	0	0	0	0	0	0	0	0	0	0	0	0	0	0	0	0	0	0	0	0	0	0	0	0	0	0	0	0	0	0	0	0	0	0	0	0	0	0	0	0	0	0	0	0	0	0	0	0	0	0	0	0	0	0	0	0	0	0	0	0	0	0	0	0	0	0	0	0	133	83	85	92	131	89	124	95	190	93	91	105	177	157	53	94	102	113	111	123	41	125	40	48	118	131	59	57	147	149	171	62	98	103	213	119
0	0	0	0	0	0	0	0	0	0	0	0	0	0	0	0	0	0	0	0	0	0	0	0	0	0	0	0	0	0	0	0	0	0	0	0	0	0	0	0	0	0	0	0	0	0	0	0	0	0	0	0	0	0	0	0	0	0	0	0	0	0	0	0	0	0	0	0	0	0	0	0	0	0	0	0	0	0	0	0	0	0	0	0	0	0	0	0	0	0	0	0	0	45	110	67	9	44	87	138	93	160	59	79	94	99	88	95	77	142	209	124	142	79	161	80	164	189	132	18	211	85	179	141	74	55	131	137
0	0	0	0	0	0	0	0	0	0	0	0	0	0	0	0	0	0	0	0	0	0	0	0	0	0	0	0	0	0	0	0	0	0	0	0	0	0	0	0	0	0	0	0	0	0	0	0	0	0	0	0	0	0	0	0	0	0	0	0	0	0	0	0	0	0	0	0	0	0	0	0	0	0	0	0	0	0	0	0	0	0	0	0	0	0	0	0	0	0	0	0	0	0	119	112	98	155	145	182	124	190	166	71	32	135	62	5	104	103	106	37	80	135	2	101	147	72	79	137	122	99	62	74	185	107	21	179
0	0	0	0	0	0	0	0	0	0	0	0	0	0	0	0	0	0	0	0	0	0	0	0	0	0	0	0	0	0	0	0	0	0	0	0	0	0	0	0	0	0	0	0	0	0	0	0	0	0	0	0	0	0	0	0	0	0	0	0	0	0	0	0	0	0	0	0	0	0	0	0	0	0	0	0	0	0	0	0	0	0	0	0	0	0	0	0	0	0	0	0	0	0	0	170	185	75	113	116	124	57	149	164	87	102	113	67	185	98	103	126	42	80	120	136	31	164	167	197	194	120	66	87	52	189	87	167
0	0	0	0	0	0	0	0	0	0	0	0	0	0	0	0	0	0	0	0	0	0	0	0	0	0	0	0	0	0	0	0	0	0	0	0	0	0	0	0	0	0	0	0	0	0	0	0	0	0	0	0	0	0	0	0	0	0	0	0	0	0	0	0	0	0	0	0	0	0	0	0	0	0	0	0	0	0	0	0	0	0	0	0	0	0	0	0	0	0	0	0	0	0	0	0	94	63	188	63	177	105	103	141	179	209	188	81	88	47	149	115	138	107	92	83	145	99	105	135	125	100	199	76	133	25	170	35
0	0	0	0	0	0	0	0	0	0	0	0	0	0	0	0	0	0	0	0	0	0	0	0	0	0	0	0	0	0	0	0	0	0	0	0	0	0	0	0	0	0	0	0	0	0	0	0	0	0	0	0	0	0	0	0	0	0	0	0	0	0	0	0	0	0	0	0	0	0	0	0	0	0	0	0	0	0	0	0	0	0	0	0	0	0	0	0	0	0	0	0	0	0	0	0	0	77	58	183	123	37	149	126	180	135	110	122	98	125	145	179	21	137	174	128	132	97	170	68	118	93	129	122	103	78	81	109
0	0	0	0	0	0	0	0	0	0	0	0	0	0	0	0	0	0	0	0	0	0	0	0	0	0	0	0	0	0	0	0	0	0	0	0	0	0	0	0	0	0	0	0	0	0	0	0	0	0	0	0	0	0	0	0	0	0	0	0	0	0	0	0	0	0	0	0	0	0	0	0	0	0	0	0	0	0	0	0	0	0	0	0	0	0	0	0	0	0	0	0	0	0	0	0	0	0	117	114	59	94	53	123	145	72	217	148	122	35	155	134	26	140	138	54	65	151	125	123	30	161	122	195	52	197	67	177
0	0	0	0	0	0	0	0	0	0	0	0	0	0	0	0	0	0	0	0	0	0	0	0	0	0	0	0	0	0	0	0	0	0	0	0	0	0	0	0	0	0	0	0	0	0	0	0	0	0	0	0	0	0	0	0	0	0	0	0	0	0	0	0	0	0	0	0	0	0	0	0	0	0	0	0	0	0	0	0	0	0	0	0	0	0	0	0	0	0	0	0	0	0	0	0	0	0	0	60	61	139	62	54	92	81	130	102	123	200	63	160	89	185	132	173	103	204	147	129	93	138	114	147	136	189	110	109
0	0	0	0	0	0	0	0	0	0	0	0	0	0	0	0	0	0	0	0	0	0	0	0	0	0	0	0	0	0	0	0	0	0	0	0	0	0	0	0	0	0	0	0	0	0	0	0	0	0	0	0	0	0	0	0	0	0	0	0	0	0	0	0	0	0	0	0	0	0	0	0	0	0	0	0	0	0	0	0	0	0	0	0	0	0	0	0	0	0	0	0	0	0	0	0	0	0	0	0	82	94	95	62	21	97	82	171	70	135	137	125	108	64	74	222	130	163	119	141	37	31	132	180	87	123	107	69
0	0	0	0	0	0	0	0	0	0	0	0	0	0	0	0	0	0	0	0	0	0	0	0	0	0	0	0	0	0	0	0	0	0	0	0	0	0	0	0	0	0	0	0	0	0	0	0	0	0	0	0	0	0	0	0	0	0	0	0	0	0	0	0	0	0	0	0	0	0	0	0	0	0	0	0	0	0	0	0	0	0	0	0	0	0	0	0	0	0	0	0	0	0	0	0	0	0	0	0	0	145	186	122	116	43	118	67	119	122	49	167	93	88	72	131	159	120	170	79	164	106	68	147	128	119	136	158
0	0	0	0	0	0	0	0	0	0	0	0	0	0	0	0	0	0	0	0	0	0	0	0	0	0	0	0	0	0	0	0	0	0	0	0	0	0	0	0	0	0	0	0	0	0	0	0	0	0	0	0	0	0	0	0	0	0	0	0	0	0	0	0	0	0	0	0	0	0	0	0	0	0	0	0	0	0	0	0	0	0	0	0	0	0	0	0	0	0	0	0	0	0	0	0	0	0	0	0	0	0	111	162	161	165	87	95	174	139	203	101	165	102	164	131	123	148	98	222	179	131	120	59	172	138	87	119
0	0	0	0	0	0	0	0	0	0	0	0	0	0	0	0	0	0	0	0	0	0	0	0	0	0	0	0	0	0	0	0	0	0	0	0	0	0	0	0	0	0	0	0	0	0	0	0	0	0	0	0	0	0	0	0	0	0	0	0	0	0	0	0	0	0	0	0	0	0	0	0	0	0	0	0	0	0	0	0	0	0	0	0	0	0	0	0	0	0	0	0	0	0	0	0	0	0	0	0	0	0	0	61	228	134	35	106	32	67	88	158	164	154	167	124	166	139	108	186	72	92	163	133	190	88	52	44
0	0	0	0	0	0	0	0	0	0	0	0	0	0	0	0	0	0	0	0	0	0	0	0	0	0	0	0	0	0	0	0	0	0	0	0	0	0	0	0	0	0	0	0	0	0	0	0	0	0	0	0	0	0	0	0	0	0	0	0	0	0	0	0	0	0	0	0	0	0	0	0	0	0	0	0	0	0	0	0	0	0	0	0	0	0	0	0	0	0	0	0	0	0	0	0	0	0	0	0	0	0	0	0	146	143	183	187	69	57	79	74	47	42	97	177	76	106	69	95	193	157	61	207	145	49	81	123
0	0	0	0	0	0	0	0	0	0	0	0	0	0	0	0	0	0	0	0	0	0	0	0	0	0	0	0	0	0	0	0	0	0	0	0	0	0	0	0	0	0	0	0	0	0	0	0	0	0	0	0	0	0	0	0	0	0	0	0	0	0	0	0	0	0	0	0	0	0	0	0	0	0	0	0	0	0	0	0	0	0	0	0	0	0	0	0	0	0	0	0	0	0	0	0	0	0	0	0	0	0	0	0	0	197	145	94	120	190	227	102	144	19	30	114	66	88	105	164	144	160	139	141	59	67	131	81
0	0	0	0	0	0	0	0	0	0	0	0	0	0	0	0	0	0	0	0	0	0	0	0	0	0	0	0	0	0	0	0	0	0	0	0	0	0	0	0	0	0	0	0	0	0	0	0	0	0	0	0	0	0	0	0	0	0	0	0	0	0	0	0	0	0	0	0	0	0	0	0	0	0	0	0	0	0	0	0	0	0	0	0	0	0	0	0	0	0	0	0	0	0	0	0	0	0	0	0	0	0	0	0	0	0	196	122	87	135	101	61	153	123	82	129	89	105	95	142	125	164	144	152	144	97	88	63
0	0	0	0	0	0	0	0	0	0	0	0	0	0	0	0	0	0	0	0	0	0	0	0	0	0	0	0	0	0	0	0	0	0	0	0	0	0	0	0	0	0	0	0	0	0	0	0	0	0	0	0	0	0	0	0	0	0	0	0	0	0	0	0	0	0	0	0	0	0	0	0	0	0	0	0	0	0	0	0	0	0	0	0	0	0	0	0	0	0	0	0	0	0	0	0	0	0	0	0	0	0	0	0	0	0	0	100	33	71	29	107	67	126	136	192	105	79	113	95	128	95	99	102	88	190	180	73
0	0	0	0	0	0	0	0	0	0	0	0	0	0	0	0	0	0	0	0	0	0	0	0	0	0	0	0	0	0	0	0	0	0	0	0	0	0	0	0	0	0	0	0	0	0	0	0	0	0	0	0	0	0	0	0	0	0	0	0	0	0	0	0	0	0	0	0	0	0	0	0	0	0	0	0	0	0	0	0	0	0	0	0	0	0	0	0	0	0	0	0	0	0	0	0	0	0	0	0	0	0	0	0	0	0	0	0	122	69	68	210	157	41	126	98	153	82	190	141	175	69	100	63	130	132	52	146
0	0	0	0	0	0	0	0	0	0	0	0	0	0	0	0	0	0	0	0	0	0	0	0	0	0	0	0	0	0	0	0	0	0	0	0	0	0	0	0	0	0	0	0	0	0	0	0	0	0	0	0	0	0	0	0	0	0	0	0	0	0	0	0	0	0	0	0	0	0	0	0	0	0	0	0	0	0	0	0	0	0	0	0	0	0	0	0	0	0	0	0	0	0	0	0	0	0	0	0	0	0	0	0	0	0	0	0	0	48	132	132	136	91	84	148	114	70	149	177	170	111	125	143	141	112	178	169
0	0	0	0	0	0	0	0	0	0	0	0	0	0	0	0	0	0	0	0	0	0	0	0	0	0	0	0	0	0	0	0	0	0	0	0	0	0	0	0	0	0	0	0	0	0	0	0	0	0	0	0	0	0	0	0	0	0	0	0	0	0	0	0	0	0	0	0	0	0	0	0	0	0	0	0	0	0	0	0	0	0	0	0	0	0	0	0	0	0	0	0	0	0	0	0	0	0	0	0	0	0	0	0	0	0	0	0	0	0	20	82	119	157	123	190	133	106	135	109	109	116	165	160	118	169	147	205
0	0	0	0	0	0	0	0	0	0	0	0	0	0	0	0	0	0	0	0	0	0	0	0	0	0	0	0	0	0	0	0	0	0	0	0	0	0	0	0	0	0	0	0	0	0	0	0	0	0	0	0	0	0	0	0	0	0	0	0	0	0	0	0	0	0	0	0	0	0	0	0	0	0	0	0	0	0	0	0	0	0	0	0	0	0	0	0	0	0	0	0	0	0	0	0	0	0	0	0	0	0	0	0	0	0	0	0	0	0	0	65	125	108	120	93	96	162	142	222	141	104	83	151	99	146	161	61
0	0	0	0	0	0	0	0	0	0	0	0	0	0	0	0	0	0	0	0	0	0	0	0	0	0	0	0	0	0	0	0	0	0	0	0	0	0	0	0	0	0	0	0	0	0	0	0	0	0	0	0	0	0	0	0	0	0	0	0	0	0	0	0	0	0	0	0	0	0	0	0	0	0	0	0	0	0	0	0	0	0	0	0	0	0	0	0	0	0	0	0	0	0	0	0	0	0	0	0	0	0	0	0	0	0	0	0	0	0	0	0	111	107	200	177	197	66	116	133	162	162	46	190	92	139	49	128
0	0	0	0	0	0	0	0	0	0	0	0	0	0	0	0	0	0	0	0	0	0	0	0	0	0	0	0	0	0	0	0	0	0	0	0	0	0	0	0	0	0	0	0	0	0	0	0	0	0	0	0	0	0	0	0	0	0	0	0	0	0	0	0	0	0	0	0	0	0	0	0	0	0	0	0	0	0	0	0	0	0	0	0	0	0	0	0	0	0	0	0	0	0	0	0	0	0	0	0	0	0	0	0	0	0	0	0	0	0	0	0	0	85	111	111	96	169	194	102	99	208	208	121	96	216	102	222
0	0	0	0	0	0	0	0	0	0	0	0	0	0	0	0	0	0	0	0	0	0	0	0	0	0	0	0	0	0	0	0	0	0	0	0	0	0	0	0	0	0	0	0	0	0	0	0	0	0	0	0	0	0	0	0	0	0	0	0	0	0	0	0	0	0	0	0	0	0	0	0	0	0	0	0	0	0	0	0	0	0	0	0	0	0	0	0	0	0	0	0	0	0	0	0	0	0	0	0	0	0	0	0	0	0	0	0	0	0	0	0	0	0	97	87	123	104	181	166	186	135	103	191	120	187	123	129
0	0	0	0	0	0	0	0	0	0	0	0	0	0	0	0	0	0	0	0	0	0	0	0	0	0	0	0	0	0	0	0	0	0	0	0	0	0	0	0	0	0	0	0	0	0	0	0	0	0	0	0	0	0	0	0	0	0	0	0	0	0	0	0	0	0	0	0	0	0	0	0	0	0	0	0	0	0	0	0	0	0	0	0	0	0	0	0	0	0	0	0	0	0	0	0	0	0	0	0	0	0	0	0	0	0	0	0	0	0	0	0	0	0	0	67	66	167	165	155	89	103	189	192	94	84	115	121
0	0	0	0	0	0	0	0	0	0	0	0	0	0	0	0	0	0	0	0	0	0	0	0	0	0	0	0	0	0	0	0	0	0	0	0	0	0	0	0	0	0	0	0	0	0	0	0	0	0	0	0	0	0	0	0	0	0	0	0	0	0	0	0	0	0	0	0	0	0	0	0	0	0	0	0	0	0	0	0	0	0	0	0	0	0	0	0	0	0	0	0	0	0	0	0	0	0	0	0	0	0	0	0	0	0	0	0	0	0	0	0	0	0	0	0	192	93	81	198	168	219	64	159	220	119	120	134
0	0	0	0	0	0	0	0	0	0	0	0	0	0	0	0	0	0	0	0	0	0	0	0	0	0	0	0	0	0	0	0	0	0	0	0	0	0	0	0	0	0	0	0	0	0	0	0	0	0	0	0	0	0	0	0	0	0	0	0	0	0	0	0	0	0	0	0	0	0	0	0	0	0	0	0	0	0	0	0	0	0	0	0	0	0	0	0	0	0	0	0	0	0	0	0	0	0	0	0	0	0	0	0	0	0	0	0	0	0	0	0	0	0	0	0	0	96	217	171	189	145	122	84	168	164	141	181
0	0	0	0	0	0	0	0	0	0	0	0	0	0	0	0	0	0	0	0	0	0	0	0	0	0	0	0	0	0	0	0	0	0	0	0	0	0	0	0	0	0	0	0	0	0	0	0	0	0	0	0	0	0	0	0	0	0	0	0	0	0	0	0	0	0	0	0	0	0	0	0	0	0	0	0	0	0	0	0	0	0	0	0	0	0	0	0	0	0	0	0	0	0	0	0	0	0	0	0	0	0	0	0	0	0	0	0	0	0	0	0	0	0	0	0	0	0	30	198	39	98	150	213	67	119	46	63
0	0	0	0	0	0	0	0	0	0	0	0	0	0	0	0	0	0	0	0	0	0	0	0	0	0	0	0	0	0	0	0	0	0	0	0	0	0	0	0	0	0	0	0	0	0	0	0	0	0	0	0	0	0	0	0	0	0	0	0	0	0	0	0	0	0	0	0	0	0	0	0	0	0	0	0	0	0	0	0	0	0	0	0	0	0	0	0	0	0	0	0	0	0	0	0	0	0	0	0	0	0	0	0	0	0	0	0	0	0	0	0	0	0	0	0	0	0	0	64	75	75	219	186	215	63	174	111
0	0	0	0	0	0	0	0	0	0	0	0	0	0	0	0	0	0	0	0	0	0	0	0	0	0	0	0	0	0	0	0	0	0	0	0	0	0	0	0	0	0	0	0	0	0	0	0	0	0	0	0	0	0	0	0	0	0	0	0	0	0	0	0	0	0	0	0	0	0	0	0	0	0	0	0	0	0	0	0	0	0	0	0	0	0	0	0	0	0	0	0	0	0	0	0	0	0	0	0	0	0	0	0	0	0	0	0	0	0	0	0	0	0	0	0	0	0	0	0	176	143	125	138	163	157	206	57
0	0	0	0	0	0	0	0	0	0	0	0	0	0	0	0	0	0	0	0	0	0	0	0	0	0	0	0	0	0	0	0	0	0	0	0	0	0	0	0	0	0	0	0	0	0	0	0	0	0	0	0	0	0	0	0	0	0	0	0	0	0	0	0	0	0	0	0	0	0	0	0	0	0	0	0	0	0	0	0	0	0	0	0	0	0	0	0	0	0	0	0	0	0	0	0	0	0	0	0	0	0	0	0	0	0	0	0	0	0	0	0	0	0	0	0	0	0	0	0	0	193	124	91	97	203	114	189
0	0	0	0	0	0	0	0	0	0	0	0	0	0	0	0	0	0	0	0	0	0	0	0	0	0	0	0	0	0	0	0	0	0	0	0	0	0	0	0	0	0	0	0	0	0	0	0	0	0	0	0	0	0	0	0	0	0	0	0	0	0	0	0	0	0	0	0	0	0	0	0	0	0	0	0	0	0	0	0	0	0	0	0	0	0	0	0	0	0	0	0	0	0	0	0	0	0	0	0	0	0	0	0	0	0	0	0	0	0	0	0	0	0	0	0	0	0	0	0	0	0	170	67	112	105	124	132
0	0	0	0	0	0	0	0	0	0	0	0	0	0	0	0	0	0	0	0	0	0	0	0	0	0	0	0	0	0	0	0	0	0	0	0	0	0	0	0	0	0	0	0	0	0	0	0	0	0	0	0	0	0	0	0	0	0	0	0	0	0	0	0	0	0	0	0	0	0	0	0	0	0	0	0	0	0	0	0	0	0	0	0	0	0	0	0	0	0	0	0	0	0	0	0	0	0	0	0	0	0	0	0	0	0	0	0	0	0	0	0	0	0	0	0	0	0	0	0	0	0	0	129	131	166	159	53
0	0	0	0	0	0	0	0	0	0	0	0	0	0	0	0	0	0	0	0	0	0	0	0	0	0	0	0	0	0	0	0	0	0	0	0	0	0	0	0	0	0	0	0	0	0	0	0	0	0	0	0	0	0	0	0	0	0	0	0	0	0	0	0	0	0	0	0	0	0	0	0	0	0	0	0	0	0	0	0	0	0	0	0	0	0	0	0	0	0	0	0	0	0	0	0	0	0	0	0	0	0	0	0	0	0	0	0	0	0	0	0	0	0	0	0	0	0	0	0	0	0	0	0	210	105	151	78
0	0	0	0	0	0	0	0	0	0	0	0	0	0	0	0	0	0	0	0	0	0	0	0	0	0	0	0	0	0	0	0	0	0	0	0	0	0	0	0	0	0	0	0	0	0	0	0	0	0	0	0	0	0	0	0	0	0	0	0	0	0	0	0	0	0	0	0	0	0	0	0	0	0	0	0	0	0	0	0	0	0	0	0	0	0	0	0	0	0	0	0	0	0	0	0	0	0	0	0	0	0	0	0	0	0	0	0	0	0	0	0	0	0	0	0	0	0	0	0	0	0	0	0	0	150	73	163
0	0	0	0	0	0	0	0	0	0	0	0	0	0	0	0	0	0	0	0	0	0	0	0	0	0	0	0	0	0	0	0	0	0	0	0	0	0	0	0	0	0	0	0	0	0	0	0	0	0	0	0	0	0	0	0	0	0	0	0	0	0	0	0	0	0	0	0	0	0	0	0	0	0	0	0	0	0	0	0	0	0	0	0	0	0	0	0	0	0	0	0	0	0	0	0	0	0	0	0	0	0	0	0	0	0	0	0	0	0	0	0	0	0	0	0	0	0	0	0	0	0	0	0	0	0	214	96
0	0	0	0	0	0	0	0	0	0	0	0	0	0	0	0	0	0	0	0	0	0	0	0	0	0	0	0	0	0	0	0	0	0	0	0	0	0	0	0	0	0	0	0	0	0	0	0	0	0	0	0	0	0	0	0	0	0	0	0	0	0	0	0	0	0	0	0	0	0	0	0	0	0	0	0	0	0	0	0	0	0	0	0	0	0	0	0	0	0	0	0	0	0	0	0	0	0	0	0	0	0	0	0	0	0	0	0	0	0	0	0	0	0	0	0	0	0	0	0	0	0	0	0	0	0	0	133
0	0	0	0	0	0	0	0	0	0	0	0	0	0	0	0	0	0	0	0	0	0	0	0	0	0	0	0	0	0	0	0	0	0	0	0	0	0	0	0	0	0	0	0	0	0	0	0	0	0	0	0	0	0	0	0	0	0	0	0	0	0	0	0	0	0	0	0	0	0	0	0	0	0	0	0	0	0	0	0	0	0	0	0	0	0	0	0	0	0	0	0	0	0	0	0	0	0	0	0	0	0	0	0	0	0	0	0	0	0	0	0	0	0	0	0	0	0	0	0	0	0	0	0	0	0	0	0