0	77	16	57	87	56	83	9	28	115	89	11	77	76	81	118	26	104	29	3	113	95	77	5	57	24	8	27	76	17	103	112	53	52	74	10	112	23	75	14	108	64	50	2	83	89	8	69	2	33	28	82	57	107	64	100	15	118	114	15	25	18	105	68	104	112	50	97	27	7	115	10	120	26	33	90	125	87	28	105	86	40	73	122	42	19	114	38	19	121	30	45	52	34	29	62	76	17	123	45	20	38	77	93	129	67	122	118	49	23	2	42	116	125	22	37	54	81	121	56	8	4	57	91	78	72	128	59
0	0	37	74	34	44	128	102	104	34	13	89	117	92	21	111	62	11	80	115	126	126	41	3	85	115	97	59	80	23	120	40	74	38	83	41	129	58	103	4	41	86	21	125	93	58	109	87	4	82	38	71	81	93	36	68	15	76	92	34	25	43	35	129	72	89	83	36	15	22	42	27	75	95	3	36	112	64	95	46	24	62	47	62	96	48	16	14	52	120	27	63	55	80	85	76	71	68	40	12	92	114	97	81	49	71	111	28	68	113	94	59	53	40	98	22	101	64	46	22	104	88	77	88	41	71	70	83
0	0	0	36	20	59	50	68	73	99	72	44	42	24	33	87	129	90	121	56	79	108	103	31	38	111	122	93	48	11	119	77	21	111	104	65	89	47	95	31	129	129	75	32	105	46	49	58	127	63	57	81	6	94	77	55	20	33	87	114	124	3	71	25	118	70	121	45	7	81	116	115	23	129	42	108	7	11	120	52	4	11	125	36	77	108	89	84	26	31	63	41	16	104	74	51	73	4	66	21	27	73	79	62	16	39	41	116	3	79	77	121	72	56	82	71	127	17	84	22	18	121	98	15	7	112	7	10
0	0	0	0	13	53	68	123	39	45	7	45	95	9	31	124	89	55	116	41	91	115	76	103	116	109	107	92	19	18	125	114	22	99	9	72	115	101	77	19	101	47	109	5	31	42	66	89	11	74	20	112	12	13	91	115	39	92	11	39	128	72	126	20	68	45	63	77	52	117	97	28	110	50	124	68	110	62	67	50	59	117	58	58	31	129	49	79	76	51	74	43	59	52	72	120	94	45	28	32	112	40	91	77	129	56	94	109	58	3	9	77	112	35	123	45	60	127	89	38	85	96	70	25	21	11	72	73
0	0	0	0	0	82	47	59	23	92	108	129	19	33	79	15	104	82	58	98	48	118	28	99	97	80	16	90	82	15	37	29	121	55	91	93	128	100	73	35	94	69	29	98	74	123	24	104	107	70	72	109	55	114	100	15	84	43	11	107	10	113	105	125	76	98	32	101	49	52	107	91	104	72	61	51	36	40	92	17	112	67	46	95	49	66	37	80	88	114	92	90	109	128	30	100	62	85	92	110	109	85	25	74	101	4	38	125	120	118	119	69	98	92	76	43	92	55	119	128	70	75	46	72	55	109	81	81
0	0	0	0	0	0	45	84	41	9	25	111	113	128	62	115	85	63	30	86	37	132	97	53	8	82	11	23	82	113	6	11	67	66	97	109	100	24	89	50	83	29	42	131	103	23	94	64	37	96	57	65	107	129	119	49	45	101	14	39	28	113	46	29	24	41	45	53	101	44	86	93	55	31	46	100	34	66	68	69	69	105	96	129	70	97	86	9	25	12	50	28	29	45	29	10	75	86	49	48	116	123	41	17	72	71	5	85	9	117	96	24	123	40	20	53	118	54	60	59	94	57	119	122	97	90	115	63
0	0	0	0	0	0	0	125	122	24	123	55	82	123	79	13	57	94	21	110	11	22	126	110	68	94	22	23	73	78	42	37	6	24	56	122	16	41	89	118	116	118	8	65	35	107	38	98	17	72	73	59	115	98	91	127	119	56	101	51	85	100	95	89	39	93	94	94	115	79	40	91	117	110	83	120	5	97	9	37	108	134	18	37	124	71	113	22	48	8	101	33	110	53	115	113	65	91	33	6	121	19	69	44	14	121	85	114	106	60	11	119	86	8	46	122	98	57	34	94	84	118	23	16	82	118	114	125
0	0	0	0	0	0	0	0	60	84	90	35	87	64	43	65	91	125	60	14	124	67	58	129	33	113	123	110	71	106	20	81	133	11	27	43	64	108	32	65	66	125	27	31	22	43	78	53	116	60	61	61	15	50	68	64	79	122	48	106	104	98	64	72	123	97	91	36	91	22	117	124	11	73	113	100	70	20	112	109	38	80	128	109	50	116	100	32	55	43	78	33	118	74	25	84	21	34	128	18	19	94	113	60	8	85	118	101	40	105	126	45	24	85	93	23	62	20	108	6	62	111	114	75	103	82	41	8
0	0	0	0	0	0	0	0	0	16	15	93	64	64	114	111	117	11	67	9	71	75	89	121	61	10	126	47	26	68	79	43	125	21	36	76	3	68	99	23	113	113	94	133	34	35	70	117	67	109	59	104	9	81	53	132	124	117	58	85	71	56	36	31	57	112	133	104	30	104	40	40	104	68	81	104	123	70	34	114	105	64	50	11	96	91	67	114	96	19	54	66	109	61	116	62	58	131	73	121	58	113	109	127	19	15	18	58	62	13	29	21	16	73	6	116	60	99	135	126	71	13	95	50	80	7	59	59
0	0	0	0	0	0	0	0	0	0	122	107	92	35	91	113	94	21	99	86	92	104	35	58	83	94	47	88	52	41	124	24	93	25	66	108	122	124	45	116	38	60	65	116	18	33	60	122	46	95	135	113	37	58	99	96	16	14	50	38	54	86	76	104	77	49	46	19	25	49	114	34	128	84	104	85	40	127	12	58	27	80	23	100	21	114	125	109	45	29	54	74	38	81	122	23	101	64	74	124	96	92	79	117	111	39	22	75	35	30	135	118	39	57	58	113	78	60	73	130	118	18	33	95	24	109	125	126
0	0	0	0	0	0	0	0	0	0	0	21	33	111	98	113	88	104	25	123	10	60	95	70	129	128	105	70	20	82	108	40	57	40	13	69	63	115	113	119	27	48	37	59	7	81	83	45	124	97	15	54	41	12	52	80	60	71	65	125	72	131	40	21	98	39	50	32	37	127	132	124	43	29	89	134	87	12	52	29	60	104	32	21	42	136	119	82	106	100	10	96	50	107	110	95	58	89	32	62	49	50	26	71	103	60	61	55	131	37	17	130	43	30	29	109	108	127	27	76	84	75	78	20	30	112	102	77
0	0	0	0	0	0	0	0	0	0	0	0	121	38	94	50	34	70	34	91	7	22	54	109	77	56	56	13	68	101	106	128	31	39	78	20	135	125	101	79	15	27	84	90	130	63	120	120	104	48	13	31	68	59	89	93	97	104	62	31	41	58	110	50	128	26	98	86	74	18	16	7	14	40	74	27	13	19	94	115	36	43	33	85	27	99	93	30	111	106	132	134	28	121	92	102	35	123	31	78	115	92	116	16	32	33	108	84	67	76	27	109	18	61	77	15	15	28	117	116	95	95	19	91	50	134	114	23
0	0	0	0	0	0	0	0	0	0	0	0	0	92	130	17	131	108	62	98	109	83	114	66	92	52	106	91	27	89	58	117	37	61	76	104	98	137	36	31	43	109	35	123	102	58	74	26	42	97	39	124	23	53	129	75	52	44	117	69	20	28	80	15	33	90	132	26	62	100	47	15	40	24	103	74	40	100	46	26	109	13	23	102	104	30	100	25	7	25	15	30	55	112	45	95	39	23	88	13	140	118	27	89	128	59	11	8	89	135	85	84	20	8	6	48	130	101	99	86	29	120	23	25	102	87	52	23
0	0	0	0	0	0	0	0	0	0	0	0	0	0	100	71	91	25	82	32	66	12	85	91	40	131	67	121	117	87	69	64	104	127	56	40	45	104	125	34	43	89	109	54	69	14	127	112	46	104	70	43	48	42	55	122	136	8	98	102	80	100	111	84	122	142	95	29	34	77	111	38	15	35	79	47	98	125	38	91	90	48	25	72	32	38	32	8	79	35	102	127	112	125	64	17	85	104	7	78	51	22	74	84	61	105	49	11	52	98	91	70	56	6	92	104	132	89	14	42	76	115	70	75	65	94	60	74
0	0	0	0	0	0	0	0	0	0	0	0	0	0	0	15	58	116	40	84	33	23	117	132	115	76	89	64	70	88	109	48	133	137	21	131	31	65	119	26	76	9	44	23	117	34	36	60	135	64	77	23	81	50	51	67	84	103	101	63	24	67	96	96	62	110	44	61	14	70	17	36	24	106	54	9	105	106	95	54	96	104	127	41	113	64	110	27	48	41	124	111	117	110	77	59	23	59	75	117	81	34	108	58	28	54	60	106	43	47	71	94	35	120	20	10	65	121	32	47	122	44	15	23	24	89	82	56
0	0	0	0	0	0	0	0	0	0	0	0	0	0	0	0	132	80	135	136	53	7	88	59	116	17	109	59	120	96	49	83	75	36	69	75	116	20	70	113	83	107	102	137	88	52	26	60	72	49	35	96	58	88	39	87	127	66	117	32	23	99	125	36	80	96	108	65	85	70	18	2	108	89	135	67	60	131	135	8	18	88	109	94	62	29	53	43	50	116	23	75	75	112	24	33	84	69	120	97	60	107	16	27	131	38	9	28	79	56	12	66	36	132	59	99	101	136	125	29	34	84	93	138	35	123	121	70
0	0	0	0	0	0	0	0	0	0	0	0	0	0	0	0	0	25	2	9	25	50	133	61	105	28	117	43	109	110	99	133	102	39	120	87	64	105	137	74	74	23	116	74	120	106	63	9	30	62	88	81	77	79	90	97	88	80	39	135	123	51	100	26	42	91	107	36	119	65	40	13	40	85	52	135	98	133	57	82	69	113	97	29	56	92	38	121	23	79	71	104	46	98	19	78	72	56	60	48	34	96	99	130	91	108	86	103	28	17	66	11	47	41	139	10	65	62	18	48	69	85	137	83	48	77	28	29
0	0	0	0	0	0	0	0	0	0	0	0	0	0	0	0	0	0	76	102	95	62	42	54	37	47	102	81	95	43	34	140	63	121	89	36	13	45	118	27	139	16	124	31	64	24	37	100	85	90	128	45	103	63	39	31	53	82	14	46	50	126	99	116	114	57	18	102	32	6	114	118	125	49	101	93	106	38	94	18	18	115	102	31	95	81	15	41	104	50	141	31	139	44	67	50	67	79	133	128	133	44	20	68	121	93	86	63	127	24	105	63	80	108	103	116	84	104	16	98	29	127	116	135	55	60	59	26
0	0	0	0	0	0	0	0	0	0	0	0	0	0	0	0	0	0	0	118	91	110	128	125	64	127	18	133	11	119	98	131	37	43	24	34	43	124	20	75	49	120	89	64	127	36	86	92	119	121	81	75	15	121	43	59	88	30	8	39	72	47	66	138	50	82	87	14	115	101	42	144	108	135	135	23	71	85	33	56	131	45	8	127	54	101	31	127	127	65	131	122	34	127	57	66	34	93	23	92	129	98	38	56	126	57	96	30	99	72	136	67	60	8	17	27	108	97	8	77	62	94	83	19	58	51	53	44
0	0	0	0	0	0	0	0	0	0	0	0	0	0	0	0	0	0	0	0	80	38	144	135	108	25	133	105	51	118	24	121	17	27	130	64	56	133	48	64	79	17	67	83	123	142	67	64	77	121	118	81	81	65	57	47	136	25	97	128	115	54	30	39	66	53	116	84	66	39	70	46	47	103	50	140	32	37	15	100	93	39	23	51	88	125	42	109	73	123	19	97	86	48	135	7	119	50	66	83	107	87	109	81	109	29	70	84	55	120	23	34	130	73	66	85	133	56	30	74	99	77	97	9	91	64	55	42
0	0	0	0	0	0	0	0	0	0	0	0	0	0	0	0	0	0	0	0	0	47	113	58	26	82	32	66	92	53	104	92	36	34	43	128	80	109	21	110	76	70	36	13	95	105	131	81	13	28	43	22	81	82	126	69	74	129	101	130	103	49	13	109	85	63	31	95	36	77	93	30	107	145	57	117	114	62	6	69	91	79	39	34	89	94	115	110	77	133	56	101	140	24	35	105	68	53	34	111	58	43	71	40	35	108	69	82	115	136	24	94	25	88	63	105	113	28	115	32	41	37	140	90	126	134	64	45
0	0	0	0	0	0	0	0	0	0	0	0	0	0	0	0	0	0	0	0	0	0	18	29	91	95	108	37	79	52	73	88	22	94	83	62	119	61	46	49	132	133	100	130	32	50	79	58	20	92	50	135	15	95	46	11	13	132	113	70	32	48	19	71	24	21	86	89	82	58	62	106	21	135	78	45	139	96	115	70	56	102	126	119	138	93	84	64	102	138	82	131	134	74	42	23	16	39	50	99	87	104	77	121	106	83	71	146	128	58	123	98	83	73	67	18	59	121	19	135	10	117	37	52	35	105	71	125
0	0	0	0	0	0	0	0	0	0	0	0	0	0	0	0	0	0	0	0	0	0	0	86	112	54	120	81	135	125	111	92	102	27	74	114	40	20	29	128	55	131	50	120	117	80	32	39	42	58	58	28	138	49	86	19	80	139	69	52	121	124	59	129	47	18	94	84	115	113	104	54	83	28	126	77	75	120	118	128	75	139	114	111	27	38	67	116	22	35	55	67	55	14	112	129	42	122	75	103	64	112	139	89	58	105	52	24	98	56	9	39	70	53	61	87	47	17	46	102	82	67	122	133	41	47	141	64
0	0	0	0	0	0	0	0	0	0	0	0	0	0	0	0	0	0	0	0	0	0	0	0	120	47	58	121	28	49	28	60	74	91	75	136	68	99	129	120	46	124	61	13	81	128	92	40	83	106	120	46	100	134	34	102	56	90	86	53	135	91	117	13	63	42	126	130	118	94	31	39	54	133	121	13	145	38	37	26	53	63	70	49	118	77	62	144	91	45	134	135	53	58	61	52	85	112	17	30	53	28	66	15	60	103	131	43	54	87	63	61	47	32	85	60	98	104	25	50	83	49	93	48	11	101	139	34
0	0	0	0	0	0	0	0	0	0	0	0	0	0	0	0	0	0	0	0	0	0	0	0	0	140	34	76	57	110	60	15	13	87	52	22	29	135	48	63	33	109	120	101	108	46	112	74	115	131	114	95	41	86	22	120	121	91	69	50	43	136	99	17	123	40	40	88	133	95	21	123	37	109	41	15	90	70	43	79	25	114	85	74	99	118	64	93	46	102	85	81	91	134	50	31	48	130	61	15	96	33	49	40	12	121	54	52	21	147	94	32	57	10	136	103	58	101	29	10	38	72	109	85	102	85	122	39
0	0	0	0	0	0	0	0	0	0	0	0	0	0	0	0	0	0	0	0	0	0	0	0	0	0	38	68	26	67	32	78	93	25	65	99	148	76	33	53	120	55	62	93	120	140	38	128	138	108	97	105	33	129	140	72	43	14	95	42	62	28	57	78	12	106	59	88	121	71	122	31	16	8	138	24	111	59	35	57	39	127	62	91	132	121	27	138	83	87	112	45	104	103	49	27	140	145	62	97	110	119	133	111	104	9	82	58	72	37	101	97	21	117	45	73	120	66	128	31	118	117	136	61	70	107	101	36
0	0	0	0	0	0	0	0	0	0	0	0	0	0	0	0	0	0	0	0	0	0	0	0	0	0	0	80	105	55	138	96	113	142	47	25	55	23	119	139	112	131	80	141	60	111	24	114	86	29	72	29	42	77	99	36	30	103	59	92	65	15	31	104	64	24	83	9	72	83	7	117	51	88	79	52	106	114	135	52	147	114	124	84	122	57	19	140	34	97	112	98	2	106	31	28	100	35	29	29	116	66	120	49	10	44	44	22	73	118	102	83	104	105	109	42	21	58	88	9	118	91	47	114	74	137	31	138
0	0	0	0	0	0	0	0	0	0	0	0	0	0	0	0	0	0	0	0	0	0	0	0	0	0	0	0	134	93	24	144	57	97	41	68	24	92	62	76	93	55	55	128	129	124	18	98	129	91	15	66	103	33	9	126	140	78	129	89	65	124	74	104	79	139	130	94	147	24	98	10	97	72	58	76	51	146	38	57	142	54	112	106	63	137	41	116	118	45	64	92	63	103	31	101	51	66	60	83	132	35	65	62	111	26	64	113	64	63	139	76	44	149	55	71	56	147	79	53	35	73	100	60	127	110	74	97
0	0	0	0	0	0	0	0	0	0	0	0	0	0	0	0	0	0	0	0	0	0	0	0	0	0	0	0	0	130	92	76	29	122	117	111	43	122	66	123	147	134	37	20	115	147	44	119	81	66	127	92	65	61	50	56	33	27	67	59	13	129	43	56	78	118	18	85	80	33	19	18	29	96	74	64	93	136	138	56	117	123	40	90	140	123	127	17	120	48	132	107	63	96	131	102	85	90	131	96	16	101	67	106	71	89	117	100	135	113	63	48	80	113	129	74	130	51	8	140	45	39	53	147	84	121	80	92
0	0	0	0	0	0	0	0	0	0	0	0	0	0	0	0	0	0	0	0	0	0	0	0	0	0	0	0	0	0	118	26	146	122	79	68	54	122	63	73	49	33	127	112	42	88	77	50	119	16	41	115	107	127	60	16	65	108	94	25	28	143	30	107	34	129	55	103	49	67	76	79	133	94	35	64	23	126	40	28	46	132	76	47	104	26	93	43	100	117	114	72	35	98	50	151	86	84	126	130	79	118	10	34	146	115	128	62	100	63	94	126	56	107	58	136	93	55	69	58	28	95	135	106	53	90	24	46
0	0	0	0	0	0	0	0	0	0	0	0	0	0	0	0	0	0	0	0	0	0	0	0	0	0	0	0	0	0	0	142	99	107	119	108	129	54	53	59	106	85	47	31	69	64	39	61	40	64	27	93	110	76	26	93	21	51	51	126	41	104	50	103	143	129	98	111	28	42	108	43	75	58	77	7	33	131	98	90	128	84	55	38	136	39	70	141	37	35	132	45	16	30	64	87	110	17	94	111	29	99	21	140	23	98	62	95	86	84	38	25	142	82	132	35	37	82	131	73	36	107	50	115	133	120	57	117
0	0	0	0	0	0	0	0	0	0	0	0	0	0	0	0	0	0	0	0	0	0	0	0	0	0	0	0	0	0	0	0	11	114	29	121	73	85	20	137	118	74	128	5	57	119	23	149	104	147	78	23	28	55	93	39	123	83	138	128	59	25	121	121	128	40	127	78	8	26	112	20	117	27	74	148	26	127	124	109	94	42	85	35	89	78	73	110	62	59	138	76	84	91	65	149	11	110	30	27	75	101	2	94	60	95	33	57	77	71	76	38	132	118	14	75	66	120	118	83	79	79	31	54	34	114	128	18
0	0	0	0	0	0	0	0	0	0	0	0	0	0	0	0	0	0	0	0	0	0	0	0	0	0	0	0	0	0	0	0	0	94	78	158	54	81	122	95	101	57	75	53	122	114	100	32	50	83	78	120	27	90	100	80	27	97	131	88	53	127	88	97	97	20	122	37	43	78	90	44	57	102	97	34	47	115	122	65	118	15	77	102	71	41	36	30	116	148	98	133	100	26	109	55	48	129	110	130	61	35	32	31	83	117	24	40	91	146	87	40	81	111	114	10	32	77	35	132	98	30	76	81	91	117	135	152
0	0	0	0	0	0	0	0	0	0	0	0	0	0	0	0	0	0	0	0	0	0	0	0	0	0	0	0	0	0	0	0	0	0	129	54	21	128	44	79	43	109	86	84	78	81	62	70	94	122	114	74	83	91	110	14	105	115	88	108	43	112	113	44	127	126	62	75	38	28	36	133	67	132	33	111	98	81	45	146	111	78	96	86	102	51	133	60	74	101	125	140	14	65	104	141	119	81	39	107	138	102	132	59	142	12	132	128	45	13	42	123	160	92	73	43	147	94	142	17	42	32	45	60	15	130	121	109
0	0	0	0	0	0	0	0	0	0	0	0	0	0	0	0	0	0	0	0	0	0	0	0	0	0	0	0	0	0	0	0	0	0	0	94	115	122	136	99	125	49	130	111	108	20	91	131	76	157	50	106	102	96	132	149	90	150	45	126	99	150	113	137	79	141	59	34	64	23	23	109	96	92	161	158	82	127	17	87	43	143	35	104	128	39	20	91	65	125	41	16	102	116	86	104	116	137	86	40	61	122	132	125	110	96	125	117	74	109	37	84	23	138	39	71	142	73	109	81	138	94	42	86	42	111	55	124
0	0	0	0	0	0	0	0	0	0	0	0	0	0	0	0	0	0	0	0	0	0	0	0	0	0	0	0	0	0	0	0	0	0	0	0	118	120	116	97	142	26	27	47	105	44	116	111	130	52	74	120	34	91	46	84	136	59	40	88	63	84	92	74	136	52	111	68	142	84	68	81	115	119	6	7	98	110	90	47	79	95	83	136	124	8	26	131	144	121	134	123	111	70	152	40	52	98	33	82	72	116	104	129	72	138	35	153	72	104	29	91	44	55	13	67	47	88	125	135	63	114	76	98	104	149	20	139
0	0	0	0	0	0	0	0	0	0	0	0	0	0	0	0	0	0	0	0	0	0	0	0	0	0	0	0	0	0	0	0	0	0	0	0	0	105	130	134	102	36	59	47	29	113	66	88	91	58	73	97	31	20	97	40	44	86	105	55	93	88	154	145	57	57	28	131	98	43	96	60	67	127	91	29	121	86	146	47	76	144	111	98	39	86	134	110	38	108	125	46	123	28	59	118	67	137	94	140	51	123	58	97	118	50	28	113	116	28	85	115	70	157	76	77	159	132	45	79	84	126	66	104	68	104	120	74
0	0	0	0	0	0	0	0	0	0	0	0	0	0	0	0	0	0	0	0	0	0	0	0	0	0	0	0	0	0	0	0	0	0	0	0	0	0	15	127	125	18	66	45	104	43	28	80	73	100	129	38	91	30	106	148	31	36	95	106	116	112	69	82	121	89	114	89	39	73	61	3	91	143	102	87	113	86	46	132	35	128	107	140	47	108	97	77	35	53	54	31	108	17	107	127	92	99	45	78	53	69	82	100	32	139	28	132	128	44	121	157	132	49	123	91	98	80	88	146	14	57	110	83	18	22	132	28
0	0	0	0	0	0	0	0	0	0	0	0	0	0	0	0	0	0	0	0	0	0	0	0	0	0	0	0	0	0	0	0	0	0	0	0	0	0	0	95	47	85	77	43	148	108	77	69	57	62	126	67	45	15	18	132	25	77	119	122	144	127	39	126	78	30	135	31	131	144	59	52	33	72	69	69	20	107	60	66	56	98	109	98	86	130	58	147	159	121	96	49	38	84	74	16	116	57	31	87	14	71	113	112	126	153	129	43	25	121	59	108	123	110	125	142	42	27	9	66	25	139	45	26	144	145	148	83
0	0	0	0	0	0	0	0	0	0	0	0	0	0	0	0	0	0	0	0	0	0	0	0	0	0	0	0	0	0	0	0	0	0	0	0	0	0	0	0	102	53	25	136	130	103	129	48	22	127	117	129	129	122	76	127	76	134	84	88	112	116	97	144	65	17	41	37	113	123	48	127	25	68	31	113	115	82	82	116	49	115	26	104	134	108	147	27	119	45	39	30	44	154	43	37	133	90	37	128	163	74	140	45	56	140	61	83	108	93	95	120	65	76	123	62	97	102	113	105	92	80	90	47	89	87	121	37
0	0	0	0	0	0	0	0	0	0	0	0	0	0	0	0	0	0	0	0	0	0	0	0	0	0	0	0	0	0	0	0	0	0	0	0	0	0	0	0	0	47	115	43	86	147	124	79	117	36	99	39	156	67	46	50	112	138	73	74	82	73	28	131	19	81	63	116	55	58	130	114	110	149	58	77	142	80	48	146	85	40	51	111	89	5	78	50	60	60	120	105	24	15	133	70	89	8	121	45	35	135	123	28	77	113	58	74	151	75	54	58	95	125	108	92	57	106	90	93	42	138	56	81	77	129	69	114
0	0	0	0	0	0	0	0	0	0	0	0	0	0	0	0	0	0	0	0	0	0	0	0	0	0	0	0	0	0	0	0	0	0	0	0	0	0	0	0	0	0	101	68	124	158	64	56	34	70	133	142	102	128	134	15	74	78	81	137	78	76	152	134	65	139	112	157	111	44	150	107	44	108	53	100	68	121	137	90	152	107	55	128	32	130	49	94	5	48	130	127	104	133	132	113	63	140	115	117	53	88	142	119	50	82	133	87	122	81	133	28	65	143	95	30	167	42	66	139	88	121	119	12	128	45	102	54
0	0	0	0	0	0	0	0	0	0	0	0	0	0	0	0	0	0	0	0	0	0	0	0	0	0	0	0	0	0	0	0	0	0	0	0	0	0	0	0	0	0	0	149	150	154	72	76	43	113	68	58	84	56	147	97	124	127	147	106	140	69	134	137	59	139	79	143	83	144	76	45	149	82	78	107	50	49	129	94	81	75	145	55	55	31	125	88	75	38	92	131	92	113	104	18	142	92	160	15	130	135	44	22	140	62	94	150	118	80	97	112	85	75	31	83	70	74	23	66	156	15	84	100	145	44	43	78
0	0	0	0	0	0	0	0	0	0	0	0	0	0	0	0	0	0	0	0	0	0	0	0	0	0	0	0	0	0	0	0	0	0	0	0	0	0	0	0	0	0	0	0	72	126	67	108	120	12	109	32	79	106	64	77	110	69	58	85	119	158	84	109	42	24	132	65	121	132	31	9	62	94	116	126	86	75	98	54	102	18	36	29	139	118	66	47	153	124	22	142	87	95	111	124	62	157	133	145	121	8	120	23	30	119	83	114	38	72	154	78	90	116	73	141	44	87	70	46	116	22	109	117	47	83	49	69
0	0	0	0	0	0	0	0	0	0	0	0	0	0	0	0	0	0	0	0	0	0	0	0	0	0	0	0	0	0	0	0	0	0	0	0	0	0	0	0	0	0	0	0	0	46	41	52	68	124	94	109	32	133	109	113	73	93	72	61	138	36	4	153	126	29	20	64	104	46	76	120	164	69	34	74	126	90	132	10	94	92	131	96	42	133	23	71	129	101	37	111	89	69	71	37	70	55	31	110	96	107	87	146	109	162	52	135	8	84	23	60	37	165	72	130	22	55	117	93	75	149	115	22	40	151	122	97
0	0	0	0	0	0	0	0	0	0	0	0	0	0	0	0	0	0	0	0	0	0	0	0	0	0	0	0	0	0	0	0	0	0	0	0	0	0	0	0	0	0	0	0	0	0	86	133	92	111	120	37	46	56	147	70	71	96	64	70	111	52	67	81	130	70	118	44	62	41	41	120	87	115	78	36	105	160	76	132	82	41	98	132	93	36	46	96	41	149	55	48	90	137	124	124	21	109	12	167	104	88	44	120	147	115	116	144	72	83	104	61	77	60	89	137	17	148	107	19	13	66	24	105	73	112	108	139
0	0	0	0	0	0	0	0	0	0	0	0	0	0	0	0	0	0	0	0	0	0	0	0	0	0	0	0	0	0	0	0	0	0	0	0	0	0	0	0	0	0	0	0	0	0	0	20	53	120	122	142	65	98	106	99	36	124	57	72	138	95	120	61	45	64	113	65	58	105	155	102	62	83	86	54	53	149	92	60	45	111	54	79	123	149	75	52	74	70	73	131	136	95	137	116	39	44	98	34	116	74	56	88	96	21	104	44	70	116	64	88	120	48	137	92	113	51	138	92	73	47	78	75	96	43	154	145
0	0	0	0	0	0	0	0	0	0	0	0	0	0	0	0	0	0	0	0	0	0	0	0	0	0	0	0	0	0	0	0	0	0	0	0	0	0	0	0	0	0	0	0	0	0	0	0	115	108	115	119	159	85	63	47	139	144	92	35	71	72	135	15	83	160	100	59	101	98	38	23	144	143	109	135	74	94	138	77	64	120	48	90	74	79	67	103	61	51	49	127	63	124	27	142	38	73	32	66	104	79	65	112	92	35	45	114	162	68	75	27	107	58	93	101	52	126	73	121	84	160	123	94	125	80	156	146
0	0	0	0	0	0	0	0	0	0	0	0	0	0	0	0	0	0	0	0	0	0	0	0	0	0	0	0	0	0	0	0	0	0	0	0	0	0	0	0	0	0	0	0	0	0	0	0	0	84	121	71	49	151	103	148	51	45	151	125	159	113	66	172	159	74	60	108	69	82	170	106	127	148	31	143	73	134	91	78	25	108	146	89	119	105	75	141	105	46	61	42	117	101	109	42	57	153	46	130	77	82	133	58	74	54	153	35	151	54	135	131	13	152	8	122	96	53	73	92	86	100	118	137	111	132	68	47
0	0	0	0	0	0	0	0	0	0	0	0	0	0	0	0	0	0	0	0	0	0	0	0	0	0	0	0	0	0	0	0	0	0	0	0	0	0	0	0	0	0	0	0	0	0	0	0	0	0	49	82	116	53	89	127	118	105	43	145	128	120	37	100	69	125	115	77	122	92	102	96	41	152	58	91	158	93	119	48	70	12	52	120	105	130	132	72	34	119	57	67	83	97	19	140	85	104	84	108	60	52	121	75	57	44	46	121	99	58	82	153	74	99	87	42	104	114	136	143	58	111	158	159	78	122	48	109
0	0	0	0	0	0	0	0	0	0	0	0	0	0	0	0	0	0	0	0	0	0	0	0	0	0	0	0	0	0	0	0	0	0	0	0	0	0	0	0	0	0	0	0	0	0	0	0	0	0	0	141	133	86	162	149	32	113	108	73	87	49	69	105	53	55	49	102	116	148	146	126	60	134	31	145	124	49	33	117	96	31	111	73	60	55	90	113	90	22	64	119	134	117	146	65	149	114	69	84	53	116	52	93	38	73	117	36	29	87	164	55	108	50	109	42	91	103	111	159	128	95	55	79	34	78	137	121
0	0	0	0	0	0	0	0	0	0	0	0	0	0	0	0	0	0	0	0	0	0	0	0	0	0	0	0	0	0	0	0	0	0	0	0	0	0	0	0	0	0	0	0	0	0	0	0	0	0	0	0	45	124	52	68	133	116	78	60	93	76	41	84	165	24	56	124	58	41	97	21	124	19	110	124	173	151	92	35	52	103	102	172	111	144	119	171	142	122	56	24	159	104	78	112	61	92	114	134	65	84	97	78	81	104	56	45	24	91	138	93	119	95	44	69	94	99	115	20	120	164	59	141	29	81	143	97
0	0	0	0	0	0	0	0	0	0	0	0	0	0	0	0	0	0	0	0	0	0	0	0	0	0	0	0	0	0	0	0	0	0	0	0	0	0	0	0	0	0	0	0	0	0	0	0	0	0	0	0	0	130	161	63	138	81	98	50	130	142	102	75	69	119	73	47	93	55	122	113	129	74	28	159	133	21	152	111	47	54	97	85	72	168	24	119	131	102	137	67	59	120	121	19	115	59	138	161	76	113	159	30	50	108	106	99	37	84	39	54	130	60	145	58	33	80	83	118	67	65	64	89	108	48	73	90
0	0	0	0	0	0	0	0	0	0	0	0	0	0	0	0	0	0	0	0	0	0	0	0	0	0	0	0	0	0	0	0	0	0	0	0	0	0	0	0	0	0	0	0	0	0	0	0	0	0	0	0	0	0	103	18	94	135	132	151	159	52	74	63	119	95	38	131	90	74	47	77	170	99	110	131	64	57	123	118	68	38	93	55	140	98	134	66	110	65	145	173	99	50	43	150	25	33	137	95	64	90	112	43	114	111	90	48	129	128	109	73	115	34	27	74	85	52	73	42	56	160	11	66	94	124	69	13
0	0	0	0	0	0	0	0	0	0	0	0	0	0	0	0	0	0	0	0	0	0	0	0	0	0	0	0	0	0	0	0	0	0	0	0	0	0	0	0	0	0	0	0	0	0	0	0	0	0	0	0	0	0	0	43	67	109	146	94	113	109	76	156	26	168	41	67	130	63	21	133	59	82	79	116	147	64	103	150	98	157	61	95	30	97	80	137	153	51	31	87	109	120	69	63	86	75	50	122	121	89	136	139	145	21	81	140	109	24	130	93	89	152	73	47	114	167	33	108	58	84	168	128	167	15	83	16
0	0	0	0	0	0	0	0	0	0	0	0	0	0	0	0	0	0	0	0	0	0	0	0	0	0	0	0	0	0	0	0	0	0	0	0	0	0	0	0	0	0	0	0	0	0	0	0	0	0	0	0	0	0	0	0	96	112	69	138	104	139	144	97	59	42	103	70	25	137	139	76	46	88	147	138	17	106	4	66	100	84	84	36	117	100	98	56	57	44	95	148	102	152	117	116	147	119	155	165	65	50	108	74	169	125	33	74	84	46	120	26	60	12	160	70	123	102	76	127	23	61	84	52	117	78	128	88
0	0	0	0	0	0	0	0	0	0	0	0	0	0	0	0	0	0	0	0	0	0	0	0	0	0	0	0	0	0	0	0	0	0	0	0	0	0	0	0	0	0	0	0	0	0	0	0	0	0	0	0	0	0	0	0	0	127	108	33	72	81	111	121	85	154	86	170	151	68	17	110	82	65	130	98	86	46	61	84	157	23	58	101	33	168	163	124	94	125	157	103	154	168	125	113	49	125	42	135	91	119	118	130	124	101	145	59	120	21	158	82	108	158	88	119	109	7	75	61	44	145	75	59	31	127	111	122
0	0	0	0	0	0	0	0	0	0	0	0	0	0	0	0	0	0	0	0	0	0	0	0	0	0	0	0	0	0	0	0	0	0	0	0	0	0	0	0	0	0	0	0	0	0	0	0	0	0	0	0	0	0	0	0	0	0	77	117	72	76	40	59	150	80	86	148	111	59	63	62	127	8	25	38	121	75	157	164	116	123	162	74	158	115	159	97	62	45	185	152	156	54	110	120	166	162	119	122	130	147	119	147	42	142	157	131	156	50	86	113	156	97	103	53	52	113	15	58	164	93	19	142	56	54	26	86
0	0	0	0	0	0	0	0	0	0	0	0	0	0	0	0	0	0	0	0	0	0	0	0	0	0	0	0	0	0	0	0	0	0	0	0	0	0	0	0	0	0	0	0	0	0	0	0	0	0	0	0	0	0	0	0	0	0	0	71	65	50	71	52	78	22	109	134	182	88	125	124	94	156	69	78	166	96	131	59	76	31	11	115	81	117	126	120	112	59	131	156	111	4	24	90	90	109	78	77	98	85	151	113	92	87	20	139	43	44	26	18	124	106	154	147	71	121	102	143	123	78	137	64	146	34	153	61
0	0	0	0	0	0	0	0	0	0	0	0	0	0	0	0	0	0	0	0	0	0	0	0	0	0	0	0	0	0	0	0	0	0	0	0	0	0	0	0	0	0	0	0	0	0	0	0	0	0	0	0	0	0	0	0	0	0	0	0	144	47	136	107	104	43	26	152	91	84	179	101	45	25	158	131	77	125	115	112	52	94	71	130	91	64	66	158	109	29	7	49	101	105	98	104	67	97	57	102	63	57	64	71	59	39	61	142	61	32	108	96	51	157	108	33	60	140	77	137	64	23	43	68	61	100	187	127
0	0	0	0	0	0	0	0	0	0	0	0	0	0	0	0	0	0	0	0	0	0	0	0	0	0	0	0	0	0	0	0	0	0	0	0	0	0	0	0	0	0	0	0	0	0	0	0	0	0	0	0	0	0	0	0	0	0	0	0	0	27	42	61	84	116	39	138	142	135	126	125	108	177	75	45	41	119	179	62	54	117	23	71	152	106	37	93	122	66	89	76	98	87	166	67	155	88	142	100	88	45	69	97	86	111	68	135	40	89	145	51	76	111	90	176	59	86	140	120	92	66	72	117	119	71	24	140
0	0	0	0	0	0	0	0	0	0	0	0	0	0	0	0	0	0	0	0	0	0	0	0	0	0	0	0	0	0	0	0	0	0	0	0	0	0	0	0	0	0	0	0	0	0	0	0	0	0	0	0	0	0	0	0	0	0	0	0	0	0	77	58	54	136	27	119	180	104	75	143	123	129	176	99	147	104	96	146	140	186	17	57	68	61	113	145	93	134	79	149	90	159	63	85	147	152	187	114	56	119	156	91	15	30	9	133	76	117	138	91	77	89	169	92	94	75	14	34	82	100	61	136	90	134	93	27
0	0	0	0	0	0	0	0	0	0	0	0	0	0	0	0	0	0	0	0	0	0	0	0	0	0	0	0	0	0	0	0	0	0	0	0	0	0	0	0	0	0	0	0	0	0	0	0	0	0	0	0	0	0	0	0	0	0	0	0	0	0	0	19	92	125	147	65	160	169	99	124	130	69	22	95	91	97	158	91	147	77	112	147	72	45	65	97	36	87	146	165	186	73	152	131	183	168	22	49	56	63	24	136	116	27	55	110	21	107	124	103	53	52	72	80	111	47	126	53	46	150	97	71	63	88	119	113
0	0	0	0	0	0	0	0	0	0	0	0	0	0	0	0	0	0	0	0	0	0	0	0	0	0	0	0	0	0	0	0	0	0	0	0	0	0	0	0	0	0	0	0	0	0	0	0	0	0	0	0	0	0	0	0	0	0	0	0	0	0	0	0	100	148	82	95	39	109	94	62	91	90	79	169	97	73	42	86	133	16	120	69	69	33	125	48	152	130	124	83	141	91	79	40	76	106	149	128	65	88	79	144	28	64	129	42	106	135	86	92	78	109	32	51	79	113	164	116	163	98	62	101	45	89	55	63
0	0	0	0	0	0	0	0	0	0	0	0	0	0	0	0	0	0	0	0	0	0	0	0	0	0	0	0	0	0	0	0	0	0	0	0	0	0	0	0	0	0	0	0	0	0	0	0	0	0	0	0	0	0	0	0	0	0	0	0	0	0	0	0	0	132	160	120	156	140	105	123	56	161	132	146	78	48	88	102	71	129	128	145	78	124	123	120	103	79	133	72	121	54	64	82	152	76	143	95	49	91	51	137	73	52	168	46	110	121	115	36	83	61	180	84	140	144	119	32	129	89	61	45	64	121	140	77
0	0	0	0	0	0	0	0	0	0	0	0	0	0	0	0	0	0	0	0	0	0	0	0	0	0	0	0	0	0	0	0	0	0	0	0	0	0	0	0	0	0	0	0	0	0	0	0	0	0	0	0	0	0	0	0	0	0	0	0	0	0	0	0	0	0	132	71	94	108	83	175	82	116	173	165	117	115	79	39	51	109	79	74	128	46	142	180	127	21	133	141	42	91	156	148	31	119	131	77	153	135	134	74	81	47	143	132	77	20	161	55	57	156	47	157	83	138	75	53	118	130	132	133	98	140	77	74
0	0	0	0	0	0	0	0	0	0	0	0	0	0	0	0	0	0	0	0	0	0	0	0	0	0	0	0	0	0	0	0	0	0	0	0	0	0	0	0	0	0	0	0	0	0	0	0	0	0	0	0	0	0	0	0	0	0	0	0	0	0	0	0	0	0	0	89	86	107	107	59	92	159	119	21	133	141	148	58	42	123	94	156	94	64	127	118	93	41	111	53	98	53	91	92	148	67	79	103	53	95	61	70	73	65	158	115	124	142	68	51	134	20	101	73	119	108	119	54	116	141	116	62	50	156	167	19
0	0	0	0	0	0	0	0	0	0	0	0	0	0	0	0	0	0	0	0	0	0	0	0	0	0	0	0	0	0	0	0	0	0	0	0	0	0	0	0	0	0	0	0	0	0	0	0	0	0	0	0	0	0	0	0	0	0	0	0	0	0	0	0	0	0	0	0	63	130	120	114	175	100	92	61	93	148	84	113	121	120	42	85	27	57	104	117	50	80	82	97	36	72	88	171	125	155	118	103	85	103	72	22	123	166	107	105	71	118	115	98	149	96	135	156	85	45	79	160	127	162	58	146	54	92	32	67
0	0	0	0	0	0	0	0	0	0	0	0	0	0	0	0	0	0	0	0	0	0	0	0	0	0	0	0	0	0	0	0	0	0	0	0	0	0	0	0	0	0	0	0	0	0	0	0	0	0	0	0	0	0	0	0	0	0	0	0	0	0	0	0	0	0	0	0	0	103	179	163	42	119	16	116	151	57	100	154	112	68	165	100	56	57	144	52	115	134	145	127	27	121	115	39	144	90	78	41	123	125	126	49	159	140	19	60	77	105	96	80	118	111	164	100	64	104	66	130	29	92	108	57	55	92	15	14
0	0	0	0	0	0	0	0	0	0	0	0	0	0	0	0	0	0	0	0	0	0	0	0	0	0	0	0	0	0	0	0	0	0	0	0	0	0	0	0	0	0	0	0	0	0	0	0	0	0	0	0	0	0	0	0	0	0	0	0	0	0	0	0	0	0	0	0	0	0	49	154	147	124	24	99	146	144	103	97	70	115	106	139	82	84	68	59	136	55	137	106	87	124	60	76	37	118	42	53	25	184	192	19	30	43	175	54	83	167	48	97	122	63	124	130	96	150	130	46	95	71	55	55	54	110	102	74
0	0	0	0	0	0	0	0	0	0	0	0	0	0	0	0	0	0	0	0	0	0	0	0	0	0	0	0	0	0	0	0	0	0	0	0	0	0	0	0	0	0	0	0	0	0	0	0	0	0	0	0	0	0	0	0	0	0	0	0	0	0	0	0	0	0	0	0	0	0	0	84	129	120	80	70	112	146	124	103	54	81	75	153	40	157	150	126	134	174	118	110	162	83	160	128	122	74	145	174	144	22	112	129	133	104	143	38	59	138	17	157	39	71	152	114	164	53	90	128	133	63	138	168	59	124	37	61
0	0	0	0	0	0	0	0	0	0	0	0	0	0	0	0	0	0	0	0	0	0	0	0	0	0	0	0	0	0	0	0	0	0	0	0	0	0	0	0	0	0	0	0	0	0	0	0	0	0	0	0	0	0	0	0	0	0	0	0	0	0	0	0	0	0	0	0	0	0	0	0	60	60	96	129	84	124	155	120	122	98	92	103	31	114	87	61	139	85	41	124	172	67	73	146	82	51	111	122	111	57	36	96	39	96	42	35	68	16	38	107	117	102	75	127	41	32	151	127	77	107	169	140	101	144	176	154
0	0	0	0	0	0	0	0	0	0	0	0	0	0	0	0	0	0	0	0	0	0	0	0	0	0	0	0	0	0	0	0	0	0	0	0	0	0	0	0	0	0	0	0	0	0	0	0	0	0	0	0	0	0	0	0	0	0	0	0	0	0	0	0	0	0	0	0	0	0	0	0	0	76	144	73	142	38	92	71	146	127	62	65	99	143	185	126	74	56	70	154	100	40	123	118	124	108	195	124	100	120	111	57	32	97	76	103	126	114	65	179	143	75	132	67	163	88	142	93	118	101	52	32	121	108	150	82
0	0	0	0	0	0	0	0	0	0	0	0	0	0	0	0	0	0	0	0	0	0	0	0	0	0	0	0	0	0	0	0	0	0	0	0	0	0	0	0	0	0	0	0	0	0	0	0	0	0	0	0	0	0	0	0	0	0	0	0	0	0	0	0	0	0	0	0	0	0	0	0	0	0	61	93	122	70	11	36	166	137	52	152	117	64	116	119	114	180	87	147	109	137	143	165	82	51	121	93	97	84	148	172	112	123	99	118	131	56	23	108	124	44	115	112	42	92	63	95	180	116	108	35	77	45	86	173
0	0	0	0	0	0	0	0	0	0	0	0	0	0	0	0	0	0	0	0	0	0	0	0	0	0	0	0	0	0	0	0	0	0	0	0	0	0	0	0	0	0	0	0	0	0	0	0	0	0	0	0	0	0	0	0	0	0	0	0	0	0	0	0	0	0	0	0	0	0	0	0	0	0	0	107	69	41	73	98	174	42	111	69	115	177	54	73	165	151	109	84	101	53	14	50	168	152	161	187	160	150	163	121	42	35	37	57	66	148	151	131	36	93	144	77	98	144	123	64	102	177	107	104	138	140	123	68
0	0	0	0	0	0	0	0	0	0	0	0	0	0	0	0	0	0	0	0	0	0	0	0	0	0	0	0	0	0	0	0	0	0	0	0	0	0	0	0	0	0	0	0	0	0	0	0	0	0	0	0	0	0	0	0	0	0	0	0	0	0	0	0	0	0	0	0	0	0	0	0	0	0	0	0	94	90	117	133	52	42	9	129	153	98	100	118	110	91	94	47	25	147	82	173	17	160	133	164	172	29	145	87	76	68	124	34	69	98	83	136	84	95	57	140	156	76	96	88	163	85	69	93	81	148	142	46
0	0	0	0	0	0	0	0	0	0	0	0	0	0	0	0	0	0	0	0	0	0	0	0	0	0	0	0	0	0	0	0	0	0	0	0	0	0	0	0	0	0	0	0	0	0	0	0	0	0	0	0	0	0	0	0	0	0	0	0	0	0	0	0	0	0	0	0	0	0	0	0	0	0	0	0	0	131	85	115	57	99	45	163	132	153	146	70	155	80	60	126	14	164	139	88	35	94	150	121	146	60	103	128	158	118	51	125	88	116	114	59	126	163	112	117	36	98	48	33	93	68	79	168	189	131	73	26
0	0	0	0	0	0	0	0	0	0	0	0	0	0	0	0	0	0	0	0	0	0	0	0	0	0	0	0	0	0	0	0	0	0	0	0	0	0	0	0	0	0	0	0	0	0	0	0	0	0	0	0	0	0	0	0	0	0	0	0	0	0	0	0	0	0	0	0	0	0	0	0	0	0	0	0	0	0	95	57	123	142	117	85	63	147	76	173	130	179	93	33	15	36	20	118	159	115	138	150	78	147	131	74	160	191	62	109	46	6	76	57	92	135	157	58	54	138	104	123	167	70	147	192	19	100	91	105
0	0	0	0	0	0	0	0	0	0	0	0	0	0	0	0	0	0	0	0	0	0	0	0	0	0	0	0	0	0	0	0	0	0	0	0	0	0	0	0	0	0	0	0	0	0	0	0	0	0	0	0	0	0	0	0	0	0	0	0	0	0	0	0	0	0	0	0	0	0	0	0	0	0	0	0	0	0	0	104	134	89	93	91	128	108	51	150	151	114	109	100	193	20	102	125	123	157	36	149	61	3	60	76	44	114	94	23	182	150	151	76	118	121	70	101	66	137	162	119	111	72	175	109	105	61	74	70
0	0	0	0	0	0	0	0	0	0	0	0	0	0	0	0	0	0	0	0	0	0	0	0	0	0	0	0	0	0	0	0	0	0	0	0	0	0	0	0	0	0	0	0	0	0	0	0	0	0	0	0	0	0	0	0	0	0	0	0	0	0	0	0	0	0	0	0	0	0	0	0	0	0	0	0	0	0	0	0	121	132	116	145	36	125	131	170	152	153	136	100	170	42	41	176	148	65	111	152	113	141	168	102	81	103	101	134	66	144	140	36	152	127	76	145	120	151	131	152	115	67	62	156	183	106	158	108
0	0	0	0	0	0	0	0	0	0	0	0	0	0	0	0	0	0	0	0	0	0	0	0	0	0	0	0	0	0	0	0	0	0	0	0	0	0	0	0	0	0	0	0	0	0	0	0	0	0	0	0	0	0	0	0	0	0	0	0	0	0	0	0	0	0	0	0	0	0	0	0	0	0	0	0	0	0	0	0	0	42	82	108	88	31	56	135	87	100	86	45	120	136	178	48	128	156	188	90	67	124	58	142	168	64	154	67	96	18	133	169	159	116	82	81	123	17	98	93	141	53	88	159	88	137	131	101
0	0	0	0	0	0	0	0	0	0	0	0	0	0	0	0	0	0	0	0	0	0	0	0	0	0	0	0	0	0	0	0	0	0	0	0	0	0	0	0	0	0	0	0	0	0	0	0	0	0	0	0	0	0	0	0	0	0	0	0	0	0	0	0	0	0	0	0	0	0	0	0	0	0	0	0	0	0	0	0	0	0	119	103	135	114	100	95	122	155	55	85	106	53	128	114	132	103	162	191	167	45	171	55	77	89	89	108	190	128	87	189	88	141	138	129	125	171	115	135	110	171	23	65	135	119	164	128
0	0	0	0	0	0	0	0	0	0	0	0	0	0	0	0	0	0	0	0	0	0	0	0	0	0	0	0	0	0	0	0	0	0	0	0	0	0	0	0	0	0	0	0	0	0	0	0	0	0	0	0	0	0	0	0	0	0	0	0	0	0	0	0	0	0	0	0	0	0	0	0	0	0	0	0	0	0	0	0	0	0	0	97	89	161	111	149	139	86	132	46	102	94	85	143	82	194	164	101	142	161	61	151	87	141	109	104	108	39	133	67	169	59	78	156	126	122	157	88	112	66	104	39	27	64	150	167
0	0	0	0	0	0	0	0	0	0	0	0	0	0	0	0	0	0	0	0	0	0	0	0	0	0	0	0	0	0	0	0	0	0	0	0	0	0	0	0	0	0	0	0	0	0	0	0	0	0	0	0	0	0	0	0	0	0	0	0	0	0	0	0	0	0	0	0	0	0	0	0	0	0	0	0	0	0	0	0	0	0	0	0	99	116	119	187	70	27	90	182	148	159	204	188	74	75	83	24	153	108	72	121	66	101	101	109	182	106	113	129	33	60	87	99	174	111	66	112	92	146	100	133	82	11	115	142
0	0	0	0	0	0	0	0	0	0	0	0	0	0	0	0	0	0	0	0	0	0	0	0	0	0	0	0	0	0	0	0	0	0	0	0	0	0	0	0	0	0	0	0	0	0	0	0	0	0	0	0	0	0	0	0	0	0	0	0	0	0	0	0	0	0	0	0	0	0	0	0	0	0	0	0	0	0	0	0	0	0	0	0	0	123	110	163	161	68	139	107	191	170	126	85	77	126	174	125	129	100	48	90	108	95	118	17	48	98	48	138	127	169	97	168	78	196	58	155	81	163	112	173	56	98	184	137
0	0	0	0	0	0	0	0	0	0	0	0	0	0	0	0	0	0	0	0	0	0	0	0	0	0	0	0	0	0	0	0	0	0	0	0	0	0	0	0	0	0	0	0	0	0	0	0	0	0	0	0	0	0	0	0	0	0	0	0	0	0	0	0	0	0	0	0	0	0	0	0	0	0	0	0	0	0	0	0	0	0	0	0	0	0	117	132	117	149	146	115	131	107	111	100	145	108	72	128	174	66	92	148	163	57	142	89	118	115	159	99	71	165	132	125	123	107	88	123	126	118	146	98	179	82	140	187
0	0	0	0	0	0	0	0	0	0	0	0	0	0	0	0	0	0	0	0	0	0	0	0	0	0	0	0	0	0	0	0	0	0	0	0	0	0	0	0	0	0	0	0	0	0	0	0	0	0	0	0	0	0	0	0	0	0	0	0	0	0	0	0	0	0	0	0	0	0	0	0	0	0	0	0	0	0	0	0	0	0	0	0	0	0	0	170	146	140	127	90	38	184	74	95	80	159	124	16	113	119	144	193	108	122	83	78	51	121	43	130	94	76	148	110	62	68	131	61	39	60	113	194	109	84	22	135
0	0	0	0	0	0	0	0	0	0	0	0	0	0	0	0	0	0	0	0	0	0	0	0	0	0	0	0	0	0	0	0	0	0	0	0	0	0	0	0	0	0	0	0	0	0	0	0	0	0	0	0	0	0	0	0	0	0	0	0	0	0	0	0	0	0	0	0	0	0	0	0	0	0	0	0	0	0	0	0	0	0	0	0	0	0	0	0	83	106	167	67	156	43	161	42	71	78	177	92	77	86	179	52	118	105	59	139	90	140	138	158	83	138	165	27	109	30	136	70	124	94	137	148	101	89	132	137
0	0	0	0	0	0	0	0	0	0	0	0	0	0	0	0	0	0	0	0	0	0	0	0	0	0	0	0	0	0	0	0	0	0	0	0	0	0	0	0	0	0	0	0	0	0	0	0	0	0	0	0	0	0	0	0	0	0	0	0	0	0	0	0	0	0	0	0	0	0	0	0	0	0	0	0	0	0	0	0	0	0	0	0	0	0	0	0	0	132	84	181	90	38	131	74	114	121	169	131	84	111	17	139	141	182	62	119	152	58	135	162	85	108	191	97	85	84	185	80	99	93	147	129	30	100	152	102
0	0	0	0	0	0	0	0	0	0	0	0	0	0	0	0	0	0	0	0	0	0	0	0	0	0	0	0	0	0	0	0	0	0	0	0	0	0	0	0	0	0	0	0	0	0	0	0	0	0	0	0	0	0	0	0	0	0	0	0	0	0	0	0	0	0	0	0	0	0	0	0	0	0	0	0	0	0	0	0	0	0	0	0	0	0	0	0	0	0	38	60	137	72	32	63	116	193	117	210	47	73	188	117	165	156	128	96	177	59	51	94	109	75	178	152	131	152	70	69	62	149	205	66	80	89	105	120
0	0	0	0	0	0	0	0	0	0	0	0	0	0	0	0	0	0	0	0	0	0	0	0	0	0	0	0	0	0	0	0	0	0	0	0	0	0	0	0	0	0	0	0	0	0	0	0	0	0	0	0	0	0	0	0	0	0	0	0	0	0	0	0	0	0	0	0	0	0	0	0	0	0	0	0	0	0	0	0	0	0	0	0	0	0	0	0	0	0	0	33	71	44	77	105	113	87	99	141	115	87	106	90	189	181	99	178	167	157	153	92	57	82	135	137	77	196	128	178	95	139	147	95	189	130	134	153
0	0	0	0	0	0	0	0	0	0	0	0	0	0	0	0	0	0	0	0	0	0	0	0	0	0	0	0	0	0	0	0	0	0	0	0	0	0	0	0	0	0	0	0	0	0	0	0	0	0	0	0	0	0	0	0	0	0	0	0	0	0	0	0	0	0	0	0	0	0	0	0	0	0	0	0	0	0	0	0	0	0	0	0	0	0	0	0	0	0	0	0	187	162	44	111	175	97	159	96	185	105	144	138	157	27	145	124	160	170	125	147	198	184	135	101	145	92	147	40	165	42	36	7	198	78	133	64
0	0	0	0	0	0	0	0	0	0	0	0	0	0	0	0	0	0	0	0	0	0	0	0	0	0	0	0	0	0	0	0	0	0	0	0	0	0	0	0	0	0	0	0	0	0	0	0	0	0	0	0	0	0	0	0	0	0	0	0	0	0	0	0	0	0	0	0	0	0	0	0	0	0	0	0	0	0	0	0	0	0	0	0	0	0	0	0	0	0	0	0	0	61	146	125	121	126	116	106	10	134	82	30	68	100	157	82	50	158	128	105	123	48	84	136	157	169	121	92	54	75	61	219	57	89	128	83
0	0	0	0	0	0	0	0	0	0	0	0	0	0	0	0	0	0	0	0	0	0	0	0	0	0	0	0	0	0	0	0	0	0	0	0	0	0	0	0	0	0	0	0	0	0	0	0	0	0	0	0	0	0	0	0	0	0	0	0	0	0	0	0	0	0	0	0	0	0	0	0	0	0	0	0	0	0	0	0	0	0	0	0	0	0	0	0	0	0	0	0	0	0	163	166	131	168	186	84	144	120	96	197	141	114	122	199	138	173	92	91	121	77	138	143	28	167	91	155	125	119	176	42	93	37	119	117
0	0	0	0	0	0	0	0	0	0	0	0	0	0	0	0	0	0	0	0	0	0	0	0	0	0	0	0	0	0	0	0	0	0	0	0	0	0	0	0	0	0	0	0	0	0	0	0	0	0	0	0	0	0	0	0	0	0	0	0	0	0	0	0	0	0	0	0	0	0	0	0	0	0	0	0	0	0	0	0	0	0	0	0	0	0	0	0	0	0	0	0	0	0	0	133	162	14	119	65	65	130	120	106	170	46	129	123	55	100	21	63	150	71	114	94	119	36	138	66	80	141	63	50	179	170	147	90
0	0	0	0	0	0	0	0	0	0	0	0	0	0	0	0	0	0	0	0	0	0	0	0	0	0	0	0	0	0	0	0	0	0	0	0	0	0	0	0	0	0	0	0	0	0	0	0	0	0	0	0	0	0	0	0	0	0	0	0	0	0	0	0	0	0	0	0	0	0	0	0	0	0	0	0	0	0	0	0	0	0	0	0	0	0	0	0	0	0	0	0	0	0	0	0	82	155	140	94	63	73	62	115	64	36	107	172	39	70	119	150	173	178	47	104	81	202	57	132	87	101	55	74	168	167	208	71
0	0	0	0	0	0	0	0	0	0	0	0	0	0	0	0	0	0	0	0	0	0	0	0	0	0	0	0	0	0	0	0	0	0	0	0	0	0	0	0	0	0	0	0	0	0	0	0	0	0	0	0	0	0	0	0	0	0	0	0	0	0	0	0	0	0	0	0	0	0	0	0	0	0	0	0	0	0	0	0	0	0	0	0	0	0	0	0	0	0	0	0	0	0	0	0	0	122	137	138	174	120	121	94	141	27	84	76	132	43	154	56	92	70	149	168	123	86	88	126	74	126	84	106	123	129	161	142
0	0	0	0	0	0	0	0	0	0	0	0	0	0	0	0	0	0	0	0	0	0	0	0	0	0	0	0	0	0	0	0	0	0	0	0	0	0	0	0	0	0	0	0	0	0	0	0	0	0	0	0	0	0	0	0	0	0	0	0	0	0	0	0	0	0	0	0	0	0	0	0	0	0	0	0	0	0	0	0	0	0	0	0	0	0	0	0	0	0	0	0	0	0	0	0	0	0	95	120	147	133	85	33	170	112	15	67	120	182	112	195	99	52	162	58	138	56	167	215	97	30	133	123	140	127	121	149
0	0	0	0	0	0	0	0	0	0	0	0	0	0	0	0	0	0	0	0	0	0	0	0	0	0	0	0	0	0	0	0	0	0	0	0	0	0	0	0	0	0	0	0	0	0	0	0	0	0	0	0	0	0	0	0	0	0	0	0	0	0	0	0	0	0	0	0	0	0	0	0	0	0	0	0	0	0	0	0	0	0	0	0	0	0	0	0	0	0	0	0	0	0	0	0	0	0	0	142	180	59	63	171	102	164	161	163	187	92	157	95	140	151	122	122	63	86	173	180	13	127	47	149	76	124	119	191
0	0	0	0	0	0	0	0	0	0	0	0	0	0	0	0	0	0	0	0	0	0	0	0	0	0	0	0	0	0	0	0	0	0	0	0	0	0	0	0	0	0	0	0	0	0	0	0	0	0	0	0	0	0	0	0	0	0	0	0	0	0	0	0	0	0	0	0	0	0	0	0	0	0	0	0	0	0	0	0	0	0	0	0	0	0	0	0	0	0	0	0	0	0	0	0	0	0	0	0	74	172	143	155	165	69	135	133	98	128	101	14	146	35	56	151	110	58	67	119	113	10	81	102	135	171	124	186
0	0	0	0	0	0	0	0	0	0	0	0	0	0	0	0	0	0	0	0	0	0	0	0	0	0	0	0	0	0	0	0	0	0	0	0	0	0	0	0	0	0	0	0	0	0	0	0	0	0	0	0	0	0	0	0	0	0	0	0	0	0	0	0	0	0	0	0	0	0	0	0	0	0	0	0	0	0	0	0	0	0	0	0	0	0	0	0	0	0	0	0	0	0	0	0	0	0	0	0	0	191	91	149	122	123	135	147	198	134	101	106	203	84	185	210	35	89	33	189	133	112	201	31	127	113	131	189
0	0	0	0	0	0	0	0	0	0	0	0	0	0	0	0	0	0	0	0	0	0	0	0	0	0	0	0	0	0	0	0	0	0	0	0	0	0	0	0	0	0	0	0	0	0	0	0	0	0	0	0	0	0	0	0	0	0	0	0	0	0	0	0	0	0	0	0	0	0	0	0	0	0	0	0	0	0	0	0	0	0	0	0	0	0	0	0	0	0	0	0	0	0	0	0	0	0	0	0	0	0	101	49	164	110	33	45	76	96	104	108	120	91	133	88	51	18	167	101	158	72	78	126	83	52	113	96
0	0	0	0	0	0	0	0	0	0	0	0	0	0	0	0	0	0	0	0	0	0	0	0	0	0	0	0	0	0	0	0	0	0	0	0	0	0	0	0	0	0	0	0	0	0	0	0	0	0	0	0	0	0	0	0	0	0	0	0	0	0	0	0	0	0	0	0	0	0	0	0	0	0	0	0	0	0	0	0	0	0	0	0	0	0	0	0	0	0	0	0	0	0	0	0	0	0	0	0	0	0	0	153	155	87	142	218	139	56	163	100	69	107	187	144	176	150	35	72	111	190	164	119	57	134	86	127
0	0	0	0	0	0	0	0	0	0	0	0	0	0	0	0	0	0	0	0	0	0	0	0	0	0	0	0	0	0	0	0	0	0	0	0	0	0	0	0	0	0	0	0	0	0	0	0	0	0	0	0	0	0	0	0	0	0	0	0	0	0	0	0	0	0	0	0	0	0	0	0	0	0	0	0	0	0	0	0	0	0	0	0	0	0	0	0	0	0	0	0	0	0	0	0	0	0	0	0	0	0	0	0	125	81	114	127	220	126	174	108	162	98	102	53	23	180	78	124	137	97	95	43	163	90	170	31
0	0	0	0	0	0	0	0	0	0	0	0	0	0	0	0	0	0	0	0	0	0	0	0	0	0	0	0	0	0	0	0	0	0	0	0	0	0	0	0	0	0	0	0	0	0	0	0	0	0	0	0	0	0	0	0	0	0	0	0	0	0	0	0	0	0	0	0	0	0	0	0	0	0	0	0	0	0	0	0	0	0	0	0	0	0	0	0	0	0	0	0	0	0	0	0	0	0	0	0	0	0	0	0	0	122	61	137	110	130	136	189	160	197	71	67	172	131	64	113	78	122	97	79	179	102	172	157
0	0	0	0	0	0	0	0	0	0	0	0	0	0	0	0	0	0	0	0	0	0	0	0	0	0	0	0	0	0	0	0	0	0	0	0	0	0	0	0	0	0	0	0	0	0	0	0	0	0	0	0	0	0	0	0	0	0	0	0	0	0	0	0	0	0	0	0	0	0	0	0	0	0	0	0	0	0	0	0	0	0	0	0	0	0	0	0	0	0	0	0	0	0	0	0	0	0	0	0	0	0	0	0	0	0	74	66	103	160	64	123	94	170	154	100	86	125	94	51	139	66	80	103	194	149	107	88
0	0	0	0	0	0	0	0	0	0	0	0	0	0	0	0	0	0	0	0	0	0	0	0	0	0	0	0	0	0	0	0	0	0	0	0	0	0	0	0	0	0	0	0	0	0	0	0	0	0	0	0	0	0	0	0	0	0	0	0	0	0	0	0	0	0	0	0	0	0	0	0	0	0	0	0	0	0	0	0	0	0	0	0	0	0	0	0	0	0	0	0	0	0	0	0	0	0	0	0	0	0	0	0	0	0	0	154	185	225	134	171	108	176	160	65	37	152	92	233	39	80	89	204	117	106	142	75
0	0	0	0	0	0	0	0	0	0	0	0	0	0	0	0	0	0	0	0	0	0	0	0	0	0	0	0	0	0	0	0	0	0	0	0	0	0	0	0	0	0	0	0	0	0	0	0	0	0	0	0	0	0	0	0	0	0	0	0	0	0	0	0	0	0	0	0	0	0	0	0	0	0	0	0	0	0	0	0	0	0	0	0	0	0	0	0	0	0	0	0	0	0	0	0	0	0	0	0	0	0	0	0	0	0	0	0	101	138	45	214	143	212	56	121	144	132	127	130	80	167	76	93	141	24	98	137
0	0	0	0	0	0	0	0	0	0	0	0	0	0	0	0	0	0	0	0	0	0	0	0	0	0	0	0	0	0	0	0	0	0	0	0	0	0	0	0	0	0	0	0	0	0	0	0	0	0	0	0	0	0	0	0	0	0	0	0	0	0	0	0	0	0	0	0	0	0	0	0	0	0	0	0	0	0	0	0	0	0	0	0	0	0	0	0	0	0	0	0	0	0	0	0	0	0	0	0	0	0	0	0	0	0	0	0	0	97	91	93	117	133	193	117	86	203	149	114	125	141	230	126	50	191	68	5
0	0	0	0	0	0	0	0	0	0	0	0	0	0	0	0	0	0	0	0	0	0	0	0	0	0	0	0	0	0	0	0	0	0	0	0	0	0	0	0	0	0	0	0	0	0	0	0	0	0	0	0	0	0	0	0	0	0	0	0	0	0	0	0	0	0	0	0	0	0	0	0	0	0	0	0	0	0	0	0	0	0	0	0	0	0	0	0	0	0	0	0	0	0	0	0	0	0	0	0	0	0	0	0	0	0	0	0	0	0	86	115	173	61	133	95	138	88	143	127	72	135	56	38	199	131	145	93
0	0	0	0	0	0	0	0	0	0	0	0	0	0	0	0	0	0	0	0	0	0	0	0	0	0	0	0	0	0	0	0	0	0	0	0	0	0	0	0	0	0	0	0	0	0	0	0	0	0	0	0	0	0	0	0	0	0	0	0	0	0	0	0	0	0	0	0	0	0	0	0	0	0	0	0	0	0	0	0	0	0	0	0	0	0	0	0	0	0	0	0	0	0	0	0	0	0	0	0	0	0	0	0	0	0	0	0	0	0	0	97	148	114	118	88	136	118	100	165	109	195	98	162	189	99	148	117
0	0	0	0	0	0	0	0	0	0	0	0	0	0	0	0	0	0	0	0	0	0	0	0	0	0	0	0	0	0	0	0	0	0	0	0	0	0	0	0	0	0	0	0	0	0	0	0	0	0	0	0	0	0	0	0	0	0	0	0	0	0	0	0	0	0	0	0	0	0	0	0	0	0	0	0	0	0	0	0	0	0	0	0	0	0	0	0	0	0	0	0	0	0	0	0	0	0	0	0	0	0	0	0	0	0	0	0	0	0	0	0	52	194	147	125	122	167	114	134	50	150	100	96	127	141	122	214
0	0	0	0	0	0	0	0	0	0	0	0	0	0	0	0	0	0	0	0	0	0	0	0	0	0	0	0	0	0	0	0	0	0	0	0	0	0	0	0	0	0	0	0	0	0	0	0	0	0	0	0	0	0	0	0	0	0	0	0	0	0	0	0	0	0	0	0	0	0	0	0	0	0	0	0	0	0	0	0	0	0	0	0	0	0	0	0	0	0	0	0	0	0	0	0	0	0	0	0	0	0	0	0	0	0	0	0	0	0	0	0	0	147	55	91	146	185	112	51	167	199	119	169	96	110	147	109
0	0	0	0	0	0	0	0	0	0	0	0	0	0	0	0	0	0	0	0	0	0	0	0	0	0	0	0	0	0	0	0	0	0	0	0	0	0	0	0	0	0	0	0	0	0	0	0	0	0	0	0	0	0	0	0	0	0	0	0	0	0	0	0	0	0	0	0	0	0	0	0	0	0	0	0	0	0	0	0	0	0	0	0	0	0	0	0	0	0	0	0	0	0	0	0	0	0	0	0	0	0	0	0	0	0	0	0	0	0	0	0	0	0	164	179	142	49	210	94	59	105	191	47	116	137	234	181
0	0	0	0	0	0	0	0	0	0	0	0	0	0	0	0	0	0	0	0	0	0	0	0	0	0	0	0	0	0	0	0	0	0	0	0	0	0	0	0	0	0	0	0	0	0	0	0	0	0	0	0	0	0	0	0	0	0	0	0	0	0	0	0	0	0	0	0	0	0	0	0	0	0	0	0	0	0	0	0	0	0	0	0	0	0	0	0	0	0	0	0	0	0	0	0	0	0	0	0	0	0	0	0	0	0	0	0	0	0	0	0	0	0	0	100	154	136	81	62	156	118	157	168	136	206	87	100
0	0	0	0	0	0	0	0	0	0	0	0	0	0	0	0	0	0	0	0	0	0	0	0	0	0	0	0	0	0	0	0	0	0	0	0	0	0	0	0	0	0	0	0	0	0	0	0	0	0	0	0	0	0	0	0	0	0	0	0	0	0	0	0	0	0	0	0	0	0	0	0	0	0	0	0	0	0	0	0	0	0	0	0	0	0	0	0	0	0	0	0	0	0	0	0	0	0	0	0	0	0	0	0	0	0	0	0	0	0	0	0	0	0	0	0	53	51	58	173	217	67	114	142	100	140	110	22
0	0	0	0	0	0	0	0	0	0	0	0	0	0	0	0	0	0	0	0	0	0	0	0	0	0	0	0	0	0	0	0	0	0	0	0	0	0	0	0	0	0	0	0	0	0	0	0	0	0	0	0	0	0	0	0	0	0	0	0	0	0	0	0	0	0	0	0	0	0	0	0	0	0	0	0	0	0	0	0	0	0	0	0	0	0	0	0	0	0	0	0	0	0	0	0	0	0	0	0	0	0	0	0	0	0	0	0	0	0	0	0	0	0	0	0	0	116	118	108	212	219	88	78	73	110	123	212
0	0	0	0	0	0	0	0	0	0	0	0	0	0	0	0	0	0	0	0	0	0	0	0	0	0	0	0	0	0	0	0	0	0	0	0	0	0	0	0	0	0	0	0	0	0	0	0	0	0	0	0	0	0	0	0	0	0	0	0	0	0	0	0	0	0	0	0	0	0	0	0	0	0	0	0	0	0	0	0	0	0	0	0	0	0	0	0	0	0	0	0	0	0	0	0	0	0	0	0	0	0	0	0	0	0	0	0	0	0	0	0	0	0	0	0	0	0	208	209	198	193	152	181	100	54	112	64
0	0	0	0	0	0	0	0	0	0	0	0	0	0	0	0	0	0	0	0	0	0	0	0	0	0	0	0	0	0	0	0	0	0	0	0	0	0	0	0	0	0	0	0	0	0	0	0	0	0	0	0	0	0	0	0	0	0	0	0	0	0	0	0	0	0	0	0	0	0	0	0	0	0	0	0	0	0	0	0	0	0	0	0	0	0	0	0	0	0	0	0	0	0	0	0	0	0	0	0	0	0	0	0	0	0	0	0	0	0	0	0	0	0	0	0	0	0	0	166	115	42	29	45	120	120	128	96
0	0	0	0	0	0	0	0	0	0	0	0	0	0	0	0	0	0	0	0	0	0	0	0	0	0	0	0	0	0	0	0	0	0	0	0	0	0	0	0	0	0	0	0	0	0	0	0	0	0	0	0	0	0	0	0	0	0	0	0	0	0	0	0	0	0	0	0	0	0	0	0	0	0	0	0	0	0	0	0	0	0	0	0	0	0	0	0	0	0	0	0	0	0	0	0	0	0	0	0	0	0	0	0	0	0	0	0	0	0	0	0	0	0	0	0	0	0	0	0	202	134	169	42	120	125	185	104
0	0	0	0	0	0	0	0	0	0	0	0	0	0	0	0	0	0	0	0	0	0	0	0	0	0	0	0	0	0	0	0	0	0	0	0	0	0	0	0	0	0	0	0	0	0	0	0	0	0	0	0	0	0	0	0	0	0	0	0	0	0	0	0	0	0	0	0	0	0	0	0	0	0	0	0	0	0	0	0	0	0	0	0	0	0	0	0	0	0	0	0	0	0	0	0	0	0	0	0	0	0	0	0	0	0	0	0	0	0	0	0	0	0	0	0	0	0	0	0	0	159	71	137	194	80	249	186
0	0	0	0	0	0	0	0	0	0	0	0	0	0	0	0	0	0	0	0	0	0	0	0	0	0	0	0	0	0	0	0	0	0	0	0	0	0	0	0	0	0	0	0	0	0	0	0	0	0	0	0	0	0	0	0	0	0	0	0	0	0	0	0	0	0	0	0	0	0	0	0	0	0	0	0	0	0	0	0	0	0	0	0	0	0	0	0	0	0	0	0	0	0	0	0	0	0	0	0	0	0	0	0	0	0	0	0	0	0	0	0	0	0	0	0	0	0	0	0	0	0	102	98	113	50	146	177
0	0	0	0	0	0	0	0	0	0	0	0	0	0	0	0	0	0	0	0	0	0	0	0	0	0	0	0	0	0	0	0	0	0	0	0	0	0	0	0	0	0	0	0	0	0	0	0	0	0	0	0	0	0	0	0	0	0	0	0	0	0	0	0	0	0	0	0	0	0	0	0	0	0	0	0	0	0	0	0	0	0	0	0	0	0	0	0	0	0	0	0	0	0	0	0	0	0	0	0	0	0	0	0	0	0	0	0	0	0	0	0	0	0	0	0	0	0	0	0	0	0	0	134	76	180	165	120
0	0	0	0	0	0	0	0	0	0	0	0	0	0	0	0	0	0	0	0	0	0	0	0	0	0	0	0	0	0	0	0	0	0	0	0	0	0	0	0	0	0	0	0	0	0	0	0	0	0	0	0	0	0	0	0	0	0	0	0	0	0	0	0	0	0	0	0	0	0	0	0	0	0	0	0	0	0	0	0	0	0	0	0	0	0	0	0	0	0	0	0	0	0	0	0	0	0	0	0	0	0	0	0	0	0	0	0	0	0	0	0	0	0	0	0	0	0	0	0	0	0	0	0	145	127	77	111
0	0	0	0	0	0	0	0	0	0	0	0	0	0	0	0	0	0	0	0	0	0	0	0	0	0	0	0	0	0	0	0	0	0	0	0	0	0	0	0	0	0	0	0	0	0	0	0	0	0	0	0	0	0	0	0	0	0	0	0	0	0	0	0	0	0	0	0	0	0	0	0	0	0	0	0	0	0	0	0	0	0	0	0	0	0	0	0	0	0	0	0	0	0	0	0	0	0	0	0	0	0	0	0	0	0	0	0	0	0	0	0	0	0	0	0	0	0	0	0	0	0	0	0	0	229	224	198
0	0	0	0	0	0	0	0	0	0	0	0	0	0	0	0	0	0	0	0	0	0	0	0	0	0	0	0	0	0	0	0	0	0	0	0	0	0	0	0	0	0	0	0	0	0	0	0	0	0	0	0	0	0	0	0	0	0	0	0	0	0	0	0	0	0	0	0	0	0	0	0	0	0	0	0	0	0	0	0	0	0	0	0	0	0	0	0	0	0	0	0	0	0	0	0	0	0	0	0	0	0	0	0	0	0	0	0	0	0	0	0	0	0	0	0	0	0	0	0	0	0	0	0	0	0	190	94
0	0	0	0	0	0	0	0	0	0	0	0	0	0	0	0	0	0	0	0	0	0	0	0	0	0	0	0	0	0	0	0	0	0	0	0	0	0	0	0	0	0	0	0	0	0	0	0	0	0	0	0	0	0	0	0	0	0	0	0	0	0	0	0	0	0	0	0	0	0	0	0	0	0	0	0	0	0	0	0	0	0	0	0	0	0	0	0	0	0	0	0	0	0	0	0	0	0	0	0	0	0	0	0	0	0	0	0	0	0	0	0	0	0	0	0	0	0	0	0	0	0	0	0	0	0	0	216
0	0	0	0	0	0	0	0	0	0	0	0	0	0	0	0	0	0	0	0	0	0	0	0	0	0	0	0	0	0	0	0	0	0	0	0	0	0	0	0	0	0	0	0	0	0	0	0	0	0	0	0	0	0	0	0	0	0	0	0	0	0	0	0	0	0	0	0	0	0	0	0	0	0	0	0	0	0	0	0	0	0	0	0	0	0	0	0	0	0	0	0	0	0	0	0	0	0	0	0	0	0	0	0	0	0	0	0	0	0	0	0	0	0	0	0	0	0	0	0	0	0	0	0	0	0	0	0