0	90	85	71	50	46	45	58	61	123	123	22	45	9	114	41	96	16	47	8	24	66	82	35	45	60	79	14	106	108	75	23	10	74	94	48	89	36	26	96	25	72	40	92	34	13	18	30	29	59	60	115	107	106	77	66	51	29	61	38	112	33	102	35	29	78	78	89	55	85	64	101	71	119	7	23	70	61	103	112	113	96	43	65	115	80	60	9	103	106	73	44	98	108	118	51	97	94	119	108	97	109	78	7	88	116	96	93	17	30	114	76	22	108	26	18	60	67	84	15	58	39	29	31	11	29	77	119
0	0	47	34	31	120	29	128	12	48	63	32	129	52	73	94	128	78	127	18	63	25	28	28	87	74	28	70	20	107	83	128	93	3	91	10	107	39	29	78	36	15	53	51	73	45	63	68	26	79	109	28	98	64	40	19	95	39	38	71	16	8	116	21	50	92	69	7	62	87	58	46	22	57	10	13	118	52	102	19	123	75	29	33	67	44	79	33	93	61	63	109	44	82	44	18	28	20	31	102	47	14	47	44	74	106	104	47	106	110	122	32	102	38	99	33	59	89	77	85	80	81	75	24	33	66	106	94
0	0	0	35	90	25	125	113	2	78	12	114	86	109	122	48	39	22	116	108	107	20	80	31	77	100	14	4	114	4	61	67	98	22	104	65	103	65	20	116	51	30	67	44	128	26	124	17	88	38	75	123	110	34	13	78	43	41	107	79	76	52	128	129	48	85	85	116	42	72	4	94	106	111	110	80	84	122	10	26	86	35	87	121	41	11	69	65	24	107	4	79	20	85	100	59	101	97	40	21	62	87	111	124	90	113	14	47	27	72	35	111	66	54	48	16	47	58	78	42	130	122	16	93	88	115	3	6
0	0	0	0	24	7	34	115	69	68	30	65	28	116	21	84	80	68	98	62	89	64	75	58	41	108	126	89	16	124	89	99	30	5	97	18	69	42	122	76	77	69	70	126	102	2	94	88	21	73	93	80	110	41	49	71	123	93	18	66	42	37	104	93	76	97	56	27	92	27	41	122	105	130	21	55	17	77	14	106	122	113	74	3	4	74	64	44	52	35	74	21	111	18	113	94	22	94	117	25	115	111	123	38	92	104	107	87	105	99	125	9	21	58	12	35	89	23	118	80	108	30	58	55	60	122	12	53
0	0	0	0	0	40	71	36	89	32	16	95	105	105	100	22	112	23	59	37	100	26	43	104	53	72	47	26	5	106	121	23	94	121	35	80	76	19	55	47	6	63	95	64	61	103	67	37	121	95	59	106	133	34	22	54	122	32	52	118	18	11	60	78	72	24	11	46	77	41	21	36	52	70	38	8	19	118	83	93	35	38	67	57	56	43	74	131	25	18	52	60	78	79	72	133	14	27	118	83	65	39	71	106	109	65	31	83	3	64	13	124	42	82	41	60	77	115	5	18	11	70	109	73	61	24	112	42
0	0	0	0	0	0	33	64	121	111	8	42	24	34	60	37	10	109	132	50	17	80	52	95	49	60	70	26	97	58	47	36	79	99	81	71	104	128	113	31	14	49	111	67	110	110	91	95	28	54	23	86	12	109	42	99	111	23	78	96	55	87	95	24	60	76	101	6	73	62	65	106	67	122	17	124	114	129	103	9	74	65	76	13	88	55	112	19	56	74	54	84	100	128	77	53	38	34	84	84	100	80	130	25	66	81	125	117	67	77	129	127	12	86	105	3	55	78	35	61	10	40	71	26	110	123	26	49
0	0	0	0	0	0	0	40	128	33	56	20	13	116	104	132	44	16	122	81	89	27	47	105	57	114	53	101	93	120	116	67	74	129	112	63	62	53	2	126	62	79	15	9	66	49	37	104	91	71	111	94	106	52	88	95	12	19	17	111	100	75	112	88	44	25	123	67	122	118	111	33	111	9	57	99	35	72	104	9	120	129	80	79	118	45	106	81	80	115	100	8	123	100	84	106	70	20	100	11	91	86	31	70	123	127	29	131	64	119	29	29	104	99	60	107	65	122	81	34	100	54	99	86	70	38	115	61
0	0	0	0	0	0	0	0	52	78	5	7	104	104	101	91	66	115	41	96	129	62	132	40	50	52	58	64	64	110	40	117	8	109	120	128	121	10	84	12	43	14	33	53	70	9	5	88	75	19	23	132	63	30	5	125	111	87	55	19	72	53	31	21	62	60	65	122	10	47	124	127	43	59	23	37	48	97	96	115	22	96	78	26	84	93	46	67	70	103	120	75	88	15	16	134	33	92	15	26	93	107	88	111	88	42	128	82	114	50	40	24	14	118	38	46	111	121	36	25	98	37	45	66	48	51	82	114
0	0	0	0	0	0	0	0	0	38	112	102	20	19	54	5	65	9	43	41	62	132	85	87	34	106	28	17	59	125	110	6	65	68	126	50	101	64	122	102	39	132	83	113	44	30	116	135	106	55	76	11	70	63	57	80	71	106	68	58	45	59	67	28	95	130	125	82	23	72	72	29	115	77	123	107	87	130	43	44	109	103	9	99	122	95	120	31	78	116	54	97	86	55	117	85	71	94	87	122	46	82	25	81	72	84	83	98	14	117	32	119	70	12	56	83	107	21	24	25	41	127	30	64	27	83	19	83
0	0	0	0	0	0	0	0	0	0	79	22	132	41	61	104	32	119	49	115	39	109	35	18	66	14	133	91	54	108	101	27	117	15	57	70	95	113	118	84	119	130	47	45	87	53	52	85	124	86	87	127	63	3	132	117	20	20	103	122	48	52	65	42	22	81	31	109	27	92	92	34	63	24	61	29	123	124	129	89	112	33	98	17	70	112	13	56	112	25	65	83	72	118	90	130	68	120	80	25	60	121	40	16	44	94	47	93	81	101	92	63	36	10	53	134	88	6	25	13	48	121	69	55	101	46	135	111
0	0	0	0	0	0	0	0	0	0	0	134	14	137	26	19	82	56	16	119	105	132	124	91	80	134	34	24	97	36	54	106	83	37	69	66	69	45	40	63	21	44	124	6	91	112	133	103	31	124	63	11	130	87	102	62	54	127	23	22	72	18	6	112	28	11	55	131	66	60	62	91	110	14	78	46	104	37	99	38	50	19	109	114	31	84	101	60	77	22	54	39	54	31	119	97	63	128	12	114	29	123	108	50	79	114	90	71	33	117	116	45	93	32	113	34	96	120	59	114	45	114	13	105	14	42	41	72
0	0	0	0	0	0	0	0	0	0	0	0	133	71	100	92	122	112	12	91	94	98	49	115	26	50	100	13	20	37	29	110	61	78	114	16	15	41	66	52	67	99	47	26	14	66	94	121	92	124	126	21	130	76	108	31	37	79	100	109	78	47	55	44	101	60	83	77	91	113	25	91	72	71	109	61	80	49	110	26	111	77	18	137	59	49	122	20	104	123	100	28	110	83	29	19	50	62	111	39	95	68	54	5	70	118	32	111	19	50	113	76	77	88	71	108	113	106	41	79	29	77	72	112	117	87	73	115
0	0	0	0	0	0	0	0	0	0	0	0	0	56	34	80	65	33	88	74	61	72	70	74	22	23	38	77	79	8	16	120	78	84	125	78	101	72	36	57	118	27	40	16	64	92	50	20	92	101	34	55	4	89	121	38	52	101	29	25	24	137	30	101	61	120	50	120	8	116	74	45	49	51	114	137	125	97	105	109	19	128	63	119	139	120	24	55	76	105	52	72	13	22	21	15	84	114	24	95	48	65	18	25	134	130	88	24	104	20	70	86	58	71	88	124	82	72	13	15	49	134	11	45	112	84	90	35
0	0	0	0	0	0	0	0	0	0	0	0	0	0	71	109	39	10	13	43	62	63	4	68	93	129	139	20	118	98	71	31	123	36	45	111	77	38	97	106	55	97	122	118	123	129	25	93	113	116	71	11	21	113	70	89	5	94	59	109	56	53	64	78	77	93	128	101	85	127	95	33	111	75	5	64	79	32	21	96	91	18	24	71	42	69	105	21	65	44	76	128	56	119	57	66	57	14	100	64	123	35	63	15	96	72	98	127	47	42	101	31	25	75	82	24	50	41	26	84	57	106	48	125	95	112	133	10
0	0	0	0	0	0	0	0	0	0	0	0	0	0	0	113	130	32	21	62	23	51	112	130	10	19	19	41	50	76	59	41	4	92	59	31	94	123	123	51	47	24	105	36	88	38	86	128	13	118	53	60	98	31	33	54	7	64	141	129	49	35	54	86	19	5	127	88	132	22	81	41	121	132	94	40	57	86	43	38	81	35	78	55	41	66	76	63	72	86	106	141	139	117	79	8	102	136	62	108	126	96	21	89	96	13	68	99	48	107	10	87	33	124	51	22	126	18	96	109	114	96	137	81	5	42	48	117
0	0	0	0	0	0	0	0	0	0	0	0	0	0	0	0	47	17	9	49	18	121	86	123	66	118	70	43	57	83	120	57	18	65	98	81	89	69	139	102	74	72	90	90	57	66	101	12	137	98	85	70	11	59	97	111	35	56	23	111	34	131	63	117	66	32	127	123	89	78	95	33	133	107	47	126	64	52	19	25	73	35	95	83	90	80	130	22	88	12	6	72	62	64	55	67	112	84	55	60	117	96	58	74	99	89	42	24	49	75	45	57	73	119	79	70	76	40	100	43	105	68	77	68	37	31	38	62
0	0	0	0	0	0	0	0	0	0	0	0	0	0	0	0	0	113	29	76	49	56	109	29	85	62	67	111	90	100	86	22	45	41	71	65	42	132	74	126	52	102	9	82	22	76	79	45	103	21	104	129	35	68	73	11	59	69	38	52	58	13	66	24	88	27	98	125	47	30	98	72	30	58	92	44	59	106	88	87	108	18	52	125	52	141	55	101	123	76	67	39	34	117	48	17	102	34	71	96	82	82	114	91	32	113	18	72	99	25	66	20	64	79	12	69	29	128	113	21	92	106	128	65	38	47	73	110
0	0	0	0	0	0	0	0	0	0	0	0	0	0	0	0	0	0	134	114	37	116	108	121	117	109	65	126	60	100	43	24	63	27	118	95	59	17	103	93	141	83	101	82	28	99	103	112	129	42	117	88	135	107	66	85	108	60	114	69	112	129	4	82	72	10	53	49	100	46	32	95	108	15	55	97	103	127	58	136	31	62	26	56	37	31	32	120	28	30	53	69	47	62	94	76	112	11	121	34	69	90	8	90	117	4	108	42	49	108	63	119	58	125	21	79	78	29	50	123	133	19	40	26	38	47	135	97
0	0	0	0	0	0	0	0	0	0	0	0	0	0	0	0	0	0	0	125	114	40	93	126	55	22	40	23	121	23	131	19	56	43	92	87	84	68	107	128	31	85	82	133	98	111	71	36	133	93	75	47	126	119	90	90	137	112	62	55	99	98	52	115	125	61	46	107	97	115	133	38	54	112	63	66	74	52	27	80	24	130	89	94	49	134	36	41	18	100	96	16	43	101	29	102	62	118	15	115	27	65	26	8	6	54	49	85	48	143	77	19	4	111	35	70	71	63	113	26	6	50	47	12	20	129	83	89
0	0	0	0	0	0	0	0	0	0	0	0	0	0	0	0	0	0	0	0	30	89	92	6	124	105	25	29	45	50	96	128	119	35	5	117	35	16	40	114	51	76	120	100	22	131	27	115	34	62	74	118	114	52	112	68	72	138	76	29	131	85	81	89	68	107	69	61	41	128	135	62	129	29	129	36	116	114	135	43	99	132	53	51	123	89	62	138	76	48	59	88	87	97	90	57	86	91	26	63	83	6	126	113	108	16	68	52	43	85	98	98	29	41	59	106	37	17	48	109	26	51	100	59	131	121	89	14
0	0	0	0	0	0	0	0	0	0	0	0	0	0	0	0	0	0	0	0	0	88	117	65	71	134	82	103	82	116	55	140	113	119	132	95	48	84	65	72	33	122	44	13	106	120	17	106	93	6	144	47	21	125	12	100	27	121	13	114	94	81	99	132	57	50	94	97	125	29	7	98	70	125	66	100	127	74	92	117	70	127	50	29	122	91	17	18	47	31	30	118	135	35	44	57	4	52	106	122	39	61	97	73	120	60	139	75	105	50	116	42	59	72	40	21	111	25	55	59	51	118	58	79	41	146	141	104
0	0	0	0	0	0	0	0	0	0	0	0	0	0	0	0	0	0	0	0	0	0	76	31	34	41	95	124	118	87	38	43	104	120	90	69	4	107	105	86	15	95	20	150	125	70	36	18	46	54	28	48	97	102	81	118	88	42	22	24	30	56	69	107	61	72	42	47	110	63	52	109	113	45	43	30	95	116	90	24	117	97	11	137	117	57	62	92	101	33	44	116	61	10	33	131	81	74	57	132	112	78	90	114	80	104	96	73	96	128	38	53	46	83	33	99	119	135	57	92	29	8	121	116	140	126	106	124
0	0	0	0	0	0	0	0	0	0	0	0	0	0	0	0	0	0	0	0	0	0	0	118	91	6	136	126	113	122	25	46	141	136	92	35	128	70	114	98	117	54	119	43	76	119	57	62	24	129	96	63	61	131	104	80	27	45	65	23	113	23	135	106	84	133	37	47	122	114	132	66	68	92	39	84	130	115	13	78	49	41	75	108	17	111	22	117	128	90	121	59	107	41	98	99	38	26	116	61	110	91	116	96	112	59	44	101	66	69	83	89	56	48	57	33	90	82	112	37	43	115	131	89	15	54	91	95
0	0	0	0	0	0	0	0	0	0	0	0	0	0	0	0	0	0	0	0	0	0	0	0	68	75	119	114	42	69	27	75	78	86	82	25	59	85	27	128	36	84	69	8	138	56	30	34	138	134	113	128	135	107	45	33	42	34	117	118	79	41	22	29	106	135	40	30	70	60	105	37	37	32	28	106	75	26	123	12	105	86	75	54	103	116	53	135	59	115	82	61	71	101	39	94	56	43	26	111	58	108	38	56	85	97	107	118	114	81	43	77	121	60	44	92	42	134	92	66	94	26	114	19	134	94	101	94
0	0	0	0	0	0	0	0	0	0	0	0	0	0	0	0	0	0	0	0	0	0	0	0	0	80	100	81	36	134	82	95	22	85	26	14	71	39	98	138	15	98	115	98	43	67	48	83	65	72	105	94	105	102	43	28	78	112	90	17	104	93	133	126	86	139	33	139	49	93	130	49	39	43	20	125	82	30	72	129	43	14	52	81	64	37	19	80	124	31	86	39	59	105	62	120	72	19	100	100	6	102	33	107	39	53	98	16	88	55	81	121	106	120	115	63	108	50	131	137	34	27	26	110	125	112	89	122
0	0	0	0	0	0	0	0	0	0	0	0	0	0	0	0	0	0	0	0	0	0	0	0	0	0	27	37	102	135	96	112	60	57	38	95	42	88	105	104	50	99	106	67	133	90	106	20	67	104	53	18	59	122	112	73	53	43	57	12	59	47	33	21	19	64	26	17	132	100	100	24	91	115	15	99	109	35	105	79	103	90	134	61	136	62	75	68	82	105	22	90	127	39	30	34	143	38	73	10	14	22	33	56	60	79	144	102	104	109	127	111	70	106	12	120	45	21	89	72	95	26	138	30	113	100	17	41
0	0	0	0	0	0	0	0	0	0	0	0	0	0	0	0	0	0	0	0	0	0	0	0	0	0	0	33	64	23	17	134	51	33	12	73	132	111	54	130	101	59	122	59	66	113	24	87	32	58	69	85	81	21	49	154	87	124	27	40	62	43	71	30	28	121	25	98	61	128	23	49	65	77	38	139	17	131	125	67	96	35	144	73	74	119	100	98	47	117	13	88	113	86	52	64	57	5	56	123	38	35	127	143	89	86	77	77	126	89	103	17	40	63	119	125	107	64	52	124	26	99	92	55	76	15	53	94
0	0	0	0	0	0	0	0	0	0	0	0	0	0	0	0	0	0	0	0	0	0	0	0	0	0	0	0	24	87	62	121	61	96	132	76	117	105	28	114	131	92	144	89	25	74	32	84	42	84	84	37	109	98	27	133	116	44	22	52	18	111	109	62	31	105	25	102	59	80	58	37	46	107	61	130	46	24	100	109	78	96	59	92	54	73	43	49	136	30	104	83	65	34	66	39	129	53	87	58	44	106	78	78	73	52	60	55	35	10	128	40	49	145	21	29	40	84	103	100	95	47	91	71	67	74	75	30
0	0	0	0	0	0	0	0	0	0	0	0	0	0	0	0	0	0	0	0	0	0	0	0	0	0	0	0	0	94	53	97	16	108	114	26	16	93	63	138	50	30	45	60	85	42	91	25	117	134	74	36	96	112	120	74	41	23	44	59	98	113	83	31	70	31	46	43	79	114	92	117	95	100	98	35	16	123	67	135	106	75	139	74	53	74	66	103	123	45	83	25	34	31	116	127	74	148	70	105	103	98	108	9	113	95	63	79	86	91	61	90	105	59	126	144	116	24	96	120	148	26	53	73	73	94	70	84
0	0	0	0	0	0	0	0	0	0	0	0	0	0	0	0	0	0	0	0	0	0	0	0	0	0	0	0	0	0	22	126	92	19	20	56	113	31	23	52	93	130	63	82	11	39	145	66	43	98	65	152	127	46	70	108	41	45	58	15	18	24	30	39	132	61	83	40	41	118	131	124	110	110	120	65	29	123	51	88	41	45	36	131	112	135	72	83	4	136	142	66	125	75	77	46	4	114	65	119	31	59	15	114	103	71	145	134	118	141	133	57	107	34	131	24	21	102	107	86	34	91	13	54	138	68	103	98
0	0	0	0	0	0	0	0	0	0	0	0	0	0	0	0	0	0	0	0	0	0	0	0	0	0	0	0	0	0	0	64	33	119	79	60	122	51	121	56	83	50	67	96	46	14	107	71	63	83	97	64	101	34	53	18	79	48	8	35	74	33	96	19	120	91	29	122	112	34	45	79	10	44	148	125	19	133	25	36	45	122	114	155	74	129	25	21	139	83	118	84	76	122	65	145	19	125	50	88	33	10	15	87	12	101	87	44	116	136	142	48	140	19	139	80	131	26	106	77	44	110	77	46	19	68	109	54
0	0	0	0	0	0	0	0	0	0	0	0	0	0	0	0	0	0	0	0	0	0	0	0	0	0	0	0	0	0	0	0	116	70	72	52	110	70	98	52	80	80	131	101	77	103	140	101	52	17	95	113	67	52	39	79	105	33	48	119	127	118	115	121	110	47	78	117	138	121	108	134	116	22	145	31	32	106	131	27	91	48	85	34	148	88	23	43	80	78	107	128	117	66	96	76	19	95	94	107	46	72	52	62	117	27	102	123	56	76	55	56	100	44	61	38	44	95	20	66	106	126	133	51	9	133	17	73
0	0	0	0	0	0	0	0	0	0	0	0	0	0	0	0	0	0	0	0	0	0	0	0	0	0	0	0	0	0	0	0	0	100	15	13	42	152	134	18	110	66	36	35	139	132	33	20	24	111	63	66	72	100	98	21	33	31	50	32	132	78	122	78	132	52	139	72	89	121	30	71	118	85	49	63	89	29	94	56	111	110	133	103	39	48	136	47	111	144	152	131	129	73	96	26	81	50	134	46	70	85	102	100	133	72	112	48	58	53	118	121	157	51	36	126	112	152	116	40	152	84	12	42	120	39	117	50
0	0	0	0	0	0	0	0	0	0	0	0	0	0	0	0	0	0	0	0	0	0	0	0	0	0	0	0	0	0	0	0	0	0	30	96	79	42	31	16	147	90	97	23	84	87	19	38	91	130	98	128	100	126	144	32	61	85	83	75	47	53	59	68	85	53	96	101	63	82	46	127	46	43	126	98	74	60	81	33	108	72	96	88	153	116	78	41	22	95	85	72	47	35	124	142	127	118	72	52	128	109	66	72	76	151	99	24	46	111	110	96	116	75	89	17	99	71	121	71	44	40	48	70	72	50	73	26
0	0	0	0	0	0	0	0	0	0	0	0	0	0	0	0	0	0	0	0	0	0	0	0	0	0	0	0	0	0	0	0	0	0	0	96	83	121	115	147	43	92	149	65	29	125	96	136	136	113	106	22	31	105	3	141	40	74	67	79	146	89	128	82	96	141	45	118	70	127	41	47	7	143	95	32	10	18	34	73	53	108	52	91	35	69	73	36	92	53	137	108	27	125	31	95	91	56	97	53	33	9	129	76	102	141	123	43	53	118	39	133	57	67	142	151	126	29	35	60	49	133	82	128	53	84	126	46
0	0	0	0	0	0	0	0	0	0	0	0	0	0	0	0	0	0	0	0	0	0	0	0	0	0	0	0	0	0	0	0	0	0	0	0	95	72	89	106	50	59	62	94	21	33	134	107	6	19	86	30	60	38	18	150	34	42	108	59	68	45	89	31	66	54	110	22	82	110	125	95	91	103	65	37	62	124	44	36	51	42	22	79	75	65	95	58	137	32	39	87	147	68	126	109	118	118	106	28	91	113	136	127	96	84	137	39	97	58	109	83	100	139	81	108	32	44	60	97	114	27	86	140	67	30	131	84
0	0	0	0	0	0	0	0	0	0	0	0	0	0	0	0	0	0	0	0	0	0	0	0	0	0	0	0	0	0	0	0	0	0	0	0	0	62	39	49	75	25	27	52	37	125	103	158	36	108	63	14	46	148	55	151	78	116	66	113	96	129	137	115	50	38	82	96	110	161	106	61	104	82	87	63	38	84	91	34	35	152	39	44	71	124	67	118	77	28	61	44	73	81	125	133	76	48	125	39	57	37	30	87	83	61	35	107	71	81	37	76	151	100	132	132	118	38	50	128	97	124	145	114	21	105	34	102
0	0	0	0	0	0	0	0	0	0	0	0	0	0	0	0	0	0	0	0	0	0	0	0	0	0	0	0	0	0	0	0	0	0	0	0	0	0	132	31	45	38	92	46	60	11	60	133	90	41	89	106	65	68	61	88	85	31	154	50	126	136	33	25	60	110	88	29	40	95	92	132	143	96	39	63	92	35	143	49	51	142	9	67	39	112	135	52	36	32	28	87	126	38	71	91	57	64	26	69	93	86	31	55	74	25	35	59	114	35	131	103	141	86	126	22	9	122	118	157	38	122	149	43	77	60	18	126
0	0	0	0	0	0	0	0	0	0	0	0	0	0	0	0	0	0	0	0	0	0	0	0	0	0	0	0	0	0	0	0	0	0	0	0	0	0	0	119	54	78	111	71	19	89	38	142	119	89	37	39	43	74	52	123	153	114	44	72	63	31	81	29	102	103	145	96	58	128	90	79	51	73	123	21	108	70	153	66	95	51	27	41	121	128	103	65	77	128	45	107	128	45	79	94	47	45	37	45	78	43	142	85	122	56	79	19	54	138	59	132	39	99	97	27	55	96	107	123	133	46	114	120	75	74	114	153
0	0	0	0	0	0	0	0	0	0	0	0	0	0	0	0	0	0	0	0	0	0	0	0	0	0	0	0	0	0	0	0	0	0	0	0	0	0	0	0	29	155	36	122	98	57	23	117	126	30	139	85	49	56	39	155	47	81	149	114	130	145	57	138	95	159	94	63	104	106	66	66	132	39	85	78	27	146	51	39	131	29	31	47	137	30	50	101	91	64	18	10	144	105	40	140	111	140	101	70	59	38	72	98	107	45	112	26	30	137	89	132	88	25	144	96	131	97	123	83	119	50	66	71	160	92	53	123
0	0	0	0	0	0	0	0	0	0	0	0	0	0	0	0	0	0	0	0	0	0	0	0	0	0	0	0	0	0	0	0	0	0	0	0	0	0	0	0	0	127	33	99	59	58	61	54	152	86	78	139	96	85	58	58	75	30	67	146	70	123	107	104	154	110	87	127	155	107	31	29	33	77	146	80	64	41	58	75	99	64	119	46	31	22	65	20	52	53	74	134	131	21	16	124	150	89	147	68	146	44	127	90	26	81	85	36	68	126	46	111	85	89	47	62	129	79	105	74	43	51	106	105	48	106	65	5
0	0	0	0	0	0	0	0	0	0	0	0	0	0	0	0	0	0	0	0	0	0	0	0	0	0	0	0	0	0	0	0	0	0	0	0	0	0	0	0	0	0	8	92	28	103	86	31	140	54	55	95	101	82	126	126	85	50	107	61	80	137	127	51	82	116	14	65	120	31	31	100	75	72	94	82	104	123	14	118	98	33	20	60	161	36	128	131	126	75	120	117	91	167	116	29	35	82	44	74	75	61	70	105	87	131	61	19	138	17	73	140	42	47	137	82	99	125	26	104	154	140	84	108	142	39	31	146
0	0	0	0	0	0	0	0	0	0	0	0	0	0	0	0	0	0	0	0	0	0	0	0	0	0	0	0	0	0	0	0	0	0	0	0	0	0	0	0	0	0	0	126	40	117	134	38	46	142	58	139	111	127	35	118	45	79	58	85	92	48	158	108	83	92	50	145	70	22	23	69	137	57	64	110	125	49	61	74	52	151	163	68	55	122	80	84	40	148	91	115	142	109	131	63	46	93	120	106	116	55	150	40	116	122	78	41	140	82	67	100	86	135	166	72	146	114	135	144	51	42	139	26	93	63	54	53
0	0	0	0	0	0	0	0	0	0	0	0	0	0	0	0	0	0	0	0	0	0	0	0	0	0	0	0	0	0	0	0	0	0	0	0	0	0	0	0	0	0	0	0	114	64	133	22	17	120	125	87	60	70	42	143	127	161	97	37	167	161	70	34	109	39	97	12	55	80	68	120	158	153	48	130	135	57	78	27	94	67	87	25	112	38	129	114	18	98	109	162	15	105	101	156	71	57	65	103	150	142	35	97	50	114	73	27	27	68	81	94	79	88	126	146	63	119	114	43	105	54	48	36	82	119	115	131
0	0	0	0	0	0	0	0	0	0	0	0	0	0	0	0	0	0	0	0	0	0	0	0	0	0	0	0	0	0	0	0	0	0	0	0	0	0	0	0	0	0	0	0	0	104	68	84	119	53	66	149	99	51	31	63	119	97	124	38	107	80	99	35	99	75	130	130	57	71	90	126	150	122	156	166	85	59	119	110	100	128	125	29	36	83	97	66	31	76	74	71	116	21	128	98	160	85	74	35	121	31	93	139	79	47	99	124	77	145	8	57	103	14	90	56	87	95	99	79	108	56	64	119	27	87	121	112
0	0	0	0	0	0	0	0	0	0	0	0	0	0	0	0	0	0	0	0	0	0	0	0	0	0	0	0	0	0	0	0	0	0	0	0	0	0	0	0	0	0	0	0	0	0	121	105	60	95	78	71	83	78	73	67	45	75	139	50	76	171	68	107	50	73	108	106	51	128	30	140	108	48	95	84	97	44	27	52	50	88	116	128	96	57	91	165	125	70	54	124	93	94	29	54	4	55	95	45	96	117	112	31	138	149	52	57	48	66	63	69	81	45	56	113	135	113	93	11	126	34	106	26	19	82	96	126
0	0	0	0	0	0	0	0	0	0	0	0	0	0	0	0	0	0	0	0	0	0	0	0	0	0	0	0	0	0	0	0	0	0	0	0	0	0	0	0	0	0	0	0	0	0	0	82	157	89	38	158	32	75	41	103	50	113	55	44	82	13	129	46	101	54	116	74	126	43	119	107	89	129	55	63	109	108	86	75	22	90	44	32	55	126	103	57	95	94	104	35	84	72	158	61	135	54	59	88	125	152	58	100	54	128	62	37	35	64	48	104	58	146	96	44	116	68	48	94	17	45	87	94	160	113	66	175
0	0	0	0	0	0	0	0	0	0	0	0	0	0	0	0	0	0	0	0	0	0	0	0	0	0	0	0	0	0	0	0	0	0	0	0	0	0	0	0	0	0	0	0	0	0	0	0	38	89	111	131	99	112	141	56	120	134	117	60	88	67	20	80	58	42	116	42	8	84	90	75	28	41	133	157	167	21	73	76	66	75	53	104	66	140	86	66	65	127	71	115	25	87	37	56	72	68	159	90	53	129	89	75	145	132	43	60	166	50	103	112	8	113	89	133	133	34	45	139	72	113	57	81	150	76	109	115
0	0	0	0	0	0	0	0	0	0	0	0	0	0	0	0	0	0	0	0	0	0	0	0	0	0	0	0	0	0	0	0	0	0	0	0	0	0	0	0	0	0	0	0	0	0	0	0	0	106	42	90	90	123	38	87	15	26	132	115	48	45	67	16	63	21	76	50	144	64	73	51	129	33	113	125	149	53	73	40	54	145	92	145	125	72	32	97	104	146	139	97	149	40	53	158	88	129	121	139	83	77	83	137	34	62	85	127	71	132	49	106	29	64	49	133	52	76	64	153	98	134	111	111	150	122	49	111
0	0	0	0	0	0	0	0	0	0	0	0	0	0	0	0	0	0	0	0	0	0	0	0	0	0	0	0	0	0	0	0	0	0	0	0	0	0	0	0	0	0	0	0	0	0	0	0	0	0	85	42	143	123	115	97	127	139	74	133	120	58	123	155	106	24	32	60	105	101	81	78	130	104	63	38	86	155	81	168	84	139	125	94	25	122	107	51	109	105	123	20	130	143	44	40	38	83	64	39	97	35	59	59	114	70	121	103	78	160	69	114	33	80	120	60	136	132	66	127	85	53	56	86	23	103	127	89
0	0	0	0	0	0	0	0	0	0	0	0	0	0	0	0	0	0	0	0	0	0	0	0	0	0	0	0	0	0	0	0	0	0	0	0	0	0	0	0	0	0	0	0	0	0	0	0	0	0	0	31	120	120	61	92	106	66	101	56	105	147	57	71	88	36	48	27	129	51	104	79	107	116	121	52	118	63	6	50	39	142	59	24	81	31	70	110	141	74	32	84	109	164	79	17	71	73	69	35	19	82	43	140	78	128	53	54	15	88	102	69	145	158	116	49	65	56	59	34	104	61	110	44	136	119	131	116
0	0	0	0	0	0	0	0	0	0	0	0	0	0	0	0	0	0	0	0	0	0	0	0	0	0	0	0	0	0	0	0	0	0	0	0	0	0	0	0	0	0	0	0	0	0	0	0	0	0	0	0	98	50	99	71	153	104	156	64	126	49	26	122	126	150	148	84	123	151	121	128	36	133	143	111	137	71	153	98	44	148	109	138	72	10	84	104	53	133	126	59	85	91	59	140	69	64	129	156	60	77	125	137	84	58	50	110	116	130	50	99	135	161	110	90	119	98	72	154	47	104	84	20	105	50	83	58
0	0	0	0	0	0	0	0	0	0	0	0	0	0	0	0	0	0	0	0	0	0	0	0	0	0	0	0	0	0	0	0	0	0	0	0	0	0	0	0	0	0	0	0	0	0	0	0	0	0	0	0	0	119	117	51	148	116	78	47	51	112	94	55	80	135	29	37	117	109	144	126	146	62	57	54	27	167	67	39	76	113	64	157	57	86	127	80	40	67	43	58	45	38	64	127	109	133	162	70	125	96	45	56	84	149	38	113	15	128	67	131	57	57	42	70	95	142	116	59	137	132	119	78	27	94	108	92
0	0	0	0	0	0	0	0	0	0	0	0	0	0	0	0	0	0	0	0	0	0	0	0	0	0	0	0	0	0	0	0	0	0	0	0	0	0	0	0	0	0	0	0	0	0	0	0	0	0	0	0	0	0	20	89	120	64	78	15	74	86	108	66	72	118	152	35	134	136	47	39	66	96	102	146	143	58	82	98	40	68	52	122	16	70	63	43	79	66	32	112	22	141	125	93	44	81	76	101	74	131	15	79	108	146	59	162	164	27	112	48	144	96	60	50	123	40	117	60	116	106	56	120	17	127	144	171
0	0	0	0	0	0	0	0	0	0	0	0	0	0	0	0	0	0	0	0	0	0	0	0	0	0	0	0	0	0	0	0	0	0	0	0	0	0	0	0	0	0	0	0	0	0	0	0	0	0	0	0	0	0	0	128	76	74	104	80	47	94	27	160	101	81	81	68	124	133	100	63	48	83	78	127	120	120	114	118	71	119	79	97	131	168	169	141	111	42	143	94	95	135	51	91	85	20	26	53	97	43	78	164	103	132	65	123	69	143	55	30	55	106	79	167	140	120	96	52	85	128	50	152	115	115	123	113
0	0	0	0	0	0	0	0	0	0	0	0	0	0	0	0	0	0	0	0	0	0	0	0	0	0	0	0	0	0	0	0	0	0	0	0	0	0	0	0	0	0	0	0	0	0	0	0	0	0	0	0	0	0	0	0	119	121	60	22	59	19	85	167	149	126	123	147	126	61	140	131	72	73	172	85	116	101	134	59	155	101	169	101	122	29	54	153	29	68	132	43	118	90	78	94	40	80	61	145	139	62	15	22	120	48	81	155	177	96	136	55	129	76	56	114	122	55	138	120	97	99	169	101	123	43	160	108
0	0	0	0	0	0	0	0	0	0	0	0	0	0	0	0	0	0	0	0	0	0	0	0	0	0	0	0	0	0	0	0	0	0	0	0	0	0	0	0	0	0	0	0	0	0	0	0	0	0	0	0	0	0	0	0	0	88	158	44	40	78	107	121	95	89	61	141	84	161	36	136	90	144	57	33	73	30	76	182	41	51	149	60	96	49	32	92	24	170	15	44	84	115	81	50	61	76	123	42	76	65	53	109	94	155	134	130	119	157	122	93	28	56	53	97	102	39	128	134	89	42	111	61	144	68	116	136
0	0	0	0	0	0	0	0	0	0	0	0	0	0	0	0	0	0	0	0	0	0	0	0	0	0	0	0	0	0	0	0	0	0	0	0	0	0	0	0	0	0	0	0	0	0	0	0	0	0	0	0	0	0	0	0	0	0	109	132	82	120	169	107	83	128	73	5	54	38	40	103	56	147	142	75	60	171	139	81	84	139	126	62	51	75	90	46	36	137	26	57	31	125	109	6	49	44	61	65	27	119	97	148	48	73	139	47	46	79	151	50	138	45	17	34	67	86	117	36	40	104	142	57	53	104	51	56
0	0	0	0	0	0	0	0	0	0	0	0	0	0	0	0	0	0	0	0	0	0	0	0	0	0	0	0	0	0	0	0	0	0	0	0	0	0	0	0	0	0	0	0	0	0	0	0	0	0	0	0	0	0	0	0	0	0	0	79	160	11	132	72	117	138	106	101	77	151	169	45	76	74	182	181	55	53	87	60	87	94	143	154	77	127	77	129	158	131	34	133	76	117	143	133	97	60	62	101	126	139	84	108	114	75	32	109	111	106	84	99	51	20	87	149	76	84	65	28	123	114	126	155	158	119	167	91
0	0	0	0	0	0	0	0	0	0	0	0	0	0	0	0	0	0	0	0	0	0	0	0	0	0	0	0	0	0	0	0	0	0	0	0	0	0	0	0	0	0	0	0	0	0	0	0	0	0	0	0	0	0	0	0	0	0	0	0	118	123	168	68	144	24	83	124	157	141	25	96	75	70	108	105	111	54	125	131	153	168	180	65	67	134	102	154	88	47	24	126	78	120	66	74	30	131	115	64	33	9	149	68	87	48	144	109	56	81	98	44	141	22	88	124	172	53	73	155	139	50	44	57	94	145	94	99
0	0	0	0	0	0	0	0	0	0	0	0	0	0	0	0	0	0	0	0	0	0	0	0	0	0	0	0	0	0	0	0	0	0	0	0	0	0	0	0	0	0	0	0	0	0	0	0	0	0	0	0	0	0	0	0	0	0	0	0	0	87	128	134	58	80	69	55	60	76	114	92	52	65	122	145	121	100	59	95	88	36	159	171	140	170	58	99	140	132	79	73	85	109	57	113	173	57	109	35	62	110	55	142	41	118	39	88	118	83	156	137	124	96	81	130	115	25	62	82	147	47	46	46	98	163	141	20
0	0	0	0	0	0	0	0	0	0	0	0	0	0	0	0	0	0	0	0	0	0	0	0	0	0	0	0	0	0	0	0	0	0	0	0	0	0	0	0	0	0	0	0	0	0	0	0	0	0	0	0	0	0	0	0	0	0	0	0	0	0	109	84	143	138	79	66	42	109	51	59	179	141	146	73	94	153	104	54	131	90	157	74	92	52	115	51	63	133	62	136	115	131	59	121	178	108	99	138	147	64	128	169	145	137	51	37	107	91	110	100	89	148	83	150	63	67	92	155	137	60	134	45	105	145	168	40
0	0	0	0	0	0	0	0	0	0	0	0	0	0	0	0	0	0	0	0	0	0	0	0	0	0	0	0	0	0	0	0	0	0	0	0	0	0	0	0	0	0	0	0	0	0	0	0	0	0	0	0	0	0	0	0	0	0	0	0	0	0	0	73	79	83	131	65	92	119	65	119	52	118	98	103	104	148	62	81	102	98	141	93	81	140	112	119	70	131	81	131	41	167	154	145	101	30	99	49	111	67	151	53	154	92	182	115	67	46	92	135	125	146	154	62	129	166	22	149	81	99	102	158	106	124	137	3
0	0	0	0	0	0	0	0	0	0	0	0	0	0	0	0	0	0	0	0	0	0	0	0	0	0	0	0	0	0	0	0	0	0	0	0	0	0	0	0	0	0	0	0	0	0	0	0	0	0	0	0	0	0	0	0	0	0	0	0	0	0	0	0	136	176	78	101	131	87	164	39	117	86	72	101	78	148	102	87	50	54	72	32	95	77	114	70	163	175	174	57	106	39	79	59	144	79	73	74	60	102	122	153	137	115	16	39	101	39	152	80	92	124	40	157	152	101	140	165	77	118	160	122	66	178	96	46
0	0	0	0	0	0	0	0	0	0	0	0	0	0	0	0	0	0	0	0	0	0	0	0	0	0	0	0	0	0	0	0	0	0	0	0	0	0	0	0	0	0	0	0	0	0	0	0	0	0	0	0	0	0	0	0	0	0	0	0	0	0	0	0	0	114	54	56	138	158	36	134	61	101	34	186	51	154	48	128	156	125	95	133	133	127	104	53	126	141	150	103	183	88	56	64	79	138	148	63	105	155	152	103	81	133	141	151	112	176	172	147	7	95	178	68	90	118	93	91	30	44	97	85	114	81	20	66
0	0	0	0	0	0	0	0	0	0	0	0	0	0	0	0	0	0	0	0	0	0	0	0	0	0	0	0	0	0	0	0	0	0	0	0	0	0	0	0	0	0	0	0	0	0	0	0	0	0	0	0	0	0	0	0	0	0	0	0	0	0	0	0	0	0	72	161	107	36	34	95	67	92	130	95	36	140	135	26	99	14	79	114	122	135	57	85	110	172	148	146	120	66	99	170	114	121	38	38	145	49	181	162	151	127	48	45	124	146	161	80	96	150	100	90	68	139	45	177	69	148	85	85	154	115	90	145
0	0	0	0	0	0	0	0	0	0	0	0	0	0	0	0	0	0	0	0	0	0	0	0	0	0	0	0	0	0	0	0	0	0	0	0	0	0	0	0	0	0	0	0	0	0	0	0	0	0	0	0	0	0	0	0	0	0	0	0	0	0	0	0	0	0	0	158	146	85	11	155	69	78	81	93	146	148	106	64	99	72	63	69	139	51	65	83	78	104	47	80	74	139	163	142	148	116	100	150	133	91	145	111	30	119	60	89	175	31	43	64	73	87	158	105	61	146	9	108	100	101	52	134	73	57	174	79
0	0	0	0	0	0	0	0	0	0	0	0	0	0	0	0	0	0	0	0	0	0	0	0	0	0	0	0	0	0	0	0	0	0	0	0	0	0	0	0	0	0	0	0	0	0	0	0	0	0	0	0	0	0	0	0	0	0	0	0	0	0	0	0	0	0	0	0	62	117	109	79	165	48	42	96	90	59	90	94	122	96	35	121	173	139	103	115	180	163	45	87	101	109	51	105	166	43	44	101	33	160	139	51	87	94	105	167	89	139	86	152	70	162	65	113	74	74	14	45	77	95	139	130	123	45	105	87
0	0	0	0	0	0	0	0	0	0	0	0	0	0	0	0	0	0	0	0	0	0	0	0	0	0	0	0	0	0	0	0	0	0	0	0	0	0	0	0	0	0	0	0	0	0	0	0	0	0	0	0	0	0	0	0	0	0	0	0	0	0	0	0	0	0	0	0	0	110	95	141	64	39	60	141	76	103	138	103	60	88	134	176	149	126	170	110	41	106	116	50	93	135	79	117	57	99	26	127	88	51	72	114	55	33	55	170	111	114	145	114	134	102	121	60	102	88	163	94	122	137	149	99	117	168	91	95
0	0	0	0	0	0	0	0	0	0	0	0	0	0	0	0	0	0	0	0	0	0	0	0	0	0	0	0	0	0	0	0	0	0	0	0	0	0	0	0	0	0	0	0	0	0	0	0	0	0	0	0	0	0	0	0	0	0	0	0	0	0	0	0	0	0	0	0	0	0	84	131	180	173	63	53	62	82	161	162	64	161	124	175	43	101	126	114	160	52	87	119	107	108	129	98	123	82	140	152	75	116	55	58	119	64	55	51	128	165	62	167	109	129	142	157	39	27	136	122	94	132	17	170	129	107	149	73
0	0	0	0	0	0	0	0	0	0	0	0	0	0	0	0	0	0	0	0	0	0	0	0	0	0	0	0	0	0	0	0	0	0	0	0	0	0	0	0	0	0	0	0	0	0	0	0	0	0	0	0	0	0	0	0	0	0	0	0	0	0	0	0	0	0	0	0	0	0	0	128	53	141	79	6	53	130	105	90	176	34	81	39	111	86	121	74	33	128	68	131	158	124	153	58	175	25	50	115	120	134	58	114	19	130	97	72	73	129	61	179	80	80	56	135	185	161	112	76	119	48	42	96	161	116	104	104
0	0	0	0	0	0	0	0	0	0	0	0	0	0	0	0	0	0	0	0	0	0	0	0	0	0	0	0	0	0	0	0	0	0	0	0	0	0	0	0	0	0	0	0	0	0	0	0	0	0	0	0	0	0	0	0	0	0	0	0	0	0	0	0	0	0	0	0	0	0	0	0	120	146	100	35	92	67	26	18	108	138	43	82	67	79	77	151	144	96	88	114	95	131	97	150	91	107	71	112	97	190	130	61	149	49	77	69	157	76	35	126	91	75	61	140	96	134	41	63	106	158	81	168	83	114	42	114
0	0	0	0	0	0	0	0	0	0	0	0	0	0	0	0	0	0	0	0	0	0	0	0	0	0	0	0	0	0	0	0	0	0	0	0	0	0	0	0	0	0	0	0	0	0	0	0	0	0	0	0	0	0	0	0	0	0	0	0	0	0	0	0	0	0	0	0	0	0	0	0	0	157	75	54	106	93	136	151	95	139	105	108	183	91	82	129	89	160	69	74	97	87	142	180	47	81	87	27	116	116	57	134	90	19	120	105	114	96	147	117	159	54	161	52	116	164	57	121	133	157	43	138	73	56	50	44
0	0	0	0	0	0	0	0	0	0	0	0	0	0	0	0	0	0	0	0	0	0	0	0	0	0	0	0	0	0	0	0	0	0	0	0	0	0	0	0	0	0	0	0	0	0	0	0	0	0	0	0	0	0	0	0	0	0	0	0	0	0	0	0	0	0	0	0	0	0	0	0	0	0	63	120	105	61	134	119	89	72	87	111	76	35	82	176	85	106	111	142	49	107	42	177	137	172	76	115	34	143	74	148	75	79	127	194	139	33	60	131	75	162	125	64	127	117	100	118	145	118	68	17	159	115	167	179
0	0	0	0	0	0	0	0	0	0	0	0	0	0	0	0	0	0	0	0	0	0	0	0	0	0	0	0	0	0	0	0	0	0	0	0	0	0	0	0	0	0	0	0	0	0	0	0	0	0	0	0	0	0	0	0	0	0	0	0	0	0	0	0	0	0	0	0	0	0	0	0	0	0	0	28	105	131	146	62	100	129	87	86	136	136	79	165	100	154	92	125	54	47	142	157	100	121	73	154	113	83	184	130	155	34	160	163	104	164	12	125	15	104	139	123	106	138	134	120	110	123	115	155	101	129	125	120
0	0	0	0	0	0	0	0	0	0	0	0	0	0	0	0	0	0	0	0	0	0	0	0	0	0	0	0	0	0	0	0	0	0	0	0	0	0	0	0	0	0	0	0	0	0	0	0	0	0	0	0	0	0	0	0	0	0	0	0	0	0	0	0	0	0	0	0	0	0	0	0	0	0	0	0	101	81	189	185	55	81	94	130	196	82	48	113	94	148	24	95	79	51	66	101	169	54	93	135	69	110	180	99	96	37	31	198	51	158	69	96	86	121	84	135	95	71	117	138	39	72	100	63	121	100	91	66
0	0	0	0	0	0	0	0	0	0	0	0	0	0	0	0	0	0	0	0	0	0	0	0	0	0	0	0	0	0	0	0	0	0	0	0	0	0	0	0	0	0	0	0	0	0	0	0	0	0	0	0	0	0	0	0	0	0	0	0	0	0	0	0	0	0	0	0	0	0	0	0	0	0	0	0	0	166	118	156	132	67	112	143	113	90	90	99	144	121	133	181	142	159	102	133	55	135	118	151	161	98	128	138	104	74	73	156	112	41	55	17	90	22	114	74	104	118	75	143	177	104	150	130	132	23	61	141
0	0	0	0	0	0	0	0	0	0	0	0	0	0	0	0	0	0	0	0	0	0	0	0	0	0	0	0	0	0	0	0	0	0	0	0	0	0	0	0	0	0	0	0	0	0	0	0	0	0	0	0	0	0	0	0	0	0	0	0	0	0	0	0	0	0	0	0	0	0	0	0	0	0	0	0	0	0	149	89	135	74	139	46	134	66	108	80	96	45	113	155	188	53	57	92	87	70	53	62	115	93	85	164	170	58	75	68	118	84	62	97	76	157	66	111	107	90	108	60	72	141	123	118	82	172	122	159
0	0	0	0	0	0	0	0	0	0	0	0	0	0	0	0	0	0	0	0	0	0	0	0	0	0	0	0	0	0	0	0	0	0	0	0	0	0	0	0	0	0	0	0	0	0	0	0	0	0	0	0	0	0	0	0	0	0	0	0	0	0	0	0	0	0	0	0	0	0	0	0	0	0	0	0	0	0	0	12	165	175	70	122	131	123	91	119	85	184	196	78	143	84	147	124	126	118	48	71	190	123	137	40	144	46	88	101	24	70	119	45	142	69	146	144	153	71	160	76	45	37	81	77	71	142	179	138
0	0	0	0	0	0	0	0	0	0	0	0	0	0	0	0	0	0	0	0	0	0	0	0	0	0	0	0	0	0	0	0	0	0	0	0	0	0	0	0	0	0	0	0	0	0	0	0	0	0	0	0	0	0	0	0	0	0	0	0	0	0	0	0	0	0	0	0	0	0	0	0	0	0	0	0	0	0	0	0	62	110	73	58	74	164	14	168	37	103	99	77	88	78	80	82	142	174	152	145	11	68	102	150	53	168	102	124	157	81	117	71	42	141	40	106	22	74	121	103	163	117	118	113	118	53	15	117
0	0	0	0	0	0	0	0	0	0	0	0	0	0	0	0	0	0	0	0	0	0	0	0	0	0	0	0	0	0	0	0	0	0	0	0	0	0	0	0	0	0	0	0	0	0	0	0	0	0	0	0	0	0	0	0	0	0	0	0	0	0	0	0	0	0	0	0	0	0	0	0	0	0	0	0	0	0	0	0	0	139	121	201	86	160	186	50	163	137	54	99	137	74	153	136	84	42	95	73	89	71	90	136	130	99	156	39	122	46	81	115	18	51	56	89	87	124	120	29	94	104	139	51	58	72	179	116
0	0	0	0	0	0	0	0	0	0	0	0	0	0	0	0	0	0	0	0	0	0	0	0	0	0	0	0	0	0	0	0	0	0	0	0	0	0	0	0	0	0	0	0	0	0	0	0	0	0	0	0	0	0	0	0	0	0	0	0	0	0	0	0	0	0	0	0	0	0	0	0	0	0	0	0	0	0	0	0	0	0	113	146	74	70	60	60	119	118	82	85	139	131	69	152	78	20	91	62	91	56	182	52	165	63	77	178	120	37	92	33	165	72	124	60	198	135	129	125	96	19	127	79	82	111	90	122
0	0	0	0	0	0	0	0	0	0	0	0	0	0	0	0	0	0	0	0	0	0	0	0	0	0	0	0	0	0	0	0	0	0	0	0	0	0	0	0	0	0	0	0	0	0	0	0	0	0	0	0	0	0	0	0	0	0	0	0	0	0	0	0	0	0	0	0	0	0	0	0	0	0	0	0	0	0	0	0	0	0	0	147	121	163	80	164	130	129	43	41	63	135	187	122	83	95	154	69	169	170	183	138	22	193	141	69	130	50	105	199	55	25	80	106	81	77	101	50	147	146	120	130	134	33	25	74
0	0	0	0	0	0	0	0	0	0	0	0	0	0	0	0	0	0	0	0	0	0	0	0	0	0	0	0	0	0	0	0	0	0	0	0	0	0	0	0	0	0	0	0	0	0	0	0	0	0	0	0	0	0	0	0	0	0	0	0	0	0	0	0	0	0	0	0	0	0	0	0	0	0	0	0	0	0	0	0	0	0	0	0	69	117	79	145	112	105	111	158	61	79	64	118	78	78	115	70	35	144	118	94	92	62	90	117	61	148	92	90	102	96	177	62	45	165	101	130	98	93	127	99	146	102	26	97
0	0	0	0	0	0	0	0	0	0	0	0	0	0	0	0	0	0	0	0	0	0	0	0	0	0	0	0	0	0	0	0	0	0	0	0	0	0	0	0	0	0	0	0	0	0	0	0	0	0	0	0	0	0	0	0	0	0	0	0	0	0	0	0	0	0	0	0	0	0	0	0	0	0	0	0	0	0	0	0	0	0	0	0	0	71	134	149	84	57	136	207	69	129	59	86	81	83	159	81	133	156	154	178	155	131	68	75	28	97	84	137	148	86	152	173	40	36	148	127	98	87	21	86	42	151	135	119
0	0	0	0	0	0	0	0	0	0	0	0	0	0	0	0	0	0	0	0	0	0	0	0	0	0	0	0	0	0	0	0	0	0	0	0	0	0	0	0	0	0	0	0	0	0	0	0	0	0	0	0	0	0	0	0	0	0	0	0	0	0	0	0	0	0	0	0	0	0	0	0	0	0	0	0	0	0	0	0	0	0	0	0	0	0	164	30	90	55	97	142	95	106	79	130	88	34	140	90	160	43	61	38	44	99	69	87	124	40	23	168	125	73	37	49	71	73	77	58	136	35	79	112	110	74	95	177
0	0	0	0	0	0	0	0	0	0	0	0	0	0	0	0	0	0	0	0	0	0	0	0	0	0	0	0	0	0	0	0	0	0	0	0	0	0	0	0	0	0	0	0	0	0	0	0	0	0	0	0	0	0	0	0	0	0	0	0	0	0	0	0	0	0	0	0	0	0	0	0	0	0	0	0	0	0	0	0	0	0	0	0	0	0	0	113	177	78	83	116	45	75	108	109	15	92	60	148	88	87	143	191	50	44	192	127	50	87	144	95	117	117	61	138	205	50	66	38	90	70	91	101	105	131	137	53
0	0	0	0	0	0	0	0	0	0	0	0	0	0	0	0	0	0	0	0	0	0	0	0	0	0	0	0	0	0	0	0	0	0	0	0	0	0	0	0	0	0	0	0	0	0	0	0	0	0	0	0	0	0	0	0	0	0	0	0	0	0	0	0	0	0	0	0	0	0	0	0	0	0	0	0	0	0	0	0	0	0	0	0	0	0	0	0	184	58	76	193	170	150	24	103	114	140	104	108	90	116	44	72	37	74	138	107	60	155	88	115	112	72	106	134	56	100	139	145	97	64	124	96	152	103	141	145
0	0	0	0	0	0	0	0	0	0	0	0	0	0	0	0	0	0	0	0	0	0	0	0	0	0	0	0	0	0	0	0	0	0	0	0	0	0	0	0	0	0	0	0	0	0	0	0	0	0	0	0	0	0	0	0	0	0	0	0	0	0	0	0	0	0	0	0	0	0	0	0	0	0	0	0	0	0	0	0	0	0	0	0	0	0	0	0	0	61	86	66	74	159	89	172	161	191	96	170	148	85	96	174	177	111	123	52	139	171	91	53	183	195	145	88	93	142	44	143	95	16	146	151	70	173	139	134
0	0	0	0	0	0	0	0	0	0	0	0	0	0	0	0	0	0	0	0	0	0	0	0	0	0	0	0	0	0	0	0	0	0	0	0	0	0	0	0	0	0	0	0	0	0	0	0	0	0	0	0	0	0	0	0	0	0	0	0	0	0	0	0	0	0	0	0	0	0	0	0	0	0	0	0	0	0	0	0	0	0	0	0	0	0	0	0	0	0	101	73	83	107	108	109	111	45	76	197	69	132	163	92	102	107	171	157	115	169	83	156	92	92	80	169	96	91	162	71	134	178	86	130	59	66	12	92
0	0	0	0	0	0	0	0	0	0	0	0	0	0	0	0	0	0	0	0	0	0	0	0	0	0	0	0	0	0	0	0	0	0	0	0	0	0	0	0	0	0	0	0	0	0	0	0	0	0	0	0	0	0	0	0	0	0	0	0	0	0	0	0	0	0	0	0	0	0	0	0	0	0	0	0	0	0	0	0	0	0	0	0	0	0	0	0	0	0	0	136	19	178	117	102	99	162	142	114	103	90	145	205	132	77	140	185	155	83	183	43	91	74	128	151	71	171	130	135	115	115	129	205	96	124	63	194
0	0	0	0	0	0	0	0	0	0	0	0	0	0	0	0	0	0	0	0	0	0	0	0	0	0	0	0	0	0	0	0	0	0	0	0	0	0	0	0	0	0	0	0	0	0	0	0	0	0	0	0	0	0	0	0	0	0	0	0	0	0	0	0	0	0	0	0	0	0	0	0	0	0	0	0	0	0	0	0	0	0	0	0	0	0	0	0	0	0	0	0	6	120	95	96	194	134	68	119	131	126	94	113	77	96	172	95	80	71	110	98	81	56	60	90	141	164	142	117	96	11	68	131	147	79	134	129
0	0	0	0	0	0	0	0	0	0	0	0	0	0	0	0	0	0	0	0	0	0	0	0	0	0	0	0	0	0	0	0	0	0	0	0	0	0	0	0	0	0	0	0	0	0	0	0	0	0	0	0	0	0	0	0	0	0	0	0	0	0	0	0	0	0	0	0	0	0	0	0	0	0	0	0	0	0	0	0	0	0	0	0	0	0	0	0	0	0	0	0	0	64	72	105	76	129	147	117	187	73	149	95	60	120	64	106	67	215	108	137	66	95	137	115	117	54	140	154	145	85	169	94	55	167	59	117
0	0	0	0	0	0	0	0	0	0	0	0	0	0	0	0	0	0	0	0	0	0	0	0	0	0	0	0	0	0	0	0	0	0	0	0	0	0	0	0	0	0	0	0	0	0	0	0	0	0	0	0	0	0	0	0	0	0	0	0	0	0	0	0	0	0	0	0	0	0	0	0	0	0	0	0	0	0	0	0	0	0	0	0	0	0	0	0	0	0	0	0	0	0	53	161	157	118	77	105	62	170	154	175	47	121	102	86	115	161	12	64	86	53	119	113	162	18	147	66	88	135	193	157	124	76	104	159
0	0	0	0	0	0	0	0	0	0	0	0	0	0	0	0	0	0	0	0	0	0	0	0	0	0	0	0	0	0	0	0	0	0	0	0	0	0	0	0	0	0	0	0	0	0	0	0	0	0	0	0	0	0	0	0	0	0	0	0	0	0	0	0	0	0	0	0	0	0	0	0	0	0	0	0	0	0	0	0	0	0	0	0	0	0	0	0	0	0	0	0	0	0	0	155	64	182	137	107	157	64	116	184	73	78	109	44	145	131	78	160	120	130	117	144	122	137	91	36	177	55	143	82	192	142	121	169
0	0	0	0	0	0	0	0	0	0	0	0	0	0	0	0	0	0	0	0	0	0	0	0	0	0	0	0	0	0	0	0	0	0	0	0	0	0	0	0	0	0	0	0	0	0	0	0	0	0	0	0	0	0	0	0	0	0	0	0	0	0	0	0	0	0	0	0	0	0	0	0	0	0	0	0	0	0	0	0	0	0	0	0	0	0	0	0	0	0	0	0	0	0	0	0	99	10	122	99	77	55	100	21	141	98	136	155	72	122	201	115	153	115	122	122	178	200	159	121	58	132	136	149	120	79	90	182
0	0	0	0	0	0	0	0	0	0	0	0	0	0	0	0	0	0	0	0	0	0	0	0	0	0	0	0	0	0	0	0	0	0	0	0	0	0	0	0	0	0	0	0	0	0	0	0	0	0	0	0	0	0	0	0	0	0	0	0	0	0	0	0	0	0	0	0	0	0	0	0	0	0	0	0	0	0	0	0	0	0	0	0	0	0	0	0	0	0	0	0	0	0	0	0	0	100	117	89	40	28	109	221	136	204	146	52	59	66	147	104	162	55	148	191	133	97	87	125	219	110	41	184	79	20	78	48
0	0	0	0	0	0	0	0	0	0	0	0	0	0	0	0	0	0	0	0	0	0	0	0	0	0	0	0	0	0	0	0	0	0	0	0	0	0	0	0	0	0	0	0	0	0	0	0	0	0	0	0	0	0	0	0	0	0	0	0	0	0	0	0	0	0	0	0	0	0	0	0	0	0	0	0	0	0	0	0	0	0	0	0	0	0	0	0	0	0	0	0	0	0	0	0	0	0	48	175	63	121	90	86	91	72	87	82	61	31	82	57	120	82	92	68	119	176	124	177	133	154	125	86	213	112	146	158
0	0	0	0	0	0	0	0	0	0	0	0	0	0	0	0	0	0	0	0	0	0	0	0	0	0	0	0	0	0	0	0	0	0	0	0	0	0	0	0	0	0	0	0	0	0	0	0	0	0	0	0	0	0	0	0	0	0	0	0	0	0	0	0	0	0	0	0	0	0	0	0	0	0	0	0	0	0	0	0	0	0	0	0	0	0	0	0	0	0	0	0	0	0	0	0	0	0	0	143	98	65	149	95	60	92	158	63	113	208	185	166	78	59	94	45	124	64	78	21	119	134	65	30	132	87	62	149
0	0	0	0	0	0	0	0	0	0	0	0	0	0	0	0	0	0	0	0	0	0	0	0	0	0	0	0	0	0	0	0	0	0	0	0	0	0	0	0	0	0	0	0	0	0	0	0	0	0	0	0	0	0	0	0	0	0	0	0	0	0	0	0	0	0	0	0	0	0	0	0	0	0	0	0	0	0	0	0	0	0	0	0	0	0	0	0	0	0	0	0	0	0	0	0	0	0	0	0	59	146	134	115	108	97	70	164	146	65	81	106	123	46	180	114	58	187	196	113	130	108	136	115	157	120	108	116
0	0	0	0	0	0	0	0	0	0	0	0	0	0	0	0	0	0	0	0	0	0	0	0	0	0	0	0	0	0	0	0	0	0	0	0	0	0	0	0	0	0	0	0	0	0	0	0	0	0	0	0	0	0	0	0	0	0	0	0	0	0	0	0	0	0	0	0	0	0	0	0	0	0	0	0	0	0	0	0	0	0	0	0	0	0	0	0	0	0	0	0	0	0	0	0	0	0	0	0	0	75	142	124	100	152	76	165	84	64	95	155	116	141	35	108	101	119	134	175	85	138	50	109	150	125	44	55
0	0	0	0	0	0	0	0	0	0	0	0	0	0	0	0	0	0	0	0	0	0	0	0	0	0	0	0	0	0	0	0	0	0	0	0	0	0	0	0	0	0	0	0	0	0	0	0	0	0	0	0	0	0	0	0	0	0	0	0	0	0	0	0	0	0	0	0	0	0	0	0	0	0	0	0	0	0	0	0	0	0	0	0	0	0	0	0	0	0	0	0	0	0	0	0	0	0	0	0	0	0	150	224	128	12	101	47	127	40	160	21	106	111	107	188	159	185	108	185	133	145	106	106	175	75	75	96
0	0	0	0	0	0	0	0	0	0	0	0	0	0	0	0	0	0	0	0	0	0	0	0	0	0	0	0	0	0	0	0	0	0	0	0	0	0	0	0	0	0	0	0	0	0	0	0	0	0	0	0	0	0	0	0	0	0	0	0	0	0	0	0	0	0	0	0	0	0	0	0	0	0	0	0	0	0	0	0	0	0	0	0	0	0	0	0	0	0	0	0	0	0	0	0	0	0	0	0	0	0	0	66	198	116	88	122	74	85	120	65	77	135	29	215	184	88	157	77	110	48	33	37	144	173	111	81
0	0	0	0	0	0	0	0	0	0	0	0	0	0	0	0	0	0	0	0	0	0	0	0	0	0	0	0	0	0	0	0	0	0	0	0	0	0	0	0	0	0	0	0	0	0	0	0	0	0	0	0	0	0	0	0	0	0	0	0	0	0	0	0	0	0	0	0	0	0	0	0	0	0	0	0	0	0	0	0	0	0	0	0	0	0	0	0	0	0	0	0	0	0	0	0	0	0	0	0	0	0	0	0	130	95	49	139	82	132	150	182	48	103	144	101	46	185	113	115	122	161	53	43	51	156	180	75
0	0	0	0	0	0	0	0	0	0	0	0	0	0	0	0	0	0	0	0	0	0	0	0	0	0	0	0	0	0	0	0	0	0	0	0	0	0	0	0	0	0	0	0	0	0	0	0	0	0	0	0	0	0	0	0	0	0	0	0	0	0	0	0	0	0	0	0	0	0	0	0	0	0	0	0	0	0	0	0	0	0	0	0	0	0	0	0	0	0	0	0	0	0	0	0	0	0	0	0	0	0	0	0	0	149	59	131	131	117	197	130	76	177	139	72	210	126	146	97	145	202	84	63	40	175	44	139
0	0	0	0	0	0	0	0	0	0	0	0	0	0	0	0	0	0	0	0	0	0	0	0	0	0	0	0	0	0	0	0	0	0	0	0	0	0	0	0	0	0	0	0	0	0	0	0	0	0	0	0	0	0	0	0	0	0	0	0	0	0	0	0	0	0	0	0	0	0	0	0	0	0	0	0	0	0	0	0	0	0	0	0	0	0	0	0	0	0	0	0	0	0	0	0	0	0	0	0	0	0	0	0	0	0	118	223	148	61	165	41	174	34	18	137	137	172	126	63	59	75	183	108	136	110	82	139
0	0	0	0	0	0	0	0	0	0	0	0	0	0	0	0	0	0	0	0	0	0	0	0	0	0	0	0	0	0	0	0	0	0	0	0	0	0	0	0	0	0	0	0	0	0	0	0	0	0	0	0	0	0	0	0	0	0	0	0	0	0	0	0	0	0	0	0	0	0	0	0	0	0	0	0	0	0	0	0	0	0	0	0	0	0	0	0	0	0	0	0	0	0	0	0	0	0	0	0	0	0	0	0	0	0	0	91	125	49	167	86	65	65	135	145	138	150	19	209	56	148	92	135	130	94	185	178
0	0	0	0	0	0	0	0	0	0	0	0	0	0	0	0	0	0	0	0	0	0	0	0	0	0	0	0	0	0	0	0	0	0	0	0	0	0	0	0	0	0	0	0	0	0	0	0	0	0	0	0	0	0	0	0	0	0	0	0	0	0	0	0	0	0	0	0	0	0	0	0	0	0	0	0	0	0	0	0	0	0	0	0	0	0	0	0	0	0	0	0	0	0	0	0	0	0	0	0	0	0	0	0	0	0	0	0	87	133	122	46	135	50	180	88	90	114	120	112	121	133	208	111	44	133	116	147
0	0	0	0	0	0	0	0	0	0	0	0	0	0	0	0	0	0	0	0	0	0	0	0	0	0	0	0	0	0	0	0	0	0	0	0	0	0	0	0	0	0	0	0	0	0	0	0	0	0	0	0	0	0	0	0	0	0	0	0	0	0	0	0	0	0	0	0	0	0	0	0	0	0	0	0	0	0	0	0	0	0	0	0	0	0	0	0	0	0	0	0	0	0	0	0	0	0	0	0	0	0	0	0	0	0	0	0	0	149	80	142	84	207	101	138	114	153	185	193	181	90	54	138	128	181	198	116
0	0	0	0	0	0	0	0	0	0	0	0	0	0	0	0	0	0	0	0	0	0	0	0	0	0	0	0	0	0	0	0	0	0	0	0	0	0	0	0	0	0	0	0	0	0	0	0	0	0	0	0	0	0	0	0	0	0	0	0	0	0	0	0	0	0	0	0	0	0	0	0	0	0	0	0	0	0	0	0	0	0	0	0	0	0	0	0	0	0	0	0	0	0	0	0	0	0	0	0	0	0	0	0	0	0	0	0	0	0	91	152	94	127	77	73	168	130	139	104	44	56	102	208	95	137	185	95
0	0	0	0	0	0	0	0	0	0	0	0	0	0	0	0	0	0	0	0	0	0	0	0	0	0	0	0	0	0	0	0	0	0	0	0	0	0	0	0	0	0	0	0	0	0	0	0	0	0	0	0	0	0	0	0	0	0	0	0	0	0	0	0	0	0	0	0	0	0	0	0	0	0	0	0	0	0	0	0	0	0	0	0	0	0	0	0	0	0	0	0	0	0	0	0	0	0	0	0	0	0	0	0	0	0	0	0	0	0	0	174	150	224	121	37	171	103	80	202	141	57	118	95	158	177	177	65
0	0	0	0	0	0	0	0	0	0	0	0	0	0	0	0	0	0	0	0	0	0	0	0	0	0	0	0	0	0	0	0	0	0	0	0	0	0	0	0	0	0	0	0	0	0	0	0	0	0	0	0	0	0	0	0	0	0	0	0	0	0	0	0	0	0	0	0	0	0	0	0	0	0	0	0	0	0	0	0	0	0	0	0	0	0	0	0	0	0	0	0	0	0	0	0	0	0	0	0	0	0	0	0	0	0	0	0	0	0	0	0	134	63	185	85	113	139	99	218	154	81	104	148	193	224	141	64
0	0	0	0	0	0	0	0	0	0	0	0	0	0	0	0	0	0	0	0	0	0	0	0	0	0	0	0	0	0	0	0	0	0	0	0	0	0	0	0	0	0	0	0	0	0	0	0	0	0	0	0	0	0	0	0	0	0	0	0	0	0	0	0	0	0	0	0	0	0	0	0	0	0	0	0	0	0	0	0	0	0	0	0	0	0	0	0	0	0	0	0	0	0	0	0	0	0	0	0	0	0	0	0	0	0	0	0	0	0	0	0	0	101	173	96	171	160	33	131	149	139	84	126	58	35	15	113
0	0	0	0	0	0	0	0	0	0	0	0	0	0	0	0	0	0	0	0	0	0	0	0	0	0	0	0	0	0	0	0	0	0	0	0	0	0	0	0	0	0	0	0	0	0	0	0	0	0	0	0	0	0	0	0	0	0	0	0	0	0	0	0	0	0	0	0	0	0	0	0	0	0	0	0	0	0	0	0	0	0	0	0	0	0	0	0	0	0	0	0	0	0	0	0	0	0	0	0	0	0	0	0	0	0	0	0	0	0	0	0	0	0	116	56	76	124	178	217	149	71	95	111	90	101	18	150
0	0	0	0	0	0	0	0	0	0	0	0	0	0	0	0	0	0	0	0	0	0	0	0	0	0	0	0	0	0	0	0	0	0	0	0	0	0	0	0	0	0	0	0	0	0	0	0	0	0	0	0	0	0	0	0	0	0	0	0	0	0	0	0	0	0	0	0	0	0	0	0	0	0	0	0	0	0	0	0	0	0	0	0	0	0	0	0	0	0	0	0	0	0	0	0	0	0	0	0	0	0	0	0	0	0	0	0	0	0	0	0	0	0	0	89	83	76	151	144	53	98	102	115	175	28	90	124
0	0	0	0	0	0	0	0	0	0	0	0	0	0	0	0	0	0	0	0	0	0	0	0	0	0	0	0	0	0	0	0	0	0	0	0	0	0	0	0	0	0	0	0	0	0	0	0	0	0	0	0	0	0	0	0	0	0	0	0	0	0	0	0	0	0	0	0	0	0	0	0	0	0	0	0	0	0	0	0	0	0	0	0	0	0	0	0	0	0	0	0	0	0	0	0	0	0	0	0	0	0	0	0	0	0	0	0	0	0	0	0	0	0	0	0	105	181	216	124	121	113	51	110	90	189	94	81
0	0	0	0	0	0	0	0	0	0	0	0	0	0	0	0	0	0	0	0	0	0	0	0	0	0	0	0	0	0	0	0	0	0	0	0	0	0	0	0	0	0	0	0	0	0	0	0	0	0	0	0	0	0	0	0	0	0	0	0	0	0	0	0	0	0	0	0	0	0	0	0	0	0	0	0	0	0	0	0	0	0	0	0	0	0	0	0	0	0	0	0	0	0	0	0	0	0	0	0	0	0	0	0	0	0	0	0	0	0	0	0	0	0	0	0	0	171	127	60	155	160	65	36	142	136	59	115
0	0	0	0	0	0	0	0	0	0	0	0	0	0	0	0	0	0	0	0	0	0	0	0	0	0	0	0	0	0	0	0	0	0	0	0	0	0	0	0	0	0	0	0	0	0	0	0	0	0	0	0	0	0	0	0	0	0	0	0	0	0	0	0	0	0	0	0	0	0	0	0	0	0	0	0	0	0	0	0	0	0	0	0	0	0	0	0	0	0	0	0	0	0	0	0	0	0	0	0	0	0	0	0	0	0	0	0	0	0	0	0	0	0	0	0	0	0	33	97	171	156	148	136	61	98	139	162
0	0	0	0	0	0	0	0	0	0	0	0	0	0	0	0	0	0	0	0	0	0	0	0	0	0	0	0	0	0	0	0	0	0	0	0	0	0	0	0	0	0	0	0	0	0	0	0	0	0	0	0	0	0	0	0	0	0	0	0	0	0	0	0	0	0	0	0	0	0	0	0	0	0	0	0	0	0	0	0	0	0	0	0	0	0	0	0	0	0	0	0	0	0	0	0	0	0	0	0	0	0	0	0	0	0	0	0	0	0	0	0	0	0	0	0	0	0	0	57	84	34	135	197	147	58	137	158
0	0	0	0	0	0	0	0	0	0	0	0	0	0	0	0	0	0	0	0	0	0	0	0	0	0	0	0	0	0	0	0	0	0	0	0	0	0	0	0	0	0	0	0	0	0	0	0	0	0	0	0	0	0	0	0	0	0	0	0	0	0	0	0	0	0	0	0	0	0	0	0	0	0	0	0	0	0	0	0	0	0	0	0	0	0	0	0	0	0	0	0	0	0	0	0	0	0	0	0	0	0	0	0	0	0	0	0	0	0	0	0	0	0	0	0	0	0	0	0	157	137	100	25	61	161	146	158
0	0	0	0	0	0	0	0	0	0	0	0	0	0	0	0	0	0	0	0	0	0	0	0	0	0	0	0	0	0	0	0	0	0	0	0	0	0	0	0	0	0	0	0	0	0	0	0	0	0	0	0	0	0	0	0	0	0	0	0	0	0	0	0	0	0	0	0	0	0	0	0	0	0	0	0	0	0	0	0	0	0	0	0	0	0	0	0	0	0	0	0	0	0	0	0	0	0	0	0	0	0	0	0	0	0	0	0	0	0	0	0	0	0	0	0	0	0	0	0	0	118	152	183	157	130	95	198
0	0	0	0	0	0	0	0	0	0	0	0	0	0	0	0	0	0	0	0	0	0	0	0	0	0	0	0	0	0	0	0	0	0	0	0	0	0	0	0	0	0	0	0	0	0	0	0	0	0	0	0	0	0	0	0	0	0	0	0	0	0	0	0	0	0	0	0	0	0	0	0	0	0	0	0	0	0	0	0	0	0	0	0	0	0	0	0	0	0	0	0	0	0	0	0	0	0	0	0	0	0	0	0	0	0	0	0	0	0	0	0	0	0	0	0	0	0	0	0	0	0	69	193	159	23	94	174
0	0	0	0	0	0	0	0	0	0	0	0	0	0	0	0	0	0	0	0	0	0	0	0	0	0	0	0	0	0	0	0	0	0	0	0	0	0	0	0	0	0	0	0	0	0	0	0	0	0	0	0	0	0	0	0	0	0	0	0	0	0	0	0	0	0	0	0	0	0	0	0	0	0	0	0	0	0	0	0	0	0	0	0	0	0	0	0	0	0	0	0	0	0	0	0	0	0	0	0	0	0	0	0	0	0	0	0	0	0	0	0	0	0	0	0	0	0	0	0	0	0	0	142	212	89	43	129
0	0	0	0	0	0	0	0	0	0	0	0	0	0	0	0	0	0	0	0	0	0	0	0	0	0	0	0	0	0	0	0	0	0	0	0	0	0	0	0	0	0	0	0	0	0	0	0	0	0	0	0	0	0	0	0	0	0	0	0	0	0	0	0	0	0	0	0	0	0	0	0	0	0	0	0	0	0	0	0	0	0	0	0	0	0	0	0	0	0	0	0	0	0	0	0	0	0	0	0	0	0	0	0	0	0	0	0	0	0	0	0	0	0	0	0	0	0	0	0	0	0	0	0	91	90	183	90
0	0	0	0	0	0	0	0	0	0	0	0	0	0	0	0	0	0	0	0	0	0	0	0	0	0	0	0	0	0	0	0	0	0	0	0	0	0	0	0	0	0	0	0	0	0	0	0	0	0	0	0	0	0	0	0	0	0	0	0	0	0	0	0	0	0	0	0	0	0	0	0	0	0	0	0	0	0	0	0	0	0	0	0	0	0	0	0	0	0	0	0	0	0	0	0	0	0	0	0	0	0	0	0	0	0	0	0	0	0	0	0	0	0	0	0	0	0	0	0	0	0	0	0	0	62	103	62
0	0	0	0	0	0	0	0	0	0	0	0	0	0	0	0	0	0	0	0	0	0	0	0	0	0	0	0	0	0	0	0	0	0	0	0	0	0	0	0	0	0	0	0	0	0	0	0	0	0	0	0	0	0	0	0	0	0	0	0	0	0	0	0	0	0	0	0	0	0	0	0	0	0	0	0	0	0	0	0	0	0	0	0	0	0	0	0	0	0	0	0	0	0	0	0	0	0	0	0	0	0	0	0	0	0	0	0	0	0	0	0	0	0	0	0	0	0	0	0	0	0	0	0	0	0	61	188
0	0	0	0	0	0	0	0	0	0	0	0	0	0	0	0	0	0	0	0	0	0	0	0	0	0	0	0	0	0	0	0	0	0	0	0	0	0	0	0	0	0	0	0	0	0	0	0	0	0	0	0	0	0	0	0	0	0	0	0	0	0	0	0	0	0	0	0	0	0	0	0	0	0	0	0	0	0	0	0	0	0	0	0	0	0	0	0	0	0	0	0	0	0	0	0	0	0	0	0	0	0	0	0	0	0	0	0	0	0	0	0	0	0	0	0	0	0	0	0	0	0	0	0	0	0	0	83
0	0	0	0	0	0	0	0	0	0	0	0	0	0	0	0	0	0	0	0	0	0	0	0	0	0	0	0	0	0	0	0	0	0	0	0	0	0	0	0	0	0	0	0	0	0	0	0	0	0	0	0	0	0	0	0	0	0	0	0	0	0	0	0	0	0	0	0	0	0	0	0	0	0	0	0	0	0	0	0	0	0	0	0	0	0	0	0	0	0	0	0	0	0	0	0	0	0	0	0	0	0	0	0	0	0	0	0	0	0	0	0	0	0	0	0	0	0	0	0	0	0	0	0	0	0	0	0