0	51	9	102	97	64	95	44	56	62	19	29	7	116	31	53	75	49	122	27	105	34	15	19	126	31	105	110	93	68	38	65	29	17	44	53	86	16	6	19	61	66	105	119	60	103	81	14	9	108	22	8	36	4	71	14	7	107	22	75	91	79	114	8	100	31	10	78	80	87	86	20	112	6	82	10	80	51	8	38	29	13	40	31	108	121	9	46	58	105	40	21	121	16	53	79	44	102	87	51	60	76	86	42	110	47	72	103	126	59	110	42	10	42	101	125	102	65	89	28	112	55	112	112	10	5	4	105
0	0	91	101	69	30	120	60	33	24	23	48	29	22	31	46	9	69	59	105	129	93	45	59	64	94	36	47	54	47	23	2	57	55	3	54	96	104	50	41	47	81	99	117	2	101	29	61	88	15	61	11	102	86	35	104	84	98	37	5	32	128	38	107	127	34	27	45	78	16	127	73	108	130	51	40	96	11	102	26	127	91	5	29	46	12	50	47	117	11	13	55	25	47	54	64	96	65	8	98	44	101	3	22	19	116	106	106	111	73	68	116	86	112	8	69	125	65	94	34	68	64	113	71	111	14	107	113
0	0	0	107	9	103	120	29	119	27	96	6	43	121	69	31	9	75	81	15	57	51	25	102	119	44	92	128	56	127	38	8	65	48	120	49	123	106	4	116	47	102	69	15	126	42	119	78	63	20	24	51	39	113	84	41	84	115	4	3	28	13	57	17	123	21	43	120	10	43	111	20	113	110	103	38	4	107	124	87	99	87	34	96	22	100	22	69	61	94	10	41	34	110	65	109	16	88	79	20	123	4	114	19	62	73	4	127	63	120	26	36	111	95	33	36	117	51	80	108	48	19	22	77	107	49	52	64
0	0	0	0	57	98	93	89	44	72	46	6	99	16	73	27	53	59	83	80	80	32	54	94	88	56	74	125	102	112	64	32	101	27	56	59	63	107	62	128	116	120	39	91	46	78	74	124	128	80	116	21	16	93	109	67	10	5	15	126	97	121	119	4	79	34	40	87	21	84	44	129	30	35	79	67	6	17	118	18	130	100	128	18	126	90	70	85	38	56	121	116	62	25	34	73	17	16	102	12	126	40	96	105	95	115	110	118	8	12	117	12	77	116	9	40	120	45	47	7	113	93	80	120	130	89	106	68
0	0	0	0	0	17	11	11	75	33	95	3	94	95	101	32	54	35	100	88	21	90	17	40	29	35	114	130	105	62	29	11	63	92	91	21	78	115	111	120	106	30	115	130	112	15	85	102	17	4	86	53	68	62	23	130	36	43	11	55	9	111	41	62	121	74	34	106	107	15	132	79	44	122	52	119	125	27	64	105	38	25	70	5	33	54	28	12	101	9	111	11	48	20	118	11	11	17	25	86	72	114	124	45	50	120	108	88	106	101	107	89	75	27	48	83	81	75	19	25	56	88	46	99	64	4	108	88
0	0	0	0	0	0	94	31	14	17	50	61	71	80	51	61	4	67	79	83	33	113	77	53	26	85	68	114	115	24	16	58	29	23	55	101	122	39	60	58	118	120	43	30	96	88	64	61	45	130	20	107	23	41	15	128	91	88	29	24	58	101	74	15	50	15	117	33	83	21	95	35	55	25	85	99	79	106	21	23	107	91	37	13	126	128	128	48	50	29	4	21	20	6	82	109	117	9	72	20	117	26	102	11	130	6	42	75	13	21	128	118	17	56	59	53	112	18	77	49	108	94	31	5	43	127	17	101
0	0	0	0	0	0	0	77	48	94	66	114	41	133	67	90	103	52	55	105	101	49	102	113	80	44	60	28	44	11	106	54	68	120	5	93	95	123	82	34	27	64	74	48	122	101	45	33	27	71	10	115	94	104	19	32	106	19	103	38	47	98	113	108	131	75	7	131	105	79	78	105	123	57	104	24	130	57	61	95	116	95	33	33	3	120	41	83	35	73	76	67	65	41	46	11	122	28	111	8	10	86	6	115	121	106	67	79	69	61	52	109	128	119	97	113	71	105	102	27	19	114	95	96	116	12	100	83
0	0	0	0	0	0	0	0	77	42	22	114	17	120	115	17	59	15	67	30	79	71	61	81	126	58	93	74	2	113	18	72	95	33	93	13	33	20	10	88	43	74	85	52	77	126	94	96	17	21	13	42	126	26	73	99	88	108	113	73	75	47	100	78	84	112	67	82	45	124	78	25	56	30	11	62	97	3	19	62	28	57	129	38	28	10	73	53	9	55	51	123	56	70	71	110	72	56	3	16	36	53	21	131	6	57	30	129	29	49	20	35	54	59	42	26	9	120	124	83	43	56	89	67	74	89	71	62
0	0	0	0	0	0	0	0	0	10	88	63	79	33	16	135	100	117	114	36	113	95	102	69	91	67	6	26	81	22	15	114	19	50	89	65	59	105	121	41	122	53	73	22	25	110	99	65	47	52	106	96	43	42	69	130	28	111	13	84	70	125	10	21	113	37	52	30	23	78	129	18	47	30	42	98	29	83	16	24	23	2	94	67	91	32	60	128	63	52	72	54	101	52	37	46	130	112	109	54	39	95	86	118	127	32	36	43	106	34	81	117	61	85	105	82	77	97	85	9	32	35	79	101	41	16	41	16
0	0	0	0	0	0	0	0	0	0	109	23	10	54	83	131	37	6	85	52	67	106	19	120	59	92	67	105	32	15	38	34	62	87	52	18	108	95	27	128	108	50	18	99	70	11	116	130	51	74	130	101	5	114	39	23	50	81	95	32	29	34	50	27	97	43	35	4	74	104	3	76	105	71	122	49	41	29	44	28	84	81	67	99	87	27	11	92	130	127	15	52	49	70	77	98	103	34	44	17	84	63	49	71	93	83	41	57	3	49	27	135	108	69	30	16	44	99	30	135	54	30	50	45	70	27	87	42
0	0	0	0	0	0	0	0	0	0	0	111	8	21	90	60	131	73	60	37	33	135	130	85	56	109	55	102	53	94	10	66	115	37	84	79	28	135	55	130	35	44	77	111	57	98	9	7	137	97	94	117	28	133	33	128	101	16	16	88	124	83	52	56	127	113	45	110	63	78	75	34	112	52	89	37	56	123	113	62	28	113	5	134	27	127	29	76	65	52	55	89	114	17	37	37	47	55	114	81	95	96	31	90	75	51	116	18	44	113	61	45	81	59	75	129	128	117	123	128	64	58	21	85	62	28	38	112
0	0	0	0	0	0	0	0	0	0	0	0	33	21	17	54	18	118	78	124	116	50	24	91	23	44	50	56	28	112	94	114	89	47	50	46	103	124	64	71	32	113	90	63	133	54	56	129	82	31	32	65	113	72	111	69	80	15	108	125	108	30	34	59	85	79	46	11	50	136	34	11	107	88	37	114	109	20	76	107	44	31	85	78	26	38	124	88	105	68	25	68	22	101	120	87	16	10	67	101	58	86	70	89	58	79	59	64	92	113	92	59	85	43	78	76	9	111	117	39	72	114	131	6	46	115	110	28
0	0	0	0	0	0	0	0	0	0	0	0	0	44	27	112	18	95	85	111	14	46	10	8	69	116	45	17	13	117	96	44	127	47	27	37	52	96	108	32	103	55	44	51	33	50	36	33	65	129	26	23	89	23	62	136	40	84	71	70	71	66	129	66	79	96	55	99	99	119	11	81	107	75	35	82	15	78	114	61	81	35	97	84	110	118	128	56	14	108	82	106	76	133	118	25	123	96	87	106	39	88	125	110	105	30	46	115	138	85	26	118	69	47	77	119	29	67	3	54	114	81	124	106	75	124	58	69
0	0	0	0	0	0	0	0	0	0	0	0	0	0	113	126	94	11	33	4	47	76	5	123	128	55	56	78	98	92	86	57	14	80	46	37	18	43	77	8	110	17	59	63	129	32	61	103	24	36	32	86	43	79	65	134	122	14	89	55	105	67	37	79	54	68	84	29	109	72	133	12	22	116	24	29	22	90	6	104	98	31	127	86	125	16	95	12	91	17	90	84	99	77	81	82	96	84	98	131	134	25	90	122	76	121	105	101	67	88	93	78	23	104	111	30	86	96	24	90	86	66	10	92	25	16	11	44
0	0	0	0	0	0	0	0	0	0	0	0	0	0	0	61	48	8	23	44	44	89	97	23	51	59	41	25	22	13	28	70	104	121	59	107	48	4	93	17	48	29	105	55	55	15	34	91	35	35	139	95	80	102	50	91	23	24	16	100	61	123	9	82	24	32	123	8	120	71	101	131	68	95	136	32	41	93	96	32	27	41	68	20	119	121	48	131	139	56	47	12	98	111	57	36	121	53	110	95	90	18	102	53	119	112	133	26	77	99	37	109	47	24	31	81	126	18	50	103	83	109	60	135	48	51	93	59
0	0	0	0	0	0	0	0	0	0	0	0	0	0	0	0	55	121	122	86	52	120	49	92	35	12	81	112	81	85	70	14	41	88	27	109	62	102	23	7	35	31	53	76	42	87	42	117	50	118	128	16	130	101	100	75	45	78	58	43	26	87	83	58	48	19	55	17	97	118	122	72	16	70	12	32	51	81	39	24	23	80	37	110	39	9	117	112	25	126	12	122	114	128	16	97	36	75	96	32	113	17	62	108	116	46	40	115	105	130	29	77	89	130	85	51	73	118	125	36	52	66	68	95	8	12	107	29
0	0	0	0	0	0	0	0	0	0	0	0	0	0	0	0	0	44	14	66	16	107	87	70	68	45	70	106	60	70	121	33	72	84	13	47	69	48	81	35	81	88	52	20	33	28	21	88	114	36	118	98	49	107	78	72	63	117	83	17	104	116	31	129	127	134	104	116	121	117	43	29	96	140	36	9	106	104	144	60	116	46	118	69	26	110	34	20	123	138	39	127	79	49	38	126	91	61	98	90	19	36	67	28	127	63	106	16	65	97	123	134	65	30	104	97	76	39	50	83	95	75	46	71	98	142	75	77
0	0	0	0	0	0	0	0	0	0	0	0	0	0	0	0	0	0	35	129	133	115	79	56	108	36	76	129	31	109	84	100	35	32	78	115	25	21	112	62	37	90	17	86	88	95	69	42	58	88	65	65	34	65	75	64	36	30	95	77	73	98	45	46	10	50	104	131	45	21	78	15	35	71	102	125	76	90	18	25	72	87	41	57	112	92	115	115	81	119	28	63	57	59	105	134	18	117	124	122	21	45	141	34	82	111	99	83	67	102	38	108	10	116	40	109	34	85	106	123	50	87	93	45	42	28	19	123
0	0	0	0	0	0	0	0	0	0	0	0	0	0	0	0	0	0	0	94	69	18	19	118	60	146	108	103	24	125	12	26	62	131	49	103	64	65	69	99	33	47	63	107	132	68	91	105	82	56	85	66	79	121	50	84	47	32	121	99	37	32	11	110	75	65	43	76	32	96	86	75	83	57	53	112	37	59	138	79	32	31	73	93	121	77	121	92	123	41	75	57	19	90	131	99	129	66	19	28	136	86	119	22	25	69	83	62	3	26	112	121	44	133	118	141	80	21	58	51	27	38	33	23	53	72	72	54
0	0	0	0	0	0	0	0	0	0	0	0	0	0	0	0	0	0	0	0	128	101	82	37	28	98	35	54	109	133	39	91	123	47	84	104	99	78	111	86	26	77	82	24	61	116	120	113	128	61	138	54	53	12	143	67	50	25	74	124	24	130	114	110	55	85	78	43	145	120	40	120	73	49	63	116	20	111	78	27	28	130	60	90	125	60	72	124	43	5	64	62	98	92	60	52	70	134	80	9	26	44	82	97	89	63	21	129	68	139	19	68	140	78	115	106	78	112	144	90	108	88	141	40	119	77	105	93
0	0	0	0	0	0	0	0	0	0	0	0	0	0	0	0	0	0	0	0	0	42	126	104	29	7	31	111	81	83	134	18	49	65	58	92	91	64	111	25	29	94	35	30	95	70	18	36	18	73	52	53	59	78	58	110	128	13	25	88	130	74	51	129	91	18	65	27	112	86	40	51	25	45	23	84	84	24	100	74	46	63	95	86	126	62	53	87	63	47	51	74	78	57	22	99	60	5	92	62	126	20	114	91	44	68	102	64	119	27	80	60	42	87	22	104	44	33	30	89	18	110	100	99	130	21	10	63
0	0	0	0	0	0	0	0	0	0	0	0	0	0	0	0	0	0	0	0	0	0	139	122	63	56	69	35	85	143	119	125	104	117	122	130	20	127	62	15	68	108	69	133	54	96	105	76	92	57	116	91	136	43	52	103	121	66	102	46	115	130	124	29	67	96	94	27	136	42	117	98	25	73	99	28	48	62	50	93	29	57	109	9	84	77	25	83	119	115	129	124	146	106	114	127	76	88	78	75	90	35	129	76	57	78	112	26	21	94	115	71	122	103	65	119	102	68	132	81	24	44	23	76	113	127	129	32
0	0	0	0	0	0	0	0	0	0	0	0	0	0	0	0	0	0	0	0	0	0	0	136	74	111	21	31	126	127	12	106	23	91	75	142	94	142	10	96	90	117	49	117	88	56	60	19	114	65	29	36	77	60	21	131	69	18	40	66	16	113	61	119	44	44	51	124	116	18	31	66	32	118	62	121	40	62	31	34	52	129	99	98	45	55	51	33	39	47	142	119	30	53	32	66	110	85	61	106	132	104	141	46	19	130	33	125	132	30	106	143	131	27	118	125	82	112	77	122	60	71	68	119	97	33	22	90
0	0	0	0	0	0	0	0	0	0	0	0	0	0	0	0	0	0	0	0	0	0	0	0	130	126	66	92	58	129	29	35	116	101	55	22	117	93	99	128	93	17	29	33	58	68	75	127	80	33	66	116	46	15	133	52	120	116	36	24	79	73	30	54	18	80	93	83	76	120	136	146	65	66	90	27	15	102	25	102	105	88	86	62	125	38	103	74	133	78	23	36	137	86	84	64	92	126	73	121	88	107	45	53	32	44	79	37	105	138	95	23	128	63	69	89	133	10	36	54	18	72	35	65	54	23	109	115
0	0	0	0	0	0	0	0	0	0	0	0	0	0	0	0	0	0	0	0	0	0	0	0	0	24	48	85	16	34	131	146	77	120	42	47	65	89	130	126	114	43	104	92	110	79	129	98	70	38	88	120	37	65	137	98	107	94	110	106	146	35	28	150	124	79	26	86	77	129	100	72	25	126	86	89	122	38	45	149	115	61	33	54	133	97	112	41	134	29	104	111	63	69	111	120	87	8	37	55	20	94	39	88	143	22	106	107	143	119	103	108	74	40	130	29	51	104	74	105	62	73	128	136	79	113	74	38
0	0	0	0	0	0	0	0	0	0	0	0	0	0	0	0	0	0	0	0	0	0	0	0	0	0	145	121	87	63	57	149	130	64	102	59	37	116	31	125	28	97	46	12	101	25	152	131	32	74	87	24	146	58	55	111	145	71	141	90	36	100	115	125	74	83	93	22	132	22	37	92	132	53	107	49	62	95	34	114	55	32	64	46	41	34	96	74	76	92	30	35	107	141	135	12	149	38	39	11	110	124	112	74	61	97	125	45	64	25	60	115	85	41	107	141	60	78	121	17	42	47	88	21	130	105	38	67
0	0	0	0	0	0	0	0	0	0	0	0	0	0	0	0	0	0	0	0	0	0	0	0	0	0	0	50	120	139	129	44	41	26	80	12	45	66	44	25	29	64	139	100	47	81	115	105	104	34	29	68	140	125	89	121	107	64	133	37	147	79	36	154	103	40	105	31	114	5	107	139	134	34	123	111	88	126	33	91	62	71	71	142	88	45	40	121	69	141	50	59	60	15	18	106	93	27	149	138	38	12	74	34	104	72	87	148	131	114	20	105	74	43	20	29	126	29	53	123	45	34	134	32	72	74	64	37
0	0	0	0	0	0	0	0	0	0	0	0	0	0	0	0	0	0	0	0	0	0	0	0	0	0	0	0	141	86	143	16	8	98	33	52	90	97	87	13	155	26	106	42	29	119	121	69	113	74	115	112	26	41	76	52	123	45	102	29	126	78	44	112	33	70	68	135	38	56	69	137	67	42	73	98	134	118	71	123	48	118	73	35	95	58	52	52	18	81	75	136	128	123	130	56	20	23	38	129	28	126	150	116	91	126	35	71	86	34	35	36	53	126	37	104	103	51	126	27	58	120	125	66	88	124	24	84
0	0	0	0	0	0	0	0	0	0	0	0	0	0	0	0	0	0	0	0	0	0	0	0	0	0	0	0	0	47	98	83	131	23	32	138	89	65	37	21	128	85	42	19	117	136	94	98	116	43	38	60	100	36	91	20	148	45	101	137	71	93	132	77	115	55	106	130	31	94	38	137	23	76	20	44	106	72	58	135	103	57	28	78	145	60	129	129	13	106	100	16	60	32	139	125	42	106	108	84	124	131	91	95	114	43	74	99	136	24	14	113	42	49	17	135	74	18	46	94	81	19	52	74	76	102	53	120
0	0	0	0	0	0	0	0	0	0	0	0	0	0	0	0	0	0	0	0	0	0	0	0	0	0	0	0	0	0	118	46	111	29	83	121	124	103	33	139	150	132	105	6	98	64	34	79	122	87	144	102	22	133	72	95	33	23	129	58	43	82	25	93	48	114	155	64	47	126	95	90	98	79	49	47	11	95	96	48	77	99	67	112	86	77	145	77	22	90	25	94	85	128	46	30	14	131	39	68	36	135	25	90	56	18	27	145	61	100	56	73	25	57	29	104	55	37	83	44	113	80	59	59	15	85	77	107
0	0	0	0	0	0	0	0	0	0	0	0	0	0	0	0	0	0	0	0	0	0	0	0	0	0	0	0	0	0	0	12	28	78	69	40	78	73	129	124	53	80	125	109	156	114	147	85	34	103	27	22	13	77	10	33	105	87	77	66	123	49	99	111	82	15	113	34	72	24	60	88	42	117	61	77	136	68	47	39	118	43	138	103	101	55	132	77	127	81	89	81	42	21	11	67	49	122	27	48	111	58	96	101	39	26	25	29	74	77	131	111	106	81	152	60	39	116	32	32	87	126	77	81	112	65	73	81
0	0	0	0	0	0	0	0	0	0	0	0	0	0	0	0	0	0	0	0	0	0	0	0	0	0	0	0	0	0	0	0	44	95	98	30	104	148	30	48	47	110	77	58	71	105	109	81	16	35	73	112	31	59	115	119	88	63	78	116	25	54	146	89	105	61	42	55	84	44	61	52	103	91	53	9	113	92	117	50	92	84	44	38	83	70	116	138	100	128	60	75	36	125	87	53	49	114	122	129	64	28	22	82	130	137	45	100	44	119	68	39	75	21	132	124	66	74	136	146	49	127	117	41	114	48	110	22
0	0	0	0	0	0	0	0	0	0	0	0	0	0	0	0	0	0	0	0	0	0	0	0	0	0	0	0	0	0	0	0	0	102	148	124	82	76	98	16	40	82	72	121	73	120	52	137	114	122	23	116	84	44	30	57	96	129	73	124	76	42	95	51	80	123	135	130	96	36	118	26	39	23	81	69	86	100	58	107	133	106	117	30	18	67	89	129	106	42	95	23	117	118	27	131	27	131	88	5	17	56	126	104	120	141	50	128	64	40	63	31	137	52	38	108	16	159	44	51	122	56	51	47	39	27	43	61
0	0	0	0	0	0	0	0	0	0	0	0	0	0	0	0	0	0	0	0	0	0	0	0	0	0	0	0	0	0	0	0	0	0	110	26	107	36	60	27	106	76	101	114	95	42	72	131	105	77	95	140	88	126	133	48	158	43	52	57	43	44	112	151	88	28	44	41	91	133	104	69	101	127	44	130	89	150	110	114	103	35	36	99	57	42	139	63	141	65	116	155	133	97	155	18	80	60	26	104	88	101	127	85	46	54	134	30	87	19	113	149	113	93	24	110	154	67	135	74	85	91	99	47	74	132	133	27
0	0	0	0	0	0	0	0	0	0	0	0	0	0	0	0	0	0	0	0	0	0	0	0	0	0	0	0	0	0	0	0	0	0	0	144	69	135	55	69	116	125	33	122	95	22	28	49	70	31	77	35	88	43	109	104	26	62	111	121	105	130	39	41	141	42	49	66	124	80	85	116	158	19	128	27	53	156	98	129	129	51	55	56	40	19	73	88	43	38	139	76	15	93	107	120	61	45	59	98	70	68	39	41	92	39	73	94	111	26	15	101	73	113	104	38	73	133	64	36	46	97	51	74	9	144	94	61
0	0	0	0	0	0	0	0	0	0	0	0	0	0	0	0	0	0	0	0	0	0	0	0	0	0	0	0	0	0	0	0	0	0	0	0	95	67	53	59	99	50	60	135	27	103	60	96	99	56	117	23	128	113	56	49	44	50	44	62	47	99	125	31	149	91	124	99	33	126	44	107	17	54	134	136	95	25	79	38	91	126	115	126	55	146	49	69	67	131	137	163	82	28	141	42	111	117	46	114	66	40	118	42	87	119	117	76	48	75	93	53	93	68	141	95	13	103	52	89	41	105	37	74	84	35	110	102
0	0	0	0	0	0	0	0	0	0	0	0	0	0	0	0	0	0	0	0	0	0	0	0	0	0	0	0	0	0	0	0	0	0	0	0	0	55	116	105	129	52	106	34	104	50	96	46	99	112	51	118	28	137	32	54	85	106	93	141	27	67	114	26	85	122	59	93	83	143	84	72	76	95	59	56	93	55	36	58	101	79	94	127	138	135	145	72	50	105	141	129	97	70	116	45	27	145	47	45	40	67	118	76	80	67	134	115	81	65	58	117	92	113	133	35	69	71	100	32	40	91	81	60	110	121	111	75
0	0	0	0	0	0	0	0	0	0	0	0	0	0	0	0	0	0	0	0	0	0	0	0	0	0	0	0	0	0	0	0	0	0	0	0	0	0	139	59	98	151	72	59	28	66	51	127	137	160	47	91	58	42	73	41	40	45	59	61	8	58	58	148	131	76	56	88	95	67	134	142	40	27	121	61	61	73	130	72	141	35	59	37	112	88	29	84	121	42	155	125	97	99	31	47	91	35	40	61	141	51	128	85	28	16	129	125	41	23	47	30	42	36	60	32	25	109	93	107	69	59	21	121	110	95	73	63
0	0	0	0	0	0	0	0	0	0	0	0	0	0	0	0	0	0	0	0	0	0	0	0	0	0	0	0	0	0	0	0	0	0	0	0	0	0	0	29	105	71	59	101	78	95	70	49	62	111	34	46	96	124	81	62	79	39	33	148	40	127	112	118	110	92	125	34	65	65	98	50	72	41	90	90	35	123	115	17	28	117	88	157	83	154	87	156	85	107	16	106	48	110	155	90	51	41	50	99	73	141	82	52	80	130	118	116	148	81	156	85	67	77	93	80	91	95	98	113	124	93	142	12	38	59	51	53
0	0	0	0	0	0	0	0	0	0	0	0	0	0	0	0	0	0	0	0	0	0	0	0	0	0	0	0	0	0	0	0	0	0	0	0	0	0	0	0	58	130	16	50	136	126	155	83	121	61	10	66	87	85	148	139	77	140	124	130	71	132	93	32	64	75	79	45	127	126	113	109	90	29	163	93	41	128	23	31	28	103	19	127	54	45	64	67	114	143	82	108	55	55	132	9	138	117	62	157	35	67	69	100	51	128	79	83	51	53	128	63	162	113	102	117	104	36	128	121	138	98	54	87	76	112	61	92
0	0	0	0	0	0	0	0	0	0	0	0	0	0	0	0	0	0	0	0	0	0	0	0	0	0	0	0	0	0	0	0	0	0	0	0	0	0	0	0	0	80	143	148	46	73	44	34	74	61	107	101	28	16	131	148	59	93	62	47	54	71	158	110	53	116	110	83	63	57	125	90	86	20	104	72	97	34	47	131	140	27	77	22	118	125	123	119	136	32	38	80	85	59	10	128	75	39	95	81	140	31	44	112	129	76	82	22	21	155	104	29	98	49	131	146	149	82	77	38	86	16	52	47	100	102	53	85
0	0	0	0	0	0	0	0	0	0	0	0	0	0	0	0	0	0	0	0	0	0	0	0	0	0	0	0	0	0	0	0	0	0	0	0	0	0	0	0	0	0	128	137	56	55	121	72	143	114	102	36	110	117	160	91	118	66	122	121	134	138	123	91	53	105	40	12	61	30	42	55	89	109	88	108	70	125	101	103	68	107	158	55	72	70	83	135	73	24	82	143	88	144	79	40	61	81	130	49	67	43	78	145	108	42	61	34	70	143	77	150	41	41	86	48	40	92	30	39	69	139	112	76	120	115	3	93
0	0	0	0	0	0	0	0	0	0	0	0	0	0	0	0	0	0	0	0	0	0	0	0	0	0	0	0	0	0	0	0	0	0	0	0	0	0	0	0	0	0	0	124	86	43	141	33	93	102	107	50	91	126	111	46	30	122	65	42	95	83	109	82	129	160	32	110	59	23	52	85	101	57	48	33	48	144	80	120	26	138	60	74	115	43	118	46	165	54	81	33	100	100	64	96	37	151	114	67	148	101	62	95	53	84	112	129	123	88	95	143	133	90	66	130	64	136	19	102	98	63	93	22	140	158	78	83
0	0	0	0	0	0	0	0	0	0	0	0	0	0	0	0	0	0	0	0	0	0	0	0	0	0	0	0	0	0	0	0	0	0	0	0	0	0	0	0	0	0	0	0	136	50	35	137	147	81	113	129	62	151	130	75	74	13	47	78	56	43	79	84	146	57	34	49	109	152	98	141	125	46	47	80	87	54	93	90	35	115	93	97	57	148	111	47	102	89	27	114	57	94	116	88	123	39	37	31	147	126	40	97	66	96	100	149	54	100	41	109	76	94	125	109	77	151	43	112	96	50	52	161	71	60	63	90
0	0	0	0	0	0	0	0	0	0	0	0	0	0	0	0	0	0	0	0	0	0	0	0	0	0	0	0	0	0	0	0	0	0	0	0	0	0	0	0	0	0	0	0	0	31	102	66	107	95	132	5	38	136	67	23	101	50	71	62	65	25	73	46	144	96	125	110	51	62	43	117	127	104	50	52	117	53	100	140	115	98	98	54	40	68	55	152	90	107	116	63	96	20	51	89	16	101	60	91	150	136	107	152	102	108	90	118	91	95	89	125	51	116	84	98	150	130	32	6	72	96	145	14	70	109	103	93
0	0	0	0	0	0	0	0	0	0	0	0	0	0	0	0	0	0	0	0	0	0	0	0	0	0	0	0	0	0	0	0	0	0	0	0	0	0	0	0	0	0	0	0	0	0	81	119	64	65	89	95	37	90	174	155	78	135	57	88	130	88	58	116	59	104	83	22	107	119	78	96	84	45	53	73	26	98	109	41	80	64	91	133	87	68	158	111	67	161	107	131	108	39	87	83	108	131	88	105	24	87	118	88	115	61	65	130	46	48	131	55	131	28	100	27	153	109	59	143	113	18	19	24	105	73	82	124
0	0	0	0	0	0	0	0	0	0	0	0	0	0	0	0	0	0	0	0	0	0	0	0	0	0	0	0	0	0	0	0	0	0	0	0	0	0	0	0	0	0	0	0	0	0	0	46	77	52	116	122	52	55	26	107	125	118	109	29	158	131	42	52	48	57	95	103	116	20	61	101	116	91	33	43	55	103	97	118	127	99	163	23	53	90	114	87	86	50	30	34	68	76	48	97	110	96	134	111	113	117	65	112	110	78	98	109	67	77	111	42	163	97	124	67	21	77	100	147	87	118	79	49	139	64	86	57
0	0	0	0	0	0	0	0	0	0	0	0	0	0	0	0	0	0	0	0	0	0	0	0	0	0	0	0	0	0	0	0	0	0	0	0	0	0	0	0	0	0	0	0	0	0	0	0	125	91	112	79	174	141	102	46	55	56	105	50	115	150	57	76	75	101	124	101	86	82	128	97	41	52	110	38	147	132	31	92	27	127	128	156	41	91	109	103	109	92	51	95	97	121	76	135	81	109	80	70	65	59	124	85	52	83	56	121	118	109	79	97	35	78	118	67	63	47	80	56	57	167	76	137	80	108	154	147
0	0	0	0	0	0	0	0	0	0	0	0	0	0	0	0	0	0	0	0	0	0	0	0	0	0	0	0	0	0	0	0	0	0	0	0	0	0	0	0	0	0	0	0	0	0	0	0	0	97	68	61	153	64	115	68	99	88	91	110	121	136	100	31	84	158	117	98	143	65	23	99	52	129	87	81	107	109	116	75	131	129	100	103	130	124	77	85	55	94	79	11	120	87	21	164	95	135	72	55	164	52	42	39	120	97	37	125	128	72	55	41	130	81	47	158	83	123	132	43	111	60	52	67	159	153	54	114
0	0	0	0	0	0	0	0	0	0	0	0	0	0	0	0	0	0	0	0	0	0	0	0	0	0	0	0	0	0	0	0	0	0	0	0	0	0	0	0	0	0	0	0	0	0	0	0	0	0	72	81	121	95	138	142	66	100	134	79	115	40	124	20	131	93	159	80	73	43	145	131	107	65	151	58	139	21	157	117	83	89	148	39	64	99	42	99	126	100	33	152	44	14	130	134	66	72	141	110	109	69	118	116	118	71	152	73	95	77	67	23	96	82	68	86	139	102	50	123	137	73	99	152	29	67	110	74
0	0	0	0	0	0	0	0	0	0	0	0	0	0	0	0	0	0	0	0	0	0	0	0	0	0	0	0	0	0	0	0	0	0	0	0	0	0	0	0	0	0	0	0	0	0	0	0	0	0	0	97	72	63	140	55	68	102	104	111	97	91	24	92	59	100	123	145	43	124	133	138	70	149	125	69	71	58	122	20	97	106	137	81	33	137	72	20	106	108	95	50	35	124	139	90	162	40	151	106	51	72	108	58	102	138	69	166	16	120	135	118	129	71	63	81	52	39	72	71	116	26	57	155	58	70	112	36
0	0	0	0	0	0	0	0	0	0	0	0	0	0	0	0	0	0	0	0	0	0	0	0	0	0	0	0	0	0	0	0	0	0	0	0	0	0	0	0	0	0	0	0	0	0	0	0	0	0	0	0	54	70	95	159	134	115	148	89	55	111	139	109	61	104	91	53	37	130	103	51	96	49	106	158	164	124	41	132	63	35	46	168	102	88	53	58	99	155	148	119	131	45	42	163	142	110	164	75	131	122	117	90	26	75	38	106	40	20	94	78	45	87	37	154	147	31	140	102	96	127	169	128	153	99	95	89
0	0	0	0	0	0	0	0	0	0	0	0	0	0	0	0	0	0	0	0	0	0	0	0	0	0	0	0	0	0	0	0	0	0	0	0	0	0	0	0	0	0	0	0	0	0	0	0	0	0	0	0	0	103	43	158	58	66	46	25	125	141	103	153	90	26	137	93	97	49	20	142	58	46	52	72	144	40	151	92	65	66	27	37	121	74	107	154	36	24	46	157	35	75	58	15	75	104	48	52	33	104	111	32	28	39	144	84	94	169	69	42	64	51	79	60	120	125	105	23	82	50	86	117	120	15	148	45
0	0	0	0	0	0	0	0	0	0	0	0	0	0	0	0	0	0	0	0	0	0	0	0	0	0	0	0	0	0	0	0	0	0	0	0	0	0	0	0	0	0	0	0	0	0	0	0	0	0	0	0	0	0	84	59	38	98	126	34	79	88	104	152	85	52	16	60	23	40	125	115	173	12	147	40	55	22	84	42	98	90	172	116	51	49	93	59	55	101	130	86	124	101	134	46	130	148	78	118	123	49	88	100	119	37	173	34	145	62	82	131	59	52	54	80	63	103	118	145	96	91	132	137	158	123	95	136
0	0	0	0	0	0	0	0	0	0	0	0	0	0	0	0	0	0	0	0	0	0	0	0	0	0	0	0	0	0	0	0	0	0	0	0	0	0	0	0	0	0	0	0	0	0	0	0	0	0	0	0	0	0	0	96	141	124	134	84	70	144	126	67	134	124	19	70	159	57	123	36	84	5	64	52	29	90	90	66	35	57	136	98	129	24	31	115	141	81	63	90	91	85	108	27	81	172	123	162	127	44	150	138	140	45	111	34	66	153	106	93	105	155	25	96	57	79	171	76	14	151	129	24	150	114	77	117
0	0	0	0	0	0	0	0	0	0	0	0	0	0	0	0	0	0	0	0	0	0	0	0	0	0	0	0	0	0	0	0	0	0	0	0	0	0	0	0	0	0	0	0	0	0	0	0	0	0	0	0	0	0	0	0	131	37	65	126	41	118	107	85	127	65	71	64	110	98	56	115	175	61	145	108	134	98	149	41	38	163	112	87	44	48	54	94	70	135	46	26	137	93	90	176	143	79	122	65	143	14	123	66	126	140	115	79	65	79	56	132	48	36	101	91	60	27	67	77	50	92	137	94	101	128	47	107
0	0	0	0	0	0	0	0	0	0	0	0	0	0	0	0	0	0	0	0	0	0	0	0	0	0	0	0	0	0	0	0	0	0	0	0	0	0	0	0	0	0	0	0	0	0	0	0	0	0	0	0	0	0	0	0	0	57	32	98	144	163	99	98	99	132	118	103	11	117	32	69	121	75	50	80	48	124	113	89	25	97	176	142	66	54	45	94	52	60	136	57	149	161	40	52	90	162	111	146	162	74	107	152	40	89	140	75	93	56	127	116	153	68	170	143	53	91	46	139	94	175	65	67	55	88	149	84
0	0	0	0	0	0	0	0	0	0	0	0	0	0	0	0	0	0	0	0	0	0	0	0	0	0	0	0	0	0	0	0	0	0	0	0	0	0	0	0	0	0	0	0	0	0	0	0	0	0	0	0	0	0	0	0	0	0	19	119	103	34	153	53	51	124	78	38	130	117	66	79	133	73	48	129	82	17	96	61	58	81	175	81	153	53	45	100	65	102	43	115	73	38	94	123	125	53	52	121	71	101	65	170	120	95	91	112	107	155	69	131	144	79	121	141	45	44	118	81	51	142	50	129	104	153	96	35
0	0	0	0	0	0	0	0	0	0	0	0	0	0	0	0	0	0	0	0	0	0	0	0	0	0	0	0	0	0	0	0	0	0	0	0	0	0	0	0	0	0	0	0	0	0	0	0	0	0	0	0	0	0	0	0	0	0	0	125	25	150	56	109	127	33	30	85	116	79	48	47	110	112	173	119	79	132	88	69	106	50	43	62	73	167	135	30	62	62	46	167	78	146	119	67	46	121	176	76	39	30	87	95	165	38	151	122	142	61	41	108	138	154	43	75	111	48	183	138	50	35	166	79	78	52	144	115
0	0	0	0	0	0	0	0	0	0	0	0	0	0	0	0	0	0	0	0	0	0	0	0	0	0	0	0	0	0	0	0	0	0	0	0	0	0	0	0	0	0	0	0	0	0	0	0	0	0	0	0	0	0	0	0	0	0	0	0	132	48	62	126	30	120	126	114	129	113	160	131	93	118	119	104	63	138	118	108	33	154	16	124	133	82	43	39	61	159	102	142	139	138	131	83	57	77	45	56	158	121	6	150	107	114	36	46	69	56	84	88	48	28	125	121	60	30	115	54	48	129	79	66	91	150	111	67
0	0	0	0	0	0	0	0	0	0	0	0	0	0	0	0	0	0	0	0	0	0	0	0	0	0	0	0	0	0	0	0	0	0	0	0	0	0	0	0	0	0	0	0	0	0	0	0	0	0	0	0	0	0	0	0	0	0	0	0	0	106	47	69	98	70	121	96	21	74	132	69	138	46	94	91	105	153	69	87	163	129	77	23	54	183	116	121	25	101	143	89	109	21	47	136	133	163	77	144	128	113	107	169	102	106	57	90	69	102	70	144	72	149	70	111	111	112	87	33	109	132	89	72	116	185	80	57
0	0	0	0	0	0	0	0	0	0	0	0	0	0	0	0	0	0	0	0	0	0	0	0	0	0	0	0	0	0	0	0	0	0	0	0	0	0	0	0	0	0	0	0	0	0	0	0	0	0	0	0	0	0	0	0	0	0	0	0	0	0	95	158	111	40	113	77	165	93	41	120	133	162	160	100	179	92	142	167	178	153	53	129	23	26	24	36	161	88	97	148	155	120	128	102	161	83	104	78	135	75	98	98	171	124	116	75	95	114	102	85	107	102	86	87	180	151	88	78	136	149	46	108	31	77	116	152
0	0	0	0	0	0	0	0	0	0	0	0	0	0	0	0	0	0	0	0	0	0	0	0	0	0	0	0	0	0	0	0	0	0	0	0	0	0	0	0	0	0	0	0	0	0	0	0	0	0	0	0	0	0	0	0	0	0	0	0	0	0	0	138	41	66	88	85	81	64	23	66	93	107	81	58	85	134	67	110	110	153	52	142	40	142	44	89	136	120	64	82	62	94	76	43	39	56	99	112	145	118	69	67	43	121	108	33	124	136	82	113	96	30	144	106	48	139	21	31	77	88	71	165	77	110	135	108
0	0	0	0	0	0	0	0	0	0	0	0	0	0	0	0	0	0	0	0	0	0	0	0	0	0	0	0	0	0	0	0	0	0	0	0	0	0	0	0	0	0	0	0	0	0	0	0	0	0	0	0	0	0	0	0	0	0	0	0	0	0	0	0	153	24	85	58	66	59	70	98	143	104	42	97	48	95	52	111	132	37	114	148	102	135	62	73	69	37	78	156	78	143	44	90	91	117	100	19	130	53	122	33	54	80	147	49	36	55	92	30	56	128	127	95	168	148	82	47	41	180	139	58	166	90	80	117
0	0	0	0	0	0	0	0	0	0	0	0	0	0	0	0	0	0	0	0	0	0	0	0	0	0	0	0	0	0	0	0	0	0	0	0	0	0	0	0	0	0	0	0	0	0	0	0	0	0	0	0	0	0	0	0	0	0	0	0	0	0	0	0	0	66	38	57	113	63	78	123	70	94	68	161	87	82	47	135	127	107	106	35	85	163	67	89	91	145	157	129	92	170	110	160	135	182	59	87	93	78	113	63	61	76	162	86	81	142	55	176	156	99	114	118	41	56	127	130	75	81	60	128	119	62	89	41
0	0	0	0	0	0	0	0	0	0	0	0	0	0	0	0	0	0	0	0	0	0	0	0	0	0	0	0	0	0	0	0	0	0	0	0	0	0	0	0	0	0	0	0	0	0	0	0	0	0	0	0	0	0	0	0	0	0	0	0	0	0	0	0	0	0	39	51	123	163	45	124	131	93	81	77	68	53	174	35	32	51	131	25	130	154	161	78	114	75	158	59	117	3	149	89	73	165	51	153	48	14	190	35	92	38	139	67	97	88	152	125	95	102	103	17	54	51	103	59	141	89	56	137	26	109	131	9
0	0	0	0	0	0	0	0	0	0	0	0	0	0	0	0	0	0	0	0	0	0	0	0	0	0	0	0	0	0	0	0	0	0	0	0	0	0	0	0	0	0	0	0	0	0	0	0	0	0	0	0	0	0	0	0	0	0	0	0	0	0	0	0	0	0	0	82	62	117	118	156	60	45	13	138	173	117	75	119	157	158	33	120	111	46	69	52	108	166	84	108	161	139	73	140	66	95	145	99	117	123	95	138	87	42	69	61	135	150	145	71	56	95	111	120	48	108	56	105	51	157	51	129	50	67	21	44
0	0	0	0	0	0	0	0	0	0	0	0	0	0	0	0	0	0	0	0	0	0	0	0	0	0	0	0	0	0	0	0	0	0	0	0	0	0	0	0	0	0	0	0	0	0	0	0	0	0	0	0	0	0	0	0	0	0	0	0	0	0	0	0	0	0	0	0	97	97	49	139	108	80	87	139	52	185	134	165	108	82	140	129	130	113	87	56	85	143	103	37	154	15	54	123	17	68	70	90	5	154	105	121	59	79	106	154	133	46	86	25	60	104	117	168	127	25	169	119	64	99	59	128	56	42	154	150
0	0	0	0	0	0	0	0	0	0	0	0	0	0	0	0	0	0	0	0	0	0	0	0	0	0	0	0	0	0	0	0	0	0	0	0	0	0	0	0	0	0	0	0	0	0	0	0	0	0	0	0	0	0	0	0	0	0	0	0	0	0	0	0	0	0	0	0	0	136	69	160	102	60	84	94	150	88	124	98	176	154	89	146	94	131	51	142	103	121	67	66	73	143	39	60	113	107	39	143	110	125	96	38	113	47	67	152	143	152	48	138	110	32	16	67	81	155	136	122	122	99	132	98	91	85	102	133
0	0	0	0	0	0	0	0	0	0	0	0	0	0	0	0	0	0	0	0	0	0	0	0	0	0	0	0	0	0	0	0	0	0	0	0	0	0	0	0	0	0	0	0	0	0	0	0	0	0	0	0	0	0	0	0	0	0	0	0	0	0	0	0	0	0	0	0	0	0	60	133	38	106	104	65	85	175	92	168	86	67	165	131	152	139	128	152	192	122	129	26	119	53	81	56	66	129	30	114	96	105	55	112	44	186	159	105	188	182	118	178	111	37	105	88	166	31	71	104	95	85	66	36	76	106	22	68
0	0	0	0	0	0	0	0	0	0	0	0	0	0	0	0	0	0	0	0	0	0	0	0	0	0	0	0	0	0	0	0	0	0	0	0	0	0	0	0	0	0	0	0	0	0	0	0	0	0	0	0	0	0	0	0	0	0	0	0	0	0	0	0	0	0	0	0	0	0	0	42	157	95	143	149	169	56	56	116	53	64	158	45	89	81	158	85	152	26	124	112	147	89	57	143	184	93	152	126	59	33	167	99	105	16	118	89	62	103	90	85	61	115	46	63	37	127	186	134	69	134	140	97	80	52	72	96
0	0	0	0	0	0	0	0	0	0	0	0	0	0	0	0	0	0	0	0	0	0	0	0	0	0	0	0	0	0	0	0	0	0	0	0	0	0	0	0	0	0	0	0	0	0	0	0	0	0	0	0	0	0	0	0	0	0	0	0	0	0	0	0	0	0	0	0	0	0	0	0	73	144	64	40	86	90	103	67	140	139	112	105	155	22	64	160	147	187	114	27	55	143	115	102	68	128	136	116	88	90	48	29	90	69	164	149	82	72	114	70	22	92	25	151	84	103	102	93	46	84	107	95	76	51	119	71
0	0	0	0	0	0	0	0	0	0	0	0	0	0	0	0	0	0	0	0	0	0	0	0	0	0	0	0	0	0	0	0	0	0	0	0	0	0	0	0	0	0	0	0	0	0	0	0	0	0	0	0	0	0	0	0	0	0	0	0	0	0	0	0	0	0	0	0	0	0	0	0	0	67	144	137	113	68	62	154	133	156	171	107	29	178	122	136	62	49	138	44	96	96	39	20	94	32	110	82	82	45	122	161	148	58	81	77	110	102	146	46	42	111	84	118	122	118	68	38	162	150	111	15	148	61	156	133
0	0	0	0	0	0	0	0	0	0	0	0	0	0	0	0	0	0	0	0	0	0	0	0	0	0	0	0	0	0	0	0	0	0	0	0	0	0	0	0	0	0	0	0	0	0	0	0	0	0	0	0	0	0	0	0	0	0	0	0	0	0	0	0	0	0	0	0	0	0	0	0	0	0	122	51	125	126	166	79	60	82	65	172	114	83	130	60	124	87	114	92	30	150	44	110	157	53	103	143	85	91	59	85	70	49	154	150	77	56	84	85	123	118	76	94	60	62	42	83	71	124	25	169	65	55	20	43
0	0	0	0	0	0	0	0	0	0	0	0	0	0	0	0	0	0	0	0	0	0	0	0	0	0	0	0	0	0	0	0	0	0	0	0	0	0	0	0	0	0	0	0	0	0	0	0	0	0	0	0	0	0	0	0	0	0	0	0	0	0	0	0	0	0	0	0	0	0	0	0	0	0	0	36	75	110	72	78	72	115	130	102	40	102	90	92	48	93	53	111	62	66	63	166	189	71	93	72	103	154	59	129	157	137	80	124	144	163	81	160	148	49	26	95	156	78	91	113	175	31	171	30	95	117	84	91
0	0	0	0	0	0	0	0	0	0	0	0	0	0	0	0	0	0	0	0	0	0	0	0	0	0	0	0	0	0	0	0	0	0	0	0	0	0	0	0	0	0	0	0	0	0	0	0	0	0	0	0	0	0	0	0	0	0	0	0	0	0	0	0	0	0	0	0	0	0	0	0	0	0	0	0	39	76	182	86	126	155	152	21	94	143	58	93	104	89	141	100	86	96	87	59	118	63	107	57	77	122	42	71	175	103	126	80	127	51	91	128	132	177	70	82	172	86	85	157	111	26	87	54	150	175	156	99
0	0	0	0	0	0	0	0	0	0	0	0	0	0	0	0	0	0	0	0	0	0	0	0	0	0	0	0	0	0	0	0	0	0	0	0	0	0	0	0	0	0	0	0	0	0	0	0	0	0	0	0	0	0	0	0	0	0	0	0	0	0	0	0	0	0	0	0	0	0	0	0	0	0	0	0	0	40	130	86	160	58	100	119	154	117	126	108	159	80	89	175	68	104	121	125	29	47	81	26	128	87	180	115	111	86	44	152	66	159	54	123	108	100	41	80	85	86	84	39	80	122	167	154	131	39	16	132
0	0	0	0	0	0	0	0	0	0	0	0	0	0	0	0	0	0	0	0	0	0	0	0	0	0	0	0	0	0	0	0	0	0	0	0	0	0	0	0	0	0	0	0	0	0	0	0	0	0	0	0	0	0	0	0	0	0	0	0	0	0	0	0	0	0	0	0	0	0	0	0	0	0	0	0	0	0	67	113	82	114	145	124	69	74	182	137	161	104	26	132	64	176	104	147	124	93	149	118	118	124	164	47	28	169	46	113	145	185	160	90	85	48	112	27	111	71	137	181	100	143	174	197	118	94	110	80
0	0	0	0	0	0	0	0	0	0	0	0	0	0	0	0	0	0	0	0	0	0	0	0	0	0	0	0	0	0	0	0	0	0	0	0	0	0	0	0	0	0	0	0	0	0	0	0	0	0	0	0	0	0	0	0	0	0	0	0	0	0	0	0	0	0	0	0	0	0	0	0	0	0	0	0	0	0	0	101	97	40	86	190	95	181	138	176	91	53	176	166	34	74	123	140	88	130	182	80	41	101	167	163	101	95	93	77	173	57	159	100	77	108	110	123	54	107	181	51	79	62	106	141	165	103	56	136
0	0	0	0	0	0	0	0	0	0	0	0	0	0	0	0	0	0	0	0	0	0	0	0	0	0	0	0	0	0	0	0	0	0	0	0	0	0	0	0	0	0	0	0	0	0	0	0	0	0	0	0	0	0	0	0	0	0	0	0	0	0	0	0	0	0	0	0	0	0	0	0	0	0	0	0	0	0	0	0	149	180	89	135	57	103	91	158	104	49	102	158	113	107	82	66	67	80	145	164	93	89	92	154	69	190	83	74	19	113	92	58	75	124	91	148	97	119	167	145	107	113	98	70	21	47	125	111
0	0	0	0	0	0	0	0	0	0	0	0	0	0	0	0	0	0	0	0	0	0	0	0	0	0	0	0	0	0	0	0	0	0	0	0	0	0	0	0	0	0	0	0	0	0	0	0	0	0	0	0	0	0	0	0	0	0	0	0	0	0	0	0	0	0	0	0	0	0	0	0	0	0	0	0	0	0	0	0	0	78	110	171	128	156	198	43	79	77	201	120	93	15	107	59	121	125	41	133	118	97	92	114	123	104	143	136	94	125	70	138	100	58	46	104	163	188	52	47	142	71	98	67	74	40	82	97
0	0	0	0	0	0	0	0	0	0	0	0	0	0	0	0	0	0	0	0	0	0	0	0	0	0	0	0	0	0	0	0	0	0	0	0	0	0	0	0	0	0	0	0	0	0	0	0	0	0	0	0	0	0	0	0	0	0	0	0	0	0	0	0	0	0	0	0	0	0	0	0	0	0	0	0	0	0	0	0	0	0	80	156	173	134	145	87	39	130	50	76	189	136	153	23	107	159	161	69	26	66	177	168	113	117	137	130	152	81	145	198	104	76	188	94	20	64	136	139	95	70	160	117	131	99	68	51
0	0	0	0	0	0	0	0	0	0	0	0	0	0	0	0	0	0	0	0	0	0	0	0	0	0	0	0	0	0	0	0	0	0	0	0	0	0	0	0	0	0	0	0	0	0	0	0	0	0	0	0	0	0	0	0	0	0	0	0	0	0	0	0	0	0	0	0	0	0	0	0	0	0	0	0	0	0	0	0	0	0	0	54	63	78	109	160	79	103	106	35	85	60	70	65	52	106	152	60	62	136	161	60	68	64	44	76	137	94	57	193	116	83	61	184	137	129	169	148	101	112	134	131	133	91	144	199
0	0	0	0	0	0	0	0	0	0	0	0	0	0	0	0	0	0	0	0	0	0	0	0	0	0	0	0	0	0	0	0	0	0	0	0	0	0	0	0	0	0	0	0	0	0	0	0	0	0	0	0	0	0	0	0	0	0	0	0	0	0	0	0	0	0	0	0	0	0	0	0	0	0	0	0	0	0	0	0	0	0	0	0	157	144	180	42	195	53	143	142	134	43	72	141	152	53	105	53	168	21	41	100	23	116	161	100	70	90	71	94	87	118	24	180	171	129	54	107	175	69	102	33	75	29	95	149
0	0	0	0	0	0	0	0	0	0	0	0	0	0	0	0	0	0	0	0	0	0	0	0	0	0	0	0	0	0	0	0	0	0	0	0	0	0	0	0	0	0	0	0	0	0	0	0	0	0	0	0	0	0	0	0	0	0	0	0	0	0	0	0	0	0	0	0	0	0	0	0	0	0	0	0	0	0	0	0	0	0	0	0	0	78	125	119	143	56	49	133	75	75	98	161	123	41	76	76	159	44	68	31	179	75	152	78	161	66	163	137	128	132	15	35	51	139	116	109	95	140	10	69	49	134	160	125
0	0	0	0	0	0	0	0	0	0	0	0	0	0	0	0	0	0	0	0	0	0	0	0	0	0	0	0	0	0	0	0	0	0	0	0	0	0	0	0	0	0	0	0	0	0	0	0	0	0	0	0	0	0	0	0	0	0	0	0	0	0	0	0	0	0	0	0	0	0	0	0	0	0	0	0	0	0	0	0	0	0	0	0	0	0	106	50	177	178	72	125	126	110	52	80	53	63	10	117	181	104	102	129	162	153	123	89	81	135	172	53	27	35	96	78	159	86	114	88	63	58	30	104	64	156	132	122
0	0	0	0	0	0	0	0	0	0	0	0	0	0	0	0	0	0	0	0	0	0	0	0	0	0	0	0	0	0	0	0	0	0	0	0	0	0	0	0	0	0	0	0	0	0	0	0	0	0	0	0	0	0	0	0	0	0	0	0	0	0	0	0	0	0	0	0	0	0	0	0	0	0	0	0	0	0	0	0	0	0	0	0	0	0	0	105	137	122	109	109	48	83	152	123	68	176	203	39	41	98	177	127	86	70	90	86	164	104	133	120	115	186	187	112	95	206	123	123	106	23	90	122	78	61	176	117
0	0	0	0	0	0	0	0	0	0	0	0	0	0	0	0	0	0	0	0	0	0	0	0	0	0	0	0	0	0	0	0	0	0	0	0	0	0	0	0	0	0	0	0	0	0	0	0	0	0	0	0	0	0	0	0	0	0	0	0	0	0	0	0	0	0	0	0	0	0	0	0	0	0	0	0	0	0	0	0	0	0	0	0	0	0	0	0	103	85	110	85	169	138	68	132	185	96	113	106	84	166	134	132	97	182	89	173	100	85	108	204	178	136	140	107	58	104	47	143	170	112	143	138	27	145	49	48
0	0	0	0	0	0	0	0	0	0	0	0	0	0	0	0	0	0	0	0	0	0	0	0	0	0	0	0	0	0	0	0	0	0	0	0	0	0	0	0	0	0	0	0	0	0	0	0	0	0	0	0	0	0	0	0	0	0	0	0	0	0	0	0	0	0	0	0	0	0	0	0	0	0	0	0	0	0	0	0	0	0	0	0	0	0	0	0	0	16	55	130	132	146	71	83	179	121	202	123	150	151	30	10	113	139	130	106	84	80	145	128	103	185	106	112	126	23	142	60	57	124	91	101	154	137	150	105
0	0	0	0	0	0	0	0	0	0	0	0	0	0	0	0	0	0	0	0	0	0	0	0	0	0	0	0	0	0	0	0	0	0	0	0	0	0	0	0	0	0	0	0	0	0	0	0	0	0	0	0	0	0	0	0	0	0	0	0	0	0	0	0	0	0	0	0	0	0	0	0	0	0	0	0	0	0	0	0	0	0	0	0	0	0	0	0	0	0	25	179	159	145	121	140	182	153	190	50	126	164	57	131	111	120	191	82	44	112	160	169	78	92	72	93	81	150	107	93	44	67	111	74	65	183	79	111
0	0	0	0	0	0	0	0	0	0	0	0	0	0	0	0	0	0	0	0	0	0	0	0	0	0	0	0	0	0	0	0	0	0	0	0	0	0	0	0	0	0	0	0	0	0	0	0	0	0	0	0	0	0	0	0	0	0	0	0	0	0	0	0	0	0	0	0	0	0	0	0	0	0	0	0	0	0	0	0	0	0	0	0	0	0	0	0	0	0	0	145	41	196	127	137	27	119	158	100	61	103	130	162	92	140	173	140	97	77	124	79	101	130	195	160	105	128	43	140	96	168	141	29	154	16	131	118
0	0	0	0	0	0	0	0	0	0	0	0	0	0	0	0	0	0	0	0	0	0	0	0	0	0	0	0	0	0	0	0	0	0	0	0	0	0	0	0	0	0	0	0	0	0	0	0	0	0	0	0	0	0	0	0	0	0	0	0	0	0	0	0	0	0	0	0	0	0	0	0	0	0	0	0	0	0	0	0	0	0	0	0	0	0	0	0	0	0	0	0	141	134	133	92	203	170	91	47	68	127	127	127	140	124	144	83	156	130	121	109	114	56	181	84	82	102	198	63	212	125	166	110	15	121	125	104
0	0	0	0	0	0	0	0	0	0	0	0	0	0	0	0	0	0	0	0	0	0	0	0	0	0	0	0	0	0	0	0	0	0	0	0	0	0	0	0	0	0	0	0	0	0	0	0	0	0	0	0	0	0	0	0	0	0	0	0	0	0	0	0	0	0	0	0	0	0	0	0	0	0	0	0	0	0	0	0	0	0	0	0	0	0	0	0	0	0	0	0	0	78	61	105	124	93	109	137	94	100	146	75	121	46	176	149	170	120	140	156	151	79	96	97	125	102	126	23	183	102	138	117	29	68	125	124
0	0	0	0	0	0	0	0	0	0	0	0	0	0	0	0	0	0	0	0	0	0	0	0	0	0	0	0	0	0	0	0	0	0	0	0	0	0	0	0	0	0	0	0	0	0	0	0	0	0	0	0	0	0	0	0	0	0	0	0	0	0	0	0	0	0	0	0	0	0	0	0	0	0	0	0	0	0	0	0	0	0	0	0	0	0	0	0	0	0	0	0	0	0	160	185	116	154	119	136	117	67	156	121	178	86	159	121	97	113	159	121	105	76	183	170	59	168	125	110	160	119	186	90	217	98	104	148
0	0	0	0	0	0	0	0	0	0	0	0	0	0	0	0	0	0	0	0	0	0	0	0	0	0	0	0	0	0	0	0	0	0	0	0	0	0	0	0	0	0	0	0	0	0	0	0	0	0	0	0	0	0	0	0	0	0	0	0	0	0	0	0	0	0	0	0	0	0	0	0	0	0	0	0	0	0	0	0	0	0	0	0	0	0	0	0	0	0	0	0	0	0	0	58	71	70	137	206	111	182	114	107	105	192	89	158	118	103	100	168	134	48	54	156	137	58	71	70	103	100	71	78	70	111	154	117
0	0	0	0	0	0	0	0	0	0	0	0	0	0	0	0	0	0	0	0	0	0	0	0	0	0	0	0	0	0	0	0	0	0	0	0	0	0	0	0	0	0	0	0	0	0	0	0	0	0	0	0	0	0	0	0	0	0	0	0	0	0	0	0	0	0	0	0	0	0	0	0	0	0	0	0	0	0	0	0	0	0	0	0	0	0	0	0	0	0	0	0	0	0	0	0	92	70	128	163	99	43	195	42	140	174	75	31	23	133	56	78	96	95	44	207	216	30	96	82	113	127	62	147	106	191	126	63
0	0	0	0	0	0	0	0	0	0	0	0	0	0	0	0	0	0	0	0	0	0	0	0	0	0	0	0	0	0	0	0	0	0	0	0	0	0	0	0	0	0	0	0	0	0	0	0	0	0	0	0	0	0	0	0	0	0	0	0	0	0	0	0	0	0	0	0	0	0	0	0	0	0	0	0	0	0	0	0	0	0	0	0	0	0	0	0	0	0	0	0	0	0	0	0	0	133	187	56	147	91	173	160	130	62	75	128	140	102	158	137	34	93	61	125	84	163	144	117	165	77	115	128	106	90	146	37
0	0	0	0	0	0	0	0	0	0	0	0	0	0	0	0	0	0	0	0	0	0	0	0	0	0	0	0	0	0	0	0	0	0	0	0	0	0	0	0	0	0	0	0	0	0	0	0	0	0	0	0	0	0	0	0	0	0	0	0	0	0	0	0	0	0	0	0	0	0	0	0	0	0	0	0	0	0	0	0	0	0	0	0	0	0	0	0	0	0	0	0	0	0	0	0	0	0	145	157	55	139	132	143	63	44	141	65	113	137	45	48	115	114	103	50	71	65	88	60	179	137	168	124	122	70	119	96
0	0	0	0	0	0	0	0	0	0	0	0	0	0	0	0	0	0	0	0	0	0	0	0	0	0	0	0	0	0	0	0	0	0	0	0	0	0	0	0	0	0	0	0	0	0	0	0	0	0	0	0	0	0	0	0	0	0	0	0	0	0	0	0	0	0	0	0	0	0	0	0	0	0	0	0	0	0	0	0	0	0	0	0	0	0	0	0	0	0	0	0	0	0	0	0	0	0	0	75	115	177	157	105	118	139	98	107	70	172	90	157	77	219	124	135	134	168	136	206	84	139	139	102	119	42	101	30
0	0	0	0	0	0	0	0	0	0	0	0	0	0	0	0	0	0	0	0	0	0	0	0	0	0	0	0	0	0	0	0	0	0	0	0	0	0	0	0	0	0	0	0	0	0	0	0	0	0	0	0	0	0	0	0	0	0	0	0	0	0	0	0	0	0	0	0	0	0	0	0	0	0	0	0	0	0	0	0	0	0	0	0	0	0	0	0	0	0	0	0	0	0	0	0	0	0	0	0	126	90	154	110	173	130	210	89	163	57	130	13	142	77	128	58	126	106	100	151	81	121	125	129	2	126	56	121
0	0	0	0	0	0	0	0	0	0	0	0	0	0	0	0	0	0	0	0	0	0	0	0	0	0	0	0	0	0	0	0	0	0	0	0	0	0	0	0	0	0	0	0	0	0	0	0	0	0	0	0	0	0	0	0	0	0	0	0	0	0	0	0	0	0	0	0	0	0	0	0	0	0	0	0	0	0	0	0	0	0	0	0	0	0	0	0	0	0	0	0	0	0	0	0	0	0	0	0	0	189	135	86	85	72	170	130	66	149	166	136	205	65	29	75	17	85	79	53	109	42	38	42	127	135	82	192
0	0	0	0	0	0	0	0	0	0	0	0	0	0	0	0	0	0	0	0	0	0	0	0	0	0	0	0	0	0	0	0	0	0	0	0	0	0	0	0	0	0	0	0	0	0	0	0	0	0	0	0	0	0	0	0	0	0	0	0	0	0	0	0	0	0	0	0	0	0	0	0	0	0	0	0	0	0	0	0	0	0	0	0	0	0	0	0	0	0	0	0	0	0	0	0	0	0	0	0	0	0	97	57	189	215	144	161	158	71	112	65	175	24	81	179	72	40	183	195	90	123	91	162	40	111	103	71
0	0	0	0	0	0	0	0	0	0	0	0	0	0	0	0	0	0	0	0	0	0	0	0	0	0	0	0	0	0	0	0	0	0	0	0	0	0	0	0	0	0	0	0	0	0	0	0	0	0	0	0	0	0	0	0	0	0	0	0	0	0	0	0	0	0	0	0	0	0	0	0	0	0	0	0	0	0	0	0	0	0	0	0	0	0	0	0	0	0	0	0	0	0	0	0	0	0	0	0	0	0	0	111	175	130	103	37	149	159	105	72	42	135	94	142	162	116	124	75	173	102	136	136	128	227	204	138
0	0	0	0	0	0	0	0	0	0	0	0	0	0	0	0	0	0	0	0	0	0	0	0	0	0	0	0	0	0	0	0	0	0	0	0	0	0	0	0	0	0	0	0	0	0	0	0	0	0	0	0	0	0	0	0	0	0	0	0	0	0	0	0	0	0	0	0	0	0	0	0	0	0	0	0	0	0	0	0	0	0	0	0	0	0	0	0	0	0	0	0	0	0	0	0	0	0	0	0	0	0	0	0	93	99	115	109	125	142	104	181	150	144	141	143	71	96	168	113	145	54	144	77	161	171	104	111
0	0	0	0	0	0	0	0	0	0	0	0	0	0	0	0	0	0	0	0	0	0	0	0	0	0	0	0	0	0	0	0	0	0	0	0	0	0	0	0	0	0	0	0	0	0	0	0	0	0	0	0	0	0	0	0	0	0	0	0	0	0	0	0	0	0	0	0	0	0	0	0	0	0	0	0	0	0	0	0	0	0	0	0	0	0	0	0	0	0	0	0	0	0	0	0	0	0	0	0	0	0	0	0	0	145	116	42	49	88	135	173	70	97	78	178	85	150	167	85	195	185	162	66	104	79	126	100
0	0	0	0	0	0	0	0	0	0	0	0	0	0	0	0	0	0	0	0	0	0	0	0	0	0	0	0	0	0	0	0	0	0	0	0	0	0	0	0	0	0	0	0	0	0	0	0	0	0	0	0	0	0	0	0	0	0	0	0	0	0	0	0	0	0	0	0	0	0	0	0	0	0	0	0	0	0	0	0	0	0	0	0	0	0	0	0	0	0	0	0	0	0	0	0	0	0	0	0	0	0	0	0	0	0	54	192	220	137	164	89	80	56	109	193	67	62	89	141	74	111	174	107	123	167	158	206
0	0	0	0	0	0	0	0	0	0	0	0	0	0	0	0	0	0	0	0	0	0	0	0	0	0	0	0	0	0	0	0	0	0	0	0	0	0	0	0	0	0	0	0	0	0	0	0	0	0	0	0	0	0	0	0	0	0	0	0	0	0	0	0	0	0	0	0	0	0	0	0	0	0	0	0	0	0	0	0	0	0	0	0	0	0	0	0	0	0	0	0	0	0	0	0	0	0	0	0	0	0	0	0	0	0	0	95	32	117	68	116	61	71	229	24	77	132	124	6	88	62	128	185	89	80	180	92
0	0	0	0	0	0	0	0	0	0	0	0	0	0	0	0	0	0	0	0	0	0	0	0	0	0	0	0	0	0	0	0	0	0	0	0	0	0	0	0	0	0	0	0	0	0	0	0	0	0	0	0	0	0	0	0	0	0	0	0	0	0	0	0	0	0	0	0	0	0	0	0	0	0	0	0	0	0	0	0	0	0	0	0	0	0	0	0	0	0	0	0	0	0	0	0	0	0	0	0	0	0	0	0	0	0	0	0	105	99	110	117	167	47	81	164	57	215	68	155	152	47	116	60	101	75	19	132
0	0	0	0	0	0	0	0	0	0	0	0	0	0	0	0	0	0	0	0	0	0	0	0	0	0	0	0	0	0	0	0	0	0	0	0	0	0	0	0	0	0	0	0	0	0	0	0	0	0	0	0	0	0	0	0	0	0	0	0	0	0	0	0	0	0	0	0	0	0	0	0	0	0	0	0	0	0	0	0	0	0	0	0	0	0	0	0	0	0	0	0	0	0	0	0	0	0	0	0	0	0	0	0	0	0	0	0	0	84	159	61	163	68	118	74	174	143	167	139	156	189	161	204	99	71	115	116
0	0	0	0	0	0	0	0	0	0	0	0	0	0	0	0	0	0	0	0	0	0	0	0	0	0	0	0	0	0	0	0	0	0	0	0	0	0	0	0	0	0	0	0	0	0	0	0	0	0	0	0	0	0	0	0	0	0	0	0	0	0	0	0	0	0	0	0	0	0	0	0	0	0	0	0	0	0	0	0	0	0	0	0	0	0	0	0	0	0	0	0	0	0	0	0	0	0	0	0	0	0	0	0	0	0	0	0	0	0	114	92	139	127	59	193	187	230	130	200	167	133	63	63	128	118	59	131
0	0	0	0	0	0	0	0	0	0	0	0	0	0	0	0	0	0	0	0	0	0	0	0	0	0	0	0	0	0	0	0	0	0	0	0	0	0	0	0	0	0	0	0	0	0	0	0	0	0	0	0	0	0	0	0	0	0	0	0	0	0	0	0	0	0	0	0	0	0	0	0	0	0	0	0	0	0	0	0	0	0	0	0	0	0	0	0	0	0	0	0	0	0	0	0	0	0	0	0	0	0	0	0	0	0	0	0	0	0	0	126	189	112	102	70	89	120	27	132	102	154	167	128	157	197	111	178
0	0	0	0	0	0	0	0	0	0	0	0	0	0	0	0	0	0	0	0	0	0	0	0	0	0	0	0	0	0	0	0	0	0	0	0	0	0	0	0	0	0	0	0	0	0	0	0	0	0	0	0	0	0	0	0	0	0	0	0	0	0	0	0	0	0	0	0	0	0	0	0	0	0	0	0	0	0	0	0	0	0	0	0	0	0	0	0	0	0	0	0	0	0	0	0	0	0	0	0	0	0	0	0	0	0	0	0	0	0	0	0	189	52	105	151	133	138	79	226	76	85	119	124	79	98	146	181
0	0	0	0	0	0	0	0	0	0	0	0	0	0	0	0	0	0	0	0	0	0	0	0	0	0	0	0	0	0	0	0	0	0	0	0	0	0	0	0	0	0	0	0	0	0	0	0	0	0	0	0	0	0	0	0	0	0	0	0	0	0	0	0	0	0	0	0	0	0	0	0	0	0	0	0	0	0	0	0	0	0	0	0	0	0	0	0	0	0	0	0	0	0	0	0	0	0	0	0	0	0	0	0	0	0	0	0	0	0	0	0	0	127	69	152	83	94	90	163	54	68	82	89	156	35	102	115
0	0	0	0	0	0	0	0	0	0	0	0	0	0	0	0	0	0	0	0	0	0	0	0	0	0	0	0	0	0	0	0	0	0	0	0	0	0	0	0	0	0	0	0	0	0	0	0	0	0	0	0	0	0	0	0	0	0	0	0	0	0	0	0	0	0	0	0	0	0	0	0	0	0	0	0	0	0	0	0	0	0	0	0	0	0	0	0	0	0	0	0	0	0	0	0	0	0	0	0	0	0	0	0	0	0	0	0	0	0	0	0	0	0	97	115	44	185	51	205	125	169	156	158	32	166	51	160
0	0	0	0	0	0	0	0	0	0	0	0	0	0	0	0	0	0	0	0	0	0	0	0	0	0	0	0	0	0	0	0	0	0	0	0	0	0	0	0	0	0	0	0	0	0	0	0	0	0	0	0	0	0	0	0	0	0	0	0	0	0	0	0	0	0	0	0	0	0	0	0	0	0	0	0	0	0	0	0	0	0	0	0	0	0	0	0	0	0	0	0	0	0	0	0	0	0	0	0	0	0	0	0	0	0	0	0	0	0	0	0	0	0	0	163	132	156	90	182	153	93	130	98	241	75	149	114
0	0	0	0	0	0	0	0	0	0	0	0	0	0	0	0	0	0	0	0	0	0	0	0	0	0	0	0	0	0	0	0	0	0	0	0	0	0	0	0	0	0	0	0	0	0	0	0	0	0	0	0	0	0	0	0	0	0	0	0	0	0	0	0	0	0	0	0	0	0	0	0	0	0	0	0	0	0	0	0	0	0	0	0	0	0	0	0	0	0	0	0	0	0	0	0	0	0	0	0	0	0	0	0	0	0	0	0	0	0	0	0	0	0	0	0	172	64	146	83	128	88	126	87	115	163	52	138
0	0	0	0	0	0	0	0	0	0	0	0	0	0	0	0	0	0	0	0	0	0	0	0	0	0	0	0	0	0	0	0	0	0	0	0	0	0	0	0	0	0	0	0	0	0	0	0	0	0	0	0	0	0	0	0	0	0	0	0	0	0	0	0	0	0	0	0	0	0	0	0	0	0	0	0	0	0	0	0	0	0	0	0	0	0	0	0	0	0	0	0	0	0	0	0	0	0	0	0	0	0	0	0	0	0	0	0	0	0	0	0	0	0	0	0	0	107	142	79	30	82	189	162	209	168	141	106
0	0	0	0	0	0	0	0	0	0	0	0	0	0	0	0	0	0	0	0	0	0	0	0	0	0	0	0	0	0	0	0	0	0	0	0	0	0	0	0	0	0	0	0	0	0	0	0	0	0	0	0	0	0	0	0	0	0	0	0	0	0	0	0	0	0	0	0	0	0	0	0	0	0	0	0	0	0	0	0	0	0	0	0	0	0	0	0	0	0	0	0	0	0	0	0	0	0	0	0	0	0	0	0	0	0	0	0	0	0	0	0	0	0	0	0	0	0	147	166	101	47	111	106	90	202	242	111
0	0	0	0	0	0	0	0	0	0	0	0	0	0	0	0	0	0	0	0	0	0	0	0	0	0	0	0	0	0	0	0	0	0	0	0	0	0	0	0	0	0	0	0	0	0	0	0	0	0	0	0	0	0	0	0	0	0	0	0	0	0	0	0	0	0	0	0	0	0	0	0	0	0	0	0	0	0	0	0	0	0	0	0	0	0	0	0	0	0	0	0	0	0	0	0	0	0	0	0	0	0	0	0	0	0	0	0	0	0	0	0	0	0	0	0	0	0	0	135	67	139	121	82	161	205	134	124
0	0	0	0	0	0	0	0	0	0	0	0	0	0	0	0	0	0	0	0	0	0	0	0	0	0	0	0	0	0	0	0	0	0	0	0	0	0	0	0	0	0	0	0	0	0	0	0	0	0	0	0	0	0	0	0	0	0	0	0	0	0	0	0	0	0	0	0	0	0	0	0	0	0	0	0	0	0	0	0	0	0	0	0	0	0	0	0	0	0	0	0	0	0	0	0	0	0	0	0	0	0	0	0	0	0	0	0	0	0	0	0	0	0	0	0	0	0	0	0	124	27	130	151	150	179	159	193
0	0	0	0	0	0	0	0	0	0	0	0	0	0	0	0	0	0	0	0	0	0	0	0	0	0	0	0	0	0	0	0	0	0	0	0	0	0	0	0	0	0	0	0	0	0	0	0	0	0	0	0	0	0	0	0	0	0	0	0	0	0	0	0	0	0	0	0	0	0	0	0	0	0	0	0	0	0	0	0	0	0	0	0	0	0	0	0	0	0	0	0	0	0	0	0	0	0	0	0	0	0	0	0	0	0	0	0	0	0	0	0	0	0	0	0	0	0	0	0	0	71	69	161	42	99	220	216
0	0	0	0	0	0	0	0	0	0	0	0	0	0	0	0	0	0	0	0	0	0	0	0	0	0	0	0	0	0	0	0	0	0	0	0	0	0	0	0	0	0	0	0	0	0	0	0	0	0	0	0	0	0	0	0	0	0	0	0	0	0	0	0	0	0	0	0	0	0	0	0	0	0	0	0	0	0	0	0	0	0	0	0	0	0	0	0	0	0	0	0	0	0	0	0	0	0	0	0	0	0	0	0	0	0	0	0	0	0	0	0	0	0	0	0	0	0	0	0	0	0	157	177	95	81	115	95
0	0	0	0	0	0	0	0	0	0	0	0	0	0	0	0	0	0	0	0	0	0	0	0	0	0	0	0	0	0	0	0	0	0	0	0	0	0	0	0	0	0	0	0	0	0	0	0	0	0	0	0	0	0	0	0	0	0	0	0	0	0	0	0	0	0	0	0	0	0	0	0	0	0	0	0	0	0	0	0	0	0	0	0	0	0	0	0	0	0	0	0	0	0	0	0	0	0	0	0	0	0	0	0	0	0	0	0	0	0	0	0	0	0	0	0	0	0	0	0	0	0	0	66	220	135	40	209
0	0	0	0	0	0	0	0	0	0	0	0	0	0	0	0	0	0	0	0	0	0	0	0	0	0	0	0	0	0	0	0	0	0	0	0	0	0	0	0	0	0	0	0	0	0	0	0	0	0	0	0	0	0	0	0	0	0	0	0	0	0	0	0	0	0	0	0	0	0	0	0	0	0	0	0	0	0	0	0	0	0	0	0	0	0	0	0	0	0	0	0	0	0	0	0	0	0	0	0	0	0	0	0	0	0	0	0	0	0	0	0	0	0	0	0	0	0	0	0	0	0	0	0	140	50	140	220
0	0	0	0	0	0	0	0	0	0	0	0	0	0	0	0	0	0	0	0	0	0	0	0	0	0	0	0	0	0	0	0	0	0	0	0	0	0	0	0	0	0	0	0	0	0	0	0	0	0	0	0	0	0	0	0	0	0	0	0	0	0	0	0	0	0	0	0	0	0	0	0	0	0	0	0	0	0	0	0	0	0	0	0	0	0	0	0	0	0	0	0	0	0	0	0	0	0	0	0	0	0	0	0	0	0	0	0	0	0	0	0	0	0	0	0	0	0	0	0	0	0	0	0	0	113	67	132
0	0	0	0	0	0	0	0	0	0	0	0	0	0	0	0	0	0	0	0	0	0	0	0	0	0	0	0	0	0	0	0	0	0	0	0	0	0	0	0	0	0	0	0	0	0	0	0	0	0	0	0	0	0	0	0	0	0	0	0	0	0	0	0	0	0	0	0	0	0	0	0	0	0	0	0	0	0	0	0	0	0	0	0	0	0	0	0	0	0	0	0	0	0	0	0	0	0	0	0	0	0	0	0	0	0	0	0	0	0	0	0	0	0	0	0	0	0	0	0	0	0	0	0	0	0	97	68
0	0	0	0	0	0	0	0	0	0	0	0	0	0	0	0	0	0	0	0	0	0	0	0	0	0	0	0	0	0	0	0	0	0	0	0	0	0	0	0	0	0	0	0	0	0	0	0	0	0	0	0	0	0	0	0	0	0	0	0	0	0	0	0	0	0	0	0	0	0	0	0	0	0	0	0	0	0	0	0	0	0	0	0	0	0	0	0	0	0	0	0	0	0	0	0	0	0	0	0	0	0	0	0	0	0	0	0	0	0	0	0	0	0	0	0	0	0	0	0	0	0	0	0	0	0	0	159
0	0	0	0	0	0	0	0	0	0	0	0	0	0	0	0	0	0	0	0	0	0	0	0	0	0	0	0	0	0	0	0	0	0	0	0	0	0	0	0	0	0	0	0	0	0	0	0	0	0	0	0	0	0	0	0	0	0	0	0	0	0	0	0	0	0	0	0	0	0	0	0	0	0	0	0	0	0	0	0	0	0	0	0	0	0	0	0	0	0	0	0	0	0	0	0	0	0	0	0	0	0	0	0	0	0	0	0	0	0	0	0	0	0	0	0	0	0	0	0	0	0	0	0	0	0	0	0