0	93	123	53	18	76	90	47	70	117	86	95	110	65	121	65	65	59	84	89	94	50	129	10	69	45	63	21	104	56	108	55	48	106	102	22	99	37	109	89	102	6	91	29	123	86	40	104	10	91	80	102	54	63	16	34	46	89	100	86	63	26	62	110	121	48	89	96	69	95	116	24	119	93	79	36	98	99	12	45	119	69	59	25	43	53	124	26	122	128	50	4	53	12	41	43	99	71	17	74	68	78	107	64	71	92	74	98	126	43	96	125	126	59	16	15	12	100	19	112	37	104	23	77	69	5	124	57
0	0	70	63	14	76	5	92	97	68	51	42	96	34	11	31	92	58	32	67	71	53	36	107	50	55	83	90	49	3	26	127	114	72	36	73	59	79	67	55	113	19	85	7	40	50	107	6	92	40	89	115	68	91	105	39	104	88	76	88	104	127	82	50	113	78	50	52	65	99	114	19	6	64	101	7	18	57	15	15	103	81	19	121	46	125	15	37	123	121	78	93	97	74	119	121	72	100	65	68	52	106	42	58	109	108	61	46	12	18	22	89	8	130	43	3	21	3	96	79	74	117	118	96	20	61	6	129
0	0	0	42	50	68	85	68	68	56	48	20	81	22	114	31	100	36	15	44	116	70	18	83	80	108	49	4	126	66	87	6	19	27	71	33	121	110	87	120	50	107	109	58	109	123	25	57	18	92	76	24	58	84	124	52	72	23	86	10	115	18	126	82	112	110	86	52	40	73	22	104	63	45	87	41	74	116	5	38	43	73	17	76	131	93	80	82	93	34	69	120	77	61	9	45	73	107	105	44	49	107	68	87	56	122	3	117	27	59	125	29	77	37	131	21	84	81	76	101	70	54	101	114	57	56	84	111
0	0	0	0	14	21	115	110	25	9	111	77	91	35	125	19	102	54	120	67	7	112	77	86	73	33	98	96	86	58	123	109	48	123	65	61	77	99	5	85	88	13	64	114	120	72	93	12	123	35	71	90	53	16	111	125	22	31	64	45	66	106	94	7	89	67	70	13	130	33	95	96	120	22	71	13	59	44	131	58	58	97	116	36	107	13	94	11	27	113	104	10	129	105	78	55	70	37	106	22	108	79	92	122	20	118	110	59	88	83	110	65	35	71	127	54	83	86	9	20	76	10	84	84	114	35	90	26
0	0	0	0	0	111	126	77	92	6	100	15	9	16	66	124	24	130	33	3	34	36	60	5	82	95	132	31	65	108	16	16	123	32	96	76	29	88	96	88	2	79	80	105	20	5	97	61	38	45	58	53	74	63	11	92	23	52	44	86	130	73	54	102	70	89	23	128	61	88	124	114	121	130	47	47	28	18	107	45	102	91	110	62	51	102	70	87	30	124	120	118	118	99	36	114	32	40	26	115	25	49	31	38	14	96	13	34	119	86	76	78	92	39	82	116	31	60	33	77	65	82	80	34	34	69	106	44
0	0	0	0	0	0	3	103	29	53	48	101	104	87	12	25	76	51	31	121	38	23	14	38	38	116	52	7	65	67	61	28	99	129	13	108	126	34	12	80	126	70	130	86	64	39	90	36	88	100	90	99	39	81	30	98	127	51	82	77	124	69	90	22	100	127	34	73	85	68	24	29	60	110	31	53	108	105	112	132	26	111	21	104	11	47	31	39	10	30	108	108	8	16	114	14	98	108	45	73	54	76	69	79	77	105	79	123	130	85	82	69	70	108	77	76	11	33	25	97	115	41	82	38	69	74	47	71
0	0	0	0	0	0	0	22	79	113	116	51	83	25	7	101	78	115	118	133	101	112	51	69	90	72	21	32	24	32	22	108	99	69	48	8	94	74	59	108	81	62	17	85	50	118	90	88	99	64	113	47	38	28	47	45	38	100	61	11	67	53	10	28	89	108	69	99	69	79	124	37	109	121	128	39	26	70	19	96	86	93	86	105	91	21	130	58	30	7	34	92	33	49	49	124	8	80	79	115	44	127	5	56	16	5	9	69	45	69	127	129	91	2	53	22	29	38	129	80	59	102	37	57	40	104	48	38
0	0	0	0	0	0	0	0	119	100	54	129	126	90	56	50	83	57	55	14	128	36	63	29	103	57	131	73	48	80	111	76	96	60	34	98	54	60	121	62	105	44	122	97	28	27	15	132	126	77	79	45	83	86	91	61	45	49	44	110	99	119	63	50	45	111	42	86	27	13	129	108	10	31	119	40	117	51	72	95	20	66	22	32	87	31	37	39	12	99	30	80	130	85	9	85	33	29	2	78	17	47	10	86	23	129	116	129	87	14	23	51	41	60	48	73	10	63	58	54	125	23	57	18	74	107	127	33
0	0	0	0	0	0	0	0	0	35	60	107	93	76	26	99	121	116	99	65	54	42	33	111	125	102	108	86	132	116	32	16	119	24	118	47	76	37	28	29	22	94	75	55	134	37	60	5	67	67	4	98	13	7	19	22	32	6	10	104	88	116	83	10	105	80	112	121	50	71	30	132	90	99	39	116	100	111	30	106	38	25	95	61	59	13	121	24	49	51	108	67	84	80	69	91	96	121	106	25	127	44	77	126	117	101	38	120	25	84	100	92	70	45	45	70	47	40	81	122	14	66	113	34	115	11	44	83
0	0	0	0	0	0	0	0	0	0	90	121	46	27	24	131	110	29	120	82	71	95	120	55	133	125	43	115	64	9	33	74	69	70	93	135	96	60	31	89	62	109	109	52	113	95	19	73	22	126	51	101	44	107	26	120	125	93	29	136	89	30	92	123	111	69	39	80	133	113	70	10	75	49	42	38	88	99	14	51	85	58	43	89	127	54	111	70	77	96	90	132	9	91	70	118	119	99	84	15	103	134	74	105	39	122	73	44	88	52	115	30	99	10	101	53	6	86	56	47	38	88	116	71	102	118	53	87
0	0	0	0	0	0	0	0	0	0	0	136	50	70	66	95	124	69	65	134	115	73	92	117	56	110	70	51	86	109	117	55	30	22	24	135	8	13	109	119	46	31	35	30	60	115	21	104	88	32	28	49	107	49	74	70	31	39	74	23	62	46	101	52	43	62	37	62	120	51	54	74	33	118	62	38	12	90	34	61	69	5	77	98	129	82	4	49	71	8	117	129	92	9	75	86	42	112	18	59	32	31	28	65	58	28	73	131	109	54	84	95	110	66	20	111	52	63	93	115	18	52	67	133	51	28	38	106
0	0	0	0	0	0	0	0	0	0	0	0	130	94	46	38	122	17	106	108	95	69	24	22	30	107	95	64	28	72	83	113	88	29	54	86	114	47	42	103	83	124	31	91	66	74	70	46	9	28	42	48	101	14	117	16	34	92	34	9	98	69	78	63	36	99	52	124	76	53	122	56	118	118	104	109	90	54	63	17	87	61	63	128	75	50	87	47	47	133	97	25	53	101	113	68	129	74	102	111	75	38	128	12	91	69	10	57	118	42	42	20	110	75	128	14	115	76	22	121	56	9	122	5	54	23	11	118
0	0	0	0	0	0	0	0	0	0	0	0	0	16	59	80	132	31	131	108	38	34	36	93	25	118	133	139	12	124	111	123	114	16	63	63	20	69	95	25	37	38	33	80	127	46	86	129	4	42	135	46	111	105	71	83	46	50	58	71	29	6	28	109	112	108	40	46	100	101	77	106	78	41	58	58	44	73	121	63	85	119	83	8	56	26	72	67	23	22	115	62	80	41	98	42	97	76	73	117	106	15	72	50	96	92	100	45	22	107	103	46	84	75	95	28	46	98	113	41	124	99	40	24	94	10	101	132
0	0	0	0	0	0	0	0	0	0	0	0	0	0	55	21	31	110	117	50	104	26	96	110	92	72	50	56	4	38	134	119	126	89	35	42	113	18	30	90	111	92	70	19	21	131	17	103	52	118	127	98	114	32	117	27	38	17	98	107	100	67	77	66	89	130	91	76	91	41	138	79	110	19	14	30	6	127	41	66	37	35	91	112	4	31	115	130	19	40	44	22	84	55	46	35	122	83	87	19	127	9	94	22	55	47	69	95	96	30	16	133	15	11	36	55	36	118	118	31	38	106	53	62	68	129	104	14
0	0	0	0	0	0	0	0	0	0	0	0	0	0	0	14	104	81	139	52	122	45	16	67	47	136	24	45	74	99	122	79	30	113	102	87	62	136	112	98	108	117	89	3	94	109	121	72	76	77	24	75	68	107	20	129	45	61	37	116	46	54	68	49	54	90	41	7	100	60	140	44	94	101	27	55	94	124	44	67	59	113	86	91	54	84	93	47	63	46	60	129	9	13	59	80	75	113	81	74	113	87	117	111	123	20	39	119	128	64	122	20	69	92	37	23	74	112	13	50	25	35	26	101	69	57	13	116
0	0	0	0	0	0	0	0	0	0	0	0	0	0	0	0	98	43	51	89	22	130	84	62	89	35	111	73	37	106	49	61	66	59	57	126	112	49	119	96	51	119	17	15	45	28	90	34	47	113	137	98	103	25	30	29	20	129	20	43	45	30	39	6	28	121	92	27	117	108	31	76	119	52	100	108	63	58	128	30	53	134	16	43	68	35	19	64	97	142	117	127	85	21	62	59	91	57	120	14	33	114	70	94	26	48	118	42	106	127	77	40	75	128	18	87	131	138	5	110	81	57	21	26	130	97	104	16
0	0	0	0	0	0	0	0	0	0	0	0	0	0	0	0	0	49	92	23	92	102	98	85	111	62	66	95	17	29	36	90	50	17	83	62	78	136	75	83	90	30	123	84	27	116	126	86	51	72	5	8	131	114	88	119	65	127	130	67	142	128	99	95	7	44	34	25	6	32	91	29	105	40	87	79	44	62	75	33	93	102	129	114	18	134	28	70	69	77	110	41	23	39	128	141	18	12	56	61	42	27	41	120	118	123	49	71	109	75	66	123	36	43	63	41	18	34	49	59	20	66	55	24	100	84	21	102
0	0	0	0	0	0	0	0	0	0	0	0	0	0	0	0	0	0	104	53	64	62	72	116	119	49	98	82	13	20	132	77	14	28	83	83	23	138	73	131	80	64	73	12	115	15	106	94	59	31	52	51	115	109	47	6	57	126	130	31	54	93	87	46	111	88	100	87	66	31	76	78	24	16	92	27	126	93	117	37	110	35	134	18	118	76	126	51	108	18	95	129	59	95	8	75	37	131	115	89	120	31	27	124	103	22	70	82	140	19	129	90	106	97	76	11	31	87	78	39	88	92	122	32	22	18	60	87
0	0	0	0	0	0	0	0	0	0	0	0	0	0	0	0	0	0	0	104	46	48	19	77	105	120	102	93	67	64	131	87	102	120	73	84	98	131	99	103	37	15	14	30	88	94	39	136	80	37	89	30	119	122	80	46	125	127	68	135	96	33	105	111	49	99	117	66	33	106	124	58	66	104	69	52	72	55	20	55	44	43	41	54	136	136	39	113	21	81	27	11	44	131	12	93	110	74	98	74	123	118	32	95	104	88	103	78	51	32	66	74	107	35	50	113	121	26	117	83	134	66	117	42	38	26	32	38
0	0	0	0	0	0	0	0	0	0	0	0	0	0	0	0	0	0	0	0	129	124	53	41	70	6	23	67	125	84	76	49	18	63	109	82	46	87	117	86	84	6	106	72	76	36	122	32	75	42	23	48	90	107	51	113	27	20	91	117	22	118	23	36	37	54	61	140	84	76	57	68	125	2	112	65	101	72	102	46	66	81	15	106	39	58	60	90	34	37	117	89	123	25	71	87	29	61	58	83	84	67	45	30	18	80	125	24	116	57	99	107	59	74	29	77	102	71	73	101	21	120	90	80	89	72	23	22
0	0	0	0	0	0	0	0	0	0	0	0	0	0	0	0	0	0	0	0	0	21	31	36	52	70	19	71	89	61	122	127	50	143	96	94	12	20	107	24	26	32	108	114	66	124	81	36	98	71	19	80	66	97	126	13	70	25	119	111	19	117	29	87	43	117	40	107	34	96	37	76	76	88	15	70	2	23	27	28	95	31	64	42	116	18	109	59	89	112	106	51	110	126	103	106	99	53	65	69	103	22	117	11	103	110	113	105	140	114	98	134	44	108	134	108	101	108	119	129	121	79	54	53	112	23	87	34
0	0	0	0	0	0	0	0	0	0	0	0	0	0	0	0	0	0	0	0	0	0	106	75	72	53	36	32	20	96	82	53	115	54	68	97	52	93	78	69	58	97	110	83	92	32	103	19	132	128	21	85	135	55	92	147	28	128	79	71	121	56	59	77	47	32	145	105	127	89	41	74	17	100	79	67	121	92	37	106	108	60	84	121	142	118	15	138	65	98	102	102	24	84	64	38	79	33	65	80	47	114	85	100	136	85	109	80	13	100	138	28	59	73	116	74	64	11	68	33	65	122	72	45	17	127	68	92
0	0	0	0	0	0	0	0	0	0	0	0	0	0	0	0	0	0	0	0	0	0	0	67	38	33	91	66	90	29	85	132	133	120	65	28	121	48	72	62	16	93	105	92	59	148	84	65	45	49	75	127	60	74	100	113	63	105	105	101	104	100	41	50	62	87	124	93	30	39	106	64	81	14	87	41	34	87	26	104	115	106	126	122	110	75	46	23	27	54	77	44	107	53	52	113	83	116	49	125	129	58	128	38	53	120	46	125	89	125	114	46	125	59	4	130	81	122	125	127	81	70	110	78	84	38	100	74
0	0	0	0	0	0	0	0	0	0	0	0	0	0	0	0	0	0	0	0	0	0	0	0	94	39	42	37	82	89	66	109	96	126	130	82	121	117	124	102	39	13	124	74	80	63	61	70	30	91	56	127	93	80	140	6	114	77	28	20	132	31	35	112	34	104	15	54	93	16	27	80	151	90	100	42	60	84	114	94	103	18	78	25	96	86	151	109	110	22	67	45	60	115	121	12	127	49	92	130	53	91	22	91	21	83	126	142	83	145	99	52	21	51	44	139	22	81	38	29	111	107	41	114	77	115	68	47
0	0	0	0	0	0	0	0	0	0	0	0	0	0	0	0	0	0	0	0	0	0	0	0	0	91	120	149	21	51	28	110	45	81	28	48	21	130	34	35	42	126	132	47	31	72	44	43	65	47	50	69	8	138	26	70	13	111	68	34	78	67	84	47	43	85	76	20	36	38	130	96	69	126	59	84	44	83	69	77	84	122	29	65	37	99	46	115	53	38	76	48	81	123	28	49	33	105	61	128	90	26	132	30	112	49	98	129	63	89	121	69	24	90	14	23	35	34	78	88	67	89	85	66	29	53	85	102
0	0	0	0	0	0	0	0	0	0	0	0	0	0	0	0	0	0	0	0	0	0	0	0	0	0	43	144	19	5	57	68	47	81	110	25	113	43	110	101	137	117	28	70	92	134	82	67	99	114	132	140	68	45	118	108	14	150	49	102	125	73	140	131	80	91	56	37	70	104	84	141	20	104	74	29	152	130	137	125	104	124	19	119	143	77	118	66	99	104	96	24	47	65	103	94	68	28	37	93	106	76	90	104	35	128	30	45	67	51	131	48	35	43	40	68	114	81	65	76	102	124	42	78	75	31	11	123
0	0	0	0	0	0	0	0	0	0	0	0	0	0	0	0	0	0	0	0	0	0	0	0	0	0	0	108	89	125	24	120	25	31	129	67	92	68	98	98	101	49	61	48	57	138	103	64	142	123	19	123	111	78	45	26	140	24	77	63	133	86	74	79	132	121	111	52	69	126	31	60	85	46	26	99	31	7	64	110	61	26	139	52	86	54	41	137	96	79	56	76	105	122	100	29	43	46	135	55	98	120	128	112	13	131	98	67	112	18	74	65	113	93	62	57	146	116	129	126	140	96	74	107	32	138	2	115
0	0	0	0	0	0	0	0	0	0	0	0	0	0	0	0	0	0	0	0	0	0	0	0	0	0	0	0	34	135	92	96	50	59	84	51	63	83	121	128	137	42	121	82	93	131	134	33	23	124	36	54	103	91	45	144	101	78	27	89	87	135	29	28	101	138	114	75	92	40	99	29	51	65	63	35	136	47	141	123	106	42	126	116	57	53	112	25	91	109	125	109	91	106	135	38	45	62	74	99	70	131	105	99	2	134	102	101	87	124	77	51	149	60	10	102	69	35	34	140	99	61	75	52	78	116	84	51
0	0	0	0	0	0	0	0	0	0	0	0	0	0	0	0	0	0	0	0	0	0	0	0	0	0	0	0	0	109	131	81	38	45	88	100	125	56	129	66	71	89	75	65	123	89	71	57	66	36	129	64	132	144	63	45	122	114	34	48	37	78	99	43	82	105	131	136	156	37	139	22	72	45	50	145	41	137	104	124	15	33	125	112	33	39	35	50	79	128	20	123	7	123	123	120	98	43	126	105	112	152	56	102	55	148	18	48	4	90	53	80	102	118	109	106	81	28	54	110	92	47	11	92	40	132	109	34
0	0	0	0	0	0	0	0	0	0	0	0	0	0	0	0	0	0	0	0	0	0	0	0	0	0	0	0	0	0	72	60	61	125	26	22	38	110	52	70	114	39	36	157	130	91	98	143	27	58	138	62	20	21	137	32	82	98	117	53	134	136	101	105	88	144	76	127	134	64	84	108	78	86	101	68	18	81	96	34	105	80	108	31	147	138	88	77	56	105	77	133	44	61	128	33	51	102	93	56	30	85	17	38	42	98	116	30	70	116	73	70	30	18	71	33	149	35	79	29	41	34	55	59	122	126	45	49
0	0	0	0	0	0	0	0	0	0	0	0	0	0	0	0	0	0	0	0	0	0	0	0	0	0	0	0	0	0	0	121	35	128	109	67	58	62	92	114	118	48	38	115	77	104	13	107	41	67	33	133	46	86	16	134	91	38	71	133	32	99	87	53	71	83	60	137	129	21	69	52	28	16	123	121	56	83	41	43	32	22	91	111	66	116	42	22	36	79	75	93	61	59	73	67	117	133	101	45	67	51	127	39	52	96	72	41	92	40	137	70	56	69	40	157	75	96	91	130	63	58	136	83	62	53	81	134
0	0	0	0	0	0	0	0	0	0	0	0	0	0	0	0	0	0	0	0	0	0	0	0	0	0	0	0	0	0	0	0	92	131	31	72	75	92	95	112	140	95	55	148	126	116	56	66	75	12	77	83	124	109	70	41	134	66	16	20	65	132	129	143	96	48	12	30	46	95	112	122	101	46	78	100	141	37	97	121	129	128	43	98	117	33	140	137	18	137	102	150	127	71	120	38	137	150	53	55	19	82	24	116	111	115	88	98	121	46	66	138	77	124	77	72	75	69	54	96	76	18	73	121	67	85	109	105
0	0	0	0	0	0	0	0	0	0	0	0	0	0	0	0	0	0	0	0	0	0	0	0	0	0	0	0	0	0	0	0	0	33	141	76	51	137	113	53	128	66	146	71	106	65	10	103	77	46	51	113	95	76	98	40	107	89	82	126	130	46	114	102	85	42	55	30	20	79	127	138	118	126	84	116	57	52	81	14	115	99	30	128	47	66	44	133	49	44	70	91	121	79	28	93	99	130	22	32	104	39	74	94	38	98	102	77	134	79	135	81	67	97	109	116	88	26	133	82	133	117	150	146	41	63	94	71
0	0	0	0	0	0	0	0	0	0	0	0	0	0	0	0	0	0	0	0	0	0	0	0	0	0	0	0	0	0	0	0	0	0	30	32	96	100	67	31	120	99	50	51	72	102	26	64	103	91	31	33	74	56	73	128	53	44	122	93	46	31	43	75	113	86	145	82	93	55	139	71	100	70	111	27	53	87	49	72	127	11	131	107	121	42	36	38	115	12	101	47	147	94	104	151	35	94	75	43	123	62	78	122	22	112	132	145	142	115	84	91	72	132	58	99	119	64	59	83	61	101	126	128	120	59	83	18
0	0	0	0	0	0	0	0	0	0	0	0	0	0	0	0	0	0	0	0	0	0	0	0	0	0	0	0	0	0	0	0	0	0	0	141	92	75	67	157	22	79	130	59	24	73	52	46	79	47	54	77	110	45	24	122	78	88	81	127	129	79	102	106	94	111	143	63	93	39	115	133	87	137	122	21	88	115	26	41	94	62	63	121	28	94	51	101	64	85	39	61	150	41	123	95	46	121	35	68	36	116	67	60	53	142	140	128	51	72	73	120	94	84	34	35	57	73	128	75	68	67	46	120	79	122	103	100
0	0	0	0	0	0	0	0	0	0	0	0	0	0	0	0	0	0	0	0	0	0	0	0	0	0	0	0	0	0	0	0	0	0	0	0	97	52	74	66	97	50	99	122	130	48	139	57	80	89	101	63	128	30	38	82	50	109	26	119	131	95	28	117	142	73	96	127	106	45	36	126	95	63	67	120	95	59	84	51	18	24	51	125	43	54	6	68	83	58	148	46	58	117	109	155	94	134	92	5	17	97	103	112	142	103	83	55	130	124	128	63	41	39	57	128	28	132	83	62	48	93	114	132	124	142	109	18
0	0	0	0	0	0	0	0	0	0	0	0	0	0	0	0	0	0	0	0	0	0	0	0	0	0	0	0	0	0	0	0	0	0	0	0	0	143	145	86	111	152	135	133	92	111	136	48	37	131	109	63	143	150	91	116	35	102	28	38	55	129	106	119	48	80	77	29	97	58	120	39	161	47	100	149	73	137	49	55	56	73	47	23	61	16	10	102	143	112	6	61	37	35	127	140	62	50	17	33	132	102	146	106	118	118	144	116	40	134	138	47	138	98	113	12	94	55	22	108	90	86	125	106	153	86	54	138
0	0	0	0	0	0	0	0	0	0	0	0	0	0	0	0	0	0	0	0	0	0	0	0	0	0	0	0	0	0	0	0	0	0	0	0	0	0	125	79	74	71	20	55	29	113	45	48	41	109	79	75	79	60	122	133	85	80	74	110	147	82	159	45	62	51	29	49	70	76	107	45	146	114	68	95	70	68	35	93	10	132	139	119	40	45	48	100	68	107	109	107	108	32	93	74	59	29	145	132	37	19	87	43	122	68	88	14	115	100	56	86	15	43	29	55	32	124	162	68	96	130	102	34	87	43	99	96
0	0	0	0	0	0	0	0	0	0	0	0	0	0	0	0	0	0	0	0	0	0	0	0	0	0	0	0	0	0	0	0	0	0	0	0	0	0	0	128	28	38	85	140	79	135	157	68	88	119	129	106	89	22	120	126	79	113	126	107	73	52	83	37	96	63	88	118	43	62	134	39	100	38	134	135	22	67	121	148	135	154	27	119	46	134	132	17	97	57	16	125	94	144	162	74	102	65	55	12	114	91	71	133	32	59	112	122	44	110	129	121	116	108	53	55	9	68	58	62	104	88	49	93	110	24	72	68
0	0	0	0	0	0	0	0	0	0	0	0	0	0	0	0	0	0	0	0	0	0	0	0	0	0	0	0	0	0	0	0	0	0	0	0	0	0	0	0	69	106	104	63	82	119	17	20	142	71	138	141	72	112	107	121	125	36	113	92	54	77	124	49	136	78	26	32	104	47	4	145	73	95	50	76	77	61	68	66	124	73	44	108	14	45	69	93	129	76	82	118	60	125	68	39	129	98	145	111	61	84	55	76	127	79	64	54	35	79	51	64	112	109	15	128	48	48	147	142	123	35	23	70	132	139	120	56
0	0	0	0	0	0	0	0	0	0	0	0	0	0	0	0	0	0	0	0	0	0	0	0	0	0	0	0	0	0	0	0	0	0	0	0	0	0	0	0	0	53	83	58	136	97	63	88	72	113	118	64	161	69	34	23	40	134	87	64	71	64	61	127	99	64	126	64	117	69	47	152	157	94	70	110	75	78	76	29	26	62	73	54	63	109	103	78	147	34	82	87	142	66	137	154	31	54	112	117	44	137	125	96	65	46	65	76	128	38	65	133	75	29	103	41	49	41	30	26	134	52	52	44	129	121	56	147
0	0	0	0	0	0	0	0	0	0	0	0	0	0	0	0	0	0	0	0	0	0	0	0	0	0	0	0	0	0	0	0	0	0	0	0	0	0	0	0	0	0	40	103	74	43	21	131	145	35	103	64	57	70	58	128	16	104	87	70	134	86	126	99	45	34	101	129	91	123	92	124	96	144	82	80	149	133	47	73	42	147	79	80	94	142	39	131	122	30	89	65	100	94	93	19	66	129	151	159	105	74	61	96	39	69	80	53	104	98	45	51	27	116	70	85	96	147	126	138	108	75	146	134	63	91	46	127
0	0	0	0	0	0	0	0	0	0	0	0	0	0	0	0	0	0	0	0	0	0	0	0	0	0	0	0	0	0	0	0	0	0	0	0	0	0	0	0	0	0	0	118	150	31	35	84	72	57	146	101	137	34	114	140	48	76	62	35	72	82	91	112	126	20	37	127	45	77	37	129	144	129	23	94	135	102	90	105	21	52	18	93	116	141	23	24	80	97	59	49	97	113	112	47	23	118	60	30	160	107	122	37	109	87	68	92	151	147	121	82	114	92	153	79	46	144	141	105	57	91	88	57	74	64	114	88
0	0	0	0	0	0	0	0	0	0	0	0	0	0	0	0	0	0	0	0	0	0	0	0	0	0	0	0	0	0	0	0	0	0	0	0	0	0	0	0	0	0	0	0	108	51	86	61	34	142	125	150	17	99	67	39	105	94	37	68	112	16	24	100	38	137	24	116	85	53	100	14	42	58	86	65	166	130	156	144	54	56	93	37	105	121	58	116	29	76	87	20	68	91	99	71	57	124	143	64	26	37	65	21	86	93	92	68	90	133	28	134	147	60	150	58	152	106	143	94	159	46	138	140	147	101	95	135
0	0	0	0	0	0	0	0	0	0	0	0	0	0	0	0	0	0	0	0	0	0	0	0	0	0	0	0	0	0	0	0	0	0	0	0	0	0	0	0	0	0	0	0	0	125	152	64	148	139	67	55	114	164	86	138	73	73	138	97	170	123	61	77	126	72	76	119	60	122	162	98	58	126	28	157	133	59	54	101	11	101	112	123	157	33	94	58	50	162	37	98	88	168	25	33	64	139	133	117	53	156	85	171	75	81	35	125	167	64	7	46	91	63	42	93	119	80	79	106	113	90	111	141	38	56	142	148
0	0	0	0	0	0	0	0	0	0	0	0	0	0	0	0	0	0	0	0	0	0	0	0	0	0	0	0	0	0	0	0	0	0	0	0	0	0	0	0	0	0	0	0	0	0	57	46	122	98	132	94	63	77	29	33	34	43	125	129	116	48	153	131	112	19	126	116	65	99	41	107	163	96	83	143	103	31	55	22	141	35	139	16	22	49	136	151	17	31	121	57	101	17	52	33	160	68	7	47	53	44	120	92	128	92	97	58	130	17	150	11	97	161	103	71	115	96	114	108	111	23	26	94	127	133	74	43
0	0	0	0	0	0	0	0	0	0	0	0	0	0	0	0	0	0	0	0	0	0	0	0	0	0	0	0	0	0	0	0	0	0	0	0	0	0	0	0	0	0	0	0	0	0	0	84	74	26	155	43	163	57	44	101	131	66	110	86	96	87	58	97	101	84	37	38	156	27	91	75	87	142	133	103	89	47	135	109	113	140	108	132	27	60	148	118	72	54	53	56	24	82	118	68	102	150	62	40	30	162	54	123	14	102	74	33	125	94	135	78	97	114	81	78	97	71	60	123	100	50	38	130	131	44	41	36
0	0	0	0	0	0	0	0	0	0	0	0	0	0	0	0	0	0	0	0	0	0	0	0	0	0	0	0	0	0	0	0	0	0	0	0	0	0	0	0	0	0	0	0	0	0	0	0	55	60	51	28	146	50	115	86	47	110	104	39	130	129	55	93	60	142	66	29	136	25	144	109	132	57	141	50	140	26	152	139	127	16	162	79	26	134	98	50	99	80	112	154	48	139	35	40	71	134	89	157	48	104	101	158	103	70	57	79	88	86	40	49	76	27	106	109	74	64	83	38	111	91	73	112	151	65	72	102
0	0	0	0	0	0	0	0	0	0	0	0	0	0	0	0	0	0	0	0	0	0	0	0	0	0	0	0	0	0	0	0	0	0	0	0	0	0	0	0	0	0	0	0	0	0	0	0	0	75	52	76	83	57	46	61	48	63	156	108	123	107	20	123	134	87	27	78	66	20	89	143	133	46	163	93	116	36	80	135	142	129	67	142	146	90	88	86	110	100	13	81	21	38	72	57	138	61	121	141	96	97	72	28	114	133	98	100	65	144	15	97	58	35	108	115	21	124	142	61	117	144	20	141	93	21	18	75
0	0	0	0	0	0	0	0	0	0	0	0	0	0	0	0	0	0	0	0	0	0	0	0	0	0	0	0	0	0	0	0	0	0	0	0	0	0	0	0	0	0	0	0	0	0	0	0	0	0	120	128	14	119	134	88	120	87	117	19	112	120	63	62	158	48	155	100	93	41	53	113	36	62	153	60	37	142	123	72	85	101	92	104	57	98	98	81	4	61	52	85	34	98	58	98	40	72	75	81	82	108	170	166	26	105	50	129	10	64	105	38	136	41	55	102	87	130	119	53	128	114	61	74	132	72	125	86
0	0	0	0	0	0	0	0	0	0	0	0	0	0	0	0	0	0	0	0	0	0	0	0	0	0	0	0	0	0	0	0	0	0	0	0	0	0	0	0	0	0	0	0	0	0	0	0	0	0	0	126	78	133	41	45	112	50	117	91	56	57	106	55	169	93	116	41	144	110	158	77	97	43	139	29	87	107	109	176	130	107	53	153	51	138	100	122	57	136	20	117	139	66	116	106	17	69	55	151	81	100	94	98	127	106	79	94	126	44	92	72	96	85	69	102	124	47	144	92	156	69	148	60	30	141	75	60
0	0	0	0	0	0	0	0	0	0	0	0	0	0	0	0	0	0	0	0	0	0	0	0	0	0	0	0	0	0	0	0	0	0	0	0	0	0	0	0	0	0	0	0	0	0	0	0	0	0	0	0	32	119	130	146	98	53	40	40	107	67	114	54	158	42	159	29	10	109	175	87	107	157	85	71	68	51	140	28	121	12	81	102	56	116	34	66	166	141	39	106	162	94	52	74	145	33	80	122	11	91	98	18	152	50	75	33	30	134	61	59	45	68	89	86	82	35	89	142	116	174	59	113	130	85	22	123
0	0	0	0	0	0	0	0	0	0	0	0	0	0	0	0	0	0	0	0	0	0	0	0	0	0	0	0	0	0	0	0	0	0	0	0	0	0	0	0	0	0	0	0	0	0	0	0	0	0	0	0	0	72	66	82	130	62	75	68	131	143	32	29	37	143	127	38	20	157	68	79	136	135	151	71	136	73	78	153	45	130	135	123	51	163	28	55	102	52	53	117	41	63	41	25	128	136	65	47	24	17	127	120	52	108	83	59	31	116	72	60	95	33	87	37	138	82	111	53	144	66	57	89	141	97	38	109
0	0	0	0	0	0	0	0	0	0	0	0	0	0	0	0	0	0	0	0	0	0	0	0	0	0	0	0	0	0	0	0	0	0	0	0	0	0	0	0	0	0	0	0	0	0	0	0	0	0	0	0	0	0	55	83	31	78	109	45	132	40	71	88	136	64	68	124	109	160	69	52	162	57	144	88	90	143	62	37	129	47	14	40	104	112	97	175	59	155	133	18	163	150	95	90	68	41	106	164	84	96	79	120	50	131	21	122	52	58	158	120	31	86	125	38	36	118	125	63	116	19	52	26	88	45	86	42
0	0	0	0	0	0	0	0	0	0	0	0	0	0	0	0	0	0	0	0	0	0	0	0	0	0	0	0	0	0	0	0	0	0	0	0	0	0	0	0	0	0	0	0	0	0	0	0	0	0	0	0	0	0	0	79	160	105	78	95	74	70	105	140	75	101	126	114	51	148	114	124	93	80	102	81	16	165	122	137	85	102	106	48	136	132	33	80	74	130	75	61	98	40	127	31	44	127	54	64	126	103	33	56	51	97	81	140	161	59	87	133	53	105	6	162	148	97	42	125	101	57	121	86	20	59	156	45
0	0	0	0	0	0	0	0	0	0	0	0	0	0	0	0	0	0	0	0	0	0	0	0	0	0	0	0	0	0	0	0	0	0	0	0	0	0	0	0	0	0	0	0	0	0	0	0	0	0	0	0	0	0	0	0	118	76	142	79	100	104	124	29	130	129	78	130	24	127	53	114	111	155	160	61	165	50	78	143	52	32	64	86	38	57	159	147	51	105	139	71	40	109	54	136	65	87	67	95	62	129	103	160	86	128	133	110	91	27	72	31	146	63	103	115	181	85	78	107	169	68	75	78	126	135	23	57
0	0	0	0	0	0	0	0	0	0	0	0	0	0	0	0	0	0	0	0	0	0	0	0	0	0	0	0	0	0	0	0	0	0	0	0	0	0	0	0	0	0	0	0	0	0	0	0	0	0	0	0	0	0	0	0	0	88	59	32	153	77	42	64	63	103	60	102	133	79	108	103	81	81	72	138	49	104	81	118	163	100	70	173	116	48	51	106	48	29	117	150	114	17	155	172	84	20	84	79	129	135	15	52	87	74	129	106	122	75	60	119	96	132	80	173	160	120	92	86	96	119	94	172	17	67	32	121
0	0	0	0	0	0	0	0	0	0	0	0	0	0	0	0	0	0	0	0	0	0	0	0	0	0	0	0	0	0	0	0	0	0	0	0	0	0	0	0	0	0	0	0	0	0	0	0	0	0	0	0	0	0	0	0	0	0	123	79	107	165	22	112	161	63	62	168	124	117	16	151	151	136	9	56	32	169	96	93	87	45	112	86	53	134	151	111	80	92	119	43	149	44	44	105	74	95	107	142	137	82	60	142	56	126	167	154	133	42	51	60	80	77	112	35	121	66	118	125	89	104	142	63	51	82	139	36
0	0	0	0	0	0	0	0	0	0	0	0	0	0	0	0	0	0	0	0	0	0	0	0	0	0	0	0	0	0	0	0	0	0	0	0	0	0	0	0	0	0	0	0	0	0	0	0	0	0	0	0	0	0	0	0	0	0	0	49	21	121	7	97	26	34	75	61	139	79	108	117	146	67	78	112	60	126	121	87	32	153	100	74	169	102	128	77	105	95	99	106	98	42	67	104	67	69	37	85	94	80	163	121	58	80	85	152	103	82	140	60	142	44	68	72	98	83	152	56	134	95	37	129	73	69	87	99
0	0	0	0	0	0	0	0	0	0	0	0	0	0	0	0	0	0	0	0	0	0	0	0	0	0	0	0	0	0	0	0	0	0	0	0	0	0	0	0	0	0	0	0	0	0	0	0	0	0	0	0	0	0	0	0	0	0	0	0	128	151	21	131	53	17	174	21	128	165	146	130	76	118	69	125	52	150	160	53	122	173	54	73	84	120	57	10	5	62	39	80	142	99	138	126	103	34	64	62	60	36	66	148	51	65	159	98	46	38	77	115	138	150	123	36	37	18	130	120	88	96	143	108	70	126	63	147
0	0	0	0	0	0	0	0	0	0	0	0	0	0	0	0	0	0	0	0	0	0	0	0	0	0	0	0	0	0	0	0	0	0	0	0	0	0	0	0	0	0	0	0	0	0	0	0	0	0	0	0	0	0	0	0	0	0	0	0	0	96	22	104	59	87	90	135	39	123	140	167	99	124	127	127	30	142	128	186	143	96	88	122	24	72	107	53	128	122	118	44	33	63	70	147	78	27	148	116	80	94	97	62	138	73	148	94	150	151	52	23	53	104	108	107	41	114	56	51	123	82	47	34	85	82	75	19
0	0	0	0	0	0	0	0	0	0	0	0	0	0	0	0	0	0	0	0	0	0	0	0	0	0	0	0	0	0	0	0	0	0	0	0	0	0	0	0	0	0	0	0	0	0	0	0	0	0	0	0	0	0	0	0	0	0	0	0	0	0	96	157	150	141	65	63	78	157	118	38	92	73	54	171	107	58	28	95	96	71	159	66	161	150	26	34	19	71	156	152	111	116	160	158	62	36	89	74	112	131	85	69	51	57	148	90	176	58	91	130	49	105	78	85	91	142	128	110	80	130	44	154	60	133	64	100
0	0	0	0	0	0	0	0	0	0	0	0	0	0	0	0	0	0	0	0	0	0	0	0	0	0	0	0	0	0	0	0	0	0	0	0	0	0	0	0	0	0	0	0	0	0	0	0	0	0	0	0	0	0	0	0	0	0	0	0	0	0	0	176	27	73	100	80	42	110	164	75	122	137	106	35	84	50	112	91	60	106	66	131	147	25	71	78	77	101	112	100	55	50	87	127	69	118	86	125	117	157	48	136	135	161	147	139	117	83	58	102	137	123	95	24	139	105	58	96	90	104	128	128	141	134	86	38
0	0	0	0	0	0	0	0	0	0	0	0	0	0	0	0	0	0	0	0	0	0	0	0	0	0	0	0	0	0	0	0	0	0	0	0	0	0	0	0	0	0	0	0	0	0	0	0	0	0	0	0	0	0	0	0	0	0	0	0	0	0	0	0	38	40	72	60	57	117	30	99	137	122	86	51	147	108	55	79	135	81	32	68	77	169	105	38	126	136	50	167	82	61	54	166	93	154	43	48	60	142	31	94	130	75	130	115	56	5	157	118	85	65	12	130	161	85	86	125	81	152	40	112	99	49	66	56
0	0	0	0	0	0	0	0	0	0	0	0	0	0	0	0	0	0	0	0	0	0	0	0	0	0	0	0	0	0	0	0	0	0	0	0	0	0	0	0	0	0	0	0	0	0	0	0	0	0	0	0	0	0	0	0	0	0	0	0	0	0	0	0	0	96	115	42	42	77	76	24	176	103	141	10	90	26	42	8	59	164	51	83	121	106	100	115	15	128	68	153	143	102	81	75	178	120	157	30	153	69	20	64	114	39	53	61	164	23	128	131	139	103	103	128	140	70	174	98	109	42	108	137	44	134	106	30
0	0	0	0	0	0	0	0	0	0	0	0	0	0	0	0	0	0	0	0	0	0	0	0	0	0	0	0	0	0	0	0	0	0	0	0	0	0	0	0	0	0	0	0	0	0	0	0	0	0	0	0	0	0	0	0	0	0	0	0	0	0	0	0	0	0	30	5	178	96	50	30	17	172	49	73	68	161	123	85	118	129	107	153	168	132	42	20	39	118	69	109	93	44	185	94	58	51	55	72	30	77	160	98	117	53	49	105	51	43	171	52	43	168	168	56	53	59	68	88	87	70	150	86	73	141	110	144
0	0	0	0	0	0	0	0	0	0	0	0	0	0	0	0	0	0	0	0	0	0	0	0	0	0	0	0	0	0	0	0	0	0	0	0	0	0	0	0	0	0	0	0	0	0	0	0	0	0	0	0	0	0	0	0	0	0	0	0	0	0	0	0	0	0	0	61	120	115	73	113	105	142	23	76	68	124	92	64	92	162	83	47	63	95	73	55	20	83	61	120	58	120	54	115	103	42	73	138	15	101	57	37	91	154	111	110	49	16	141	64	53	62	152	130	62	130	156	37	104	45	67	119	52	111	156	180
0	0	0	0	0	0	0	0	0	0	0	0	0	0	0	0	0	0	0	0	0	0	0	0	0	0	0	0	0	0	0	0	0	0	0	0	0	0	0	0	0	0	0	0	0	0	0	0	0	0	0	0	0	0	0	0	0	0	0	0	0	0	0	0	0	0	0	0	79	49	57	134	53	173	109	150	69	59	68	16	126	134	90	90	45	22	63	119	112	80	71	52	82	39	147	66	130	102	53	131	115	113	119	167	154	74	144	61	104	99	77	73	66	180	126	17	85	126	69	153	102	46	178	89	31	80	127	47
0	0	0	0	0	0	0	0	0	0	0	0	0	0	0	0	0	0	0	0	0	0	0	0	0	0	0	0	0	0	0	0	0	0	0	0	0	0	0	0	0	0	0	0	0	0	0	0	0	0	0	0	0	0	0	0	0	0	0	0	0	0	0	0	0	0	0	0	0	94	67	107	121	63	75	159	76	70	29	118	120	167	149	81	48	93	104	123	80	91	102	108	92	150	73	143	95	137	96	157	144	34	154	69	86	151	76	145	52	128	143	183	111	97	67	84	161	91	29	82	107	128	88	68	92	66	163	43
0	0	0	0	0	0	0	0	0	0	0	0	0	0	0	0	0	0	0	0	0	0	0	0	0	0	0	0	0	0	0	0	0	0	0	0	0	0	0	0	0	0	0	0	0	0	0	0	0	0	0	0	0	0	0	0	0	0	0	0	0	0	0	0	0	0	0	0	0	0	88	95	71	115	108	166	57	110	80	112	138	149	100	156	142	91	160	132	76	149	169	86	94	100	38	115	82	65	101	162	86	60	92	25	92	115	119	120	181	112	61	146	37	110	108	130	160	110	124	31	138	82	85	127	46	186	121	119
0	0	0	0	0	0	0	0	0	0	0	0	0	0	0	0	0	0	0	0	0	0	0	0	0	0	0	0	0	0	0	0	0	0	0	0	0	0	0	0	0	0	0	0	0	0	0	0	0	0	0	0	0	0	0	0	0	0	0	0	0	0	0	0	0	0	0	0	0	0	0	57	122	128	159	81	110	108	60	128	131	89	59	96	118	87	163	154	158	155	162	179	104	96	98	37	14	71	23	120	42	135	84	138	167	159	142	120	47	133	140	138	63	160	67	110	25	4	85	183	74	153	166	70	119	125	156	53
0	0	0	0	0	0	0	0	0	0	0	0	0	0	0	0	0	0	0	0	0	0	0	0	0	0	0	0	0	0	0	0	0	0	0	0	0	0	0	0	0	0	0	0	0	0	0	0	0	0	0	0	0	0	0	0	0	0	0	0	0	0	0	0	0	0	0	0	0	0	0	0	62	126	44	80	94	84	128	101	65	147	88	141	71	73	91	153	117	78	86	86	159	185	85	146	95	102	14	75	128	121	132	128	115	86	160	120	147	30	117	158	57	92	59	103	170	68	51	117	78	111	58	110	93	127	140	101
0	0	0	0	0	0	0	0	0	0	0	0	0	0	0	0	0	0	0	0	0	0	0	0	0	0	0	0	0	0	0	0	0	0	0	0	0	0	0	0	0	0	0	0	0	0	0	0	0	0	0	0	0	0	0	0	0	0	0	0	0	0	0	0	0	0	0	0	0	0	0	0	0	192	42	126	134	147	116	186	95	130	114	99	141	173	89	132	77	83	166	43	127	103	188	115	129	125	25	112	120	176	123	83	118	163	64	137	33	91	109	28	60	79	58	110	88	93	92	106	150	73	165	100	91	133	81	134
0	0	0	0	0	0	0	0	0	0	0	0	0	0	0	0	0	0	0	0	0	0	0	0	0	0	0	0	0	0	0	0	0	0	0	0	0	0	0	0	0	0	0	0	0	0	0	0	0	0	0	0	0	0	0	0	0	0	0	0	0	0	0	0	0	0	0	0	0	0	0	0	0	0	100	139	109	99	119	78	109	117	85	118	107	120	154	60	29	61	121	46	92	131	78	197	117	70	74	151	72	135	143	101	119	38	92	141	127	16	89	130	86	57	132	134	195	172	162	142	70	30	44	48	26	165	174	94
0	0	0	0	0	0	0	0	0	0	0	0	0	0	0	0	0	0	0	0	0	0	0	0	0	0	0	0	0	0	0	0	0	0	0	0	0	0	0	0	0	0	0	0	0	0	0	0	0	0	0	0	0	0	0	0	0	0	0	0	0	0	0	0	0	0	0	0	0	0	0	0	0	0	0	140	25	106	29	112	191	135	29	141	66	168	155	77	69	139	161	130	73	74	147	75	152	59	92	135	36	128	120	87	114	50	32	159	95	138	69	122	173	67	124	96	116	141	130	68	54	107	82	139	86	117	45	69
0	0	0	0	0	0	0	0	0	0	0	0	0	0	0	0	0	0	0	0	0	0	0	0	0	0	0	0	0	0	0	0	0	0	0	0	0	0	0	0	0	0	0	0	0	0	0	0	0	0	0	0	0	0	0	0	0	0	0	0	0	0	0	0	0	0	0	0	0	0	0	0	0	0	0	0	169	115	27	59	22	28	98	185	187	63	168	103	149	144	51	136	49	59	82	100	126	176	33	142	161	118	86	92	109	119	92	70	138	93	96	26	54	166	149	90	124	85	32	118	129	84	138	58	127	102	100	77
0	0	0	0	0	0	0	0	0	0	0	0	0	0	0	0	0	0	0	0	0	0	0	0	0	0	0	0	0	0	0	0	0	0	0	0	0	0	0	0	0	0	0	0	0	0	0	0	0	0	0	0	0	0	0	0	0	0	0	0	0	0	0	0	0	0	0	0	0	0	0	0	0	0	0	0	0	96	65	129	126	51	158	158	97	117	127	166	85	135	147	123	149	164	110	44	142	48	99	167	102	53	80	34	27	115	109	178	90	147	65	80	101	36	110	175	133	118	68	46	54	84	102	149	142	148	123	69
0	0	0	0	0	0	0	0	0	0	0	0	0	0	0	0	0	0	0	0	0	0	0	0	0	0	0	0	0	0	0	0	0	0	0	0	0	0	0	0	0	0	0	0	0	0	0	0	0	0	0	0	0	0	0	0	0	0	0	0	0	0	0	0	0	0	0	0	0	0	0	0	0	0	0	0	0	0	47	152	103	56	66	79	88	146	57	101	71	107	69	73	131	193	88	180	113	100	104	122	187	90	130	36	138	83	156	59	55	67	126	113	48	51	70	135	50	160	101	140	114	51	124	120	120	75	81	131
0	0	0	0	0	0	0	0	0	0	0	0	0	0	0	0	0	0	0	0	0	0	0	0	0	0	0	0	0	0	0	0	0	0	0	0	0	0	0	0	0	0	0	0	0	0	0	0	0	0	0	0	0	0	0	0	0	0	0	0	0	0	0	0	0	0	0	0	0	0	0	0	0	0	0	0	0	0	0	65	18	142	137	110	27	81	127	170	42	79	97	139	114	132	119	22	121	111	196	161	147	142	20	52	130	142	24	170	46	40	143	89	98	140	7	113	67	166	107	123	74	34	50	75	57	172	147	27
0	0	0	0	0	0	0	0	0	0	0	0	0	0	0	0	0	0	0	0	0	0	0	0	0	0	0	0	0	0	0	0	0	0	0	0	0	0	0	0	0	0	0	0	0	0	0	0	0	0	0	0	0	0	0	0	0	0	0	0	0	0	0	0	0	0	0	0	0	0	0	0	0	0	0	0	0	0	0	0	39	174	94	97	33	63	102	94	49	90	36	132	94	76	93	157	66	127	169	122	94	95	127	78	65	106	141	129	118	65	129	93	35	60	136	142	186	102	86	205	96	47	161	140	119	67	47	115
0	0	0	0	0	0	0	0	0	0	0	0	0	0	0	0	0	0	0	0	0	0	0	0	0	0	0	0	0	0	0	0	0	0	0	0	0	0	0	0	0	0	0	0	0	0	0	0	0	0	0	0	0	0	0	0	0	0	0	0	0	0	0	0	0	0	0	0	0	0	0	0	0	0	0	0	0	0	0	0	0	101	82	109	168	73	117	153	39	150	121	166	39	113	117	10	125	129	153	191	109	130	120	158	129	58	201	170	140	157	84	106	126	140	127	138	165	143	136	132	143	35	60	68	177	94	107	38
0	0	0	0	0	0	0	0	0	0	0	0	0	0	0	0	0	0	0	0	0	0	0	0	0	0	0	0	0	0	0	0	0	0	0	0	0	0	0	0	0	0	0	0	0	0	0	0	0	0	0	0	0	0	0	0	0	0	0	0	0	0	0	0	0	0	0	0	0	0	0	0	0	0	0	0	0	0	0	0	0	0	134	167	177	143	86	165	78	133	4	93	98	85	123	91	163	30	134	109	165	111	177	60	94	162	60	96	145	126	89	50	77	181	117	118	104	105	36	166	89	94	67	92	98	68	87	116
0	0	0	0	0	0	0	0	0	0	0	0	0	0	0	0	0	0	0	0	0	0	0	0	0	0	0	0	0	0	0	0	0	0	0	0	0	0	0	0	0	0	0	0	0	0	0	0	0	0	0	0	0	0	0	0	0	0	0	0	0	0	0	0	0	0	0	0	0	0	0	0	0	0	0	0	0	0	0	0	0	0	0	92	41	156	65	71	117	141	92	59	117	71	44	135	124	57	197	126	106	105	111	87	36	56	56	79	73	126	131	178	159	82	125	91	170	131	145	89	172	71	113	72	116	64	112	95
0	0	0	0	0	0	0	0	0	0	0	0	0	0	0	0	0	0	0	0	0	0	0	0	0	0	0	0	0	0	0	0	0	0	0	0	0	0	0	0	0	0	0	0	0	0	0	0	0	0	0	0	0	0	0	0	0	0	0	0	0	0	0	0	0	0	0	0	0	0	0	0	0	0	0	0	0	0	0	0	0	0	0	0	73	45	68	120	129	127	78	166	137	91	92	102	127	54	182	128	120	58	113	97	69	156	178	57	120	64	111	19	209	169	147	141	53	141	169	122	112	171	132	70	49	31	131	95
0	0	0	0	0	0	0	0	0	0	0	0	0	0	0	0	0	0	0	0	0	0	0	0	0	0	0	0	0	0	0	0	0	0	0	0	0	0	0	0	0	0	0	0	0	0	0	0	0	0	0	0	0	0	0	0	0	0	0	0	0	0	0	0	0	0	0	0	0	0	0	0	0	0	0	0	0	0	0	0	0	0	0	0	0	99	178	134	142	183	146	182	134	85	162	86	144	96	49	77	90	126	107	165	83	67	102	74	77	89	62	164	57	95	124	72	137	135	99	74	66	171	45	143	165	149	130	60
0	0	0	0	0	0	0	0	0	0	0	0	0	0	0	0	0	0	0	0	0	0	0	0	0	0	0	0	0	0	0	0	0	0	0	0	0	0	0	0	0	0	0	0	0	0	0	0	0	0	0	0	0	0	0	0	0	0	0	0	0	0	0	0	0	0	0	0	0	0	0	0	0	0	0	0	0	0	0	0	0	0	0	0	0	0	136	81	123	67	188	111	57	33	158	124	55	130	189	115	83	128	160	139	92	194	97	144	140	108	76	49	82	146	76	126	40	103	141	173	181	109	98	103	106	202	131	133
0	0	0	0	0	0	0	0	0	0	0	0	0	0	0	0	0	0	0	0	0	0	0	0	0	0	0	0	0	0	0	0	0	0	0	0	0	0	0	0	0	0	0	0	0	0	0	0	0	0	0	0	0	0	0	0	0	0	0	0	0	0	0	0	0	0	0	0	0	0	0	0	0	0	0	0	0	0	0	0	0	0	0	0	0	0	0	146	86	91	68	11	130	84	43	26	134	86	102	135	107	167	119	63	105	99	27	160	126	161	155	86	189	177	188	39	140	94	141	174	95	120	134	86	198	127	128	65
0	0	0	0	0	0	0	0	0	0	0	0	0	0	0	0	0	0	0	0	0	0	0	0	0	0	0	0	0	0	0	0	0	0	0	0	0	0	0	0	0	0	0	0	0	0	0	0	0	0	0	0	0	0	0	0	0	0	0	0	0	0	0	0	0	0	0	0	0	0	0	0	0	0	0	0	0	0	0	0	0	0	0	0	0	0	0	0	175	56	186	139	131	62	100	81	75	61	39	41	130	43	20	87	122	111	70	86	90	142	69	99	61	154	130	184	91	116	119	43	83	123	112	132	85	119	118	70
0	0	0	0	0	0	0	0	0	0	0	0	0	0	0	0	0	0	0	0	0	0	0	0	0	0	0	0	0	0	0	0	0	0	0	0	0	0	0	0	0	0	0	0	0	0	0	0	0	0	0	0	0	0	0	0	0	0	0	0	0	0	0	0	0	0	0	0	0	0	0	0	0	0	0	0	0	0	0	0	0	0	0	0	0	0	0	0	0	111	206	31	75	103	122	101	189	46	89	44	96	65	108	97	72	174	87	50	123	21	129	97	63	76	97	108	111	144	149	138	60	144	139	53	121	87	80	73
0	0	0	0	0	0	0	0	0	0	0	0	0	0	0	0	0	0	0	0	0	0	0	0	0	0	0	0	0	0	0	0	0	0	0	0	0	0	0	0	0	0	0	0	0	0	0	0	0	0	0	0	0	0	0	0	0	0	0	0	0	0	0	0	0	0	0	0	0	0	0	0	0	0	0	0	0	0	0	0	0	0	0	0	0	0	0	0	0	0	146	162	77	180	44	82	177	147	182	51	136	148	143	139	95	17	164	83	89	145	142	147	83	166	144	144	43	113	47	86	115	54	73	93	170	35	89	30
0	0	0	0	0	0	0	0	0	0	0	0	0	0	0	0	0	0	0	0	0	0	0	0	0	0	0	0	0	0	0	0	0	0	0	0	0	0	0	0	0	0	0	0	0	0	0	0	0	0	0	0	0	0	0	0	0	0	0	0	0	0	0	0	0	0	0	0	0	0	0	0	0	0	0	0	0	0	0	0	0	0	0	0	0	0	0	0	0	0	0	96	73	96	106	160	142	81	121	161	147	181	71	105	84	95	91	116	38	187	94	42	128	136	97	12	178	165	100	15	71	115	134	166	196	92	162	71
0	0	0	0	0	0	0	0	0	0	0	0	0	0	0	0	0	0	0	0	0	0	0	0	0	0	0	0	0	0	0	0	0	0	0	0	0	0	0	0	0	0	0	0	0	0	0	0	0	0	0	0	0	0	0	0	0	0	0	0	0	0	0	0	0	0	0	0	0	0	0	0	0	0	0	0	0	0	0	0	0	0	0	0	0	0	0	0	0	0	0	0	172	74	78	186	61	111	86	158	187	113	156	126	124	158	112	78	140	135	198	152	82	101	81	60	173	121	123	145	187	102	121	47	137	108	105	153
0	0	0	0	0	0	0	0	0	0	0	0	0	0	0	0	0	0	0	0	0	0	0	0	0	0	0	0	0	0	0	0	0	0	0	0	0	0	0	0	0	0	0	0	0	0	0	0	0	0	0	0	0	0	0	0	0	0	0	0	0	0	0	0	0	0	0	0	0	0	0	0	0	0	0	0	0	0	0	0	0	0	0	0	0	0	0	0	0	0	0	0	0	72	84	112	49	103	120	63	63	113	143	170	23	194	88	156	140	159	165	76	79	148	37	88	129	121	85	212	38	160	153	117	101	123	141	90
0	0	0	0	0	0	0	0	0	0	0	0	0	0	0	0	0	0	0	0	0	0	0	0	0	0	0	0	0	0	0	0	0	0	0	0	0	0	0	0	0	0	0	0	0	0	0	0	0	0	0	0	0	0	0	0	0	0	0	0	0	0	0	0	0	0	0	0	0	0	0	0	0	0	0	0	0	0	0	0	0	0	0	0	0	0	0	0	0	0	0	0	0	0	147	99	134	105	21	68	208	113	86	114	90	67	109	132	53	104	128	135	163	55	109	164	118	156	47	129	167	120	155	27	20	137	63	198
0	0	0	0	0	0	0	0	0	0	0	0	0	0	0	0	0	0	0	0	0	0	0	0	0	0	0	0	0	0	0	0	0	0	0	0	0	0	0	0	0	0	0	0	0	0	0	0	0	0	0	0	0	0	0	0	0	0	0	0	0	0	0	0	0	0	0	0	0	0	0	0	0	0	0	0	0	0	0	0	0	0	0	0	0	0	0	0	0	0	0	0	0	0	0	103	87	95	71	97	145	86	144	165	85	124	123	139	108	115	157	154	142	124	88	171	114	74	56	123	123	180	102	88	89	97	59	165
0	0	0	0	0	0	0	0	0	0	0	0	0	0	0	0	0	0	0	0	0	0	0	0	0	0	0	0	0	0	0	0	0	0	0	0	0	0	0	0	0	0	0	0	0	0	0	0	0	0	0	0	0	0	0	0	0	0	0	0	0	0	0	0	0	0	0	0	0	0	0	0	0	0	0	0	0	0	0	0	0	0	0	0	0	0	0	0	0	0	0	0	0	0	0	0	111	163	45	121	123	172	55	161	173	125	71	118	80	207	43	77	97	139	115	66	112	133	125	191	110	70	74	122	129	60	111	145
0	0	0	0	0	0	0	0	0	0	0	0	0	0	0	0	0	0	0	0	0	0	0	0	0	0	0	0	0	0	0	0	0	0	0	0	0	0	0	0	0	0	0	0	0	0	0	0	0	0	0	0	0	0	0	0	0	0	0	0	0	0	0	0	0	0	0	0	0	0	0	0	0	0	0	0	0	0	0	0	0	0	0	0	0	0	0	0	0	0	0	0	0	0	0	0	0	74	169	171	87	104	196	166	72	57	145	102	48	182	85	134	210	126	111	80	142	146	168	140	40	148	21	51	86	50	139	111
0	0	0	0	0	0	0	0	0	0	0	0	0	0	0	0	0	0	0	0	0	0	0	0	0	0	0	0	0	0	0	0	0	0	0	0	0	0	0	0	0	0	0	0	0	0	0	0	0	0	0	0	0	0	0	0	0	0	0	0	0	0	0	0	0	0	0	0	0	0	0	0	0	0	0	0	0	0	0	0	0	0	0	0	0	0	0	0	0	0	0	0	0	0	0	0	0	0	45	188	124	160	53	171	169	112	132	92	29	134	105	148	92	142	101	87	96	125	105	56	71	108	39	91	23	96	168	124
0	0	0	0	0	0	0	0	0	0	0	0	0	0	0	0	0	0	0	0	0	0	0	0	0	0	0	0	0	0	0	0	0	0	0	0	0	0	0	0	0	0	0	0	0	0	0	0	0	0	0	0	0	0	0	0	0	0	0	0	0	0	0	0	0	0	0	0	0	0	0	0	0	0	0	0	0	0	0	0	0	0	0	0	0	0	0	0	0	0	0	0	0	0	0	0	0	0	0	46	68	150	56	104	160	114	125	164	59	124	40	122	82	155	157	127	115	59	143	104	137	74	109	99	126	43	77	107
0	0	0	0	0	0	0	0	0	0	0	0	0	0	0	0	0	0	0	0	0	0	0	0	0	0	0	0	0	0	0	0	0	0	0	0	0	0	0	0	0	0	0	0	0	0	0	0	0	0	0	0	0	0	0	0	0	0	0	0	0	0	0	0	0	0	0	0	0	0	0	0	0	0	0	0	0	0	0	0	0	0	0	0	0	0	0	0	0	0	0	0	0	0	0	0	0	0	0	0	74	164	46	81	177	119	93	69	88	170	143	196	165	40	90	193	157	75	84	141	108	95	138	179	60	160	158	35
0	0	0	0	0	0	0	0	0	0	0	0	0	0	0	0	0	0	0	0	0	0	0	0	0	0	0	0	0	0	0	0	0	0	0	0	0	0	0	0	0	0	0	0	0	0	0	0	0	0	0	0	0	0	0	0	0	0	0	0	0	0	0	0	0	0	0	0	0	0	0	0	0	0	0	0	0	0	0	0	0	0	0	0	0	0	0	0	0	0	0	0	0	0	0	0	0	0	0	0	0	143	73	130	64	123	126	198	186	137	23	127	109	109	116	164	90	66	115	69	206	53	183	86	130	91	135	164
0	0	0	0	0	0	0	0	0	0	0	0	0	0	0	0	0	0	0	0	0	0	0	0	0	0	0	0	0	0	0	0	0	0	0	0	0	0	0	0	0	0	0	0	0	0	0	0	0	0	0	0	0	0	0	0	0	0	0	0	0	0	0	0	0	0	0	0	0	0	0	0	0	0	0	0	0	0	0	0	0	0	0	0	0	0	0	0	0	0	0	0	0	0	0	0	0	0	0	0	0	0	95	122	132	189	179	149	31	85	63	112	150	68	117	143	70	70	178	185	174	145	85	72	118	70	102	182
0	0	0	0	0	0	0	0	0	0	0	0	0	0	0	0	0	0	0	0	0	0	0	0	0	0	0	0	0	0	0	0	0	0	0	0	0	0	0	0	0	0	0	0	0	0	0	0	0	0	0	0	0	0	0	0	0	0	0	0	0	0	0	0	0	0	0	0	0	0	0	0	0	0	0	0	0	0	0	0	0	0	0	0	0	0	0	0	0	0	0	0	0	0	0	0	0	0	0	0	0	0	0	95	110	152	109	189	53	25	98	77	99	171	117	183	135	84	170	81	160	50	157	221	161	187	136	101
0	0	0	0	0	0	0	0	0	0	0	0	0	0	0	0	0	0	0	0	0	0	0	0	0	0	0	0	0	0	0	0	0	0	0	0	0	0	0	0	0	0	0	0	0	0	0	0	0	0	0	0	0	0	0	0	0	0	0	0	0	0	0	0	0	0	0	0	0	0	0	0	0	0	0	0	0	0	0	0	0	0	0	0	0	0	0	0	0	0	0	0	0	0	0	0	0	0	0	0	0	0	0	0	136	201	132	210	68	42	80	171	79	154	79	53	117	111	56	162	73	102	122	113	140	28	130	92
0	0	0	0	0	0	0	0	0	0	0	0	0	0	0	0	0	0	0	0	0	0	0	0	0	0	0	0	0	0	0	0	0	0	0	0	0	0	0	0	0	0	0	0	0	0	0	0	0	0	0	0	0	0	0	0	0	0	0	0	0	0	0	0	0	0	0	0	0	0	0	0	0	0	0	0	0	0	0	0	0	0	0	0	0	0	0	0	0	0	0	0	0	0	0	0	0	0	0	0	0	0	0	0	0	192	110	34	102	52	151	150	87	97	163	115	199	188	186	125	108	164	119	91	141	74	97	140
0	0	0	0	0	0	0	0	0	0	0	0	0	0	0	0	0	0	0	0	0	0	0	0	0	0	0	0	0	0	0	0	0	0	0	0	0	0	0	0	0	0	0	0	0	0	0	0	0	0	0	0	0	0	0	0	0	0	0	0	0	0	0	0	0	0	0	0	0	0	0	0	0	0	0	0	0	0	0	0	0	0	0	0	0	0	0	0	0	0	0	0	0	0	0	0	0	0	0	0	0	0	0	0	0	0	33	97	143	18	154	29	119	98	132	91	138	100	108	72	138	189	83	77	39	170	119	87
0	0	0	0	0	0	0	0	0	0	0	0	0	0	0	0	0	0	0	0	0	0	0	0	0	0	0	0	0	0	0	0	0	0	0	0	0	0	0	0	0	0	0	0	0	0	0	0	0	0	0	0	0	0	0	0	0	0	0	0	0	0	0	0	0	0	0	0	0	0	0	0	0	0	0	0	0	0	0	0	0	0	0	0	0	0	0	0	0	0	0	0	0	0	0	0	0	0	0	0	0	0	0	0	0	0	0	26	170	215	172	134	126	66	48	85	36	119	102	160	209	162	214	136	163	78	116	97
0	0	0	0	0	0	0	0	0	0	0	0	0	0	0	0	0	0	0	0	0	0	0	0	0	0	0	0	0	0	0	0	0	0	0	0	0	0	0	0	0	0	0	0	0	0	0	0	0	0	0	0	0	0	0	0	0	0	0	0	0	0	0	0	0	0	0	0	0	0	0	0	0	0	0	0	0	0	0	0	0	0	0	0	0	0	0	0	0	0	0	0	0	0	0	0	0	0	0	0	0	0	0	0	0	0	0	0	208	104	14	123	76	195	56	160	119	82	79	149	208	80	94	155	117	36	216	49
0	0	0	0	0	0	0	0	0	0	0	0	0	0	0	0	0	0	0	0	0	0	0	0	0	0	0	0	0	0	0	0	0	0	0	0	0	0	0	0	0	0	0	0	0	0	0	0	0	0	0	0	0	0	0	0	0	0	0	0	0	0	0	0	0	0	0	0	0	0	0	0	0	0	0	0	0	0	0	0	0	0	0	0	0	0	0	0	0	0	0	0	0	0	0	0	0	0	0	0	0	0	0	0	0	0	0	0	0	201	29	80	114	130	90	141	209	141	177	54	94	47	120	155	73	110	137	80
0	0	0	0	0	0	0	0	0	0	0	0	0	0	0	0	0	0	0	0	0	0	0	0	0	0	0	0	0	0	0	0	0	0	0	0	0	0	0	0	0	0	0	0	0	0	0	0	0	0	0	0	0	0	0	0	0	0	0	0	0	0	0	0	0	0	0	0	0	0	0	0	0	0	0	0	0	0	0	0	0	0	0	0	0	0	0	0	0	0	0	0	0	0	0	0	0	0	0	0	0	0	0	0	0	0	0	0	0	0	30	117	74	153	212	178	126	100	122	177	200	163	200	108	62	84	158	95
0	0	0	0	0	0	0	0	0	0	0	0	0	0	0	0	0	0	0	0	0	0	0	0	0	0	0	0	0	0	0	0	0	0	0	0	0	0	0	0	0	0	0	0	0	0	0	0	0	0	0	0	0	0	0	0	0	0	0	0	0	0	0	0	0	0	0	0	0	0	0	0	0	0	0	0	0	0	0	0	0	0	0	0	0	0	0	0	0	0	0	0	0	0	0	0	0	0	0	0	0	0	0	0	0	0	0	0	0	0	0	135	221	24	83	145	126	141	137	130	169	143	129	79	135	69	177	146
0	0	0	0	0	0	0	0	0	0	0	0	0	0	0	0	0	0	0	0	0	0	0	0	0	0	0	0	0	0	0	0	0	0	0	0	0	0	0	0	0	0	0	0	0	0	0	0	0	0	0	0	0	0	0	0	0	0	0	0	0	0	0	0	0	0	0	0	0	0	0	0	0	0	0	0	0	0	0	0	0	0	0	0	0	0	0	0	0	0	0	0	0	0	0	0	0	0	0	0	0	0	0	0	0	0	0	0	0	0	0	0	158	165	52	81	92	198	110	117	85	52	85	162	83	104	113	147
0	0	0	0	0	0	0	0	0	0	0	0	0	0	0	0	0	0	0	0	0	0	0	0	0	0	0	0	0	0	0	0	0	0	0	0	0	0	0	0	0	0	0	0	0	0	0	0	0	0	0	0	0	0	0	0	0	0	0	0	0	0	0	0	0	0	0	0	0	0	0	0	0	0	0	0	0	0	0	0	0	0	0	0	0	0	0	0	0	0	0	0	0	0	0	0	0	0	0	0	0	0	0	0	0	0	0	0	0	0	0	0	0	65	83	146	177	114	176	81	76	122	113	69	86	142	163	169
0	0	0	0	0	0	0	0	0	0	0	0	0	0	0	0	0	0	0	0	0	0	0	0	0	0	0	0	0	0	0	0	0	0	0	0	0	0	0	0	0	0	0	0	0	0	0	0	0	0	0	0	0	0	0	0	0	0	0	0	0	0	0	0	0	0	0	0	0	0	0	0	0	0	0	0	0	0	0	0	0	0	0	0	0	0	0	0	0	0	0	0	0	0	0	0	0	0	0	0	0	0	0	0	0	0	0	0	0	0	0	0	0	0	205	12	117	22	48	155	56	57	184	150	93	60	72	165
0	0	0	0	0	0	0	0	0	0	0	0	0	0	0	0	0	0	0	0	0	0	0	0	0	0	0	0	0	0	0	0	0	0	0	0	0	0	0	0	0	0	0	0	0	0	0	0	0	0	0	0	0	0	0	0	0	0	0	0	0	0	0	0	0	0	0	0	0	0	0	0	0	0	0	0	0	0	0	0	0	0	0	0	0	0	0	0	0	0	0	0	0	0	0	0	0	0	0	0	0	0	0	0	0	0	0	0	0	0	0	0	0	0	0	39	86	93	118	201	84	61	186	163	98	177	60	170
0	0	0	0	0	0	0	0	0	0	0	0	0	0	0	0	0	0	0	0	0	0	0	0	0	0	0	0	0	0	0	0	0	0	0	0	0	0	0	0	0	0	0	0	0	0	0	0	0	0	0	0	0	0	0	0	0	0	0	0	0	0	0	0	0	0	0	0	0	0	0	0	0	0	0	0	0	0	0	0	0	0	0	0	0	0	0	0	0	0	0	0	0	0	0	0	0	0	0	0	0	0	0	0	0	0	0	0	0	0	0	0	0	0	0	0	153	158	41	79	165	154	200	103	116	99	32	62
0	0	0	0	0	0	0	0	0	0	0	0	0	0	0	0	0	0	0	0	0	0	0	0	0	0	0	0	0	0	0	0	0	0	0	0	0	0	0	0	0	0	0	0	0	0	0	0	0	0	0	0	0	0	0	0	0	0	0	0	0	0	0	0	0	0	0	0	0	0	0	0	0	0	0	0	0	0	0	0	0	0	0	0	0	0	0	0	0	0	0	0	0	0	0	0	0	0	0	0	0	0	0	0	0	0	0	0	0	0	0	0	0	0	0	0	0	199	64	151	127	157	108	52	104	221	51	142
0	0	0	0	0	0	0	0	0	0	0	0	0	0	0	0	0	0	0	0	0	0	0	0	0	0	0	0	0	0	0	0	0	0	0	0	0	0	0	0	0	0	0	0	0	0	0	0	0	0	0	0	0	0	0	0	0	0	0	0	0	0	0	0	0	0	0	0	0	0	0	0	0	0	0	0	0	0	0	0	0	0	0	0	0	0	0	0	0	0	0	0	0	0	0	0	0	0	0	0	0	0	0	0	0	0	0	0	0	0	0	0	0	0	0	0	0	0	95	73	120	82	109	85	125	208	122	116
0	0	0	0	0	0	0	0	0	0	0	0	0	0	0	0	0	0	0	0	0	0	0	0	0	0	0	0	0	0	0	0	0	0	0	0	0	0	0	0	0	0	0	0	0	0	0	0	0	0	0	0	0	0	0	0	0	0	0	0	0	0	0	0	0	0	0	0	0	0	0	0	0	0	0	0	0	0	0	0	0	0	0	0	0	0	0	0	0	0	0	0	0	0	0	0	0	0	0	0	0	0	0	0	0	0	0	0	0	0	0	0	0	0	0	0	0	0	0	172	111	105	79	168	145	117	71	217
0	0	0	0	0	0	0	0	0	0	0	0	0	0	0	0	0	0	0	0	0	0	0	0	0	0	0	0	0	0	0	0	0	0	0	0	0	0	0	0	0	0	0	0	0	0	0	0	0	0	0	0	0	0	0	0	0	0	0	0	0	0	0	0	0	0	0	0	0	0	0	0	0	0	0	0	0	0	0	0	0	0	0	0	0	0	0	0	0	0	0	0	0	0	0	0	0	0	0	0	0	0	0	0	0	0	0	0	0	0	0	0	0	0	0	0	0	0	0	0	129	78	176	169	194	186	182	115
0	0	0	0	0	0	0	0	0	0	0	0	0	0	0	0	0	0	0	0	0	0	0	0	0	0	0	0	0	0	0	0	0	0	0	0	0	0	0	0	0	0	0	0	0	0	0	0	0	0	0	0	0	0	0	0	0	0	0	0	0	0	0	0	0	0	0	0	0	0	0	0	0	0	0	0	0	0	0	0	0	0	0	0	0	0	0	0	0	0	0	0	0	0	0	0	0	0	0	0	0	0	0	0	0	0	0	0	0	0	0	0	0	0	0	0	0	0	0	0	0	39	35	186	109	187	111	146
0	0	0	0	0	0	0	0	0	0	0	0	0	0	0	0	0	0	0	0	0	0	0	0	0	0	0	0	0	0	0	0	0	0	0	0	0	0	0	0	0	0	0	0	0	0	0	0	0	0	0	0	0	0	0	0	0	0	0	0	0	0	0	0	0	0	0	0	0	0	0	0	0	0	0	0	0	0	0	0	0	0	0	0	0	0	0	0	0	0	0	0	0	0	0	0	0	0	0	0	0	0	0	0	0	0	0	0	0	0	0	0	0	0	0	0	0	0	0	0	0	0	132	190	145	199	89	131
0	0	0	0	0	0	0	0	0	0	0	0	0	0	0	0	0	0	0	0	0	0	0	0	0	0	0	0	0	0	0	0	0	0	0	0	0	0	0	0	0	0	0	0	0	0	0	0	0	0	0	0	0	0	0	0	0	0	0	0	0	0	0	0	0	0	0	0	0	0	0	0	0	0	0	0	0	0	0	0	0	0	0	0	0	0	0	0	0	0	0	0	0	0	0	0	0	0	0	0	0	0	0	0	0	0	0	0	0	0	0	0	0	0	0	0	0	0	0	0	0	0	0	144	146	90	211	128
0	0	0	0	0	0	0	0	0	0	0	0	0	0	0	0	0	0	0	0	0	0	0	0	0	0	0	0	0	0	0	0	0	0	0	0	0	0	0	0	0	0	0	0	0	0	0	0	0	0	0	0	0	0	0	0	0	0	0	0	0	0	0	0	0	0	0	0	0	0	0	0	0	0	0	0	0	0	0	0	0	0	0	0	0	0	0	0	0	0	0	0	0	0	0	0	0	0	0	0	0	0	0	0	0	0	0	0	0	0	0	0	0	0	0	0	0	0	0	0	0	0	0	0	101	116	199	68
0	0	0	0	0	0	0	0	0	0	0	0	0	0	0	0	0	0	0	0	0	0	0	0	0	0	0	0	0	0	0	0	0	0	0	0	0	0	0	0	0	0	0	0	0	0	0	0	0	0	0	0	0	0	0	0	0	0	0	0	0	0	0	0	0	0	0	0	0	0	0	0	0	0	0	0	0	0	0	0	0	0	0	0	0	0	0	0	0	0	0	0	0	0	0	0	0	0	0	0	0	0	0	0	0	0	0	0	0	0	0	0	0	0	0	0	0	0	0	0	0	0	0	0	0	172	177	220
0	0	0	0	0	0	0	0	0	0	0	0	0	0	0	0	0	0	0	0	0	0	0	0	0	0	0	0	0	0	0	0	0	0	0	0	0	0	0	0	0	0	0	0	0	0	0	0	0	0	0	0	0	0	0	0	0	0	0	0	0	0	0	0	0	0	0	0	0	0	0	0	0	0	0	0	0	0	0	0	0	0	0	0	0	0	0	0	0	0	0	0	0	0	0	0	0	0	0	0	0	0	0	0	0	0	0	0	0	0	0	0	0	0	0	0	0	0	0	0	0	0	0	0	0	0	107	184
0	0	0	0	0	0	0	0	0	0	0	0	0	0	0	0	0	0	0	0	0	0	0	0	0	0	0	0	0	0	0	0	0	0	0	0	0	0	0	0	0	0	0	0	0	0	0	0	0	0	0	0	0	0	0	0	0	0	0	0	0	0	0	0	0	0	0	0	0	0	0	0	0	0	0	0	0	0	0	0	0	0	0	0	0	0	0	0	0	0	0	0	0	0	0	0	0	0	0	0	0	0	0	0	0	0	0	0	0	0	0	0	0	0	0	0	0	0	0	0	0	0	0	0	0	0	0	187
0	0	0	0	0	0	0	0	0	0	0	0	0	0	0	0	0	0	0	0	0	0	0	0	0	0	0	0	0	0	0	0	0	0	0	0	0	0	0	0	0	0	0	0	0	0	0	0	0	0	0	0	0	0	0	0	0	0	0	0	0	0	0	0	0	0	0	0	0	0	0	0	0	0	0	0	0	0	0	0	0	0	0	0	0	0	0	0	0	0	0	0	0	0	0	0	0	0	0	0	0	0	0	0	0	0	0	0	0	0	0	0	0	0	0	0	0	0	0	0	0	0	0	0	0	0	0	0