0	37	30	29	80	85	119	115	47	100	40	120	65	3	30	103	78	116	58	76	39	40	51	122	71	58	53	74	59	100	104	40	61	99	41	6	61	116	24	111	113	62	92	62	53	10	70	116	8	64	59	71	68	34	12	95	79	91	112	54	78	110	70	80	129	112	56	106	87	72	94	48	110	22	101	69	117	77	114	68	67	38	3	46	123	66	45	7	39	97	71	12	69	36	12	17	96	26	38	102	123	64	40	118	82	100	40	129	62	74	51	56	84	81	118	8	53	39	109	115	45	58	61	4	118	126	104	101
0	0	41	70	117	83	78	127	85	54	2	104	50	52	29	102	108	80	31	65	21	78	117	9	9	48	119	28	62	32	97	63	118	110	16	85	55	106	48	23	8	117	76	112	16	50	105	82	74	43	46	99	124	74	87	17	114	86	103	95	55	71	96	118	4	21	53	75	130	112	91	98	90	9	122	12	86	89	34	104	22	73	7	3	91	30	94	87	4	85	19	9	94	71	94	41	86	88	123	114	27	52	39	21	70	12	116	42	9	106	31	10	23	92	126	70	105	125	75	75	126	54	65	125	19	40	95	34
0	0	0	107	54	20	45	63	59	97	108	42	116	126	43	25	68	115	13	25	10	11	84	109	38	30	105	123	102	59	78	75	33	108	80	13	37	126	30	131	96	25	85	28	102	112	11	116	23	38	97	53	93	48	101	125	43	118	129	91	56	89	27	17	70	11	27	72	41	70	115	107	49	92	80	58	98	79	94	71	124	86	87	11	36	90	74	45	28	58	126	8	57	48	123	46	30	79	11	22	105	37	85	13	123	100	40	36	123	114	129	116	13	44	18	42	74	105	69	92	102	101	20	79	100	14	25	89
0	0	0	0	59	25	99	5	16	122	52	14	102	5	102	33	57	105	7	79	33	19	38	119	121	42	95	79	80	36	105	45	63	65	86	118	30	47	110	81	126	56	122	91	116	121	28	7	11	31	46	25	69	63	7	117	25	42	39	79	116	13	95	41	38	90	43	25	76	29	17	101	57	8	39	127	110	90	61	65	35	54	85	5	70	3	69	44	56	15	37	41	49	16	103	128	23	113	79	72	71	19	13	113	101	113	59	129	131	34	116	52	41	120	62	13	74	30	36	124	58	85	71	13	65	86	94	106
0	0	0	0	0	48	97	117	64	98	84	15	6	66	85	129	74	58	108	41	112	103	98	80	76	99	20	27	18	105	48	64	108	108	13	20	57	60	46	59	15	106	115	75	98	123	95	121	10	131	130	53	95	34	119	84	42	76	41	65	103	111	126	111	115	97	129	58	13	32	121	112	17	120	66	113	27	129	126	37	70	80	16	6	61	100	67	80	6	93	57	53	112	83	21	46	18	72	11	28	53	74	58	39	132	11	80	118	20	24	128	102	129	63	76	72	52	124	53	102	11	14	67	47	15	74	48	121
0	0	0	0	0	0	74	29	97	75	86	70	123	114	68	45	52	116	106	122	28	127	51	97	109	99	102	22	61	75	102	74	49	118	17	55	116	77	81	32	87	42	89	24	9	28	25	68	110	50	87	17	115	127	66	92	8	36	23	92	30	9	45	51	110	103	14	34	125	61	54	75	65	66	6	90	93	50	12	19	96	94	22	71	57	100	95	108	5	130	12	72	121	114	99	65	59	102	69	29	112	28	71	58	67	80	17	5	112	133	30	39	121	29	83	25	56	27	126	105	127	2	87	5	125	106	48	24
0	0	0	0	0	0	0	40	47	12	54	94	11	37	119	50	132	40	6	90	122	65	134	109	132	27	106	118	23	66	127	99	116	43	18	36	104	93	13	28	36	106	96	34	3	68	113	96	86	105	68	44	7	88	70	55	78	82	100	70	35	35	47	123	128	9	56	103	52	111	82	8	10	76	36	10	109	85	41	12	87	62	90	75	113	118	16	70	38	32	20	89	131	97	89	78	59	55	57	52	62	33	92	88	50	72	117	16	16	91	3	99	13	68	72	32	103	67	26	101	77	119	102	78	32	118	31	105
0	0	0	0	0	0	0	0	75	109	67	9	104	128	124	59	102	26	69	45	26	93	103	109	8	28	60	58	67	133	66	51	112	16	107	6	103	58	121	133	123	43	24	111	28	92	117	104	46	4	5	40	38	126	125	26	124	33	40	110	91	25	36	78	103	90	120	12	29	91	121	96	94	122	56	31	40	36	34	99	101	20	127	121	65	77	88	101	27	12	30	70	96	26	32	85	69	70	53	58	102	76	37	112	79	77	8	45	14	5	18	126	55	118	8	18	16	96	32	99	39	125	102	125	24	100	51	39
0	0	0	0	0	0	0	0	0	36	71	87	79	84	34	9	71	40	116	22	100	50	22	122	64	19	13	72	25	43	104	128	69	122	65	55	70	35	102	97	14	9	108	35	36	56	91	51	137	117	9	130	89	120	41	134	90	41	46	124	87	106	69	59	7	42	49	7	46	20	29	72	66	85	100	132	93	71	49	88	7	22	124	54	106	128	80	107	84	66	92	37	119	93	13	28	13	126	89	98	94	59	107	86	65	83	11	48	61	12	107	118	22	103	77	110	48	59	85	40	130	45	72	70	63	47	56	101
0	0	0	0	0	0	0	0	0	0	36	86	50	53	11	98	124	112	77	76	58	47	127	9	39	128	28	50	98	73	50	28	7	94	24	36	89	69	14	77	83	22	49	58	81	100	73	20	30	34	28	38	43	68	33	102	24	126	81	70	17	91	30	106	41	121	125	137	133	17	30	90	119	78	22	70	117	20	92	39	45	106	80	25	97	73	113	74	88	66	20	107	106	21	67	91	53	52	18	119	128	75	67	99	96	68	94	119	102	84	70	101	120	13	129	94	102	85	81	53	67	33	97	83	113	99	32	92
0	0	0	0	0	0	0	0	0	0	0	22	36	28	112	116	120	64	25	68	66	85	101	114	125	93	129	129	48	53	44	78	100	119	132	86	34	22	58	15	85	40	94	64	130	113	51	13	73	124	103	41	64	25	21	96	62	125	126	109	5	72	135	22	120	36	20	65	100	82	67	26	73	80	12	68	73	127	61	48	127	65	107	106	94	16	53	49	93	75	54	12	87	12	63	72	25	131	66	120	68	95	35	60	29	113	84	69	69	40	61	117	9	66	43	85	97	58	72	43	68	44	61	35	94	74	114	37
0	0	0	0	0	0	0	0	0	0	0	0	21	117	124	106	26	49	118	49	9	125	128	104	9	31	34	88	95	81	63	85	41	7	26	20	86	77	120	70	82	22	85	40	115	119	49	62	130	51	16	117	31	82	40	87	54	81	20	45	89	101	40	32	45	64	53	66	109	11	7	57	63	95	53	121	86	74	59	51	45	12	11	131	56	11	72	86	69	115	83	47	13	29	117	130	78	64	28	91	84	125	24	70	136	10	35	131	26	85	123	121	115	20	33	35	86	55	52	115	86	17	123	76	54	92	66	15
0	0	0	0	0	0	0	0	0	0	0	0	0	125	86	63	111	108	64	101	98	39	107	25	29	116	47	130	34	51	27	96	47	9	34	22	63	92	122	31	28	83	100	17	103	76	75	21	38	43	121	22	56	53	120	20	42	10	91	43	41	81	99	36	49	7	69	16	68	24	81	111	94	19	52	112	45	116	130	17	129	132	27	78	124	99	79	30	94	29	90	106	119	106	24	63	23	56	69	71	109	117	101	21	17	56	68	47	73	16	15	54	37	23	117	14	25	96	102	33	90	134	108	13	67	74	58	47
0	0	0	0	0	0	0	0	0	0	0	0	0	0	14	46	26	13	90	85	61	111	131	72	4	122	114	10	87	57	52	40	57	36	14	131	55	46	23	52	124	16	19	35	135	53	96	34	63	110	108	26	9	21	89	121	82	100	40	116	82	107	15	30	98	107	19	37	38	24	136	95	78	118	120	63	61	54	115	97	72	100	54	122	43	26	49	28	87	116	49	93	83	113	137	32	27	104	67	98	112	123	62	25	33	19	87	109	81	122	122	121	101	34	64	111	130	128	19	11	69	122	14	64	113	100	39	58
0	0	0	0	0	0	0	0	0	0	0	0	0	0	0	36	37	113	100	99	48	32	136	110	18	15	74	32	26	94	87	112	131	71	87	52	17	59	96	39	106	31	132	93	65	92	120	3	123	11	36	61	72	55	58	127	118	29	95	7	125	104	129	78	128	90	67	101	28	107	15	84	99	97	25	20	123	130	105	132	48	14	28	31	68	65	62	82	115	14	73	17	53	79	91	28	55	44	73	120	112	35	89	91	105	73	125	39	55	42	35	32	45	65	92	16	59	97	93	104	127	78	129	28	134	79	38	101
0	0	0	0	0	0	0	0	0	0	0	0	0	0	0	0	19	31	76	27	66	111	101	46	80	45	97	84	88	4	91	37	20	41	16	94	99	139	46	27	114	18	55	43	34	76	71	130	103	13	19	67	47	35	120	100	126	28	102	112	28	41	37	26	111	114	132	43	98	85	117	15	121	95	47	43	60	35	41	56	106	134	19	42	114	137	10	105	72	108	81	55	69	47	73	93	88	84	36	66	132	80	29	18	40	39	30	115	105	32	109	59	115	115	39	48	109	77	75	51	111	69	39	24	94	40	109	42
0	0	0	0	0	0	0	0	0	0	0	0	0	0	0	0	0	137	129	25	55	123	75	32	34	7	23	64	54	37	44	58	115	27	64	61	57	55	116	51	104	33	58	37	97	76	111	28	99	94	29	54	27	66	76	86	121	50	79	25	76	106	47	119	29	45	130	22	32	72	83	52	100	79	120	38	94	75	122	88	47	17	50	89	60	71	33	119	63	85	141	15	119	32	107	22	125	80	97	126	78	16	96	8	16	48	86	67	83	113	113	63	55	103	94	88	78	12	137	63	90	122	113	40	56	81	106	108
0	0	0	0	0	0	0	0	0	0	0	0	0	0	0	0	0	0	37	90	48	45	40	68	52	105	79	60	88	129	29	71	76	67	116	15	134	19	97	65	141	99	102	118	72	129	62	99	87	49	128	40	142	20	65	32	19	116	80	41	75	73	37	58	40	110	75	77	93	121	58	92	118	64	80	130	103	84	123	54	99	14	87	41	13	37	75	57	62	66	32	78	27	139	97	116	88	23	134	104	18	108	47	82	63	88	45	43	96	118	91	74	139	23	52	44	49	68	130	15	117	80	142	34	130	76	88	29
0	0	0	0	0	0	0	0	0	0	0	0	0	0	0	0	0	0	0	99	76	37	38	90	70	43	59	45	65	110	94	37	72	136	143	22	71	52	77	25	68	128	107	77	95	90	62	130	135	46	36	44	120	87	124	54	46	52	110	83	29	43	79	30	58	60	21	100	131	27	120	76	25	26	81	36	17	144	108	101	111	113	31	119	38	73	70	44	62	52	66	123	73	93	28	132	138	81	41	94	53	134	38	63	43	30	79	19	106	7	128	29	108	95	56	36	92	28	114	100	69	62	88	65	84	28	103	123
0	0	0	0	0	0	0	0	0	0	0	0	0	0	0	0	0	0	0	0	35	110	13	16	116	76	87	124	27	114	62	43	131	85	75	16	123	51	119	19	49	65	73	29	49	30	87	116	43	109	70	137	114	117	115	115	112	121	36	125	142	135	119	116	123	89	25	99	41	118	95	59	37	47	57	56	131	103	58	41	135	77	59	78	73	21	16	45	63	31	20	37	66	47	36	126	121	39	85	118	103	73	96	15	105	64	16	31	21	92	127	37	71	119	111	114	117	45	41	128	138	141	61	4	42	42	61	142
0	0	0	0	0	0	0	0	0	0	0	0	0	0	0	0	0	0	0	0	0	31	129	106	83	72	132	37	103	42	113	56	139	24	93	12	69	68	31	42	106	123	61	70	93	88	121	27	20	57	90	10	124	123	81	82	15	115	47	21	80	55	38	70	75	90	88	16	72	92	102	12	95	22	56	15	82	103	47	139	106	41	87	50	84	6	140	41	52	107	46	131	116	97	66	43	100	47	90	61	69	56	123	85	73	116	77	91	78	131	17	70	26	116	143	131	131	56	51	36	96	74	73	30	22	62	98	140
0	0	0	0	0	0	0	0	0	0	0	0	0	0	0	0	0	0	0	0	0	0	86	120	106	92	85	87	17	117	17	58	8	70	63	80	124	46	93	43	61	32	44	95	88	59	82	91	26	80	19	96	87	101	116	110	16	61	41	78	60	28	147	21	29	24	128	90	33	53	60	109	97	52	95	86	19	83	66	60	85	98	49	74	129	51	55	131	33	52	11	144	60	145	115	62	125	80	25	99	51	16	93	60	125	19	97	50	37	112	69	138	121	86	70	125	103	52	134	122	121	122	43	25	55	27	117	25
0	0	0	0	0	0	0	0	0	0	0	0	0	0	0	0	0	0	0	0	0	0	0	76	38	97	55	58	58	133	74	89	83	56	19	21	36	18	114	116	108	135	90	134	133	57	110	25	135	108	36	86	110	92	35	46	106	81	104	101	37	12	48	93	50	138	46	30	32	38	89	103	107	107	21	136	98	24	143	63	70	40	66	99	24	63	63	79	78	42	100	106	78	92	39	121	100	94	26	73	109	128	83	37	82	77	119	29	121	133	39	72	68	23	121	10	55	73	11	103	34	10	47	52	18	13	92	116
0	0	0	0	0	0	0	0	0	0	0	0	0	0	0	0	0	0	0	0	0	0	0	0	39	117	70	99	45	67	145	104	125	118	69	86	68	95	38	94	137	19	45	75	54	100	117	92	146	83	45	50	95	58	100	51	138	38	24	106	109	45	101	65	33	94	92	54	84	22	83	27	120	50	100	132	77	5	37	63	115	79	49	74	47	72	42	101	102	95	24	100	135	39	104	41	88	68	109	79	51	127	24	83	40	107	108	84	110	63	121	48	103	126	112	117	82	33	39	62	134	88	53	92	28	89	12	111
0	0	0	0	0	0	0	0	0	0	0	0	0	0	0	0	0	0	0	0	0	0	0	0	0	48	71	66	26	48	78	41	86	30	22	125	142	138	128	25	96	76	28	53	118	20	24	83	61	52	146	72	103	49	136	81	127	149	62	124	98	42	53	125	19	21	112	56	97	73	69	60	67	95	30	51	141	87	98	129	84	28	89	38	50	70	137	112	105	79	20	68	98	57	69	115	43	34	48	93	24	71	118	115	19	16	46	80	142	8	88	65	21	71	4	27	56	73	66	15	39	38	8	131	30	84	93	61
0	0	0	0	0	0	0	0	0	0	0	0	0	0	0	0	0	0	0	0	0	0	0	0	0	0	97	38	134	31	60	59	39	121	88	76	134	25	137	99	101	53	105	108	100	33	128	62	16	107	125	113	79	45	148	48	46	49	35	103	51	98	127	127	95	49	14	104	108	72	38	125	117	115	98	110	28	81	74	40	112	100	78	32	116	95	80	65	122	64	71	135	65	111	125	31	132	51	83	123	43	38	76	95	128	31	147	120	58	100	69	66	50	128	75	99	112	38	56	26	121	144	62	109	13	106	30	101
0	0	0	0	0	0	0	0	0	0	0	0	0	0	0	0	0	0	0	0	0	0	0	0	0	0	0	132	49	70	127	55	19	121	81	75	95	66	76	111	82	123	83	137	89	26	73	92	45	60	88	38	137	33	119	99	13	36	70	111	76	67	133	96	130	27	95	8	81	29	36	66	37	56	104	139	99	15	36	105	41	152	118	95	95	94	95	131	136	78	114	77	60	115	110	100	83	102	43	87	97	66	81	38	90	47	148	16	31	33	31	126	53	18	52	117	35	60	68	98	97	34	84	137	95	97	57	147
0	0	0	0	0	0	0	0	0	0	0	0	0	0	0	0	0	0	0	0	0	0	0	0	0	0	0	0	150	81	38	93	87	65	125	59	53	66	122	100	120	129	47	51	43	98	126	152	101	89	90	36	105	60	107	70	101	138	100	19	93	28	124	22	109	18	117	68	136	69	133	131	139	34	91	129	53	57	18	64	93	33	56	90	118	35	20	73	107	143	127	111	134	65	121	85	86	66	71	28	70	132	154	67	84	111	83	71	61	113	90	82	82	138	138	59	42	95	20	63	88	44	108	86	19	48	137	112
0	0	0	0	0	0	0	0	0	0	0	0	0	0	0	0	0	0	0	0	0	0	0	0	0	0	0	0	0	13	114	26	34	68	100	21	78	45	70	41	25	58	101	61	84	152	101	40	88	118	113	86	85	53	47	86	49	123	89	98	36	62	80	31	92	131	134	48	113	33	136	107	155	60	24	113	74	129	92	103	17	154	109	132	33	93	90	104	95	28	97	112	28	63	148	131	111	116	71	51	103	118	91	101	139	22	76	48	85	132	145	90	56	117	103	84	134	54	24	124	35	33	118	47	135	26	26	93
0	0	0	0	0	0	0	0	0	0	0	0	0	0	0	0	0	0	0	0	0	0	0	0	0	0	0	0	0	0	96	146	135	140	25	76	41	103	90	94	71	38	144	137	119	26	95	22	69	94	17	32	15	25	134	129	94	20	118	126	41	25	140	104	76	131	11	75	133	100	131	152	119	87	143	85	77	33	126	88	70	87	28	117	36	19	145	94	123	24	31	131	132	105	41	61	68	92	56	70	108	119	78	38	33	132	112	114	45	51	15	111	74	87	35	138	58	52	90	41	75	143	99	42	94	137	72	28
0	0	0	0	0	0	0	0	0	0	0	0	0	0	0	0	0	0	0	0	0	0	0	0	0	0	0	0	0	0	0	82	27	103	15	83	84	131	126	122	67	100	55	56	39	100	40	103	115	145	23	87	138	138	97	108	34	19	73	87	79	32	124	30	88	120	112	85	95	84	29	107	89	16	54	129	140	141	102	11	124	56	124	92	56	15	117	120	134	102	79	88	49	95	52	68	51	90	95	95	83	96	55	79	19	96	130	101	125	49	116	98	69	50	37	97	76	131	152	119	38	90	117	141	84	41	112	20
0	0	0	0	0	0	0	0	0	0	0	0	0	0	0	0	0	0	0	0	0	0	0	0	0	0	0	0	0	0	0	0	85	73	91	140	104	63	68	40	75	6	129	34	25	121	70	144	130	120	145	55	74	135	108	53	88	62	69	146	107	70	59	12	119	30	69	66	54	76	140	28	56	106	138	98	64	80	60	106	123	47	42	22	134	74	122	50	79	57	118	43	99	129	107	66	79	112	50	115	130	86	114	38	109	94	141	35	56	68	100	130	45	96	72	54	39	129	47	114	78	121	93	116	28	84	16	68
0	0	0	0	0	0	0	0	0	0	0	0	0	0	0	0	0	0	0	0	0	0	0	0	0	0	0	0	0	0	0	0	0	129	149	77	37	130	68	81	78	65	70	97	68	35	73	44	98	90	21	109	20	65	136	49	61	45	43	56	39	151	94	108	46	21	62	99	117	57	129	124	107	84	68	43	51	73	104	116	66	56	24	60	33	38	139	54	41	29	44	116	111	133	61	66	69	87	69	122	135	113	141	45	137	113	108	72	71	102	20	18	103	142	147	96	92	127	83	34	78	92	60	54	82	53	142	87
0	0	0	0	0	0	0	0	0	0	0	0	0	0	0	0	0	0	0	0	0	0	0	0	0	0	0	0	0	0	0	0	0	0	58	85	67	96	43	23	31	93	123	133	77	159	146	15	99	148	41	84	88	118	109	47	79	133	97	103	93	79	45	28	157	5	42	106	116	77	43	119	57	112	51	97	151	68	129	152	74	123	100	114	117	41	37	150	116	133	44	37	116	79	9	116	88	112	34	58	58	62	79	103	84	91	26	146	77	67	63	69	33	35	71	119	68	26	159	73	92	120	127	159	58	132	58	123
0	0	0	0	0	0	0	0	0	0	0	0	0	0	0	0	0	0	0	0	0	0	0	0	0	0	0	0	0	0	0	0	0	0	0	38	146	54	145	57	100	58	145	81	44	107	74	19	73	110	127	89	110	119	82	140	63	111	79	68	89	74	116	142	84	129	105	85	27	38	34	39	19	68	107	137	91	35	40	141	129	122	101	97	130	52	68	99	60	48	129	67	117	63	123	68	115	22	83	72	143	20	65	82	43	101	122	128	48	137	10	23	133	31	39	105	30	29	42	112	68	99	72	114	126	69	159	109
0	0	0	0	0	0	0	0	0	0	0	0	0	0	0	0	0	0	0	0	0	0	0	0	0	0	0	0	0	0	0	0	0	0	0	0	13	88	142	129	70	41	36	119	52	76	74	9	126	57	28	48	118	108	32	31	129	109	101	40	103	120	77	100	18	23	116	30	141	129	93	97	17	57	58	152	76	114	124	125	63	46	133	81	58	121	27	97	89	100	126	26	38	130	50	76	146	43	112	121	10	117	81	112	117	53	85	41	125	47	134	86	85	46	122	42	35	136	88	82	91	27	97	142	107	105	141	138
0	0	0	0	0	0	0	0	0	0	0	0	0	0	0	0	0	0	0	0	0	0	0	0	0	0	0	0	0	0	0	0	0	0	0	0	0	15	86	84	107	98	109	148	25	77	107	129	33	68	126	114	66	103	90	118	115	93	55	101	15	80	117	143	85	111	30	101	54	53	73	126	106	146	98	106	124	73	60	121	61	64	110	140	112	45	115	26	74	149	125	88	93	57	138	44	80	141	33	59	97	44	92	121	113	127	43	40	57	133	91	142	114	30	74	154	97	150	109	23	107	71	46	110	84	58	21	151
0	0	0	0	0	0	0	0	0	0	0	0	0	0	0	0	0	0	0	0	0	0	0	0	0	0	0	0	0	0	0	0	0	0	0	0	0	0	42	153	55	99	76	31	70	70	138	99	94	110	123	113	40	162	18	120	81	145	41	124	18	80	57	59	16	89	47	58	134	37	115	129	105	140	115	8	152	48	30	69	80	74	72	92	138	41	51	112	83	43	48	40	100	115	106	103	63	28	136	101	158	124	131	52	28	141	13	84	89	99	78	141	125	94	139	97	127	61	47	53	131	86	112	37	127	90	69	84
0	0	0	0	0	0	0	0	0	0	0	0	0	0	0	0	0	0	0	0	0	0	0	0	0	0	0	0	0	0	0	0	0	0	0	0	0	0	0	55	73	117	55	124	145	108	46	86	102	94	37	100	75	31	35	73	126	63	64	114	25	106	51	87	56	49	106	23	31	126	124	46	138	113	132	52	161	79	67	27	127	93	129	134	81	39	105	80	48	90	55	58	39	123	32	119	59	61	125	46	64	40	82	101	28	127	90	37	115	101	14	34	107	39	36	14	51	45	65	64	79	52	112	82	79	23	69	112
0	0	0	0	0	0	0	0	0	0	0	0	0	0	0	0	0	0	0	0	0	0	0	0	0	0	0	0	0	0	0	0	0	0	0	0	0	0	0	0	125	93	84	130	96	137	71	119	34	32	60	43	131	102	118	44	145	31	55	71	139	115	57	69	29	129	105	126	29	149	151	49	115	54	92	55	33	58	50	40	34	143	127	35	28	93	141	45	111	143	109	113	115	20	34	46	73	131	58	121	86	45	81	121	58	64	43	67	110	86	38	130	99	115	136	86	131	47	151	106	56	122	11	158	117	131	26	126
0	0	0	0	0	0	0	0	0	0	0	0	0	0	0	0	0	0	0	0	0	0	0	0	0	0	0	0	0	0	0	0	0	0	0	0	0	0	0	0	0	105	151	122	131	101	94	152	122	52	101	143	99	125	94	117	23	68	82	119	35	69	52	150	82	141	30	80	66	132	45	22	104	57	79	132	28	40	140	119	108	108	128	105	47	131	104	102	84	33	153	35	139	140	95	103	70	31	38	37	104	89	92	108	149	129	142	58	11	51	53	104	99	110	134	126	77	153	56	104	70	36	79	27	68	86	72	135
0	0	0	0	0	0	0	0	0	0	0	0	0	0	0	0	0	0	0	0	0	0	0	0	0	0	0	0	0	0	0	0	0	0	0	0	0	0	0	0	0	0	108	100	52	81	77	133	49	72	31	25	104	120	111	124	131	151	50	74	119	130	137	69	105	138	108	74	113	154	126	76	119	36	85	128	36	19	66	107	100	154	42	75	97	93	82	41	72	59	126	132	115	36	121	113	108	121	97	91	91	17	115	147	107	74	40	87	140	46	97	68	157	132	43	73	76	47	116	61	62	51	112	127	97	135	139	99
0	0	0	0	0	0	0	0	0	0	0	0	0	0	0	0	0	0	0	0	0	0	0	0	0	0	0	0	0	0	0	0	0	0	0	0	0	0	0	0	0	0	0	36	97	121	21	50	60	77	82	6	116	46	43	106	74	102	145	39	44	132	32	61	108	59	66	57	137	128	118	46	108	109	24	142	38	169	42	141	42	53	47	32	57	164	59	9	92	152	111	142	65	116	95	126	45	150	107	53	142	118	44	150	114	49	98	113	142	137	20	38	146	55	90	108	155	113	111	161	78	135	19	71	18	40	152	97
0	0	0	0	0	0	0	0	0	0	0	0	0	0	0	0	0	0	0	0	0	0	0	0	0	0	0	0	0	0	0	0	0	0	0	0	0	0	0	0	0	0	0	0	117	136	138	81	51	103	107	157	103	56	53	55	153	132	44	14	31	140	126	132	43	47	92	105	41	62	85	134	139	106	31	21	129	141	62	53	106	152	71	100	69	106	113	49	90	26	69	42	19	122	28	66	152	21	110	56	39	103	87	72	137	130	51	70	96	45	84	118	92	83	63	157	70	17	123	61	67	118	50	142	44	119	58	18
0	0	0	0	0	0	0	0	0	0	0	0	0	0	0	0	0	0	0	0	0	0	0	0	0	0	0	0	0	0	0	0	0	0	0	0	0	0	0	0	0	0	0	0	0	114	77	25	85	70	86	76	74	128	91	107	135	64	60	120	142	117	79	118	138	28	79	86	98	147	119	37	96	138	106	79	83	120	104	123	153	85	5	95	107	171	102	127	100	84	118	57	68	116	103	47	58	119	126	95	11	101	73	71	110	104	57	30	169	39	142	97	53	110	12	143	104	33	77	38	43	34	47	80	97	139	118	24
0	0	0	0	0	0	0	0	0	0	0	0	0	0	0	0	0	0	0	0	0	0	0	0	0	0	0	0	0	0	0	0	0	0	0	0	0	0	0	0	0	0	0	0	0	0	26	73	120	38	160	81	155	110	121	126	98	35	70	153	72	157	51	90	49	93	21	99	97	55	106	130	74	134	40	45	69	76	68	100	121	45	114	51	112	32	131	84	84	42	49	49	122	53	61	79	130	142	131	109	129	51	78	107	68	111	143	84	126	45	76	144	51	22	133	131	127	41	27	62	23	134	79	84	125	131	77	75
0	0	0	0	0	0	0	0	0	0	0	0	0	0	0	0	0	0	0	0	0	0	0	0	0	0	0	0	0	0	0	0	0	0	0	0	0	0	0	0	0	0	0	0	0	0	0	28	92	95	121	141	88	87	113	103	120	46	98	110	55	31	136	36	119	151	85	54	80	116	114	76	96	46	154	41	102	96	124	140	102	45	48	102	147	153	118	43	56	109	82	92	139	50	113	17	29	43	46	112	83	36	133	83	68	54	141	86	42	105	89	109	70	122	128	50	68	148	172	111	145	53	130	76	149	80	132	100
0	0	0	0	0	0	0	0	0	0	0	0	0	0	0	0	0	0	0	0	0	0	0	0	0	0	0	0	0	0	0	0	0	0	0	0	0	0	0	0	0	0	0	0	0	0	0	0	134	84	90	134	31	54	167	27	129	92	146	36	43	152	38	80	29	113	65	142	78	159	167	110	15	41	63	103	54	115	75	157	90	52	130	125	150	106	151	109	86	152	44	79	142	7	156	130	110	38	42	119	167	100	133	83	107	69	92	142	113	35	108	46	121	47	78	29	118	123	101	116	81	83	164	115	35	105	81	29
0	0	0	0	0	0	0	0	0	0	0	0	0	0	0	0	0	0	0	0	0	0	0	0	0	0	0	0	0	0	0	0	0	0	0	0	0	0	0	0	0	0	0	0	0	0	0	0	0	91	102	137	33	84	115	56	125	85	90	91	66	55	105	41	92	74	126	98	41	111	87	122	95	148	103	27	91	38	147	43	64	59	127	156	36	108	58	149	147	125	134	127	43	63	76	85	82	111	51	108	27	58	145	31	69	108	58	79	156	88	51	128	135	82	64	96	121	77	73	11	107	10	101	140	34	148	77	92
0	0	0	0	0	0	0	0	0	0	0	0	0	0	0	0	0	0	0	0	0	0	0	0	0	0	0	0	0	0	0	0	0	0	0	0	0	0	0	0	0	0	0	0	0	0	0	0	0	0	152	137	75	45	85	75	98	75	128	91	123	129	59	74	26	127	137	61	136	153	13	43	99	53	30	36	155	82	73	65	114	123	130	117	129	74	121	112	77	77	125	47	66	79	132	86	60	123	14	83	154	155	57	114	53	91	66	57	136	127	117	82	55	122	68	40	100	54	111	138	117	30	85	44	102	50	67	104
0	0	0	0	0	0	0	0	0	0	0	0	0	0	0	0	0	0	0	0	0	0	0	0	0	0	0	0	0	0	0	0	0	0	0	0	0	0	0	0	0	0	0	0	0	0	0	0	0	0	0	47	128	110	101	34	57	94	42	104	98	56	138	89	102	54	105	146	86	153	141	94	58	95	41	107	38	32	98	76	97	126	116	79	112	118	41	63	10	95	93	115	81	122	33	28	76	128	33	165	111	158	100	132	145	75	150	62	98	66	79	80	95	104	93	126	116	12	55	60	80	137	96	70	26	130	59	95
0	0	0	0	0	0	0	0	0	0	0	0	0	0	0	0	0	0	0	0	0	0	0	0	0	0	0	0	0	0	0	0	0	0	0	0	0	0	0	0	0	0	0	0	0	0	0	0	0	0	0	0	136	84	43	161	27	74	118	129	148	91	40	129	47	90	106	135	65	107	137	22	170	161	36	28	131	27	77	123	86	115	84	85	139	146	94	96	86	133	36	103	164	105	117	131	134	152	108	165	49	16	83	135	41	48	116	139	72	92	110	92	119	61	46	76	87	144	52	37	52	35	57	89	27	68	131	72
0	0	0	0	0	0	0	0	0	0	0	0	0	0	0	0	0	0	0	0	0	0	0	0	0	0	0	0	0	0	0	0	0	0	0	0	0	0	0	0	0	0	0	0	0	0	0	0	0	0	0	0	0	30	134	80	99	79	26	67	100	65	98	109	131	132	161	61	44	86	92	114	130	16	49	89	159	27	78	163	105	81	137	96	93	69	40	56	80	36	39	92	44	105	142	106	45	65	77	97	84	124	72	105	48	143	143	156	34	103	90	77	143	10	50	48	113	104	133	29	114	135	67	126	28	27	140	47
0	0	0	0	0	0	0	0	0	0	0	0	0	0	0	0	0	0	0	0	0	0	0	0	0	0	0	0	0	0	0	0	0	0	0	0	0	0	0	0	0	0	0	0	0	0	0	0	0	0	0	0	0	0	124	101	68	5	103	74	48	115	49	78	48	106	161	82	37	48	67	110	105	80	30	77	69	147	149	105	153	89	52	8	53	100	83	83	17	154	101	129	72	97	33	96	170	83	80	40	104	75	74	109	86	136	106	68	69	30	46	38	174	123	78	67	76	25	135	116	64	126	94	169	65	123	121	136
0	0	0	0	0	0	0	0	0	0	0	0	0	0	0	0	0	0	0	0	0	0	0	0	0	0	0	0	0	0	0	0	0	0	0	0	0	0	0	0	0	0	0	0	0	0	0	0	0	0	0	0	0	0	0	32	99	149	97	111	34	63	85	52	135	147	123	90	166	66	91	158	56	96	127	73	79	74	112	159	57	38	177	151	140	49	36	86	48	37	105	88	132	48	22	61	94	76	130	34	89	112	67	146	54	43	83	119	143	92	133	125	143	130	16	40	113	63	74	129	38	75	139	66	144	31	107	77
0	0	0	0	0	0	0	0	0	0	0	0	0	0	0	0	0	0	0	0	0	0	0	0	0	0	0	0	0	0	0	0	0	0	0	0	0	0	0	0	0	0	0	0	0	0	0	0	0	0	0	0	0	0	0	0	130	109	85	144	104	34	65	137	134	104	132	77	152	139	103	127	50	60	98	41	135	109	110	30	87	81	67	64	131	80	66	133	66	144	72	134	81	24	87	100	74	38	8	86	128	169	111	137	139	140	92	79	58	85	132	116	77	97	75	133	89	94	59	87	96	35	20	35	140	145	59	121
0	0	0	0	0	0	0	0	0	0	0	0	0	0	0	0	0	0	0	0	0	0	0	0	0	0	0	0	0	0	0	0	0	0	0	0	0	0	0	0	0	0	0	0	0	0	0	0	0	0	0	0	0	0	0	0	0	75	46	136	35	117	157	99	78	165	94	128	114	101	44	62	96	84	111	100	28	114	135	163	28	58	147	62	40	104	115	152	80	72	37	108	61	38	122	41	113	116	40	94	117	61	111	65	153	124	100	147	74	78	106	60	138	74	102	112	94	64	50	74	36	21	90	94	52	24	75	144
0	0	0	0	0	0	0	0	0	0	0	0	0	0	0	0	0	0	0	0	0	0	0	0	0	0	0	0	0	0	0	0	0	0	0	0	0	0	0	0	0	0	0	0	0	0	0	0	0	0	0	0	0	0	0	0	0	0	34	87	108	93	149	176	125	15	136	71	51	130	97	146	129	54	36	19	156	104	54	147	153	66	163	177	137	67	62	15	81	115	57	148	174	87	134	118	137	167	142	156	147	91	95	56	25	57	146	156	72	137	26	74	124	140	109	136	125	152	136	105	90	28	145	93	140	88	134	89
0	0	0	0	0	0	0	0	0	0	0	0	0	0	0	0	0	0	0	0	0	0	0	0	0	0	0	0	0	0	0	0	0	0	0	0	0	0	0	0	0	0	0	0	0	0	0	0	0	0	0	0	0	0	0	0	0	0	0	116	100	109	137	84	113	81	112	64	147	95	118	115	132	100	74	42	63	53	120	70	27	144	43	54	58	128	63	146	87	108	103	29	168	167	105	57	28	117	147	86	138	67	122	131	14	59	60	51	27	133	83	148	50	142	108	88	37	5	70	135	66	136	16	87	81	44	93	101
0	0	0	0	0	0	0	0	0	0	0	0	0	0	0	0	0	0	0	0	0	0	0	0	0	0	0	0	0	0	0	0	0	0	0	0	0	0	0	0	0	0	0	0	0	0	0	0	0	0	0	0	0	0	0	0	0	0	0	0	128	76	51	22	95	82	91	96	140	110	160	63	108	165	30	168	115	106	81	13	128	163	132	117	146	105	77	121	149	136	152	108	55	158	139	40	137	99	112	149	180	49	116	37	175	122	152	68	63	151	66	32	71	118	67	119	166	14	64	168	125	60	55	98	141	6	67	97
0	0	0	0	0	0	0	0	0	0	0	0	0	0	0	0	0	0	0	0	0	0	0	0	0	0	0	0	0	0	0	0	0	0	0	0	0	0	0	0	0	0	0	0	0	0	0	0	0	0	0	0	0	0	0	0	0	0	0	0	0	145	81	66	84	74	77	93	95	59	74	107	106	94	84	106	70	71	88	115	166	72	69	84	66	135	62	145	185	136	95	106	135	64	133	99	136	59	67	106	133	135	133	98	134	146	14	13	46	61	137	108	149	88	102	150	99	89	98	65	68	147	109	60	82	18	159	127
0	0	0	0	0	0	0	0	0	0	0	0	0	0	0	0	0	0	0	0	0	0	0	0	0	0	0	0	0	0	0	0	0	0	0	0	0	0	0	0	0	0	0	0	0	0	0	0	0	0	0	0	0	0	0	0	0	0	0	0	0	0	31	87	168	108	157	68	145	77	69	51	53	115	80	113	87	40	75	120	164	70	28	50	133	106	103	150	57	125	79	66	70	74	62	100	44	86	112	86	59	133	97	68	92	80	129	96	100	114	134	162	92	41	160	47	110	103	122	58	53	122	122	123	136	89	140	77
0	0	0	0	0	0	0	0	0	0	0	0	0	0	0	0	0	0	0	0	0	0	0	0	0	0	0	0	0	0	0	0	0	0	0	0	0	0	0	0	0	0	0	0	0	0	0	0	0	0	0	0	0	0	0	0	0	0	0	0	0	0	0	82	123	70	38	73	93	101	62	77	98	97	133	157	26	123	98	129	36	66	44	94	92	93	116	84	62	77	146	71	64	27	87	117	27	41	74	129	130	80	173	108	162	127	58	115	86	157	126	40	121	93	153	129	91	65	78	102	77	27	105	104	153	35	65	58
0	0	0	0	0	0	0	0	0	0	0	0	0	0	0	0	0	0	0	0	0	0	0	0	0	0	0	0	0	0	0	0	0	0	0	0	0	0	0	0	0	0	0	0	0	0	0	0	0	0	0	0	0	0	0	0	0	0	0	0	0	0	0	0	47	98	101	133	74	119	114	83	62	166	142	61	81	57	93	77	148	91	34	139	66	110	70	138	66	27	60	108	77	154	102	72	57	41	103	128	140	65	51	56	25	72	105	70	35	54	118	74	111	154	126	79	67	132	107	15	89	160	145	46	35	41	77	136
0	0	0	0	0	0	0	0	0	0	0	0	0	0	0	0	0	0	0	0	0	0	0	0	0	0	0	0	0	0	0	0	0	0	0	0	0	0	0	0	0	0	0	0	0	0	0	0	0	0	0	0	0	0	0	0	0	0	0	0	0	0	0	0	0	142	135	169	37	104	49	83	139	117	107	167	157	147	58	113	175	171	123	90	147	143	26	59	163	74	90	77	78	80	45	54	71	60	84	75	143	86	61	50	38	73	111	112	140	38	81	85	175	82	33	24	92	63	138	123	158	34	87	91	118	74	108	18
0	0	0	0	0	0	0	0	0	0	0	0	0	0	0	0	0	0	0	0	0	0	0	0	0	0	0	0	0	0	0	0	0	0	0	0	0	0	0	0	0	0	0	0	0	0	0	0	0	0	0	0	0	0	0	0	0	0	0	0	0	0	0	0	0	0	132	96	156	101	71	91	142	145	89	129	136	75	72	80	125	118	153	85	105	61	83	60	96	72	72	47	137	100	143	9	76	134	138	20	110	59	85	41	67	162	127	121	9	49	145	155	63	75	131	150	136	126	164	70	89	70	58	47	39	40	163	114
0	0	0	0	0	0	0	0	0	0	0	0	0	0	0	0	0	0	0	0	0	0	0	0	0	0	0	0	0	0	0	0	0	0	0	0	0	0	0	0	0	0	0	0	0	0	0	0	0	0	0	0	0	0	0	0	0	0	0	0	0	0	0	0	0	0	0	126	125	153	69	54	88	70	137	123	49	168	103	86	184	104	73	178	78	95	44	107	139	139	130	141	154	113	145	84	93	170	153	120	140	178	103	65	75	32	93	119	93	98	134	134	174	150	45	29	150	138	106	114	149	82	136	181	26	67	105	96
0	0	0	0	0	0	0	0	0	0	0	0	0	0	0	0	0	0	0	0	0	0	0	0	0	0	0	0	0	0	0	0	0	0	0	0	0	0	0	0	0	0	0	0	0	0	0	0	0	0	0	0	0	0	0	0	0	0	0	0	0	0	0	0	0	0	0	0	68	87	89	91	160	177	90	100	43	80	170	94	119	110	26	85	71	58	95	92	84	113	30	134	154	95	145	70	125	25	36	131	150	92	126	65	108	145	25	93	124	92	50	94	63	124	109	142	87	134	99	169	45	109	154	140	158	100	169	133
0	0	0	0	0	0	0	0	0	0	0	0	0	0	0	0	0	0	0	0	0	0	0	0	0	0	0	0	0	0	0	0	0	0	0	0	0	0	0	0	0	0	0	0	0	0	0	0	0	0	0	0	0	0	0	0	0	0	0	0	0	0	0	0	0	0	0	0	0	116	49	68	12	148	59	115	79	20	74	110	151	70	148	166	107	157	178	135	39	111	180	155	116	105	77	142	51	95	114	148	56	176	109	61	142	116	66	29	163	51	137	69	73	102	67	127	140	103	59	134	146	112	40	103	75	112	119	96
0	0	0	0	0	0	0	0	0	0	0	0	0	0	0	0	0	0	0	0	0	0	0	0	0	0	0	0	0	0	0	0	0	0	0	0	0	0	0	0	0	0	0	0	0	0	0	0	0	0	0	0	0	0	0	0	0	0	0	0	0	0	0	0	0	0	0	0	0	0	45	113	114	67	173	126	65	85	72	96	107	76	93	163	168	103	71	188	55	86	122	55	101	125	41	116	79	73	78	100	81	93	81	107	25	137	85	80	93	95	140	86	16	191	133	141	141	161	92	111	52	49	90	91	153	137	130	163
0	0	0	0	0	0	0	0	0	0	0	0	0	0	0	0	0	0	0	0	0	0	0	0	0	0	0	0	0	0	0	0	0	0	0	0	0	0	0	0	0	0	0	0	0	0	0	0	0	0	0	0	0	0	0	0	0	0	0	0	0	0	0	0	0	0	0	0	0	0	0	123	100	102	125	110	32	113	19	127	114	161	148	114	107	23	89	103	76	56	91	110	42	129	85	88	76	147	110	183	147	99	132	158	133	192	84	44	44	88	107	174	109	38	141	145	80	111	105	132	159	38	58	85	60	83	58	129
0	0	0	0	0	0	0	0	0	0	0	0	0	0	0	0	0	0	0	0	0	0	0	0	0	0	0	0	0	0	0	0	0	0	0	0	0	0	0	0	0	0	0	0	0	0	0	0	0	0	0	0	0	0	0	0	0	0	0	0	0	0	0	0	0	0	0	0	0	0	0	0	117	91	137	86	89	62	84	100	62	125	63	88	103	137	81	76	157	54	129	119	126	157	139	175	61	105	171	162	122	87	98	66	62	139	109	73	82	163	88	83	73	86	40	13	47	122	65	36	85	123	54	102	109	16	30	130
0	0	0	0	0	0	0	0	0	0	0	0	0	0	0	0	0	0	0	0	0	0	0	0	0	0	0	0	0	0	0	0	0	0	0	0	0	0	0	0	0	0	0	0	0	0	0	0	0	0	0	0	0	0	0	0	0	0	0	0	0	0	0	0	0	0	0	0	0	0	0	0	0	102	98	48	83	23	126	37	70	44	117	151	83	49	164	84	154	69	63	163	152	85	81	99	126	120	147	82	28	128	47	107	78	72	179	174	140	63	130	103	175	67	132	48	141	187	125	30	33	59	16	131	133	60	99	71
0	0	0	0	0	0	0	0	0	0	0	0	0	0	0	0	0	0	0	0	0	0	0	0	0	0	0	0	0	0	0	0	0	0	0	0	0	0	0	0	0	0	0	0	0	0	0	0	0	0	0	0	0	0	0	0	0	0	0	0	0	0	0	0	0	0	0	0	0	0	0	0	0	0	163	124	155	146	64	64	100	61	154	150	54	79	58	87	176	120	123	81	109	147	99	155	162	142	94	100	25	178	121	95	132	116	113	89	102	30	163	132	100	109	118	81	42	43	112	60	70	57	126	59	101	87	136	142
0	0	0	0	0	0	0	0	0	0	0	0	0	0	0	0	0	0	0	0	0	0	0	0	0	0	0	0	0	0	0	0	0	0	0	0	0	0	0	0	0	0	0	0	0	0	0	0	0	0	0	0	0	0	0	0	0	0	0	0	0	0	0	0	0	0	0	0	0	0	0	0	0	0	0	26	69	128	68	38	126	77	58	68	154	62	141	61	76	126	37	128	92	155	181	140	109	62	118	98	165	85	115	112	94	91	138	155	54	152	134	170	129	76	153	88	39	164	135	101	141	67	115	128	92	118	130	122
0	0	0	0	0	0	0	0	0	0	0	0	0	0	0	0	0	0	0	0	0	0	0	0	0	0	0	0	0	0	0	0	0	0	0	0	0	0	0	0	0	0	0	0	0	0	0	0	0	0	0	0	0	0	0	0	0	0	0	0	0	0	0	0	0	0	0	0	0	0	0	0	0	0	0	0	39	43	126	16	25	140	49	179	140	65	148	38	10	70	176	103	71	86	78	86	60	171	138	106	105	148	101	148	70	50	53	118	88	150	19	122	101	174	176	171	154	131	91	108	94	147	135	41	143	108	30	145
0	0	0	0	0	0	0	0	0	0	0	0	0	0	0	0	0	0	0	0	0	0	0	0	0	0	0	0	0	0	0	0	0	0	0	0	0	0	0	0	0	0	0	0	0	0	0	0	0	0	0	0	0	0	0	0	0	0	0	0	0	0	0	0	0	0	0	0	0	0	0	0	0	0	0	0	0	90	173	141	118	32	25	78	95	92	69	143	67	112	89	126	124	164	69	45	166	105	79	94	24	156	91	125	82	35	117	37	51	74	98	73	33	46	175	165	149	135	196	101	118	64	201	104	95	32	84	64
0	0	0	0	0	0	0	0	0	0	0	0	0	0	0	0	0	0	0	0	0	0	0	0	0	0	0	0	0	0	0	0	0	0	0	0	0	0	0	0	0	0	0	0	0	0	0	0	0	0	0	0	0	0	0	0	0	0	0	0	0	0	0	0	0	0	0	0	0	0	0	0	0	0	0	0	0	0	92	67	81	41	93	114	144	85	83	151	113	87	68	56	30	101	106	101	133	120	146	130	72	171	72	128	143	158	71	116	58	14	153	156	82	120	124	91	155	76	132	124	63	129	136	111	84	134	116	83
0	0	0	0	0	0	0	0	0	0	0	0	0	0	0	0	0	0	0	0	0	0	0	0	0	0	0	0	0	0	0	0	0	0	0	0	0	0	0	0	0	0	0	0	0	0	0	0	0	0	0	0	0	0	0	0	0	0	0	0	0	0	0	0	0	0	0	0	0	0	0	0	0	0	0	0	0	0	0	60	64	133	21	120	108	107	127	35	186	85	109	19	65	175	103	136	172	59	54	157	31	169	171	141	79	105	109	86	162	118	132	94	76	165	46	36	64	155	155	68	71	70	186	57	66	200	67	76
0	0	0	0	0	0	0	0	0	0	0	0	0	0	0	0	0	0	0	0	0	0	0	0	0	0	0	0	0	0	0	0	0	0	0	0	0	0	0	0	0	0	0	0	0	0	0	0	0	0	0	0	0	0	0	0	0	0	0	0	0	0	0	0	0	0	0	0	0	0	0	0	0	0	0	0	0	0	0	0	206	168	95	190	172	49	176	25	95	148	144	142	138	69	123	164	162	55	107	40	164	87	152	164	93	189	67	84	170	73	30	89	145	144	180	111	66	60	56	114	118	162	164	174	35	76	122	102
0	0	0	0	0	0	0	0	0	0	0	0	0	0	0	0	0	0	0	0	0	0	0	0	0	0	0	0	0	0	0	0	0	0	0	0	0	0	0	0	0	0	0	0	0	0	0	0	0	0	0	0	0	0	0	0	0	0	0	0	0	0	0	0	0	0	0	0	0	0	0	0	0	0	0	0	0	0	0	0	0	103	85	71	146	179	45	59	78	156	77	142	33	122	103	187	169	164	134	115	104	79	60	127	83	56	128	29	139	55	84	132	55	66	95	113	88	145	26	143	148	27	67	35	25	106	71	72
0	0	0	0	0	0	0	0	0	0	0	0	0	0	0	0	0	0	0	0	0	0	0	0	0	0	0	0	0	0	0	0	0	0	0	0	0	0	0	0	0	0	0	0	0	0	0	0	0	0	0	0	0	0	0	0	0	0	0	0	0	0	0	0	0	0	0	0	0	0	0	0	0	0	0	0	0	0	0	0	0	0	92	157	97	145	94	76	129	49	98	118	203	171	160	114	187	112	97	105	71	51	59	72	42	111	86	117	142	30	197	89	91	115	35	55	163	181	159	47	125	160	90	55	113	82	101	102
0	0	0	0	0	0	0	0	0	0	0	0	0	0	0	0	0	0	0	0	0	0	0	0	0	0	0	0	0	0	0	0	0	0	0	0	0	0	0	0	0	0	0	0	0	0	0	0	0	0	0	0	0	0	0	0	0	0	0	0	0	0	0	0	0	0	0	0	0	0	0	0	0	0	0	0	0	0	0	0	0	0	0	77	121	73	197	129	103	95	80	150	47	44	31	99	194	127	51	40	49	70	120	145	157	83	83	101	102	140	176	145	204	67	82	14	134	52	104	60	125	159	128	123	33	75	108	119
0	0	0	0	0	0	0	0	0	0	0	0	0	0	0	0	0	0	0	0	0	0	0	0	0	0	0	0	0	0	0	0	0	0	0	0	0	0	0	0	0	0	0	0	0	0	0	0	0	0	0	0	0	0	0	0	0	0	0	0	0	0	0	0	0	0	0	0	0	0	0	0	0	0	0	0	0	0	0	0	0	0	0	0	43	165	111	49	64	128	53	96	156	169	97	35	95	118	137	3	42	95	87	66	125	15	158	59	52	103	77	100	138	100	39	44	136	136	92	113	158	82	121	90	71	60	151	171
0	0	0	0	0	0	0	0	0	0	0	0	0	0	0	0	0	0	0	0	0	0	0	0	0	0	0	0	0	0	0	0	0	0	0	0	0	0	0	0	0	0	0	0	0	0	0	0	0	0	0	0	0	0	0	0	0	0	0	0	0	0	0	0	0	0	0	0	0	0	0	0	0	0	0	0	0	0	0	0	0	0	0	0	0	138	185	56	135	28	133	163	145	106	100	128	19	143	100	110	95	143	96	104	32	134	191	52	149	80	96	160	118	149	100	31	30	206	88	31	92	157	31	176	175	71	174	189
0	0	0	0	0	0	0	0	0	0	0	0	0	0	0	0	0	0	0	0	0	0	0	0	0	0	0	0	0	0	0	0	0	0	0	0	0	0	0	0	0	0	0	0	0	0	0	0	0	0	0	0	0	0	0	0	0	0	0	0	0	0	0	0	0	0	0	0	0	0	0	0	0	0	0	0	0	0	0	0	0	0	0	0	0	0	68	43	74	105	84	82	81	116	78	124	126	55	88	150	131	116	176	152	39	39	112	147	85	105	131	41	125	177	132	97	189	77	150	51	28	150	74	27	35	122	34	91
0	0	0	0	0	0	0	0	0	0	0	0	0	0	0	0	0	0	0	0	0	0	0	0	0	0	0	0	0	0	0	0	0	0	0	0	0	0	0	0	0	0	0	0	0	0	0	0	0	0	0	0	0	0	0	0	0	0	0	0	0	0	0	0	0	0	0	0	0	0	0	0	0	0	0	0	0	0	0	0	0	0	0	0	0	0	0	130	70	163	126	162	125	161	88	102	200	110	146	152	30	63	150	180	147	115	159	129	117	104	65	62	3	121	162	90	121	93	130	81	137	102	131	165	167	127	144	127
0	0	0	0	0	0	0	0	0	0	0	0	0	0	0	0	0	0	0	0	0	0	0	0	0	0	0	0	0	0	0	0	0	0	0	0	0	0	0	0	0	0	0	0	0	0	0	0	0	0	0	0	0	0	0	0	0	0	0	0	0	0	0	0	0	0	0	0	0	0	0	0	0	0	0	0	0	0	0	0	0	0	0	0	0	0	0	0	147	189	177	65	130	134	74	47	161	159	178	174	116	116	124	107	135	137	33	175	107	123	83	65	119	86	57	131	55	42	34	104	92	92	18	194	203	125	21	142
0	0	0	0	0	0	0	0	0	0	0	0	0	0	0	0	0	0	0	0	0	0	0	0	0	0	0	0	0	0	0	0	0	0	0	0	0	0	0	0	0	0	0	0	0	0	0	0	0	0	0	0	0	0	0	0	0	0	0	0	0	0	0	0	0	0	0	0	0	0	0	0	0	0	0	0	0	0	0	0	0	0	0	0	0	0	0	0	0	110	132	73	172	122	192	108	215	135	126	123	163	52	122	130	103	201	166	110	162	129	41	38	149	161	156	104	88	94	88	26	126	181	142	131	185	186	135	128
0	0	0	0	0	0	0	0	0	0	0	0	0	0	0	0	0	0	0	0	0	0	0	0	0	0	0	0	0	0	0	0	0	0	0	0	0	0	0	0	0	0	0	0	0	0	0	0	0	0	0	0	0	0	0	0	0	0	0	0	0	0	0	0	0	0	0	0	0	0	0	0	0	0	0	0	0	0	0	0	0	0	0	0	0	0	0	0	0	0	71	137	42	184	188	159	93	151	93	71	81	114	179	164	61	184	81	83	118	65	145	106	76	57	130	116	13	95	27	80	144	27	95	100	87	137	83	99
0	0	0	0	0	0	0	0	0	0	0	0	0	0	0	0	0	0	0	0	0	0	0	0	0	0	0	0	0	0	0	0	0	0	0	0	0	0	0	0	0	0	0	0	0	0	0	0	0	0	0	0	0	0	0	0	0	0	0	0	0	0	0	0	0	0	0	0	0	0	0	0	0	0	0	0	0	0	0	0	0	0	0	0	0	0	0	0	0	0	0	186	188	106	115	71	179	135	79	55	98	170	77	46	4	177	98	131	147	115	95	85	87	57	216	71	24	96	69	74	171	166	98	165	54	97	72	139
0	0	0	0	0	0	0	0	0	0	0	0	0	0	0	0	0	0	0	0	0	0	0	0	0	0	0	0	0	0	0	0	0	0	0	0	0	0	0	0	0	0	0	0	0	0	0	0	0	0	0	0	0	0	0	0	0	0	0	0	0	0	0	0	0	0	0	0	0	0	0	0	0	0	0	0	0	0	0	0	0	0	0	0	0	0	0	0	0	0	0	0	170	112	90	113	165	84	132	94	81	94	38	122	41	60	121	48	66	70	191	162	166	166	107	112	18	178	134	111	138	154	167	147	101	83	129	112
0	0	0	0	0	0	0	0	0	0	0	0	0	0	0	0	0	0	0	0	0	0	0	0	0	0	0	0	0	0	0	0	0	0	0	0	0	0	0	0	0	0	0	0	0	0	0	0	0	0	0	0	0	0	0	0	0	0	0	0	0	0	0	0	0	0	0	0	0	0	0	0	0	0	0	0	0	0	0	0	0	0	0	0	0	0	0	0	0	0	0	0	0	129	96	94	90	51	116	103	134	63	124	137	64	144	83	86	74	101	87	40	40	185	149	84	80	121	111	114	137	122	131	62	30	97	116	198
0	0	0	0	0	0	0	0	0	0	0	0	0	0	0	0	0	0	0	0	0	0	0	0	0	0	0	0	0	0	0	0	0	0	0	0	0	0	0	0	0	0	0	0	0	0	0	0	0	0	0	0	0	0	0	0	0	0	0	0	0	0	0	0	0	0	0	0	0	0	0	0	0	0	0	0	0	0	0	0	0	0	0	0	0	0	0	0	0	0	0	0	0	0	86	38	88	161	34	154	68	72	138	75	141	167	124	56	186	108	120	161	211	100	112	67	86	123	112	188	18	115	198	106	41	97	85	71
0	0	0	0	0	0	0	0	0	0	0	0	0	0	0	0	0	0	0	0	0	0	0	0	0	0	0	0	0	0	0	0	0	0	0	0	0	0	0	0	0	0	0	0	0	0	0	0	0	0	0	0	0	0	0	0	0	0	0	0	0	0	0	0	0	0	0	0	0	0	0	0	0	0	0	0	0	0	0	0	0	0	0	0	0	0	0	0	0	0	0	0	0	0	0	61	117	109	20	139	33	168	44	73	110	134	162	100	69	127	60	72	60	135	71	106	70	94	131	196	164	97	86	49	153	122	67	198
0	0	0	0	0	0	0	0	0	0	0	0	0	0	0	0	0	0	0	0	0	0	0	0	0	0	0	0	0	0	0	0	0	0	0	0	0	0	0	0	0	0	0	0	0	0	0	0	0	0	0	0	0	0	0	0	0	0	0	0	0	0	0	0	0	0	0	0	0	0	0	0	0	0	0	0	0	0	0	0	0	0	0	0	0	0	0	0	0	0	0	0	0	0	0	0	67	145	88	177	93	36	189	156	127	83	73	103	120	153	51	156	57	176	144	86	88	92	163	96	179	125	112	153	54	126	150	165
0	0	0	0	0	0	0	0	0	0	0	0	0	0	0	0	0	0	0	0	0	0	0	0	0	0	0	0	0	0	0	0	0	0	0	0	0	0	0	0	0	0	0	0	0	0	0	0	0	0	0	0	0	0	0	0	0	0	0	0	0	0	0	0	0	0	0	0	0	0	0	0	0	0	0	0	0	0	0	0	0	0	0	0	0	0	0	0	0	0	0	0	0	0	0	0	0	33	68	96	136	98	120	80	158	116	35	85	58	45	208	142	141	96	30	123	97	136	148	98	69	76	96	148	151	157	57	178
0	0	0	0	0	0	0	0	0	0	0	0	0	0	0	0	0	0	0	0	0	0	0	0	0	0	0	0	0	0	0	0	0	0	0	0	0	0	0	0	0	0	0	0	0	0	0	0	0	0	0	0	0	0	0	0	0	0	0	0	0	0	0	0	0	0	0	0	0	0	0	0	0	0	0	0	0	0	0	0	0	0	0	0	0	0	0	0	0	0	0	0	0	0	0	0	0	0	60	116	143	148	46	131	63	101	122	78	87	39	67	112	78	91	114	108	184	32	80	71	162	50	100	106	171	189	84	182
0	0	0	0	0	0	0	0	0	0	0	0	0	0	0	0	0	0	0	0	0	0	0	0	0	0	0	0	0	0	0	0	0	0	0	0	0	0	0	0	0	0	0	0	0	0	0	0	0	0	0	0	0	0	0	0	0	0	0	0	0	0	0	0	0	0	0	0	0	0	0	0	0	0	0	0	0	0	0	0	0	0	0	0	0	0	0	0	0	0	0	0	0	0	0	0	0	0	0	53	168	70	185	62	43	105	63	152	218	55	65	118	107	142	176	50	110	65	130	170	146	115	87	145	43	111	73	146
0	0	0	0	0	0	0	0	0	0	0	0	0	0	0	0	0	0	0	0	0	0	0	0	0	0	0	0	0	0	0	0	0	0	0	0	0	0	0	0	0	0	0	0	0	0	0	0	0	0	0	0	0	0	0	0	0	0	0	0	0	0	0	0	0	0	0	0	0	0	0	0	0	0	0	0	0	0	0	0	0	0	0	0	0	0	0	0	0	0	0	0	0	0	0	0	0	0	0	0	145	209	121	185	107	180	61	108	43	111	73	113	42	32	159	103	161	154	152	119	97	215	14	5	8	82	117	141
0	0	0	0	0	0	0	0	0	0	0	0	0	0	0	0	0	0	0	0	0	0	0	0	0	0	0	0	0	0	0	0	0	0	0	0	0	0	0	0	0	0	0	0	0	0	0	0	0	0	0	0	0	0	0	0	0	0	0	0	0	0	0	0	0	0	0	0	0	0	0	0	0	0	0	0	0	0	0	0	0	0	0	0	0	0	0	0	0	0	0	0	0	0	0	0	0	0	0	0	0	133	146	65	179	199	72	105	93	90	123	88	154	149	76	199	136	36	89	110	99	102	61	92	67	72	93	8
0	0	0	0	0	0	0	0	0	0	0	0	0	0	0	0	0	0	0	0	0	0	0	0	0	0	0	0	0	0	0	0	0	0	0	0	0	0	0	0	0	0	0	0	0	0	0	0	0	0	0	0	0	0	0	0	0	0	0	0	0	0	0	0	0	0	0	0	0	0	0	0	0	0	0	0	0	0	0	0	0	0	0	0	0	0	0	0	0	0	0	0	0	0	0	0	0	0	0	0	0	0	123	124	212	121	115	85	194	185	84	73	122	23	156	135	173	109	56	107	20	125	59	183	119	89	63	146
0	0	0	0	0	0	0	0	0	0	0	0	0	0	0	0	0	0	0	0	0	0	0	0	0	0	0	0	0	0	0	0	0	0	0	0	0	0	0	0	0	0	0	0	0	0	0	0	0	0	0	0	0	0	0	0	0	0	0	0	0	0	0	0	0	0	0	0	0	0	0	0	0	0	0	0	0	0	0	0	0	0	0	0	0	0	0	0	0	0	0	0	0	0	0	0	0	0	0	0	0	0	0	124	59	168	198	81	140	47	104	129	158	120	172	86	50	87	203	123	97	148	176	32	110	77	190	62
0	0	0	0	0	0	0	0	0	0	0	0	0	0	0	0	0	0	0	0	0	0	0	0	0	0	0	0	0	0	0	0	0	0	0	0	0	0	0	0	0	0	0	0	0	0	0	0	0	0	0	0	0	0	0	0	0	0	0	0	0	0	0	0	0	0	0	0	0	0	0	0	0	0	0	0	0	0	0	0	0	0	0	0	0	0	0	0	0	0	0	0	0	0	0	0	0	0	0	0	0	0	0	0	110	129	192	116	87	108	113	74	171	206	141	134	54	180	43	123	193	86	41	61	136	166	164	158
0	0	0	0	0	0	0	0	0	0	0	0	0	0	0	0	0	0	0	0	0	0	0	0	0	0	0	0	0	0	0	0	0	0	0	0	0	0	0	0	0	0	0	0	0	0	0	0	0	0	0	0	0	0	0	0	0	0	0	0	0	0	0	0	0	0	0	0	0	0	0	0	0	0	0	0	0	0	0	0	0	0	0	0	0	0	0	0	0	0	0	0	0	0	0	0	0	0	0	0	0	0	0	0	0	115	137	128	86	114	157	102	80	68	77	159	172	114	111	80	140	129	122	94	80	24	164	146
0	0	0	0	0	0	0	0	0	0	0	0	0	0	0	0	0	0	0	0	0	0	0	0	0	0	0	0	0	0	0	0	0	0	0	0	0	0	0	0	0	0	0	0	0	0	0	0	0	0	0	0	0	0	0	0	0	0	0	0	0	0	0	0	0	0	0	0	0	0	0	0	0	0	0	0	0	0	0	0	0	0	0	0	0	0	0	0	0	0	0	0	0	0	0	0	0	0	0	0	0	0	0	0	0	0	103	24	120	133	60	134	156	40	61	144	153	64	115	211	65	118	128	103	68	107	174	128
0	0	0	0	0	0	0	0	0	0	0	0	0	0	0	0	0	0	0	0	0	0	0	0	0	0	0	0	0	0	0	0	0	0	0	0	0	0	0	0	0	0	0	0	0	0	0	0	0	0	0	0	0	0	0	0	0	0	0	0	0	0	0	0	0	0	0	0	0	0	0	0	0	0	0	0	0	0	0	0	0	0	0	0	0	0	0	0	0	0	0	0	0	0	0	0	0	0	0	0	0	0	0	0	0	0	0	97	199	113	90	183	122	96	143	92	99	180	133	37	35	203	170	159	140	157	100	112
0	0	0	0	0	0	0	0	0	0	0	0	0	0	0	0	0	0	0	0	0	0	0	0	0	0	0	0	0	0	0	0	0	0	0	0	0	0	0	0	0	0	0	0	0	0	0	0	0	0	0	0	0	0	0	0	0	0	0	0	0	0	0	0	0	0	0	0	0	0	0	0	0	0	0	0	0	0	0	0	0	0	0	0	0	0	0	0	0	0	0	0	0	0	0	0	0	0	0	0	0	0	0	0	0	0	0	0	138	85	53	79	83	135	78	214	137	184	136	164	16	96	137	85	36	61	132	43
0	0	0	0	0	0	0	0	0	0	0	0	0	0	0	0	0	0	0	0	0	0	0	0	0	0	0	0	0	0	0	0	0	0	0	0	0	0	0	0	0	0	0	0	0	0	0	0	0	0	0	0	0	0	0	0	0	0	0	0	0	0	0	0	0	0	0	0	0	0	0	0	0	0	0	0	0	0	0	0	0	0	0	0	0	0	0	0	0	0	0	0	0	0	0	0	0	0	0	0	0	0	0	0	0	0	0	0	0	142	130	174	73	100	118	146	169	23	18	127	145	74	86	130	102	177	80	157
0	0	0	0	0	0	0	0	0	0	0	0	0	0	0	0	0	0	0	0	0	0	0	0	0	0	0	0	0	0	0	0	0	0	0	0	0	0	0	0	0	0	0	0	0	0	0	0	0	0	0	0	0	0	0	0	0	0	0	0	0	0	0	0	0	0	0	0	0	0	0	0	0	0	0	0	0	0	0	0	0	0	0	0	0	0	0	0	0	0	0	0	0	0	0	0	0	0	0	0	0	0	0	0	0	0	0	0	0	0	106	154	43	147	36	188	130	61	59	189	97	122	166	153	157	112	142	181
0	0	0	0	0	0	0	0	0	0	0	0	0	0	0	0	0	0	0	0	0	0	0	0	0	0	0	0	0	0	0	0	0	0	0	0	0	0	0	0	0	0	0	0	0	0	0	0	0	0	0	0	0	0	0	0	0	0	0	0	0	0	0	0	0	0	0	0	0	0	0	0	0	0	0	0	0	0	0	0	0	0	0	0	0	0	0	0	0	0	0	0	0	0	0	0	0	0	0	0	0	0	0	0	0	0	0	0	0	0	0	23	207	129	188	141	110	198	86	111	149	116	171	81	119	109	46	218
0	0	0	0	0	0	0	0	0	0	0	0	0	0	0	0	0	0	0	0	0	0	0	0	0	0	0	0	0	0	0	0	0	0	0	0	0	0	0	0	0	0	0	0	0	0	0	0	0	0	0	0	0	0	0	0	0	0	0	0	0	0	0	0	0	0	0	0	0	0	0	0	0	0	0	0	0	0	0	0	0	0	0	0	0	0	0	0	0	0	0	0	0	0	0	0	0	0	0	0	0	0	0	0	0	0	0	0	0	0	0	0	69	116	139	43	215	103	135	165	92	78	159	182	138	113	97	54
0	0	0	0	0	0	0	0	0	0	0	0	0	0	0	0	0	0	0	0	0	0	0	0	0	0	0	0	0	0	0	0	0	0	0	0	0	0	0	0	0	0	0	0	0	0	0	0	0	0	0	0	0	0	0	0	0	0	0	0	0	0	0	0	0	0	0	0	0	0	0	0	0	0	0	0	0	0	0	0	0	0	0	0	0	0	0	0	0	0	0	0	0	0	0	0	0	0	0	0	0	0	0	0	0	0	0	0	0	0	0	0	0	148	138	131	153	195	20	133	168	152	60	35	206	201	115	87
0	0	0	0	0	0	0	0	0	0	0	0	0	0	0	0	0	0	0	0	0	0	0	0	0	0	0	0	0	0	0	0	0	0	0	0	0	0	0	0	0	0	0	0	0	0	0	0	0	0	0	0	0	0	0	0	0	0	0	0	0	0	0	0	0	0	0	0	0	0	0	0	0	0	0	0	0	0	0	0	0	0	0	0	0	0	0	0	0	0	0	0	0	0	0	0	0	0	0	0	0	0	0	0	0	0	0	0	0	0	0	0	0	0	227	84	91	82	83	175	209	78	162	177	180	132	147	124
0	0	0	0	0	0	0	0	0	0	0	0	0	0	0	0	0	0	0	0	0	0	0	0	0	0	0	0	0	0	0	0	0	0	0	0	0	0	0	0	0	0	0	0	0	0	0	0	0	0	0	0	0	0	0	0	0	0	0	0	0	0	0	0	0	0	0	0	0	0	0	0	0	0	0	0	0	0	0	0	0	0	0	0	0	0	0	0	0	0	0	0	0	0	0	0	0	0	0	0	0	0	0	0	0	0	0	0	0	0	0	0	0	0	0	85	53	205	111	45	171	105	55	20	96	129	191	107
0	0	0	0	0	0	0	0	0	0	0	0	0	0	0	0	0	0	0	0	0	0	0	0	0	0	0	0	0	0	0	0	0	0	0	0	0	0	0	0	0	0	0	0	0	0	0	0	0	0	0	0	0	0	0	0	0	0	0	0	0	0	0	0	0	0	0	0	0	0	0	0	0	0	0	0	0	0	0	0	0	0	0	0	0	0	0	0	0	0	0	0	0	0	0	0	0	0	0	0	0	0	0	0	0	0	0	0	0	0	0	0	0	0	0	0	116	28	181	63	16	106	88	125	162	141	191	44
0	0	0	0	0	0	0	0	0	0	0	0	0	0	0	0	0	0	0	0	0	0	0	0	0	0	0	0	0	0	0	0	0	0	0	0	0	0	0	0	0	0	0	0	0	0	0	0	0	0	0	0	0	0	0	0	0	0	0	0	0	0	0	0	0	0	0	0	0	0	0	0	0	0	0	0	0	0	0	0	0	0	0	0	0	0	0	0	0	0	0	0	0	0	0	0	0	0	0	0	0	0	0	0	0	0	0	0	0	0	0	0	0	0	0	0	0	108	126	133	91	63	151	118	107	25	71	102
0	0	0	0	0	0	0	0	0	0	0	0	0	0	0	0	0	0	0	0	0	0	0	0	0	0	0	0	0	0	0	0	0	0	0	0	0	0	0	0	0	0	0	0	0	0	0	0	0	0	0	0	0	0	0	0	0	0	0	0	0	0	0	0	0	0	0	0	0	0	0	0	0	0	0	0	0	0	0	0	0	0	0	0	0	0	0	0	0	0	0	0	0	0	0	0	0	0	0	0	0	0	0	0	0	0	0	0	0	0	0	0	0	0	0	0	0	0	96	125	7	109	177	154	128	51	53	24
0	0	0	0	0	0	0	0	0	0	0	0	0	0	0	0	0	0	0	0	0	0	0	0	0	0	0	0	0	0	0	0	0	0	0	0	0	0	0	0	0	0	0	0	0	0	0	0	0	0	0	0	0	0	0	0	0	0	0	0	0	0	0	0	0	0	0	0	0	0	0	0	0	0	0	0	0	0	0	0	0	0	0	0	0	0	0	0	0	0	0	0	0	0	0	0	0	0	0	0	0	0	0	0	0	0	0	0	0	0	0	0	0	0	0	0	0	0	0	151	87	84	171	107	156	65	34	101
0	0	0	0	0	0	0	0	0	0	0	0	0	0	0	0	0	0	0	0	0	0	0	0	0	0	0	0	0	0	0	0	0	0	0	0	0	0	0	0	0	0	0	0	0	0	0	0	0	0	0	0	0	0	0	0	0	0	0	0	0	0	0	0	0	0	0	0	0	0	0	0	0	0	0	0	0	0	0	0	0	0	0	0	0	0	0	0	0	0	0	0	0	0	0	0	0	0	0	0	0	0	0	0	0	0	0	0	0	0	0	0	0	0	0	0	0	0	0	0	137	141	129	84	108	97	136	40
0	0	0	0	0	0	0	0	0	0	0	0	0	0	0	0	0	0	0	0	0	0	0	0	0	0	0	0	0	0	0	0	0	0	0	0	0	0	0	0	0	0	0	0	0	0	0	0	0	0	0	0	0	0	0	0	0	0	0	0	0	0	0	0	0	0	0	0	0	0	0	0	0	0	0	0	0	0	0	0	0	0	0	0	0	0	0	0	0	0	0	0	0	0	0	0	0	0	0	0	0	0	0	0	0	0	0	0	0	0	0	0	0	0	0	0	0	0	0	0	0	104	138	65	119	186	95	46
0	0	0	0	0	0	0	0	0	0	0	0	0	0	0	0	0	0	0	0	0	0	0	0	0	0	0	0	0	0	0	0	0	0	0	0	0	0	0	0	0	0	0	0	0	0	0	0	0	0	0	0	0	0	0	0	0	0	0	0	0	0	0	0	0	0	0	0	0	0	0	0	0	0	0	0	0	0	0	0	0	0	0	0	0	0	0	0	0	0	0	0	0	0	0	0	0	0	0	0	0	0	0	0	0	0	0	0	0	0	0	0	0	0	0	0	0	0	0	0	0	0	132	81	147	115	110	137
0	0	0	0	0	0	0	0	0	0	0	0	0	0	0	0	0	0	0	0	0	0	0	0	0	0	0	0	0	0	0	0	0	0	0	0	0	0	0	0	0	0	0	0	0	0	0	0	0	0	0	0	0	0	0	0	0	0	0	0	0	0	0	0	0	0	0	0	0	0	0	0	0	0	0	0	0	0	0	0	0	0	0	0	0	0	0	0	0	0	0	0	0	0	0	0	0	0	0	0	0	0	0	0	0	0	0	0	0	0	0	0	0	0	0	0	0	0	0	0	0	0	0	164	65	156	75	16
0	0	0	0	0	0	0	0	0	0	0	0	0	0	0	0	0	0	0	0	0	0	0	0	0	0	0	0	0	0	0	0	0	0	0	0	0	0	0	0	0	0	0	0	0	0	0	0	0	0	0	0	0	0	0	0	0	0	0	0	0	0	0	0	0	0	0	0	0	0	0	0	0	0	0	0	0	0	0	0	0	0	0	0	0	0	0	0	0	0	0	0	0	0	0	0	0	0	0	0	0	0	0	0	0	0	0	0	0	0	0	0	0	0	0	0	0	0	0	0	0	0	0	0	33	123	94	138
0	0	0	0	0	0	0	0	0	0	0	0	0	0	0	0	0	0	0	0	0	0	0	0	0	0	0	0	0	0	0	0	0	0	0	0	0	0	0	0	0	0	0	0	0	0	0	0	0	0	0	0	0	0	0	0	0	0	0	0	0	0	0	0	0	0	0	0	0	0	0	0	0	0	0	0	0	0	0	0	0	0	0	0	0	0	0	0	0	0	0	0	0	0	0	0	0	0	0	0	0	0	0	0	0	0	0	0	0	0	0	0	0	0	0	0	0	0	0	0	0	0	0	0	0	58	149	160
0	0	0	0	0	0	0	0	0	0	0	0	0	0	0	0	0	0	0	0	0	0	0	0	0	0	0	0	0	0	0	0	0	0	0	0	0	0	0	0	0	0	0	0	0	0	0	0	0	0	0	0	0	0	0	0	0	0	0	0	0	0	0	0	0	0	0	0	0	0	0	0	0	0	0	0	0	0	0	0	0	0	0	0	0	0	0	0	0	0	0	0	0	0	0	0	0	0	0	0	0	0	0	0	0	0	0	0	0	0	0	0	0	0	0	0	0	0	0	0	0	0	0	0	0	0	144	52
0	0	0	0	0	0	0	0	0	0	0	0	0	0	0	0	0	0	0	0	0	0	0	0	0	0	0	0	0	0	0	0	0	0	0	0	0	0	0	0	0	0	0	0	0	0	0	0	0	0	0	0	0	0	0	0	0	0	0	0	0	0	0	0	0	0	0	0	0	0	0	0	0	0	0	0	0	0	0	0	0	0	0	0	0	0	0	0	0	0	0	0	0	0	0	0	0	0	0	0	0	0	0	0	0	0	0	0	0	0	0	0	0	0	0	0	0	0	0	0	0	0	0	0	0	0	0	160
0	0	0	0	0	0	0	0	0	0	0	0	0	0	0	0	0	0	0	0	0	0	0	0	0	0	0	0	0	0	0	0	0	0	0	0	0	0	0	0	0	0	0	0	0	0	0	0	0	0	0	0	0	0	0	0	0	0	0	0	0	0	0	0	0	0	0	0	0	0	0	0	0	0	0	0	0	0	0	0	0	0	0	0	0	0	0	0	0	0	0	0	0	0	0	0	0	0	0	0	0	0	0	0	0	0	0	0	0	0	0	0	0	0	0	0	0	0	0	0	0	0	0	0	0	0	0	0