0	59	97	16	46	85	97	35	128	35	18	88	96	12	106	14	80	109	98	107	86	89	108	84	23	79	127	55	34	37	128	89	121	59	6	117	59	37	19	55	71	14	31	75	12	34	124	44	101	52	45	97	12	8	109	18	77	62	78	115	42	71	30	66	9	84	66	46	62	80	84	67	63	116	89	6	41	16	52	17	64	25	115	7	89	87	73	78	26	53	11	37	82	52	84	58	69	15	109	67	87	55	10	79	80	111	48	100	34	119	86	34	118	91	59	89	21	64	95	106	68	117	85	91	44	39	47	112
0	0	104	59	107	110	27	98	103	23	19	23	48	12	119	42	32	14	25	108	69	123	100	47	96	30	78	103	41	25	17	27	96	57	19	49	70	56	37	28	129	86	60	81	4	96	115	101	121	111	97	42	84	18	52	65	55	70	126	90	37	86	119	120	50	11	106	98	37	42	56	6	108	7	28	65	117	78	64	14	9	15	45	45	97	8	60	128	59	57	9	6	48	20	42	95	20	117	68	46	127	79	112	76	57	98	15	112	100	77	36	87	31	18	21	7	68	76	101	4	64	67	42	64	89	126	83	89
0	0	0	48	91	121	28	126	127	83	72	93	81	39	123	53	28	75	8	87	66	30	81	119	95	40	66	6	20	19	102	114	4	39	63	129	63	52	118	102	30	16	33	115	84	62	113	106	27	18	116	130	15	50	74	8	118	128	89	3	53	14	20	48	16	126	126	99	28	26	114	29	49	25	3	67	66	121	53	30	47	58	27	71	36	112	44	46	46	86	118	125	34	119	106	78	68	22	116	24	90	23	119	40	11	127	5	100	105	46	58	76	59	5	14	35	105	24	79	107	85	93	65	20	14	13	41	75
0	0	0	0	117	87	41	121	90	5	26	9	63	108	83	15	56	75	39	15	43	49	62	88	52	62	71	110	69	89	63	24	104	50	45	44	95	75	29	80	106	35	122	84	45	56	81	46	66	35	21	52	34	127	25	12	54	38	89	91	17	95	108	90	55	100	14	96	97	90	15	8	54	19	16	87	48	108	49	119	52	89	121	100	32	24	67	36	116	120	22	100	120	77	91	42	110	47	61	71	64	103	38	60	28	73	75	106	67	120	46	7	92	22	34	68	55	85	123	47	100	71	48	15	109	50	112	13
0	0	0	0	0	20	132	90	60	29	15	105	96	41	108	62	27	52	47	30	86	48	26	38	37	23	96	113	31	65	83	27	23	129	12	25	93	46	94	57	132	50	113	72	54	38	30	74	81	41	118	68	41	51	119	83	40	64	62	36	118	15	20	60	44	115	100	79	14	72	105	73	92	54	96	57	32	127	66	48	36	58	25	58	85	76	114	44	12	38	17	89	97	125	29	132	118	124	87	10	90	96	11	83	45	7	80	87	119	117	56	35	63	128	10	24	61	122	82	118	118	79	112	44	103	70	57	86
0	0	0	0	0	0	43	112	88	14	26	73	89	92	76	56	74	121	37	2	67	9	26	8	93	111	28	115	109	110	55	98	3	113	58	10	79	88	107	35	77	78	92	39	62	123	62	23	32	9	15	108	9	70	128	120	101	52	72	127	71	115	41	39	78	5	121	77	70	17	18	23	98	57	123	113	87	46	52	78	43	34	34	38	114	93	12	96	72	90	74	71	7	82	49	130	45	118	57	60	106	28	45	24	78	106	14	92	45	77	98	43	119	27	122	41	25	69	45	98	102	125	75	55	129	20	56	80
0	0	0	0	0	0	0	97	93	53	79	61	99	80	33	61	41	42	90	77	79	106	60	99	50	67	116	105	31	84	97	105	53	7	25	93	44	8	19	42	119	51	40	69	69	94	117	51	9	46	85	100	129	108	39	134	11	110	106	19	55	28	10	9	104	25	53	17	99	81	130	90	50	127	114	74	58	16	87	25	87	101	77	38	14	109	30	22	69	23	44	129	91	38	43	90	23	57	84	33	71	39	41	125	20	81	110	35	28	8	132	31	112	70	61	109	109	35	101	122	20	129	94	63	123	53	13	81
0	0	0	0	0	0	0	0	131	108	93	123	57	56	52	100	16	122	118	44	68	106	19	20	109	36	5	45	96	11	56	14	106	8	25	9	60	111	99	51	69	107	50	89	73	133	6	124	129	77	16	18	123	25	56	133	75	115	112	27	97	28	33	25	71	103	6	58	50	106	130	10	116	101	87	51	120	47	18	34	117	28	27	76	107	11	61	59	127	136	10	105	53	67	51	103	2	12	88	28	15	122	111	107	97	31	110	99	74	119	72	71	122	11	68	64	40	66	38	29	8	24	120	80	93	27	98	61
0	0	0	0	0	0	0	0	0	110	16	130	72	81	66	27	66	66	73	109	63	115	32	101	39	124	50	73	87	101	76	51	12	92	31	110	101	86	132	100	88	53	114	128	36	97	80	22	10	60	109	80	117	51	27	41	81	63	35	79	47	126	108	70	14	25	115	57	52	100	16	28	51	48	23	115	11	106	91	104	44	73	96	82	113	100	61	67	85	94	14	96	92	54	89	77	105	31	14	10	44	131	98	48	101	12	92	119	96	110	40	51	107	113	7	112	119	128	122	38	11	78	54	97	112	96	60	122
0	0	0	0	0	0	0	0	0	0	92	39	26	106	116	51	101	114	79	102	20	22	59	44	20	18	65	92	89	76	83	104	35	94	123	9	115	59	105	3	128	109	50	55	92	19	46	68	73	76	58	122	76	80	41	63	60	14	108	17	84	120	108	120	87	77	116	38	118	121	19	123	44	72	20	11	65	82	77	28	97	26	93	110	19	39	131	25	99	12	24	34	95	68	97	76	93	81	17	106	104	45	14	90	9	85	18	105	130	129	114	112	72	138	84	71	33	68	40	115	71	66	26	26	67	39	113	77
0	0	0	0	0	0	0	0	0	0	0	48	101	63	128	82	15	62	101	129	115	23	12	55	16	64	124	118	103	106	83	16	60	55	117	15	71	77	80	58	111	57	43	124	30	101	102	103	13	97	54	77	93	91	67	66	113	120	81	32	77	91	90	59	121	14	47	93	45	38	90	45	40	7	97	73	89	111	48	68	67	47	119	67	92	75	28	108	125	82	31	98	123	88	94	120	41	55	23	88	123	117	4	63	70	96	85	106	123	38	27	83	52	16	87	31	17	100	56	88	43	64	46	131	91	90	61	36
0	0	0	0	0	0	0	0	0	0	0	0	90	63	113	41	110	106	119	59	115	59	93	70	71	52	9	124	99	131	62	92	102	11	12	79	89	37	130	66	100	70	24	127	119	78	31	124	44	136	29	62	82	33	100	65	127	43	98	60	17	14	11	26	19	111	38	47	21	75	92	98	89	77	80	112	137	15	36	125	126	111	23	20	104	19	86	16	63	23	70	38	23	42	56	45	110	58	129	79	76	120	6	48	39	88	106	59	28	64	105	128	23	13	130	31	55	18	86	118	127	72	58	28	127	22	29	80
0	0	0	0	0	0	0	0	0	0	0	0	0	22	88	34	45	55	120	23	24	40	58	125	70	33	78	78	117	111	79	105	137	47	50	126	58	36	23	58	20	86	72	14	84	68	49	14	60	65	15	102	110	128	28	88	102	129	100	39	82	57	10	35	48	94	62	100	51	101	107	123	96	107	78	44	88	67	79	59	74	52	15	126	104	63	37	15	104	70	60	93	28	11	103	116	66	82	64	72	61	46	17	121	36	108	124	108	58	62	28	25	43	76	110	138	93	71	98	42	14	82	98	38	136	126	77	17
0	0	0	0	0	0	0	0	0	0	0	0	0	0	42	36	18	79	21	93	83	43	56	95	36	112	35	104	120	15	120	52	39	127	44	98	111	97	28	96	108	127	79	9	81	101	110	55	61	34	95	26	73	46	64	108	97	108	114	89	85	91	135	11	82	12	110	103	14	38	67	46	40	56	67	69	60	12	44	18	59	72	82	125	24	102	104	135	141	42	129	100	115	62	84	76	91	68	16	99	44	26	74	115	48	99	46	15	105	71	27	103	20	32	107	50	131	86	57	86	93	69	99	102	22	106	118	124
0	0	0	0	0	0	0	0	0	0	0	0	0	0	0	122	39	14	119	75	102	10	123	96	60	83	24	114	86	94	79	58	44	19	123	115	40	57	106	38	121	37	35	54	75	108	62	111	60	94	113	75	97	30	101	108	120	87	107	31	79	82	52	28	123	46	88	46	40	45	103	18	117	49	38	65	107	83	100	72	36	14	26	48	101	124	123	27	111	116	38	103	118	21	87	98	99	84	19	57	35	129	101	83	14	51	62	86	98	113	34	111	137	69	13	112	116	62	12	102	38	112	138	22	95	36	78	38
0	0	0	0	0	0	0	0	0	0	0	0	0	0	0	0	64	92	135	129	96	44	45	90	106	131	97	21	63	133	126	20	132	104	41	33	73	53	73	91	25	57	108	85	79	48	60	105	58	39	52	22	85	70	118	61	7	85	15	120	11	13	86	72	78	73	87	36	106	86	99	54	23	77	13	86	69	29	8	33	42	128	43	56	57	100	100	15	114	20	100	37	120	77	94	52	66	118	128	84	101	59	56	19	90	96	87	33	70	110	119	106	75	97	79	49	26	92	110	119	43	78	112	78	103	106	81	57
0	0	0	0	0	0	0	0	0	0	0	0	0	0	0	0	0	107	53	37	111	71	30	64	101	122	91	113	79	105	100	95	7	128	74	102	55	51	114	70	126	31	58	103	88	43	136	114	98	11	139	39	110	43	17	98	98	117	53	23	117	142	24	19	32	43	27	14	93	132	47	95	133	92	33	70	112	6	80	94	120	108	135	108	64	93	49	95	33	17	9	59	94	32	51	137	57	23	92	127	120	120	33	52	56	70	84	59	102	80	17	15	53	22	109	65	32	134	116	131	138	20	124	48	143	110	59	115
0	0	0	0	0	0	0	0	0	0	0	0	0	0	0	0	0	0	69	130	113	126	70	94	29	56	13	17	48	105	14	48	39	22	53	46	29	13	128	129	127	142	131	29	123	7	102	14	104	112	100	132	95	132	109	116	97	121	79	28	54	63	112	97	24	130	69	30	35	32	76	130	74	34	97	131	78	57	69	7	36	51	117	113	71	127	23	39	64	68	41	48	38	133	113	100	52	45	57	23	100	138	95	72	61	72	125	94	128	122	69	35	88	36	82	83	40	88	36	79	121	75	117	83	88	109	92	48
0	0	0	0	0	0	0	0	0	0	0	0	0	0	0	0	0	0	0	41	22	23	53	9	55	74	128	108	69	83	25	101	93	17	119	104	88	42	84	94	82	64	35	76	70	86	75	100	55	102	70	32	96	56	109	62	40	33	138	119	30	141	69	118	23	82	111	89	108	14	137	16	52	45	44	60	37	74	75	68	34	25	98	80	83	32	84	92	91	94	30	63	102	27	39	99	41	32	108	51	54	109	55	69	129	7	111	67	112	86	66	120	133	114	105	81	102	84	62	134	54	120	29	134	114	127	130	99
0	0	0	0	0	0	0	0	0	0	0	0	0	0	0	0	0	0	0	0	56	64	100	132	34	117	52	19	56	70	70	99	44	41	63	14	53	50	47	97	84	32	137	122	117	88	141	31	51	96	51	32	54	23	135	13	128	134	60	83	82	99	43	95	9	111	114	124	109	105	105	127	97	134	114	22	110	40	138	62	17	96	46	81	56	28	115	71	52	97	50	125	104	94	20	29	68	116	25	52	99	94	33	14	104	116	47	43	119	48	65	107	46	47	25	24	113	63	25	94	37	90	60	77	32	78	60	112
0	0	0	0	0	0	0	0	0	0	0	0	0	0	0	0	0	0	0	0	0	110	62	52	110	53	113	121	113	39	55	102	66	80	103	82	96	87	33	88	144	129	28	53	74	40	97	137	105	37	125	118	114	31	39	43	67	129	13	66	44	30	73	109	124	64	27	76	15	5	82	33	35	78	69	113	122	98	31	86	100	68	103	29	44	62	53	23	115	79	72	51	43	89	102	31	53	123	26	34	41	72	37	128	135	60	7	72	137	123	96	80	100	58	126	83	6	135	13	26	44	52	9	47	19	99	32	65
0	0	0	0	0	0	0	0	0	0	0	0	0	0	0	0	0	0	0	0	0	0	20	16	61	32	117	101	103	59	40	74	23	56	10	15	6	52	40	93	104	49	49	58	49	123	102	51	49	87	40	114	94	39	87	123	57	50	113	26	92	27	105	111	62	47	150	17	34	81	43	40	68	121	81	109	136	30	118	94	122	50	127	57	52	51	36	53	112	112	15	47	116	126	51	54	13	95	80	117	38	137	107	116	45	50	102	133	43	57	63	61	71	107	89	88	37	32	34	110	87	114	129	53	95	106	20	73
0	0	0	0	0	0	0	0	0	0	0	0	0	0	0	0	0	0	0	0	0	0	0	113	40	70	86	12	52	17	86	49	43	113	117	59	102	19	62	54	127	120	71	113	59	131	86	123	43	83	95	66	49	55	91	118	92	86	54	138	28	51	38	64	63	26	103	116	57	99	75	78	128	27	79	102	11	131	124	63	109	41	80	109	35	35	108	76	126	145	82	80	124	43	51	95	105	21	82	62	142	71	48	49	60	106	74	51	130	114	143	89	144	119	49	110	24	118	77	88	14	39	56	120	100	118	27	137
0	0	0	0	0	0	0	0	0	0	0	0	0	0	0	0	0	0	0	0	0	0	0	0	34	118	41	44	87	74	8	107	20	143	99	151	131	37	115	82	55	60	94	141	107	98	102	35	133	35	50	130	42	48	137	119	95	63	139	86	27	64	71	104	57	56	74	63	47	34	116	33	119	86	73	102	31	127	66	126	27	28	31	118	96	77	27	75	122	47	62	90	54	84	52	107	81	44	133	119	89	35	30	70	83	10	118	108	72	62	55	35	45	65	59	133	132	19	85	126	8	125	98	58	94	105	77	9
0	0	0	0	0	0	0	0	0	0	0	0	0	0	0	0	0	0	0	0	0	0	0	0	0	101	139	59	100	95	125	13	86	41	119	126	81	119	133	41	136	34	27	82	88	56	33	103	67	38	127	94	92	40	103	131	51	128	36	60	39	62	143	77	130	27	54	147	31	55	38	110	136	107	137	47	32	60	93	119	43	126	99	152	131	110	125	40	95	27	99	128	134	131	128	27	112	124	36	116	128	9	108	126	48	40	79	61	26	29	134	126	127	29	49	86	146	93	85	58	67	56	134	101	70	22	110	81
0	0	0	0	0	0	0	0	0	0	0	0	0	0	0	0	0	0	0	0	0	0	0	0	0	0	107	6	29	55	50	80	61	113	126	85	108	57	45	84	26	128	51	125	69	132	114	100	104	36	68	91	94	55	50	40	44	31	28	34	47	27	139	43	29	101	33	77	56	27	123	33	40	38	114	101	7	89	43	87	54	133	117	117	64	73	13	13	30	24	33	82	129	145	39	92	65	74	105	131	137	110	70	73	69	32	121	25	145	110	132	20	121	116	116	64	62	100	153	11	111	107	83	84	68	81	51	132
0	0	0	0	0	0	0	0	0	0	0	0	0	0	0	0	0	0	0	0	0	0	0	0	0	0	0	44	63	42	105	11	115	82	78	75	70	137	90	66	77	117	64	41	29	105	150	82	64	91	82	83	132	74	71	40	86	100	78	120	124	54	140	74	24	19	68	85	91	33	29	22	85	123	79	96	42	83	126	128	73	49	19	101	139	94	48	7	128	100	32	136	35	70	57	125	30	101	27	84	127	126	42	74	52	7	97	64	37	104	28	116	101	54	90	75	136	88	25	30	33	108	121	86	122	122	94	32
0	0	0	0	0	0	0	0	0	0	0	0	0	0	0	0	0	0	0	0	0	0	0	0	0	0	0	0	128	39	100	41	140	36	65	81	24	83	130	129	35	37	98	93	115	32	126	43	48	136	36	35	11	128	62	78	98	114	81	101	41	27	24	145	129	58	23	102	57	72	37	85	63	86	110	45	46	16	7	112	81	79	97	44	74	138	26	36	28	28	80	128	12	94	70	137	69	53	65	14	139	95	120	65	47	18	107	109	26	22	118	29	153	135	137	76	24	138	16	12	139	95	22	36	127	108	41	121
0	0	0	0	0	0	0	0	0	0	0	0	0	0	0	0	0	0	0	0	0	0	0	0	0	0	0	0	0	37	26	12	149	110	41	120	124	58	50	125	48	92	120	113	33	61	39	130	152	136	54	52	39	137	111	69	55	129	94	125	66	85	64	15	13	70	37	40	36	140	104	67	127	118	35	136	90	25	91	51	33	97	92	25	34	141	94	51	39	125	131	108	61	139	63	99	96	87	37	143	129	118	129	73	100	20	133	86	134	56	76	52	120	130	85	81	99	40	82	67	83	25	27	42	22	115	131	65
0	0	0	0	0	0	0	0	0	0	0	0	0	0	0	0	0	0	0	0	0	0	0	0	0	0	0	0	0	0	42	62	47	124	112	36	72	104	60	82	112	113	80	82	75	16	92	44	108	154	136	148	29	19	132	116	138	12	27	101	137	78	80	126	37	129	122	27	25	118	68	66	37	28	60	77	108	112	21	90	97	38	124	41	57	65	148	46	121	117	91	151	156	130	138	94	83	22	39	103	14	115	32	14	40	90	119	65	16	120	22	90	103	108	32	64	79	65	87	34	46	54	42	97	53	113	34	91
0	0	0	0	0	0	0	0	0	0	0	0	0	0	0	0	0	0	0	0	0	0	0	0	0	0	0	0	0	0	0	90	147	104	48	106	48	67	30	114	71	109	121	84	89	148	116	126	16	74	100	104	54	119	108	53	102	42	70	92	63	45	78	138	139	136	100	113	96	9	112	45	25	12	91	73	97	90	143	105	129	68	98	110	110	92	79	55	131	102	134	71	57	69	28	45	109	51	92	19	115	78	91	75	32	21	48	69	51	20	134	54	60	39	77	112	4	126	66	143	6	48	94	130	69	105	69	59
0	0	0	0	0	0	0	0	0	0	0	0	0	0	0	0	0	0	0	0	0	0	0	0	0	0	0	0	0	0	0	0	32	42	39	74	62	91	69	84	23	120	102	90	41	22	46	38	15	96	149	43	116	94	118	110	114	60	95	22	54	70	134	54	61	35	61	52	23	75	93	46	39	92	125	78	17	24	58	144	15	73	58	50	91	28	35	108	83	147	117	125	54	76	55	120	101	95	63	106	88	92	4	58	124	110	34	56	89	74	144	25	89	21	112	133	123	127	139	92	45	118	36	47	108	77	47	71
0	0	0	0	0	0	0	0	0	0	0	0	0	0	0	0	0	0	0	0	0	0	0	0	0	0	0	0	0	0	0	0	0	62	127	129	48	115	21	131	39	62	130	87	27	67	33	19	55	55	33	51	22	90	102	129	38	65	66	72	56	58	36	54	40	54	84	124	98	86	87	103	121	45	68	7	17	104	83	79	17	84	139	115	78	26	41	46	77	56	28	62	114	110	140	94	34	80	89	127	108	36	53	19	86	148	49	60	58	68	128	59	98	93	19	38	24	58	157	63	84	126	112	66	19	100	79	26
0	0	0	0	0	0	0	0	0	0	0	0	0	0	0	0	0	0	0	0	0	0	0	0	0	0	0	0	0	0	0	0	0	0	119	103	67	89	129	74	85	38	103	26	41	38	16	43	54	94	30	148	52	62	103	81	64	43	50	76	100	131	147	131	92	93	15	82	43	18	56	102	35	103	69	27	140	90	122	134	51	139	136	29	15	132	138	117	113	61	46	68	160	141	74	109	33	127	70	127	140	111	116	60	78	68	110	23	71	79	43	103	121	64	87	26	134	91	130	83	23	127	102	40	141	127	108	53
0	0	0	0	0	0	0	0	0	0	0	0	0	0	0	0	0	0	0	0	0	0	0	0	0	0	0	0	0	0	0	0	0	0	0	72	107	126	84	32	101	63	146	51	141	52	28	124	46	124	24	39	31	120	94	119	143	80	94	21	129	137	112	60	101	81	152	110	55	33	28	92	94	27	63	48	73	146	51	94	108	117	47	47	25	34	47	130	142	24	120	114	131	110	92	53	89	28	147	104	131	114	142	133	93	47	116	60	139	32	16	116	13	88	142	58	90	72	94	94	129	41	37	34	132	34	114	60
0	0	0	0	0	0	0	0	0	0	0	0	0	0	0	0	0	0	0	0	0	0	0	0	0	0	0	0	0	0	0	0	0	0	0	0	128	131	113	115	99	54	61	119	67	114	83	122	65	50	143	106	115	35	115	93	55	23	26	90	95	66	81	145	21	105	125	51	103	31	57	126	118	134	81	15	105	134	24	10	117	101	98	46	126	103	45	38	55	37	140	135	11	93	126	40	137	95	113	41	76	81	111	88	146	89	35	140	77	58	139	100	101	84	87	70	34	46	120	89	118	112	58	80	129	16	24	61
0	0	0	0	0	0	0	0	0	0	0	0	0	0	0	0	0	0	0	0	0	0	0	0	0	0	0	0	0	0	0	0	0	0	0	0	0	135	95	119	98	101	84	119	116	117	142	44	76	115	140	29	64	64	122	143	58	97	147	53	36	76	130	75	59	87	127	44	35	115	53	145	37	89	64	115	46	133	68	109	94	112	151	49	46	38	153	159	112	13	58	108	18	25	39	41	28	99	93	129	75	78	111	137	47	63	109	54	92	73	61	118	134	95	35	94	43	97	55	88	63	27	42	137	36	91	50	27
0	0	0	0	0	0	0	0	0	0	0	0	0	0	0	0	0	0	0	0	0	0	0	0	0	0	0	0	0	0	0	0	0	0	0	0	0	0	49	131	63	92	26	155	60	52	97	75	148	122	74	102	152	98	123	88	106	104	138	83	78	35	40	58	118	87	139	120	37	17	69	36	77	42	47	78	13	26	21	105	65	18	131	40	78	41	38	97	52	36	156	39	130	57	94	39	43	74	128	33	53	73	28	109	34	32	132	125	51	51	132	62	123	125	50	87	104	68	84	59	97	58	139	72	17	107	120	74
0	0	0	0	0	0	0	0	0	0	0	0	0	0	0	0	0	0	0	0	0	0	0	0	0	0	0	0	0	0	0	0	0	0	0	0	0	0	0	133	62	152	61	81	9	106	143	95	132	45	106	110	114	133	142	111	92	82	110	59	122	57	40	94	90	67	39	75	136	92	98	61	34	108	76	65	89	80	62	60	72	116	64	156	143	121	58	120	25	124	129	18	65	119	154	47	80	117	81	28	82	86	153	96	56	38	68	118	61	81	112	44	92	50	134	138	33	112	70	138	88	155	98	52	144	137	89	101
0	0	0	0	0	0	0	0	0	0	0	0	0	0	0	0	0	0	0	0	0	0	0	0	0	0	0	0	0	0	0	0	0	0	0	0	0	0	0	0	72	82	74	31	87	128	112	60	142	102	18	68	69	151	99	58	44	66	40	117	79	75	33	111	69	77	48	109	26	97	139	46	97	49	53	147	106	108	115	49	66	38	117	116	105	79	76	120	112	24	80	115	127	96	66	36	107	78	39	37	31	143	88	148	74	132	71	149	93	116	36	28	120	150	86	45	151	49	28	58	20	115	88	133	96	50	139	111
0	0	0	0	0	0	0	0	0	0	0	0	0	0	0	0	0	0	0	0	0	0	0	0	0	0	0	0	0	0	0	0	0	0	0	0	0	0	0	0	0	47	99	53	3	20	23	159	42	52	100	43	112	123	143	96	91	87	73	125	31	16	44	101	103	106	133	113	141	82	100	66	130	141	97	121	30	79	87	131	150	157	117	143	143	125	27	88	57	115	59	84	25	93	129	67	84	88	122	104	60	32	46	15	126	110	62	50	114	66	51	121	90	87	59	72	44	123	78	34	150	140	53	124	79	47	45	38
0	0	0	0	0	0	0	0	0	0	0	0	0	0	0	0	0	0	0	0	0	0	0	0	0	0	0	0	0	0	0	0	0	0	0	0	0	0	0	0	0	0	24	98	56	102	48	37	121	113	107	50	29	127	132	140	32	49	131	141	50	73	133	40	99	95	55	36	81	110	117	35	52	106	63	74	139	56	160	148	102	137	101	29	114	150	31	141	139	39	116	72	38	29	110	122	147	67	116	117	99	72	70	27	85	78	109	33	133	83	86	67	78	79	18	62	107	30	149	128	56	113	82	68	88	34	25	53
0	0	0	0	0	0	0	0	0	0	0	0	0	0	0	0	0	0	0	0	0	0	0	0	0	0	0	0	0	0	0	0	0	0	0	0	0	0	0	0	0	0	0	153	120	142	102	13	63	80	77	17	15	141	140	46	114	128	169	82	88	100	103	120	137	22	25	84	118	80	124	87	48	51	39	100	78	129	155	93	98	69	70	53	112	9	45	87	50	63	69	123	54	80	120	50	41	161	82	59	84	105	147	19	34	149	138	93	14	50	110	68	47	42	96	51	115	86	125	101	71	101	101	70	80	93	39	43
0	0	0	0	0	0	0	0	0	0	0	0	0	0	0	0	0	0	0	0	0	0	0	0	0	0	0	0	0	0	0	0	0	0	0	0	0	0	0	0	0	0	0	0	129	114	19	70	28	145	63	64	113	115	75	135	144	40	63	90	108	17	85	51	123	87	36	132	84	45	118	66	88	20	139	54	33	149	42	137	42	91	72	70	57	130	52	103	88	53	106	41	128	63	140	112	132	127	110	26	37	136	87	119	136	110	23	145	134	68	138	84	55	110	102	111	159	41	121	142	75	83	72	84	94	124	90	136
0	0	0	0	0	0	0	0	0	0	0	0	0	0	0	0	0	0	0	0	0	0	0	0	0	0	0	0	0	0	0	0	0	0	0	0	0	0	0	0	0	0	0	0	0	112	167	69	144	71	127	100	50	66	143	71	137	40	47	86	41	142	153	102	147	33	52	149	132	59	39	53	107	39	92	151	80	26	84	76	128	93	21	146	113	108	131	141	111	29	77	7	68	58	51	102	127	158	130	46	139	115	130	58	144	149	108	79	80	48	46	153	52	68	47	34	153	96	47	119	81	74	54	35	65	105	91	69
0	0	0	0	0	0	0	0	0	0	0	0	0	0	0	0	0	0	0	0	0	0	0	0	0	0	0	0	0	0	0	0	0	0	0	0	0	0	0	0	0	0	0	0	0	0	75	85	119	25	77	145	29	36	65	92	128	96	125	39	44	40	145	53	38	63	105	145	104	116	84	58	92	61	130	90	92	70	74	108	85	63	44	122	106	124	107	50	82	89	101	32	156	59	57	33	153	111	49	16	116	115	158	107	110	109	91	94	56	55	170	57	91	139	120	35	37	64	82	135	126	58	147	26	112	66	127	51
0	0	0	0	0	0	0	0	0	0	0	0	0	0	0	0	0	0	0	0	0	0	0	0	0	0	0	0	0	0	0	0	0	0	0	0	0	0	0	0	0	0	0	0	0	0	0	95	98	15	89	70	79	123	16	43	40	121	81	60	129	61	139	45	118	148	61	101	35	86	112	38	116	44	110	80	78	49	63	38	56	34	146	132	72	28	82	29	81	72	116	40	24	111	69	58	72	28	75	71	106	46	37	59	89	140	63	108	138	71	70	113	18	157	114	125	69	93	90	46	65	96	33	81	74	96	42	126
0	0	0	0	0	0	0	0	0	0	0	0	0	0	0	0	0	0	0	0	0	0	0	0	0	0	0	0	0	0	0	0	0	0	0	0	0	0	0	0	0	0	0	0	0	0	0	0	119	97	44	125	54	116	48	66	48	8	53	128	148	98	61	22	66	127	153	86	112	134	108	65	77	57	66	139	55	107	143	91	115	49	107	75	41	50	121	46	158	39	34	121	68	121	73	122	20	144	50	84	60	120	123	88	130	137	128	68	28	60	30	33	109	39	86	129	95	159	125	144	115	48	68	126	70	108	28	49
0	0	0	0	0	0	0	0	0	0	0	0	0	0	0	0	0	0	0	0	0	0	0	0	0	0	0	0	0	0	0	0	0	0	0	0	0	0	0	0	0	0	0	0	0	0	0	0	0	124	61	83	79	78	36	74	55	55	115	97	99	127	132	43	99	34	74	56	54	25	66	126	132	42	98	122	76	109	131	31	58	174	49	102	98	94	141	88	125	57	48	97	83	76	119	138	64	129	51	26	147	97	94	82	51	73	35	132	36	127	121	125	135	94	13	166	106	80	82	29	26	96	80	74	124	40	108	116
0	0	0	0	0	0	0	0	0	0	0	0	0	0	0	0	0	0	0	0	0	0	0	0	0	0	0	0	0	0	0	0	0	0	0	0	0	0	0	0	0	0	0	0	0	0	0	0	0	0	70	43	56	65	110	82	101	131	110	106	98	136	115	114	37	148	132	10	45	54	43	137	86	64	23	122	25	59	134	116	91	102	92	34	56	37	35	134	72	35	72	124	86	66	122	133	125	69	64	168	120	139	121	36	126	123	86	59	47	93	97	82	154	59	14	90	125	44	41	74	98	71	168	30	85	124	105	90
0	0	0	0	0	0	0	0	0	0	0	0	0	0	0	0	0	0	0	0	0	0	0	0	0	0	0	0	0	0	0	0	0	0	0	0	0	0	0	0	0	0	0	0	0	0	0	0	0	0	0	69	147	118	100	119	70	60	95	14	23	146	123	93	68	90	61	67	138	55	36	97	73	55	99	147	41	89	109	117	55	46	55	41	158	65	70	86	124	71	105	123	153	60	6	47	152	164	129	147	110	107	168	60	117	124	88	125	102	20	128	61	56	132	25	134	166	55	79	112	102	96	82	113	13	152	82	71
0	0	0	0	0	0	0	0	0	0	0	0	0	0	0	0	0	0	0	0	0	0	0	0	0	0	0	0	0	0	0	0	0	0	0	0	0	0	0	0	0	0	0	0	0	0	0	0	0	0	0	0	112	126	136	163	85	51	136	150	60	115	26	90	40	107	118	34	169	148	37	56	135	60	115	62	68	127	54	57	127	48	116	52	58	86	175	49	66	117	61	64	52	125	153	84	97	158	79	61	134	42	14	79	55	102	117	139	5	43	144	40	42	121	92	64	109	33	21	68	141	42	129	102	57	58	90	75
0	0	0	0	0	0	0	0	0	0	0	0	0	0	0	0	0	0	0	0	0	0	0	0	0	0	0	0	0	0	0	0	0	0	0	0	0	0	0	0	0	0	0	0	0	0	0	0	0	0	0	0	0	51	70	81	103	93	89	125	91	133	55	102	50	88	51	124	100	53	166	73	26	134	170	93	130	111	128	93	102	135	60	102	37	132	151	123	150	115	82	29	125	19	55	34	45	63	143	95	48	59	103	103	63	145	104	101	163	15	66	80	107	41	79	154	69	62	158	83	17	84	67	116	33	83	69	45
0	0	0	0	0	0	0	0	0	0	0	0	0	0	0	0	0	0	0	0	0	0	0	0	0	0	0	0	0	0	0	0	0	0	0	0	0	0	0	0	0	0	0	0	0	0	0	0	0	0	0	0	0	0	93	43	33	40	136	93	88	79	54	44	154	47	110	109	96	40	120	61	81	65	97	76	66	43	157	130	86	66	62	122	60	87	107	123	156	143	116	116	65	62	136	43	126	44	90	128	33	45	139	40	35	79	136	32	144	81	162	107	53	55	56	126	138	174	65	124	129	38	94	66	83	109	74	41
0	0	0	0	0	0	0	0	0	0	0	0	0	0	0	0	0	0	0	0	0	0	0	0	0	0	0	0	0	0	0	0	0	0	0	0	0	0	0	0	0	0	0	0	0	0	0	0	0	0	0	0	0	0	0	100	15	7	93	148	119	57	52	143	64	164	134	43	161	19	60	67	118	73	50	92	11	149	58	148	147	45	56	9	140	138	41	103	124	124	106	146	108	85	146	98	154	28	137	176	33	67	138	137	37	83	87	95	21	40	50	71	102	131	46	44	147	134	131	89	42	48	116	109	115	68	145	122
0	0	0	0	0	0	0	0	0	0	0	0	0	0	0	0	0	0	0	0	0	0	0	0	0	0	0	0	0	0	0	0	0	0	0	0	0	0	0	0	0	0	0	0	0	0	0	0	0	0	0	0	0	0	0	0	109	52	155	135	158	147	150	88	87	142	77	146	137	43	112	72	11	80	39	112	100	99	179	170	46	171	107	59	157	44	93	150	135	71	85	33	106	106	75	104	137	23	128	57	78	17	93	80	64	100	70	153	148	173	61	122	142	70	132	48	110	128	94	131	26	114	58	56	47	119	96	143
0	0	0	0	0	0	0	0	0	0	0	0	0	0	0	0	0	0	0	0	0	0	0	0	0	0	0	0	0	0	0	0	0	0	0	0	0	0	0	0	0	0	0	0	0	0	0	0	0	0	0	0	0	0	0	0	0	134	89	87	67	65	87	72	81	137	71	93	116	60	139	118	49	138	48	104	126	140	112	67	38	137	43	69	143	66	134	42	38	41	155	106	57	128	58	56	82	13	53	127	73	62	49	90	106	82	90	107	88	56	78	48	58	43	100	61	25	72	68	34	116	84	74	89	81	108	120	65
0	0	0	0	0	0	0	0	0	0	0	0	0	0	0	0	0	0	0	0	0	0	0	0	0	0	0	0	0	0	0	0	0	0	0	0	0	0	0	0	0	0	0	0	0	0	0	0	0	0	0	0	0	0	0	0	0	0	118	9	101	70	82	71	122	90	67	88	108	86	39	84	55	69	148	128	136	134	77	108	161	73	103	65	81	93	74	41	70	166	66	50	55	58	75	61	161	115	85	167	179	134	41	21	46	146	114	31	142	130	87	172	78	28	116	144	106	171	61	98	64	41	48	55	170	81	156	45
0	0	0	0	0	0	0	0	0	0	0	0	0	0	0	0	0	0	0	0	0	0	0	0	0	0	0	0	0	0	0	0	0	0	0	0	0	0	0	0	0	0	0	0	0	0	0	0	0	0	0	0	0	0	0	0	0	0	0	157	90	109	147	69	70	132	114	76	42	117	137	147	60	77	21	151	69	121	120	59	98	86	34	94	71	67	112	22	35	82	38	107	16	111	177	93	20	72	84	72	126	65	107	85	130	145	81	47	108	89	7	54	79	96	133	7	154	128	91	158	45	103	118	99	102	112	133	97
0	0	0	0	0	0	0	0	0	0	0	0	0	0	0	0	0	0	0	0	0	0	0	0	0	0	0	0	0	0	0	0	0	0	0	0	0	0	0	0	0	0	0	0	0	0	0	0	0	0	0	0	0	0	0	0	0	0	0	0	115	103	121	79	63	40	123	100	66	61	82	86	132	127	84	85	134	106	28	35	128	74	51	84	31	110	80	100	83	90	77	163	158	99	92	146	88	88	136	99	102	50	22	83	161	22	27	108	81	64	135	36	136	26	63	69	69	127	133	108	46	46	54	57	153	90	108	50
0	0	0	0	0	0	0	0	0	0	0	0	0	0	0	0	0	0	0	0	0	0	0	0	0	0	0	0	0	0	0	0	0	0	0	0	0	0	0	0	0	0	0	0	0	0	0	0	0	0	0	0	0	0	0	0	0	0	0	0	0	84	91	131	31	46	70	9	54	75	91	178	132	84	113	123	40	70	68	85	49	147	65	12	99	145	104	115	78	62	181	135	45	63	103	72	47	113	22	167	103	47	159	91	56	55	176	120	108	98	38	139	105	110	43	69	105	123	23	12	116	157	117	145	102	24	61	129
0	0	0	0	0	0	0	0	0	0	0	0	0	0	0	0	0	0	0	0	0	0	0	0	0	0	0	0	0	0	0	0	0	0	0	0	0	0	0	0	0	0	0	0	0	0	0	0	0	0	0	0	0	0	0	0	0	0	0	0	0	0	89	115	79	94	124	106	25	46	46	128	60	117	144	23	18	54	103	19	144	130	68	132	94	117	51	108	99	89	38	30	90	104	143	55	67	55	27	169	135	72	72	132	139	126	67	60	125	61	109	120	132	92	134	101	45	47	46	59	33	80	63	83	34	128	126	70
0	0	0	0	0	0	0	0	0	0	0	0	0	0	0	0	0	0	0	0	0	0	0	0	0	0	0	0	0	0	0	0	0	0	0	0	0	0	0	0	0	0	0	0	0	0	0	0	0	0	0	0	0	0	0	0	0	0	0	0	0	0	0	111	162	15	94	104	148	62	75	64	132	184	134	103	55	72	54	65	148	93	79	109	118	153	68	55	74	121	139	118	84	38	97	68	137	149	90	114	63	65	95	98	64	174	26	105	92	144	9	53	10	72	56	58	60	85	31	142	89	86	84	148	90	78	132	77
0	0	0	0	0	0	0	0	0	0	0	0	0	0	0	0	0	0	0	0	0	0	0	0	0	0	0	0	0	0	0	0	0	0	0	0	0	0	0	0	0	0	0	0	0	0	0	0	0	0	0	0	0	0	0	0	0	0	0	0	0	0	0	0	137	113	169	142	80	44	61	96	75	72	32	124	135	5	106	72	129	154	130	86	51	82	103	125	36	16	47	159	86	35	162	134	97	181	91	146	66	120	104	45	69	73	155	38	35	126	75	160	173	102	125	101	130	55	128	140	70	92	105	35	36	127	141	41
0	0	0	0	0	0	0	0	0	0	0	0	0	0	0	0	0	0	0	0	0	0	0	0	0	0	0	0	0	0	0	0	0	0	0	0	0	0	0	0	0	0	0	0	0	0	0	0	0	0	0	0	0	0	0	0	0	0	0	0	0	0	0	0	0	149	83	39	98	140	140	139	163	83	44	107	23	113	133	97	127	48	14	77	36	43	142	51	55	73	19	28	81	120	75	94	158	101	77	141	39	167	144	131	123	138	123	131	50	151	87	94	139	65	26	64	134	5	102	89	148	29	67	90	53	49	26	27
0	0	0	0	0	0	0	0	0	0	0	0	0	0	0	0	0	0	0	0	0	0	0	0	0	0	0	0	0	0	0	0	0	0	0	0	0	0	0	0	0	0	0	0	0	0	0	0	0	0	0	0	0	0	0	0	0	0	0	0	0	0	0	0	0	0	133	109	106	9	55	86	44	66	37	127	69	146	42	89	191	34	177	77	74	68	116	141	163	123	66	101	123	120	89	136	54	83	84	85	105	83	64	175	162	157	184	143	85	67	134	68	123	148	129	23	38	73	94	123	109	110	150	30	64	4	29	161
0	0	0	0	0	0	0	0	0	0	0	0	0	0	0	0	0	0	0	0	0	0	0	0	0	0	0	0	0	0	0	0	0	0	0	0	0	0	0	0	0	0	0	0	0	0	0	0	0	0	0	0	0	0	0	0	0	0	0	0	0	0	0	0	0	0	0	22	100	110	25	103	41	152	60	111	68	182	128	126	71	86	80	40	145	93	44	117	52	72	139	32	149	73	161	83	22	79	134	130	22	151	87	78	145	88	64	119	142	152	113	173	123	150	118	115	22	90	66	128	123	34	119	139	107	68	165	71
0	0	0	0	0	0	0	0	0	0	0	0	0	0	0	0	0	0	0	0	0	0	0	0	0	0	0	0	0	0	0	0	0	0	0	0	0	0	0	0	0	0	0	0	0	0	0	0	0	0	0	0	0	0	0	0	0	0	0	0	0	0	0	0	0	0	0	0	44	69	70	173	90	160	28	92	37	110	120	102	103	77	120	103	106	121	97	122	91	94	106	75	115	17	48	64	69	92	121	136	42	135	86	91	135	87	131	101	108	26	73	61	89	118	46	100	156	79	75	54	139	55	135	170	75	73	144	100
0	0	0	0	0	0	0	0	0	0	0	0	0	0	0	0	0	0	0	0	0	0	0	0	0	0	0	0	0	0	0	0	0	0	0	0	0	0	0	0	0	0	0	0	0	0	0	0	0	0	0	0	0	0	0	0	0	0	0	0	0	0	0	0	0	0	0	0	0	66	67	110	127	81	22	107	65	125	7	104	101	151	89	187	143	21	64	132	109	23	65	104	82	125	116	24	115	127	60	59	74	70	113	164	110	37	92	29	34	88	41	164	90	139	73	166	44	128	14	133	119	115	30	93	175	122	43	125
0	0	0	0	0	0	0	0	0	0	0	0	0	0	0	0	0	0	0	0	0	0	0	0	0	0	0	0	0	0	0	0	0	0	0	0	0	0	0	0	0	0	0	0	0	0	0	0	0	0	0	0	0	0	0	0	0	0	0	0	0	0	0	0	0	0	0	0	0	0	64	111	44	91	120	75	169	99	32	146	144	99	16	80	109	130	35	106	31	134	72	122	76	117	94	55	88	33	50	134	156	159	67	68	76	95	79	113	152	63	136	137	127	153	72	114	77	134	17	108	151	107	156	49	66	183	187	118
0	0	0	0	0	0	0	0	0	0	0	0	0	0	0	0	0	0	0	0	0	0	0	0	0	0	0	0	0	0	0	0	0	0	0	0	0	0	0	0	0	0	0	0	0	0	0	0	0	0	0	0	0	0	0	0	0	0	0	0	0	0	0	0	0	0	0	0	0	0	0	151	51	130	160	72	121	79	107	194	159	81	185	136	106	121	82	84	69	78	141	140	112	133	40	73	89	145	115	77	133	179	120	56	137	86	172	113	69	22	93	92	118	64	34	95	133	44	42	112	124	101	78	191	78	53	126	78
0	0	0	0	0	0	0	0	0	0	0	0	0	0	0	0	0	0	0	0	0	0	0	0	0	0	0	0	0	0	0	0	0	0	0	0	0	0	0	0	0	0	0	0	0	0	0	0	0	0	0	0	0	0	0	0	0	0	0	0	0	0	0	0	0	0	0	0	0	0	0	0	116	74	46	22	93	67	166	95	33	29	32	90	78	114	55	186	158	86	102	125	61	99	109	100	159	84	66	95	93	131	81	68	29	160	159	125	69	46	131	55	42	34	183	155	31	17	125	61	141	65	71	111	153	148	60	101
0	0	0	0	0	0	0	0	0	0	0	0	0	0	0	0	0	0	0	0	0	0	0	0	0	0	0	0	0	0	0	0	0	0	0	0	0	0	0	0	0	0	0	0	0	0	0	0	0	0	0	0	0	0	0	0	0	0	0	0	0	0	0	0	0	0	0	0	0	0	0	0	0	124	57	87	112	71	40	111	189	89	52	77	44	47	107	56	24	60	31	138	41	93	164	108	161	67	129	104	47	163	65	147	27	165	151	114	76	35	173	160	57	102	167	132	99	145	91	42	26	124	49	197	89	51	139	135
0	0	0	0	0	0	0	0	0	0	0	0	0	0	0	0	0	0	0	0	0	0	0	0	0	0	0	0	0	0	0	0	0	0	0	0	0	0	0	0	0	0	0	0	0	0	0	0	0	0	0	0	0	0	0	0	0	0	0	0	0	0	0	0	0	0	0	0	0	0	0	0	0	0	123	185	49	54	50	132	182	94	93	38	31	107	45	68	119	49	90	100	141	126	110	158	112	160	92	97	157	122	75	33	152	67	107	120	107	78	135	59	167	81	118	69	59	48	87	109	29	83	179	52	146	119	79	95
0	0	0	0	0	0	0	0	0	0	0	0	0	0	0	0	0	0	0	0	0	0	0	0	0	0	0	0	0	0	0	0	0	0	0	0	0	0	0	0	0	0	0	0	0	0	0	0	0	0	0	0	0	0	0	0	0	0	0	0	0	0	0	0	0	0	0	0	0	0	0	0	0	0	0	144	41	39	39	133	140	75	80	147	100	51	104	77	151	93	103	85	92	117	131	133	90	91	131	77	116	94	61	134	31	125	162	138	196	51	182	165	141	128	144	135	82	52	109	197	8	138	137	77	63	153	136	115
0	0	0	0	0	0	0	0	0	0	0	0	0	0	0	0	0	0	0	0	0	0	0	0	0	0	0	0	0	0	0	0	0	0	0	0	0	0	0	0	0	0	0	0	0	0	0	0	0	0	0	0	0	0	0	0	0	0	0	0	0	0	0	0	0	0	0	0	0	0	0	0	0	0	0	0	118	92	156	139	26	168	116	170	38	182	56	66	65	128	77	105	121	70	57	140	117	170	100	90	148	27	68	117	151	18	102	57	78	175	147	140	110	161	160	130	41	80	49	121	152	96	161	107	83	47	186	58
0	0	0	0	0	0	0	0	0	0	0	0	0	0	0	0	0	0	0	0	0	0	0	0	0	0	0	0	0	0	0	0	0	0	0	0	0	0	0	0	0	0	0	0	0	0	0	0	0	0	0	0	0	0	0	0	0	0	0	0	0	0	0	0	0	0	0	0	0	0	0	0	0	0	0	0	0	101	99	82	135	171	151	122	150	83	140	83	87	174	17	136	51	147	150	105	127	53	25	112	191	84	148	88	130	93	153	111	35	136	25	36	99	29	108	151	73	136	59	96	171	164	185	130	21	112	116	119
0	0	0	0	0	0	0	0	0	0	0	0	0	0	0	0	0	0	0	0	0	0	0	0	0	0	0	0	0	0	0	0	0	0	0	0	0	0	0	0	0	0	0	0	0	0	0	0	0	0	0	0	0	0	0	0	0	0	0	0	0	0	0	0	0	0	0	0	0	0	0	0	0	0	0	0	0	0	51	103	125	75	142	158	73	87	66	147	126	52	137	72	82	132	57	170	50	110	14	81	58	92	175	178	99	115	71	167	64	97	183	79	76	162	131	33	25	19	192	172	124	76	90	74	106	84	160	127
0	0	0	0	0	0	0	0	0	0	0	0	0	0	0	0	0	0	0	0	0	0	0	0	0	0	0	0	0	0	0	0	0	0	0	0	0	0	0	0	0	0	0	0	0	0	0	0	0	0	0	0	0	0	0	0	0	0	0	0	0	0	0	0	0	0	0	0	0	0	0	0	0	0	0	0	0	0	0	16	31	126	68	150	118	75	158	125	146	57	27	87	32	129	102	97	18	119	72	119	162	35	114	25	143	158	100	100	73	87	179	52	80	94	74	40	181	143	103	141	29	106	90	143	58	72	96	86
0	0	0	0	0	0	0	0	0	0	0	0	0	0	0	0	0	0	0	0	0	0	0	0	0	0	0	0	0	0	0	0	0	0	0	0	0	0	0	0	0	0	0	0	0	0	0	0	0	0	0	0	0	0	0	0	0	0	0	0	0	0	0	0	0	0	0	0	0	0	0	0	0	0	0	0	0	0	0	0	111	109	101	108	80	59	70	126	88	161	103	130	49	86	200	88	100	204	100	47	111	179	108	168	136	74	83	76	115	107	112	111	192	40	60	115	92	97	130	50	151	44	141	66	174	145	171	48
0	0	0	0	0	0	0	0	0	0	0	0	0	0	0	0	0	0	0	0	0	0	0	0	0	0	0	0	0	0	0	0	0	0	0	0	0	0	0	0	0	0	0	0	0	0	0	0	0	0	0	0	0	0	0	0	0	0	0	0	0	0	0	0	0	0	0	0	0	0	0	0	0	0	0	0	0	0	0	0	0	140	146	35	135	108	112	69	87	37	82	85	135	21	182	85	56	149	189	66	72	126	84	108	78	51	142	64	130	62	87	129	30	38	71	36	100	146	148	128	77	113	58	127	60	119	163	31
0	0	0	0	0	0	0	0	0	0	0	0	0	0	0	0	0	0	0	0	0	0	0	0	0	0	0	0	0	0	0	0	0	0	0	0	0	0	0	0	0	0	0	0	0	0	0	0	0	0	0	0	0	0	0	0	0	0	0	0	0	0	0	0	0	0	0	0	0	0	0	0	0	0	0	0	0	0	0	0	0	0	69	124	28	109	78	107	125	163	63	169	119	109	64	177	124	155	74	124	98	83	140	85	17	114	16	104	30	28	122	162	186	146	93	42	101	192	38	61	154	38	185	52	58	63	146	84
0	0	0	0	0	0	0	0	0	0	0	0	0	0	0	0	0	0	0	0	0	0	0	0	0	0	0	0	0	0	0	0	0	0	0	0	0	0	0	0	0	0	0	0	0	0	0	0	0	0	0	0	0	0	0	0	0	0	0	0	0	0	0	0	0	0	0	0	0	0	0	0	0	0	0	0	0	0	0	0	0	0	0	130	34	97	115	91	141	147	124	64	168	38	125	190	104	59	74	62	112	69	130	137	88	148	187	87	118	97	124	164	51	109	19	94	200	111	52	128	82	79	39	128	84	77	63	58
0	0	0	0	0	0	0	0	0	0	0	0	0	0	0	0	0	0	0	0	0	0	0	0	0	0	0	0	0	0	0	0	0	0	0	0	0	0	0	0	0	0	0	0	0	0	0	0	0	0	0	0	0	0	0	0	0	0	0	0	0	0	0	0	0	0	0	0	0	0	0	0	0	0	0	0	0	0	0	0	0	0	0	0	161	129	93	54	103	94	161	68	201	81	86	139	191	65	51	137	129	170	53	53	186	74	125	135	111	70	155	60	96	86	56	123	113	99	57	147	111	130	76	194	155	89	128	143
0	0	0	0	0	0	0	0	0	0	0	0	0	0	0	0	0	0	0	0	0	0	0	0	0	0	0	0	0	0	0	0	0	0	0	0	0	0	0	0	0	0	0	0	0	0	0	0	0	0	0	0	0	0	0	0	0	0	0	0	0	0	0	0	0	0	0	0	0	0	0	0	0	0	0	0	0	0	0	0	0	0	0	0	0	132	74	120	104	88	67	83	60	133	88	164	97	165	87	140	63	123	139	182	18	98	145	113	89	164	77	86	106	194	57	94	145	68	77	84	128	116	155	99	30	88	194	47
0	0	0	0	0	0	0	0	0	0	0	0	0	0	0	0	0	0	0	0	0	0	0	0	0	0	0	0	0	0	0	0	0	0	0	0	0	0	0	0	0	0	0	0	0	0	0	0	0	0	0	0	0	0	0	0	0	0	0	0	0	0	0	0	0	0	0	0	0	0	0	0	0	0	0	0	0	0	0	0	0	0	0	0	0	0	50	165	89	74	153	62	137	118	144	73	55	157	158	82	159	48	113	118	32	57	92	115	123	156	39	34	151	79	104	144	6	81	105	46	110	151	144	67	139	99	142	135
0	0	0	0	0	0	0	0	0	0	0	0	0	0	0	0	0	0	0	0	0	0	0	0	0	0	0	0	0	0	0	0	0	0	0	0	0	0	0	0	0	0	0	0	0	0	0	0	0	0	0	0	0	0	0	0	0	0	0	0	0	0	0	0	0	0	0	0	0	0	0	0	0	0	0	0	0	0	0	0	0	0	0	0	0	0	0	132	138	124	188	173	152	45	119	62	88	164	49	92	120	163	51	63	56	50	159	62	103	83	184	144	123	133	102	113	81	127	118	86	165	79	73	62	92	98	91	139
0	0	0	0	0	0	0	0	0	0	0	0	0	0	0	0	0	0	0	0	0	0	0	0	0	0	0	0	0	0	0	0	0	0	0	0	0	0	0	0	0	0	0	0	0	0	0	0	0	0	0	0	0	0	0	0	0	0	0	0	0	0	0	0	0	0	0	0	0	0	0	0	0	0	0	0	0	0	0	0	0	0	0	0	0	0	0	0	116	17	121	95	51	177	103	113	84	123	107	142	135	37	114	164	135	150	64	131	144	57	143	124	117	37	109	140	144	195	204	90	200	45	44	182	91	140	59	116
0	0	0	0	0	0	0	0	0	0	0	0	0	0	0	0	0	0	0	0	0	0	0	0	0	0	0	0	0	0	0	0	0	0	0	0	0	0	0	0	0	0	0	0	0	0	0	0	0	0	0	0	0	0	0	0	0	0	0	0	0	0	0	0	0	0	0	0	0	0	0	0	0	0	0	0	0	0	0	0	0	0	0	0	0	0	0	0	0	158	116	103	89	82	204	75	75	149	124	98	80	198	135	48	41	103	168	77	93	94	127	130	87	144	131	135	116	99	114	101	136	38	59	152	137	171	107	83
0	0	0	0	0	0	0	0	0	0	0	0	0	0	0	0	0	0	0	0	0	0	0	0	0	0	0	0	0	0	0	0	0	0	0	0	0	0	0	0	0	0	0	0	0	0	0	0	0	0	0	0	0	0	0	0	0	0	0	0	0	0	0	0	0	0	0	0	0	0	0	0	0	0	0	0	0	0	0	0	0	0	0	0	0	0	0	0	0	0	89	185	77	83	72	205	135	155	73	115	187	184	125	151	52	89	144	66	94	101	116	107	108	154	124	23	70	189	56	55	189	115	162	90	60	126	31	139
0	0	0	0	0	0	0	0	0	0	0	0	0	0	0	0	0	0	0	0	0	0	0	0	0	0	0	0	0	0	0	0	0	0	0	0	0	0	0	0	0	0	0	0	0	0	0	0	0	0	0	0	0	0	0	0	0	0	0	0	0	0	0	0	0	0	0	0	0	0	0	0	0	0	0	0	0	0	0	0	0	0	0	0	0	0	0	0	0	0	0	31	130	112	119	74	135	176	119	182	179	114	101	107	122	205	110	155	91	109	162	149	81	174	161	162	78	171	93	66	139	105	61	91	54	121	145	104
0	0	0	0	0	0	0	0	0	0	0	0	0	0	0	0	0	0	0	0	0	0	0	0	0	0	0	0	0	0	0	0	0	0	0	0	0	0	0	0	0	0	0	0	0	0	0	0	0	0	0	0	0	0	0	0	0	0	0	0	0	0	0	0	0	0	0	0	0	0	0	0	0	0	0	0	0	0	0	0	0	0	0	0	0	0	0	0	0	0	0	0	178	99	165	81	93	102	163	78	148	168	128	109	102	73	105	123	22	93	183	152	131	164	159	88	119	84	67	137	124	34	216	67	116	42	150	53
0	0	0	0	0	0	0	0	0	0	0	0	0	0	0	0	0	0	0	0	0	0	0	0	0	0	0	0	0	0	0	0	0	0	0	0	0	0	0	0	0	0	0	0	0	0	0	0	0	0	0	0	0	0	0	0	0	0	0	0	0	0	0	0	0	0	0	0	0	0	0	0	0	0	0	0	0	0	0	0	0	0	0	0	0	0	0	0	0	0	0	0	0	63	159	92	139	138	112	110	175	103	88	117	186	141	119	145	74	136	148	101	121	107	127	92	81	138	154	117	42	87	17	92	128	121	100	131
0	0	0	0	0	0	0	0	0	0	0	0	0	0	0	0	0	0	0	0	0	0	0	0	0	0	0	0	0	0	0	0	0	0	0	0	0	0	0	0	0	0	0	0	0	0	0	0	0	0	0	0	0	0	0	0	0	0	0	0	0	0	0	0	0	0	0	0	0	0	0	0	0	0	0	0	0	0	0	0	0	0	0	0	0	0	0	0	0	0	0	0	0	0	167	117	191	92	118	30	57	150	126	108	124	149	128	32	96	43	84	106	193	163	48	123	113	99	140	99	186	146	6	210	177	109	126	102
0	0	0	0	0	0	0	0	0	0	0	0	0	0	0	0	0	0	0	0	0	0	0	0	0	0	0	0	0	0	0	0	0	0	0	0	0	0	0	0	0	0	0	0	0	0	0	0	0	0	0	0	0	0	0	0	0	0	0	0	0	0	0	0	0	0	0	0	0	0	0	0	0	0	0	0	0	0	0	0	0	0	0	0	0	0	0	0	0	0	0	0	0	0	0	96	133	166	183	135	47	143	141	142	60	153	174	166	86	118	66	34	168	175	99	125	147	42	76	187	75	156	82	128	60	132	193	102
0	0	0	0	0	0	0	0	0	0	0	0	0	0	0	0	0	0	0	0	0	0	0	0	0	0	0	0	0	0	0	0	0	0	0	0	0	0	0	0	0	0	0	0	0	0	0	0	0	0	0	0	0	0	0	0	0	0	0	0	0	0	0	0	0	0	0	0	0	0	0	0	0	0	0	0	0	0	0	0	0	0	0	0	0	0	0	0	0	0	0	0	0	0	0	0	104	178	94	68	131	88	167	142	178	51	151	217	76	193	132	137	58	101	153	80	136	140	60	103	89	138	43	155	160	149	118	200
0	0	0	0	0	0	0	0	0	0	0	0	0	0	0	0	0	0	0	0	0	0	0	0	0	0	0	0	0	0	0	0	0	0	0	0	0	0	0	0	0	0	0	0	0	0	0	0	0	0	0	0	0	0	0	0	0	0	0	0	0	0	0	0	0	0	0	0	0	0	0	0	0	0	0	0	0	0	0	0	0	0	0	0	0	0	0	0	0	0	0	0	0	0	0	0	0	113	75	204	100	131	62	54	64	109	120	45	206	118	144	64	101	86	58	16	104	106	92	110	96	151	104	138	32	97	42	71
0	0	0	0	0	0	0	0	0	0	0	0	0	0	0	0	0	0	0	0	0	0	0	0	0	0	0	0	0	0	0	0	0	0	0	0	0	0	0	0	0	0	0	0	0	0	0	0	0	0	0	0	0	0	0	0	0	0	0	0	0	0	0	0	0	0	0	0	0	0	0	0	0	0	0	0	0	0	0	0	0	0	0	0	0	0	0	0	0	0	0	0	0	0	0	0	0	0	83	145	56	58	121	138	140	138	98	142	104	92	75	197	89	192	150	90	121	28	71	42	109	190	191	12	42	26	84	132
0	0	0	0	0	0	0	0	0	0	0	0	0	0	0	0	0	0	0	0	0	0	0	0	0	0	0	0	0	0	0	0	0	0	0	0	0	0	0	0	0	0	0	0	0	0	0	0	0	0	0	0	0	0	0	0	0	0	0	0	0	0	0	0	0	0	0	0	0	0	0	0	0	0	0	0	0	0	0	0	0	0	0	0	0	0	0	0	0	0	0	0	0	0	0	0	0	0	0	51	152	144	117	182	183	104	146	122	13	161	196	44	175	88	175	76	51	50	164	172	149	155	85	73	125	40	84	138
0	0	0	0	0	0	0	0	0	0	0	0	0	0	0	0	0	0	0	0	0	0	0	0	0	0	0	0	0	0	0	0	0	0	0	0	0	0	0	0	0	0	0	0	0	0	0	0	0	0	0	0	0	0	0	0	0	0	0	0	0	0	0	0	0	0	0	0	0	0	0	0	0	0	0	0	0	0	0	0	0	0	0	0	0	0	0	0	0	0	0	0	0	0	0	0	0	0	0	0	111	131	185	166	96	93	109	212	82	124	159	154	156	131	121	133	86	127	127	73	173	32	83	65	108	85	127	144
0	0	0	0	0	0	0	0	0	0	0	0	0	0	0	0	0	0	0	0	0	0	0	0	0	0	0	0	0	0	0	0	0	0	0	0	0	0	0	0	0	0	0	0	0	0	0	0	0	0	0	0	0	0	0	0	0	0	0	0	0	0	0	0	0	0	0	0	0	0	0	0	0	0	0	0	0	0	0	0	0	0	0	0	0	0	0	0	0	0	0	0	0	0	0	0	0	0	0	0	0	84	94	97	176	80	76	141	68	81	184	147	148	88	98	114	162	104	83	133	145	166	186	132	112	131	66	145
0	0	0	0	0	0	0	0	0	0	0	0	0	0	0	0	0	0	0	0	0	0	0	0	0	0	0	0	0	0	0	0	0	0	0	0	0	0	0	0	0	0	0	0	0	0	0	0	0	0	0	0	0	0	0	0	0	0	0	0	0	0	0	0	0	0	0	0	0	0	0	0	0	0	0	0	0	0	0	0	0	0	0	0	0	0	0	0	0	0	0	0	0	0	0	0	0	0	0	0	0	0	109	194	43	135	101	28	113	19	138	101	18	160	148	160	118	173	99	148	24	116	217	168	209	166	149	78
0	0	0	0	0	0	0	0	0	0	0	0	0	0	0	0	0	0	0	0	0	0	0	0	0	0	0	0	0	0	0	0	0	0	0	0	0	0	0	0	0	0	0	0	0	0	0	0	0	0	0	0	0	0	0	0	0	0	0	0	0	0	0	0	0	0	0	0	0	0	0	0	0	0	0	0	0	0	0	0	0	0	0	0	0	0	0	0	0	0	0	0	0	0	0	0	0	0	0	0	0	0	0	156	106	127	111	82	164	100	68	180	71	96	212	72	200	89	54	97	136	111	182	43	102	129	187	21
0	0	0	0	0	0	0	0	0	0	0	0	0	0	0	0	0	0	0	0	0	0	0	0	0	0	0	0	0	0	0	0	0	0	0	0	0	0	0	0	0	0	0	0	0	0	0	0	0	0	0	0	0	0	0	0	0	0	0	0	0	0	0	0	0	0	0	0	0	0	0	0	0	0	0	0	0	0	0	0	0	0	0	0	0	0	0	0	0	0	0	0	0	0	0	0	0	0	0	0	0	0	0	0	101	168	82	93	113	211	69	117	103	143	50	160	210	43	98	76	111	142	74	163	193	158	76	78
0	0	0	0	0	0	0	0	0	0	0	0	0	0	0	0	0	0	0	0	0	0	0	0	0	0	0	0	0	0	0	0	0	0	0	0	0	0	0	0	0	0	0	0	0	0	0	0	0	0	0	0	0	0	0	0	0	0	0	0	0	0	0	0	0	0	0	0	0	0	0	0	0	0	0	0	0	0	0	0	0	0	0	0	0	0	0	0	0	0	0	0	0	0	0	0	0	0	0	0	0	0	0	0	0	105	132	95	79	175	116	140	72	52	49	113	155	68	142	132	71	155	36	103	56	117	72	71
0	0	0	0	0	0	0	0	0	0	0	0	0	0	0	0	0	0	0	0	0	0	0	0	0	0	0	0	0	0	0	0	0	0	0	0	0	0	0	0	0	0	0	0	0	0	0	0	0	0	0	0	0	0	0	0	0	0	0	0	0	0	0	0	0	0	0	0	0	0	0	0	0	0	0	0	0	0	0	0	0	0	0	0	0	0	0	0	0	0	0	0	0	0	0	0	0	0	0	0	0	0	0	0	0	0	176	66	151	154	161	93	190	103	97	111	169	157	194	163	198	128	51	119	148	77	122	124
0	0	0	0	0	0	0	0	0	0	0	0	0	0	0	0	0	0	0	0	0	0	0	0	0	0	0	0	0	0	0	0	0	0	0	0	0	0	0	0	0	0	0	0	0	0	0	0	0	0	0	0	0	0	0	0	0	0	0	0	0	0	0	0	0	0	0	0	0	0	0	0	0	0	0	0	0	0	0	0	0	0	0	0	0	0	0	0	0	0	0	0	0	0	0	0	0	0	0	0	0	0	0	0	0	0	0	101	186	78	8	93	135	78	173	106	99	170	116	142	86	135	122	105	165	167	131	96
0	0	0	0	0	0	0	0	0	0	0	0	0	0	0	0	0	0	0	0	0	0	0	0	0	0	0	0	0	0	0	0	0	0	0	0	0	0	0	0	0	0	0	0	0	0	0	0	0	0	0	0	0	0	0	0	0	0	0	0	0	0	0	0	0	0	0	0	0	0	0	0	0	0	0	0	0	0	0	0	0	0	0	0	0	0	0	0	0	0	0	0	0	0	0	0	0	0	0	0	0	0	0	0	0	0	0	0	108	42	113	157	210	121	121	72	119	146	154	79	94	31	166	99	139	169	103	197
0	0	0	0	0	0	0	0	0	0	0	0	0	0	0	0	0	0	0	0	0	0	0	0	0	0	0	0	0	0	0	0	0	0	0	0	0	0	0	0	0	0	0	0	0	0	0	0	0	0	0	0	0	0	0	0	0	0	0	0	0	0	0	0	0	0	0	0	0	0	0	0	0	0	0	0	0	0	0	0	0	0	0	0	0	0	0	0	0	0	0	0	0	0	0	0	0	0	0	0	0	0	0	0	0	0	0	0	0	120	105	109	143	121	213	60	199	39	48	131	158	148	122	121	119	200	107	62
0	0	0	0	0	0	0	0	0	0	0	0	0	0	0	0	0	0	0	0	0	0	0	0	0	0	0	0	0	0	0	0	0	0	0	0	0	0	0	0	0	0	0	0	0	0	0	0	0	0	0	0	0	0	0	0	0	0	0	0	0	0	0	0	0	0	0	0	0	0	0	0	0	0	0	0	0	0	0	0	0	0	0	0	0	0	0	0	0	0	0	0	0	0	0	0	0	0	0	0	0	0	0	0	0	0	0	0	0	0	82	61	117	121	140	161	80	194	138	73	115	116	118	40	57	130	117	120
0	0	0	0	0	0	0	0	0	0	0	0	0	0	0	0	0	0	0	0	0	0	0	0	0	0	0	0	0	0	0	0	0	0	0	0	0	0	0	0	0	0	0	0	0	0	0	0	0	0	0	0	0	0	0	0	0	0	0	0	0	0	0	0	0	0	0	0	0	0	0	0	0	0	0	0	0	0	0	0	0	0	0	0	0	0	0	0	0	0	0	0	0	0	0	0	0	0	0	0	0	0	0	0	0	0	0	0	0	0	0	119	68	104	157	157	98	108	110	139	198	149	180	29	80	31	59	186
0	0	0	0	0	0	0	0	0	0	0	0	0	0	0	0	0	0	0	0	0	0	0	0	0	0	0	0	0	0	0	0	0	0	0	0	0	0	0	0	0	0	0	0	0	0	0	0	0	0	0	0	0	0	0	0	0	0	0	0	0	0	0	0	0	0	0	0	0	0	0	0	0	0	0	0	0	0	0	0	0	0	0	0	0	0	0	0	0	0	0	0	0	0	0	0	0	0	0	0	0	0	0	0	0	0	0	0	0	0	0	0	166	215	138	125	142	75	112	95	140	172	95	171	130	149	89	90
0	0	0	0	0	0	0	0	0	0	0	0	0	0	0	0	0	0	0	0	0	0	0	0	0	0	0	0	0	0	0	0	0	0	0	0	0	0	0	0	0	0	0	0	0	0	0	0	0	0	0	0	0	0	0	0	0	0	0	0	0	0	0	0	0	0	0	0	0	0	0	0	0	0	0	0	0	0	0	0	0	0	0	0	0	0	0	0	0	0	0	0	0	0	0	0	0	0	0	0	0	0	0	0	0	0	0	0	0	0	0	0	0	128	128	207	37	25	106	136	68	97	78	72	154	130	143	70
0	0	0	0	0	0	0	0	0	0	0	0	0	0	0	0	0	0	0	0	0	0	0	0	0	0	0	0	0	0	0	0	0	0	0	0	0	0	0	0	0	0	0	0	0	0	0	0	0	0	0	0	0	0	0	0	0	0	0	0	0	0	0	0	0	0	0	0	0	0	0	0	0	0	0	0	0	0	0	0	0	0	0	0	0	0	0	0	0	0	0	0	0	0	0	0	0	0	0	0	0	0	0	0	0	0	0	0	0	0	0	0	0	0	133	154	204	123	54	146	108	161	73	118	36	140	135	29
0	0	0	0	0	0	0	0	0	0	0	0	0	0	0	0	0	0	0	0	0	0	0	0	0	0	0	0	0	0	0	0	0	0	0	0	0	0	0	0	0	0	0	0	0	0	0	0	0	0	0	0	0	0	0	0	0	0	0	0	0	0	0	0	0	0	0	0	0	0	0	0	0	0	0	0	0	0	0	0	0	0	0	0	0	0	0	0	0	0	0	0	0	0	0	0	0	0	0	0	0	0	0	0	0	0	0	0	0	0	0	0	0	0	0	75	203	72	170	37	61	37	72	214	28	155	165	218
0	0	0	0	0	0	0	0	0	0	0	0	0	0	0	0	0	0	0	0	0	0	0	0	0	0	0	0	0	0	0	0	0	0	0	0	0	0	0	0	0	0	0	0	0	0	0	0	0	0	0	0	0	0	0	0	0	0	0	0	0	0	0	0	0	0	0	0	0	0	0	0	0	0	0	0	0	0	0	0	0	0	0	0	0	0	0	0	0	0	0	0	0	0	0	0	0	0	0	0	0	0	0	0	0	0	0	0	0	0	0	0	0	0	0	0	119	108	153	83	57	161	109	84	139	41	90	82
0	0	0	0	0	0	0	0	0	0	0	0	0	0	0	0	0	0	0	0	0	0	0	0	0	0	0	0	0	0	0	0	0	0	0	0	0	0	0	0	0	0	0	0	0	0	0	0	0	0	0	0	0	0	0	0	0	0	0	0	0	0	0	0	0	0	0	0	0	0	0	0	0	0	0	0	0	0	0	0	0	0	0	0	0	0	0	0	0	0	0	0	0	0	0	0	0	0	0	0	0	0	0	0	0	0	0	0	0	0	0	0	0	0	0	0	0	188	140	65	205	71	131	116	166	122	131	101
0	0	0	0	0	0	0	0	0	0	0	0	0	0	0	0	0	0	0	0	0	0	0	0	0	0	0	0	0	0	0	0	0	0	0	0	0	0	0	0	0	0	0	0	0	0	0	0	0	0	0	0	0	0	0	0	0	0	0	0	0	0	0	0	0	0	0	0	0	0	0	0	0	0	0	0	0	0	0	0	0	0	0	0	0	0	0	0	0	0	0	0	0	0	0	0	0	0	0	0	0	0	0	0	0	0	0	0	0	0	0	0	0	0	0	0	0	0	73	151	238	196	104	108	109	218	180	168
0	0	0	0	0	0	0	0	0	0	0	0	0	0	0	0	0	0	0	0	0	0	0	0	0	0	0	0	0	0	0	0	0	0	0	0	0	0	0	0	0	0	0	0	0	0	0	0	0	0	0	0	0	0	0	0	0	0	0	0	0	0	0	0	0	0	0	0	0	0	0	0	0	0	0	0	0	0	0	0	0	0	0	0	0	0	0	0	0	0	0	0	0	0	0	0	0	0	0	0	0	0	0	0	0	0	0	0	0	0	0	0	0	0	0	0	0	0	0	169	128	68	84	111	51	170	194	22
0	0	0	0	0	0	0	0	0	0	0	0	0	0	0	0	0	0	0	0	0	0	0	0	0	0	0	0	0	0	0	0	0	0	0	0	0	0	0	0	0	0	0	0	0	0	0	0	0	0	0	0	0	0	0	0	0	0	0	0	0	0	0	0	0	0	0	0	0	0	0	0	0	0	0	0	0	0	0	0	0	0	0	0	0	0	0	0	0	0	0	0	0	0	0	0	0	0	0	0	0	0	0	0	0	0	0	0	0	0	0	0	0	0	0	0	0	0	0	0	152	79	127	125	190	139	211	167
0	0	0	0	0	0	0	0	0	0	0	0	0	0	0	0	0	0	0	0	0	0	0	0	0	0	0	0	0	0	0	0	0	0	0	0	0	0	0	0	0	0	0	0	0	0	0	0	0	0	0	0	0	0	0	0	0	0	0	0	0	0	0	0	0	0	0	0	0	0	0	0	0	0	0	0	0	0	0	0	0	0	0	0	0	0	0	0	0	0	0	0	0	0	0	0	0	0	0	0	0	0	0	0	0	0	0	0	0	0	0	0	0	0	0	0	0	0	0	0	0	126	206	105	119	204	120	81
0	0	0	0	0	0	0	0	0	0	0	0	0	0	0	0	0	0	0	0	0	0	0	0	0	0	0	0	0	0	0	0	0	0	0	0	0	0	0	0	0	0	0	0	0	0	0	0	0	0	0	0	0	0	0	0	0	0	0	0	0	0	0	0	0	0	0	0	0	0	0	0	0	0	0	0	0	0	0	0	0	0	0	0	0	0	0	0	0	0	0	0	0	0	0	0	0	0	0	0	0	0	0	0	0	0	0	0	0	0	0	0	0	0	0	0	0	0	0	0	0	0	23	164	153	102	14	176
0	0	0	0	0	0	0	0	0	0	0	0	0	0	0	0	0	0	0	0	0	0	0	0	0	0	0	0	0	0	0	0	0	0	0	0	0	0	0	0	0	0	0	0	0	0	0	0	0	0	0	0	0	0	0	0	0	0	0	0	0	0	0	0	0	0	0	0	0	0	0	0	0	0	0	0	0	0	0	0	0	0	0	0	0	0	0	0	0	0	0	0	0	0	0	0	0	0	0	0	0	0	0	0	0	0	0	0	0	0	0	0	0	0	0	0	0	0	0	0	0	0	0	207	36	83	153	127
0	0	0	0	0	0	0	0	0	0	0	0	0	0	0	0	0	0	0	0	0	0	0	0	0	0	0	0	0	0	0	0	0	0	0	0	0	0	0	0	0	0	0	0	0	0	0	0	0	0	0	0	0	0	0	0	0	0	0	0	0	0	0	0	0	0	0	0	0	0	0	0	0	0	0	0	0	0	0	0	0	0	0	0	0	0	0	0	0	0	0	0	0	0	0	0	0	0	0	0	0	0	0	0	0	0	0	0	0	0	0	0	0	0	0	0	0	0	0	0	0	0	0	0	112	135	182	146
0	0	0	0	0	0	0	0	0	0	0	0	0	0	0	0	0	0	0	0	0	0	0	0	0	0	0	0	0	0	0	0	0	0	0	0	0	0	0	0	0	0	0	0	0	0	0	0	0	0	0	0	0	0	0	0	0	0	0	0	0	0	0	0	0	0	0	0	0	0	0	0	0	0	0	0	0	0	0	0	0	0	0	0	0	0	0	0	0	0	0	0	0	0	0	0	0	0	0	0	0	0	0	0	0	0	0	0	0	0	0	0	0	0	0	0	0	0	0	0	0	0	0	0	0	94	129	209
0	0	0	0	0	0	0	0	0	0	0	0	0	0	0	0	0	0	0	0	0	0	0	0	0	0	0	0	0	0	0	0	0	0	0	0	0	0	0	0	0	0	0	0	0	0	0	0	0	0	0	0	0	0	0	0	0	0	0	0	0	0	0	0	0	0	0	0	0	0	0	0	0	0	0	0	0	0	0	0	0	0	0	0	0	0	0	0	0	0	0	0	0	0	0	0	0	0	0	0	0	0	0	0	0	0	0	0	0	0	0	0	0	0	0	0	0	0	0	0	0	0	0	0	0	0	133	175
0	0	0	0	0	0	0	0	0	0	0	0	0	0	0	0	0	0	0	0	0	0	0	0	0	0	0	0	0	0	0	0	0	0	0	0	0	0	0	0	0	0	0	0	0	0	0	0	0	0	0	0	0	0	0	0	0	0	0	0	0	0	0	0	0	0	0	0	0	0	0	0	0	0	0	0	0	0	0	0	0	0	0	0	0	0	0	0	0	0	0	0	0	0	0	0	0	0	0	0	0	0	0	0	0	0	0	0	0	0	0	0	0	0	0	0	0	0	0	0	0	0	0	0	0	0	0	184
0	0	0	0	0	0	0	0	0	0	0	0	0	0	0	0	0	0	0	0	0	0	0	0	0	0	0	0	0	0	0	0	0	0	0	0	0	0	0	0	0	0	0	0	0	0	0	0	0	0	0	0	0	0	0	0	0	0	0	0	0	0	0	0	0	0	0	0	0	0	0	0	0	0	0	0	0	0	0	0	0	0	0	0	0	0	0	0	0	0	0	0	0	0	0	0	0	0	0	0	0	0	0	0	0	0	0	0	0	0	0	0	0	0	0	0	0	0	0	0	0	0	0	0	0	0	0	0