0	35	23	115	59	24	90	120	119	30	48	51	13	116	104	41	116	89	68	126	66	99	107	4	25	84	89	55	106	56	90	27	90	29	53	110	11	12	112	42	113	3	36	108	56	59	117	80	67	110	71	7	68	65	74	48	110	39	129	107	60	125	35	24	125	43	109	107	90	102	83	70	5	33	83	66	80	16	97	88	42	77	99	12	24	68	113	43	126	26	30	53	104	109	32	105	38	63	72	75	90	52	32	90	34	56	40	15	4	79	75	105	103	8	105	115	80	15	64	69	96	103	63	43	109	22	45	93
0	0	63	121	15	101	29	44	12	57	9	4	33	58	84	60	78	102	91	78	129	32	97	35	117	76	10	75	75	127	96	44	95	80	100	87	52	32	39	46	17	97	122	87	122	62	33	47	39	66	61	32	54	100	23	11	26	128	37	121	82	99	103	108	110	117	9	83	57	55	28	75	110	52	105	26	5	102	61	3	85	56	30	74	68	127	10	81	118	57	86	59	57	77	6	27	114	29	103	26	107	127	17	114	54	60	85	87	103	125	14	116	26	60	102	78	5	88	15	84	64	84	22	16	52	56	25	9
0	0	0	129	72	94	47	63	102	89	3	42	123	89	109	130	131	109	36	38	47	96	62	11	60	119	19	107	90	85	28	34	130	94	6	55	76	96	76	49	27	122	114	79	87	55	118	90	29	123	41	87	48	96	64	87	30	9	45	72	40	13	58	6	90	35	7	54	101	24	34	22	67	124	107	62	13	34	64	13	24	53	82	42	49	121	65	28	106	100	7	104	123	27	61	21	35	46	91	93	70	112	66	97	80	103	13	17	93	65	53	70	51	56	75	4	112	30	26	17	68	59	18	125	45	123	59	73
0	0	0	0	100	74	84	90	93	129	119	97	63	21	12	47	22	65	62	43	41	5	22	121	31	74	57	14	129	19	48	37	34	112	87	9	28	99	46	79	49	22	96	97	127	30	119	61	64	7	78	53	83	43	52	77	58	83	58	45	34	68	105	123	35	114	4	10	71	94	92	127	22	98	66	37	56	19	89	96	24	86	128	39	85	90	65	75	54	67	120	68	87	113	21	66	62	5	102	88	51	7	122	4	123	81	6	23	90	4	102	17	49	23	126	107	130	56	35	96	96	125	63	116	44	102	38	40
0	0	0	0	0	64	129	107	29	62	95	106	60	7	15	102	121	96	25	63	83	26	22	107	51	72	66	74	6	13	41	10	19	119	20	110	21	106	17	54	90	121	13	28	62	27	114	82	124	51	26	14	67	65	130	119	100	43	131	97	44	51	55	96	19	29	131	49	20	46	88	105	96	101	71	73	8	80	70	129	118	99	43	94	85	82	16	124	8	6	67	99	22	47	35	94	18	53	63	7	31	37	95	91	42	8	93	7	128	52	26	41	74	57	67	124	80	56	10	118	115	8	113	76	129	122	104	102
0	0	0	0	0	0	100	117	118	54	19	34	66	74	7	16	15	106	80	35	62	68	94	92	97	117	94	110	6	17	130	105	13	114	25	117	71	106	46	83	63	109	73	86	5	15	79	58	104	95	61	46	119	99	85	81	46	82	132	34	96	70	90	70	69	93	37	31	21	92	23	2	8	2	78	72	42	23	51	93	87	93	72	82	93	12	23	63	41	90	130	64	56	87	93	123	23	111	47	54	39	115	121	117	112	50	31	83	101	114	17	75	72	112	89	54	62	33	29	89	107	37	10	64	67	118	91	67
0	0	0	0	0	0	0	96	57	14	17	24	82	9	52	76	122	37	33	129	87	100	71	27	112	86	12	98	12	24	109	114	80	132	16	16	74	58	78	80	15	75	80	117	40	38	73	108	100	127	44	81	59	83	38	50	92	112	70	130	95	76	59	8	10	80	80	133	84	56	50	88	62	94	24	29	33	88	108	40	51	96	67	28	112	125	8	60	54	26	104	48	44	18	15	104	106	103	14	126	96	125	59	53	123	32	66	82	18	131	70	31	24	38	20	64	115	33	105	16	115	111	78	10	45	97	122	34
0	0	0	0	0	0	0	0	110	125	58	12	25	120	78	104	120	122	6	84	72	23	121	107	132	75	17	99	43	81	92	17	20	61	45	15	76	39	58	13	66	43	12	27	80	9	127	72	44	121	87	13	90	37	31	126	112	25	22	108	9	59	53	73	118	119	14	90	109	103	67	113	63	58	24	61	60	7	70	113	120	39	44	75	14	50	75	103	117	97	81	94	120	7	41	49	32	44	121	56	53	67	21	130	77	88	35	6	35	117	130	129	73	114	106	100	31	122	39	37	101	92	37	42	4	129	15	114
0	0	0	0	0	0	0	0	0	24	38	117	117	19	108	116	64	124	63	40	48	65	117	125	67	126	27	47	32	83	90	99	50	4	20	50	121	73	116	85	42	63	39	103	119	45	27	34	115	73	58	60	40	104	23	35	111	46	102	111	57	120	5	78	34	31	86	26	124	26	92	2	103	4	134	115	36	109	126	83	17	87	58	67	31	96	65	28	57	65	66	34	72	59	14	44	32	92	50	22	121	75	11	115	134	38	49	84	74	109	127	103	117	132	31	107	108	79	84	26	132	61	11	22	96	17	107	71
0	0	0	0	0	0	0	0	0	0	100	127	72	91	132	106	6	115	108	5	94	46	59	45	85	39	22	8	126	32	39	102	104	34	96	50	5	31	24	78	46	97	4	113	64	93	84	61	62	92	75	69	69	15	37	52	56	24	73	71	115	103	78	51	108	33	54	59	91	32	9	117	112	135	27	25	99	128	115	27	24	86	130	61	121	29	117	118	68	118	86	31	69	62	122	77	118	94	45	75	83	33	22	129	56	117	101	70	91	99	129	75	77	34	137	31	124	42	20	63	61	94	130	73	18	24	60	4
0	0	0	0	0	0	0	0	0	0	0	92	53	129	126	40	113	92	74	121	41	7	65	42	57	23	75	83	93	34	26	80	127	13	39	38	31	101	19	33	60	97	100	11	40	111	68	103	16	68	101	71	8	115	136	46	74	67	53	56	16	86	38	100	89	98	115	67	117	8	13	119	8	14	120	27	58	15	15	131	44	52	49	60	12	89	68	26	71	81	22	113	97	95	46	81	37	134	120	79	33	104	114	99	132	124	54	137	82	12	22	51	41	113	60	80	95	123	69	115	47	60	54	136	45	106	12	57
0	0	0	0	0	0	0	0	0	0	0	0	56	123	68	135	15	38	71	56	99	8	91	57	115	81	88	74	84	71	48	113	28	136	40	5	94	15	21	108	53	29	8	87	66	129	18	26	37	102	107	18	48	85	133	128	125	31	10	64	77	12	56	111	34	125	123	52	121	68	111	67	87	38	110	131	79	61	47	98	69	14	77	124	105	109	44	106	108	68	82	114	83	128	101	19	31	87	74	124	112	111	78	64	39	102	33	57	26	26	81	78	68	120	61	25	108	64	113	13	96	57	123	73	134	19	50	28
0	0	0	0	0	0	0	0	0	0	0	0	0	117	31	109	13	89	7	72	106	85	29	103	21	93	123	19	102	49	22	31	83	107	84	25	55	97	137	76	107	44	133	28	19	84	73	64	73	126	115	21	90	50	13	93	52	76	45	90	108	6	126	68	91	82	57	136	78	130	45	48	45	99	86	111	42	93	28	85	40	29	15	51	56	49	115	41	44	123	121	76	72	126	89	128	35	19	96	18	12	62	35	121	98	123	73	41	17	90	37	118	67	10	28	130	102	14	86	122	37	24	119	99	31	65	88	125
0	0	0	0	0	0	0	0	0	0	0	0	0	0	130	112	45	95	14	29	98	42	109	25	74	74	49	18	38	50	65	131	56	114	57	88	26	29	98	69	109	74	14	59	106	125	81	29	96	67	89	46	20	15	14	75	29	39	51	96	119	52	57	124	86	53	23	124	83	46	72	120	86	66	27	56	116	84	37	31	139	67	29	49	112	35	45	18	20	54	73	77	105	113	109	25	90	95	38	104	68	74	37	17	87	75	64	128	34	89	36	124	104	77	61	102	16	105	120	46	95	41	65	20	78	79	123	135
0	0	0	0	0	0	0	0	0	0	0	0	0	0	0	35	33	9	127	50	137	30	138	25	102	79	9	57	136	14	32	112	60	71	69	36	79	22	27	124	33	49	78	122	28	72	11	129	80	89	36	82	115	106	120	57	119	92	90	132	74	38	72	16	115	115	21	33	112	92	50	100	88	64	132	130	16	50	103	107	108	62	104	56	69	130	89	58	77	50	27	40	44	131	54	37	50	98	49	70	138	98	66	43	70	38	88	50	7	88	132	10	51	30	131	21	123	83	86	46	63	96	41	35	66	115	57	17
0	0	0	0	0	0	0	0	0	0	0	0	0	0	0	0	104	79	41	52	35	35	57	49	101	115	137	34	75	96	121	80	90	61	59	128	7	88	136	100	105	69	25	34	19	23	32	30	18	56	34	127	94	38	108	11	111	116	48	65	45	35	123	27	58	124	82	96	32	26	59	97	88	68	40	21	100	98	63	29	103	54	46	54	102	91	48	20	104	75	52	109	107	132	66	65	92	37	78	124	127	101	42	55	29	24	111	122	51	57	99	74	57	104	129	28	63	32	65	125	16	60	97	120	135	23	83	30
0	0	0	0	0	0	0	0	0	0	0	0	0	0	0	0	0	129	89	69	102	63	85	30	60	131	26	47	114	77	68	122	110	25	66	84	86	30	100	125	66	53	25	119	116	79	32	23	22	52	22	123	77	16	3	86	32	70	105	123	60	16	128	92	11	107	60	113	125	86	97	122	107	21	134	116	42	90	52	30	134	19	81	55	65	97	52	18	135	103	24	91	131	97	130	44	40	86	66	138	34	47	44	109	87	79	115	31	89	22	113	92	110	96	65	123	17	105	70	38	122	73	50	128	48	99	65	105
0	0	0	0	0	0	0	0	0	0	0	0	0	0	0	0	0	0	112	86	49	97	91	28	50	93	130	49	85	84	124	65	92	58	40	133	34	74	28	47	120	123	73	76	124	57	135	103	138	59	28	26	131	83	146	95	102	77	12	102	66	77	135	23	38	92	60	40	128	49	132	49	73	25	20	37	130	18	115	31	75	56	9	103	24	133	122	30	109	97	95	108	50	82	19	37	140	71	38	26	126	20	86	64	95	53	18	31	33	50	111	20	56	8	53	26	55	119	92	49	44	125	15	19	25	66	117	40
0	0	0	0	0	0	0	0	0	0	0	0	0	0	0	0	0	0	0	102	136	50	15	138	52	136	124	97	103	14	42	40	67	38	89	54	41	21	29	88	97	24	125	93	131	107	117	50	105	104	39	66	43	80	94	113	68	24	137	73	31	127	76	122	135	51	9	66	123	81	46	120	115	120	98	46	47	60	133	25	116	114	109	124	44	57	77	28	91	36	41	109	110	88	54	103	53	76	125	61	49	113	101	21	31	72	75	117	95	123	95	68	22	75	120	8	68	41	125	84	51	51	41	31	73	70	84	85
0	0	0	0	0	0	0	0	0	0	0	0	0	0	0	0	0	0	0	0	83	48	76	46	27	95	119	126	121	101	39	117	27	64	127	42	72	54	23	46	95	134	40	82	40	32	131	118	41	74	124	114	18	42	94	32	83	70	35	42	93	110	101	62	60	134	43	88	75	119	90	29	52	45	67	45	79	95	84	104	26	55	91	49	19	61	118	36	63	40	49	80	123	113	122	20	139	42	115	128	38	52	88	103	88	79	91	66	120	111	33	22	134	87	147	122	10	37	96	117	67	64	42	14	129	104	28	126
0	0	0	0	0	0	0	0	0	0	0	0	0	0	0	0	0	0	0	0	0	115	92	105	106	122	26	113	93	64	124	127	6	46	118	147	74	127	89	54	82	11	127	103	82	28	7	61	13	74	121	32	78	61	11	96	43	117	82	84	123	26	110	55	47	16	120	108	34	95	107	16	55	100	69	51	31	26	84	91	87	31	35	57	114	111	105	90	117	107	109	105	37	72	34	118	68	37	75	69	33	111	49	126	80	145	30	58	50	37	24	49	39	99	110	108	10	102	19	86	42	69	88	119	113	53	86	110
0	0	0	0	0	0	0	0	0	0	0	0	0	0	0	0	0	0	0	0	0	0	15	98	57	134	133	70	3	129	18	28	63	44	14	65	39	139	105	66	53	77	112	51	103	15	47	51	28	73	127	137	72	123	102	67	25	120	9	30	109	133	87	87	15	129	122	43	114	79	27	68	91	90	48	148	28	138	66	67	7	124	88	31	106	97	70	83	59	93	60	50	78	46	80	124	90	76	135	60	10	103	96	125	7	87	74	78	64	114	67	107	129	150	29	78	107	37	50	97	77	100	56	129	14	48	126	96
0	0	0	0	0	0	0	0	0	0	0	0	0	0	0	0	0	0	0	0	0	0	0	70	15	116	66	129	139	110	121	29	90	85	49	105	144	72	22	97	31	142	122	111	44	94	105	41	80	65	58	136	122	58	101	124	107	49	124	16	8	28	44	102	34	54	40	48	20	45	102	24	7	67	146	43	38	24	52	66	115	102	78	52	78	54	23	132	114	109	98	87	30	96	117	75	16	44	92	98	101	65	39	13	86	74	110	123	138	50	66	113	49	131	49	22	86	10	145	28	76	57	20	113	134	124	21	3
0	0	0	0	0	0	0	0	0	0	0	0	0	0	0	0	0	0	0	0	0	0	0	0	47	39	20	32	111	125	46	48	62	72	94	50	126	11	14	95	77	43	78	60	85	28	59	48	136	62	40	73	28	46	64	124	149	36	53	37	105	141	85	48	24	132	136	49	120	116	64	137	85	143	62	129	116	147	63	108	81	78	42	88	114	18	99	53	104	87	34	94	123	62	129	41	105	22	45	137	116	60	114	34	98	28	61	10	78	73	29	85	74	66	30	141	87	71	49	96	41	57	130	26	134	54	90	28
0	0	0	0	0	0	0	0	0	0	0	0	0	0	0	0	0	0	0	0	0	0	0	0	0	44	56	57	129	97	27	41	55	118	97	80	79	79	74	60	125	98	54	34	85	116	125	104	124	92	82	62	95	22	89	81	116	31	64	112	119	75	136	146	31	52	104	47	10	105	26	24	66	97	42	69	85	37	110	108	131	66	149	97	140	40	124	84	25	24	119	71	101	73	35	76	61	68	87	106	31	132	53	34	29	94	83	119	27	93	100	35	60	72	41	110	120	88	23	59	98	26	27	55	133	61	70	101
0	0	0	0	0	0	0	0	0	0	0	0	0	0	0	0	0	0	0	0	0	0	0	0	0	0	37	26	149	109	63	110	128	108	93	90	119	94	58	78	21	92	16	66	106	86	25	117	24	151	71	57	42	106	131	30	100	98	103	116	30	38	83	7	112	104	135	140	141	102	70	75	11	23	73	39	77	30	127	125	77	136	120	142	69	68	43	146	118	81	53	124	108	110	29	121	132	68	82	12	84	49	17	86	27	21	58	71	90	129	83	139	98	134	107	96	13	29	92	93	134	85	60	119	149	111	31	134
0	0	0	0	0	0	0	0	0	0	0	0	0	0	0	0	0	0	0	0	0	0	0	0	0	0	0	5	42	63	86	111	117	121	80	23	28	60	47	79	21	98	35	89	87	17	79	138	105	94	22	33	89	107	16	57	72	20	54	14	132	132	10	62	28	34	136	66	126	23	81	102	85	119	59	52	120	104	75	15	94	118	18	12	58	128	86	51	105	152	147	95	135	49	80	67	152	126	105	116	129	92	72	107	81	70	54	43	81	73	45	153	22	42	54	110	81	78	71	83	64	117	80	92	63	43	26	64
0	0	0	0	0	0	0	0	0	0	0	0	0	0	0	0	0	0	0	0	0	0	0	0	0	0	0	0	53	132	47	142	19	115	82	140	35	43	151	26	137	73	89	64	91	49	52	37	117	61	5	89	58	19	101	93	54	30	102	129	121	26	28	109	82	71	44	69	41	131	101	45	133	41	56	115	56	44	41	33	67	82	29	134	105	114	49	124	118	121	26	52	82	73	43	55	45	5	60	85	41	82	70	122	128	36	27	61	37	153	111	85	138	84	129	110	71	105	120	92	29	57	61	48	89	76	95	40
0	0	0	0	0	0	0	0	0	0	0	0	0	0	0	0	0	0	0	0	0	0	0	0	0	0	0	0	0	140	128	55	54	28	61	102	48	76	126	69	91	91	95	65	139	26	70	52	29	76	104	28	125	6	104	141	42	64	35	114	19	88	108	132	11	80	92	11	115	96	41	73	48	98	5	112	90	11	93	88	118	71	124	70	3	99	61	78	50	139	22	102	92	152	76	66	23	45	69	115	20	57	129	51	88	51	95	34	87	133	78	106	46	70	144	25	57	68	105	49	96	102	100	126	125	36	147	123
0	0	0	0	0	0	0	0	0	0	0	0	0	0	0	0	0	0	0	0	0	0	0	0	0	0	0	0	0	0	131	148	95	120	69	67	132	109	45	113	33	48	18	107	38	121	40	43	44	128	13	126	86	40	98	93	145	81	27	3	40	83	21	117	80	24	113	145	129	48	58	45	100	33	36	118	7	102	134	40	26	22	131	11	101	33	82	26	92	125	86	118	29	86	51	54	46	90	53	119	114	36	68	48	30	121	32	134	35	46	118	68	111	136	144	34	142	79	54	114	36	150	72	112	100	50	48	70
0	0	0	0	0	0	0	0	0	0	0	0	0	0	0	0	0	0	0	0	0	0	0	0	0	0	0	0	0	0	0	124	39	119	153	57	127	21	57	58	96	153	44	99	151	78	141	120	23	66	31	73	128	144	89	78	70	97	16	49	79	125	110	127	37	55	46	65	102	131	122	127	113	21	36	90	81	67	48	57	106	50	133	52	108	126	139	16	127	81	101	20	110	84	48	92	50	23	16	52	129	45	98	105	103	109	107	116	26	126	54	126	137	111	125	144	56	71	107	121	24	102	58	68	135	69	148	12
0	0	0	0	0	0	0	0	0	0	0	0	0	0	0	0	0	0	0	0	0	0	0	0	0	0	0	0	0	0	0	0	40	70	81	141	64	140	128	72	49	74	41	6	75	64	85	125	37	125	122	107	48	43	21	52	132	114	103	103	55	85	61	66	50	93	40	72	135	67	86	107	56	86	50	52	131	141	100	98	40	50	25	82	63	118	82	78	30	106	121	32	84	82	84	93	118	118	121	93	62	104	150	42	122	59	61	67	48	123	115	98	58	64	66	26	109	121	34	127	73	108	79	28	72	82	84	38
0	0	0	0	0	0	0	0	0	0	0	0	0	0	0	0	0	0	0	0	0	0	0	0	0	0	0	0	0	0	0	0	0	51	83	41	133	144	52	75	68	90	87	39	99	136	159	56	29	152	106	103	68	72	150	72	80	69	40	142	80	152	41	42	61	116	107	106	57	122	86	141	23	40	75	54	41	56	54	86	107	91	48	108	50	49	64	127	91	18	99	56	10	25	121	75	72	26	61	5	103	119	104	103	147	121	69	73	135	69	89	69	38	110	89	94	65	135	126	122	76	146	17	32	62	78	63	31
0	0	0	0	0	0	0	0	0	0	0	0	0	0	0	0	0	0	0	0	0	0	0	0	0	0	0	0	0	0	0	0	0	0	109	71	92	35	41	99	104	62	37	86	88	36	55	143	98	101	112	88	132	121	79	81	156	75	57	52	36	10	21	33	116	138	46	29	71	125	39	70	61	87	38	107	81	126	106	81	118	114	88	74	62	136	119	113	125	92	99	70	129	76	86	101	18	108	112	109	103	137	73	117	71	64	62	39	105	42	130	135	96	117	150	45	107	29	115	63	42	26	74	42	95	140	106	84
0	0	0	0	0	0	0	0	0	0	0	0	0	0	0	0	0	0	0	0	0	0	0	0	0	0	0	0	0	0	0	0	0	0	0	35	96	45	86	51	134	94	66	96	114	68	140	120	37	79	83	72	106	65	133	76	104	115	61	91	86	111	98	87	66	80	29	103	127	125	155	139	142	50	31	34	61	23	85	64	58	20	156	81	122	17	48	100	6	134	44	23	109	33	85	89	132	67	40	76	110	133	52	125	135	64	81	29	81	80	72	65	66	132	40	104	106	72	116	14	140	70	36	39	37	30	108	112
0	0	0	0	0	0	0	0	0	0	0	0	0	0	0	0	0	0	0	0	0	0	0	0	0	0	0	0	0	0	0	0	0	0	0	0	68	105	141	116	111	104	27	74	130	115	133	79	72	37	140	24	109	111	143	115	34	100	111	118	74	140	42	103	52	73	50	115	130	106	77	18	60	40	72	76	60	102	140	66	53	139	130	76	133	80	55	146	122	66	108	90	16	49	112	145	53	35	89	112	105	55	60	116	108	77	61	83	156	90	115	93	135	31	96	43	142	155	153	96	70	67	99	48	99	112	82	49
0	0	0	0	0	0	0	0	0	0	0	0	0	0	0	0	0	0	0	0	0	0	0	0	0	0	0	0	0	0	0	0	0	0	0	0	0	99	8	60	66	74	34	141	106	57	90	117	65	55	6	80	48	113	131	69	109	113	136	51	101	119	25	32	42	126	57	153	143	122	109	80	121	87	108	34	44	94	34	141	66	92	82	102	42	52	100	100	41	64	60	43	76	96	151	105	140	96	95	72	32	55	102	56	60	94	109	21	8	69	50	42	19	36	60	18	89	68	77	85	97	38	46	121	138	131	102	137
0	0	0	0	0	0	0	0	0	0	0	0	0	0	0	0	0	0	0	0	0	0	0	0	0	0	0	0	0	0	0	0	0	0	0	0	0	0	156	8	101	55	84	20	24	95	78	36	68	44	86	62	50	72	101	19	96	54	135	125	80	111	105	22	104	104	115	113	57	124	52	83	79	45	102	113	93	113	116	71	46	47	83	92	42	35	67	35	89	120	68	115	32	104	68	147	109	77	62	127	23	93	72	81	37	161	61	100	16	40	75	53	56	97	75	113	95	99	114	82	27	53	123	108	67	93	73	124
0	0	0	0	0	0	0	0	0	0	0	0	0	0	0	0	0	0	0	0	0	0	0	0	0	0	0	0	0	0	0	0	0	0	0	0	0	0	0	114	120	79	103	65	64	73	44	41	115	131	105	59	108	163	85	99	33	45	54	15	124	127	101	66	139	73	69	138	58	159	137	72	45	124	85	47	22	148	92	123	87	100	91	77	47	96	99	116	62	60	82	102	162	89	111	129	80	66	115	93	141	81	107	60	78	138	115	101	102	115	84	60	99	96	120	32	24	60	53	162	99	51	63	67	35	54	120	94
0	0	0	0	0	0	0	0	0	0	0	0	0	0	0	0	0	0	0	0	0	0	0	0	0	0	0	0	0	0	0	0	0	0	0	0	0	0	0	0	20	136	20	47	90	37	116	42	89	131	111	90	69	128	79	20	86	81	37	131	102	133	51	77	56	78	128	95	20	59	30	160	28	78	111	91	73	66	133	71	103	102	75	55	118	137	106	79	25	88	61	43	117	16	62	129	132	53	120	147	127	99	94	140	92	19	141	116	49	79	72	163	128	55	21	142	43	84	40	85	123	139	42	68	113	63	83	116
0	0	0	0	0	0	0	0	0	0	0	0	0	0	0	0	0	0	0	0	0	0	0	0	0	0	0	0	0	0	0	0	0	0	0	0	0	0	0	0	0	116	64	54	73	36	133	37	55	118	12	122	114	132	104	102	32	110	55	105	124	32	128	17	62	72	74	50	32	111	20	120	103	54	101	31	117	76	88	76	55	78	90	124	121	77	152	32	84	58	95	35	34	45	135	13	129	43	76	126	29	101	133	160	105	24	84	69	31	121	39	90	63	36	150	119	64	55	98	17	7	90	52	107	24	59	35	44
0	0	0	0	0	0	0	0	0	0	0	0	0	0	0	0	0	0	0	0	0	0	0	0	0	0	0	0	0	0	0	0	0	0	0	0	0	0	0	0	0	0	76	118	85	18	44	32	140	160	160	52	127	63	28	63	38	157	76	111	101	124	150	127	25	96	73	36	103	69	75	40	75	137	145	25	162	76	144	35	110	150	25	61	131	107	63	18	80	131	54	140	50	124	38	20	64	98	28	52	71	127	139	100	57	111	49	47	55	70	56	149	48	63	118	84	60	104	140	67	141	61	131	63	101	39	44	82
0	0	0	0	0	0	0	0	0	0	0	0	0	0	0	0	0	0	0	0	0	0	0	0	0	0	0	0	0	0	0	0	0	0	0	0	0	0	0	0	0	0	0	85	69	96	130	115	51	113	46	80	65	104	46	107	136	13	58	167	91	101	97	109	38	60	9	132	125	28	112	157	87	77	139	25	9	156	77	42	43	114	47	61	57	119	144	143	127	128	149	86	97	65	165	117	44	121	114	43	72	14	140	144	58	68	98	56	57	95	103	108	127	83	137	54	113	108	94	105	52	120	95	154	124	65	139	106
0	0	0	0	0	0	0	0	0	0	0	0	0	0	0	0	0	0	0	0	0	0	0	0	0	0	0	0	0	0	0	0	0	0	0	0	0	0	0	0	0	0	0	0	32	91	85	95	122	132	87	80	126	25	68	62	107	47	47	128	53	136	146	133	23	41	103	116	41	103	114	92	106	108	82	127	111	40	88	115	145	116	111	150	56	97	145	26	46	31	87	68	34	53	45	75	66	83	35	104	19	49	104	42	83	106	84	93	164	22	62	104	149	129	80	36	84	99	81	45	109	27	130	89	132	55	63	163
0	0	0	0	0	0	0	0	0	0	0	0	0	0	0	0	0	0	0	0	0	0	0	0	0	0	0	0	0	0	0	0	0	0	0	0	0	0	0	0	0	0	0	0	0	166	32	102	52	66	56	161	40	98	43	36	144	103	24	28	102	20	121	78	27	50	121	88	51	91	109	46	102	88	116	129	64	48	123	50	100	84	136	17	127	145	74	58	60	121	129	64	82	99	46	64	154	121	147	150	88	140	86	127	18	96	77	72	105	37	100	101	142	73	79	92	41	21	103	69	60	90	94	63	127	120	21	23
0	0	0	0	0	0	0	0	0	0	0	0	0	0	0	0	0	0	0	0	0	0	0	0	0	0	0	0	0	0	0	0	0	0	0	0	0	0	0	0	0	0	0	0	0	0	73	12	70	158	130	25	94	101	139	18	102	134	148	121	94	151	90	153	99	112	126	75	159	43	98	108	102	50	119	99	125	72	98	119	59	119	129	12	125	52	117	65	57	51	61	70	16	128	90	30	134	26	71	121	81	116	67	31	63	119	110	17	76	158	130	144	80	49	71	128	56	46	142	84	68	112	42	56	41	100	63	49
0	0	0	0	0	0	0	0	0	0	0	0	0	0	0	0	0	0	0	0	0	0	0	0	0	0	0	0	0	0	0	0	0	0	0	0	0	0	0	0	0	0	0	0	0	0	0	117	162	153	108	106	26	88	33	29	58	123	124	157	74	41	137	64	88	17	136	55	126	112	128	89	150	122	60	109	128	91	112	130	55	71	22	25	54	84	103	69	93	22	104	135	49	62	133	126	30	100	106	126	114	53	27	127	119	68	74	152	53	112	42	95	34	92	129	77	103	53	60	64	133	139	122	36	59	112	28	62
0	0	0	0	0	0	0	0	0	0	0	0	0	0	0	0	0	0	0	0	0	0	0	0	0	0	0	0	0	0	0	0	0	0	0	0	0	0	0	0	0	0	0	0	0	0	0	0	82	148	54	54	115	60	77	26	91	58	39	63	146	56	95	112	20	139	115	117	86	122	68	97	108	147	108	75	136	29	149	50	97	37	81	130	84	22	149	123	141	92	68	54	118	75	30	105	46	130	26	63	127	100	59	46	107	134	42	131	153	134	116	82	54	72	65	139	136	111	71	127	66	120	38	66	162	85	80	91
0	0	0	0	0	0	0	0	0	0	0	0	0	0	0	0	0	0	0	0	0	0	0	0	0	0	0	0	0	0	0	0	0	0	0	0	0	0	0	0	0	0	0	0	0	0	0	0	0	84	30	125	71	91	98	114	53	134	144	104	103	94	68	23	125	75	107	121	35	56	83	138	59	142	101	152	130	10	112	123	67	109	125	109	97	96	91	59	150	108	54	127	109	144	54	81	72	160	41	53	74	57	130	116	169	103	81	101	159	129	64	69	130	74	62	73	29	117	137	100	53	41	115	98	14	152	106	158
0	0	0	0	0	0	0	0	0	0	0	0	0	0	0	0	0	0	0	0	0	0	0	0	0	0	0	0	0	0	0	0	0	0	0	0	0	0	0	0	0	0	0	0	0	0	0	0	0	0	137	77	115	73	67	170	61	120	36	121	132	54	85	19	85	102	19	85	58	96	28	117	84	141	137	93	40	55	109	45	78	127	83	141	46	106	81	162	84	112	85	45	70	27	104	28	156	53	138	162	70	97	66	40	117	120	149	27	36	91	154	69	172	109	44	100	112	61	122	32	61	120	106	99	29	148	104	75
0	0	0	0	0	0	0	0	0	0	0	0	0	0	0	0	0	0	0	0	0	0	0	0	0	0	0	0	0	0	0	0	0	0	0	0	0	0	0	0	0	0	0	0	0	0	0	0	0	0	0	130	155	73	130	120	10	91	96	111	147	135	116	69	23	118	10	36	84	44	141	37	141	90	42	79	91	56	138	50	145	97	85	74	22	157	60	64	119	144	149	104	129	105	61	135	142	124	72	79	161	72	105	91	112	49	96	70	62	57	61	134	34	85	54	125	42	131	112	93	113	151	79	82	68	32	125	125
0	0	0	0	0	0	0	0	0	0	0	0	0	0	0	0	0	0	0	0	0	0	0	0	0	0	0	0	0	0	0	0	0	0	0	0	0	0	0	0	0	0	0	0	0	0	0	0	0	0	0	0	153	71	58	50	28	126	40	108	138	82	85	134	71	80	148	125	84	18	91	43	11	56	84	111	134	130	144	107	123	131	96	46	77	150	16	146	139	66	82	97	110	47	134	36	104	143	82	93	81	136	104	128	36	141	33	30	60	142	107	147	90	12	102	123	108	16	122	88	68	50	41	100	66	90	32	116
0	0	0	0	0	0	0	0	0	0	0	0	0	0	0	0	0	0	0	0	0	0	0	0	0	0	0	0	0	0	0	0	0	0	0	0	0	0	0	0	0	0	0	0	0	0	0	0	0	0	0	0	0	143	92	141	65	19	85	111	109	133	56	134	122	137	101	106	88	129	55	53	61	59	67	133	146	95	84	75	38	146	67	127	74	148	127	85	167	84	128	89	54	118	88	162	9	79	102	172	113	154	148	63	103	68	99	26	54	140	99	77	112	78	96	53	37	89	118	102	23	116	70	67	66	145	25	37
0	0	0	0	0	0	0	0	0	0	0	0	0	0	0	0	0	0	0	0	0	0	0	0	0	0	0	0	0	0	0	0	0	0	0	0	0	0	0	0	0	0	0	0	0	0	0	0	0	0	0	0	0	0	88	43	74	63	119	116	121	84	154	141	43	70	74	178	111	90	128	64	81	15	14	136	125	165	137	12	97	114	56	143	49	110	74	18	46	100	34	141	67	81	125	114	127	131	132	136	78	78	30	76	41	114	53	128	125	109	104	89	92	83	128	75	114	163	70	59	139	111	82	135	147	58	109	55
0	0	0	0	0	0	0	0	0	0	0	0	0	0	0	0	0	0	0	0	0	0	0	0	0	0	0	0	0	0	0	0	0	0	0	0	0	0	0	0	0	0	0	0	0	0	0	0	0	0	0	0	0	0	0	176	69	67	132	117	146	38	53	125	50	148	76	22	42	71	95	69	101	52	91	76	119	153	108	63	33	104	111	103	122	115	47	58	131	44	139	116	106	71	60	127	123	170	100	101	150	124	31	125	119	20	108	159	83	118	105	93	182	29	97	68	73	122	56	126	69	148	71	83	107	118	167	119
0	0	0	0	0	0	0	0	0	0	0	0	0	0	0	0	0	0	0	0	0	0	0	0	0	0	0	0	0	0	0	0	0	0	0	0	0	0	0	0	0	0	0	0	0	0	0	0	0	0	0	0	0	0	0	0	168	45	88	88	128	57	167	46	161	28	25	11	129	122	47	13	11	152	130	119	51	78	58	53	79	94	84	114	47	167	143	157	68	120	55	115	141	83	175	39	42	82	87	50	123	154	148	116	160	70	123	127	125	131	136	73	14	123	90	149	120	51	131	151	87	51	151	72	56	144	76	37
0	0	0	0	0	0	0	0	0	0	0	0	0	0	0	0	0	0	0	0	0	0	0	0	0	0	0	0	0	0	0	0	0	0	0	0	0	0	0	0	0	0	0	0	0	0	0	0	0	0	0	0	0	0	0	0	0	120	111	67	160	108	98	131	131	141	64	44	153	51	138	90	158	45	41	149	125	151	157	72	97	83	66	57	158	153	121	100	68	40	106	122	162	36	49	83	101	155	16	52	79	91	31	70	121	26	154	127	89	125	85	55	157	125	106	56	138	42	77	81	70	110	68	156	88	70	144	54
0	0	0	0	0	0	0	0	0	0	0	0	0	0	0	0	0	0	0	0	0	0	0	0	0	0	0	0	0	0	0	0	0	0	0	0	0	0	0	0	0	0	0	0	0	0	0	0	0	0	0	0	0	0	0	0	0	0	101	108	86	136	86	59	96	82	136	48	71	32	155	133	126	167	131	46	65	109	98	177	104	65	53	107	76	114	9	146	151	103	84	119	167	26	156	93	63	112	93	34	49	126	37	148	146	60	70	111	35	117	71	102	43	42	182	159	156	132	72	73	134	104	43	147	102	58	82	68
0	0	0	0	0	0	0	0	0	0	0	0	0	0	0	0	0	0	0	0	0	0	0	0	0	0	0	0	0	0	0	0	0	0	0	0	0	0	0	0	0	0	0	0	0	0	0	0	0	0	0	0	0	0	0	0	0	0	0	125	125	69	154	56	130	112	112	148	18	129	86	139	146	126	173	162	121	117	119	126	123	164	142	71	45	43	155	66	63	54	72	52	97	122	136	171	173	41	116	36	94	29	127	92	28	60	80	59	79	13	86	94	65	19	120	81	129	109	70	51	123	57	121	112	111	58	145	142
0	0	0	0	0	0	0	0	0	0	0	0	0	0	0	0	0	0	0	0	0	0	0	0	0	0	0	0	0	0	0	0	0	0	0	0	0	0	0	0	0	0	0	0	0	0	0	0	0	0	0	0	0	0	0	0	0	0	0	0	171	35	57	119	76	156	140	146	150	150	23	65	164	115	41	79	88	123	86	44	115	122	140	127	36	137	25	145	144	54	49	139	151	36	139	75	130	128	90	142	113	119	115	82	40	72	100	122	105	110	101	129	120	131	87	21	137	129	90	69	94	69	105	77	135	130	135	154
0	0	0	0	0	0	0	0	0	0	0	0	0	0	0	0	0	0	0	0	0	0	0	0	0	0	0	0	0	0	0	0	0	0	0	0	0	0	0	0	0	0	0	0	0	0	0	0	0	0	0	0	0	0	0	0	0	0	0	0	0	104	66	60	69	130	150	161	142	56	169	18	148	87	59	160	53	56	175	25	52	59	102	55	148	78	57	76	86	140	95	32	57	54	176	152	107	180	138	76	161	88	90	71	104	166	86	161	31	153	41	126	68	146	42	159	118	91	34	111	145	106	79	41	132	176	100	144
0	0	0	0	0	0	0	0	0	0	0	0	0	0	0	0	0	0	0	0	0	0	0	0	0	0	0	0	0	0	0	0	0	0	0	0	0	0	0	0	0	0	0	0	0	0	0	0	0	0	0	0	0	0	0	0	0	0	0	0	0	0	26	112	161	68	159	89	21	171	74	176	42	45	169	116	122	87	40	81	95	56	42	134	75	135	77	103	48	137	152	132	148	153	151	150	59	51	117	101	124	61	118	40	138	78	81	79	80	41	84	121	76	125	48	76	14	98	55	136	54	30	133	119	14	118	177	151
0	0	0	0	0	0	0	0	0	0	0	0	0	0	0	0	0	0	0	0	0	0	0	0	0	0	0	0	0	0	0	0	0	0	0	0	0	0	0	0	0	0	0	0	0	0	0	0	0	0	0	0	0	0	0	0	0	0	0	0	0	0	0	89	103	20	164	142	74	82	98	88	122	108	106	147	119	164	78	137	126	160	131	129	50	160	160	54	97	61	109	68	161	169	152	33	48	74	41	89	130	97	71	131	93	97	83	65	117	89	146	115	48	168	167	106	166	38	158	53	8	42	73	104	169	101	145	143
0	0	0	0	0	0	0	0	0	0	0	0	0	0	0	0	0	0	0	0	0	0	0	0	0	0	0	0	0	0	0	0	0	0	0	0	0	0	0	0	0	0	0	0	0	0	0	0	0	0	0	0	0	0	0	0	0	0	0	0	0	0	0	0	33	66	60	49	50	146	38	87	81	48	170	124	119	86	64	28	48	46	84	64	172	38	109	39	17	77	64	145	37	143	84	73	49	26	86	46	155	112	119	121	45	99	131	94	103	117	163	186	128	58	132	32	63	27	131	90	97	65	166	126	78	167	70	79
0	0	0	0	0	0	0	0	0	0	0	0	0	0	0	0	0	0	0	0	0	0	0	0	0	0	0	0	0	0	0	0	0	0	0	0	0	0	0	0	0	0	0	0	0	0	0	0	0	0	0	0	0	0	0	0	0	0	0	0	0	0	0	0	0	134	149	120	115	158	107	52	140	40	129	170	110	94	164	100	93	72	138	42	118	106	108	45	13	41	65	120	124	116	75	76	101	52	105	103	159	39	62	146	43	120	127	129	43	160	38	132	135	178	174	123	87	62	148	7	136	166	115	101	49	66	22	118
0	0	0	0	0	0	0	0	0	0	0	0	0	0	0	0	0	0	0	0	0	0	0	0	0	0	0	0	0	0	0	0	0	0	0	0	0	0	0	0	0	0	0	0	0	0	0	0	0	0	0	0	0	0	0	0	0	0	0	0	0	0	0	0	0	0	106	165	117	117	148	121	50	89	49	102	25	159	154	97	67	171	80	73	114	118	14	132	90	103	76	58	181	153	105	123	103	99	91	66	147	112	112	114	109	100	120	130	95	98	151	157	100	111	38	53	73	94	72	128	172	66	114	117	130	127	75	78
0	0	0	0	0	0	0	0	0	0	0	0	0	0	0	0	0	0	0	0	0	0	0	0	0	0	0	0	0	0	0	0	0	0	0	0	0	0	0	0	0	0	0	0	0	0	0	0	0	0	0	0	0	0	0	0	0	0	0	0	0	0	0	0	0	0	0	101	65	116	104	125	121	97	62	38	87	139	97	61	81	97	125	124	20	178	118	169	58	135	71	102	19	172	79	91	154	48	48	36	111	54	67	88	118	81	110	118	136	110	48	71	87	94	60	161	33	86	15	145	102	92	78	172	85	115	138	73
0	0	0	0	0	0	0	0	0	0	0	0	0	0	0	0	0	0	0	0	0	0	0	0	0	0	0	0	0	0	0	0	0	0	0	0	0	0	0	0	0	0	0	0	0	0	0	0	0	0	0	0	0	0	0	0	0	0	0	0	0	0	0	0	0	0	0	0	59	71	157	35	84	131	159	88	119	142	115	96	108	61	79	87	133	128	153	97	149	91	25	154	127	140	93	84	82	96	23	64	80	80	140	53	131	71	31	100	47	69	82	54	79	173	81	37	184	60	163	115	158	108	135	74	77	20	67	179
0	0	0	0	0	0	0	0	0	0	0	0	0	0	0	0	0	0	0	0	0	0	0	0	0	0	0	0	0	0	0	0	0	0	0	0	0	0	0	0	0	0	0	0	0	0	0	0	0	0	0	0	0	0	0	0	0	0	0	0	0	0	0	0	0	0	0	0	0	142	106	178	142	21	39	107	49	133	111	72	129	7	128	109	142	83	172	42	91	155	130	128	81	106	114	114	123	130	134	72	164	156	61	122	77	178	128	163	136	82	94	77	97	121	131	77	118	155	83	123	76	90	103	95	101	65	76	134
0	0	0	0	0	0	0	0	0	0	0	0	0	0	0	0	0	0	0	0	0	0	0	0	0	0	0	0	0	0	0	0	0	0	0	0	0	0	0	0	0	0	0	0	0	0	0	0	0	0	0	0	0	0	0	0	0	0	0	0	0	0	0	0	0	0	0	0	0	0	30	148	162	13	64	137	26	97	20	56	72	48	43	91	49	149	60	68	53	107	104	163	132	138	129	37	73	117	62	178	141	139	102	110	155	160	74	150	65	144	108	69	95	90	56	115	123	100	46	97	97	125	65	158	168	123	117	112
0	0	0	0	0	0	0	0	0	0	0	0	0	0	0	0	0	0	0	0	0	0	0	0	0	0	0	0	0	0	0	0	0	0	0	0	0	0	0	0	0	0	0	0	0	0	0	0	0	0	0	0	0	0	0	0	0	0	0	0	0	0	0	0	0	0	0	0	0	0	0	94	165	107	131	83	162	91	105	50	62	82	29	138	62	109	145	157	108	87	107	142	74	79	117	74	113	147	130	126	132	87	121	157	23	124	131	48	180	135	153	80	92	93	60	84	49	46	92	111	120	59	68	88	35	41	36	41
0	0	0	0	0	0	0	0	0	0	0	0	0	0	0	0	0	0	0	0	0	0	0	0	0	0	0	0	0	0	0	0	0	0	0	0	0	0	0	0	0	0	0	0	0	0	0	0	0	0	0	0	0	0	0	0	0	0	0	0	0	0	0	0	0	0	0	0	0	0	0	0	30	87	53	125	106	91	127	151	82	139	92	13	120	169	123	36	116	57	113	175	118	70	95	53	102	72	72	67	120	112	46	106	75	149	103	54	49	109	151	26	90	29	108	117	48	113	140	145	107	174	112	114	71	145	119	18
0	0	0	0	0	0	0	0	0	0	0	0	0	0	0	0	0	0	0	0	0	0	0	0	0	0	0	0	0	0	0	0	0	0	0	0	0	0	0	0	0	0	0	0	0	0	0	0	0	0	0	0	0	0	0	0	0	0	0	0	0	0	0	0	0	0	0	0	0	0	0	0	0	61	146	167	191	119	80	159	47	39	125	53	23	80	179	39	145	65	105	83	60	38	150	104	153	118	171	147	124	66	46	159	188	9	109	47	35	53	164	102	161	101	28	185	34	114	101	83	43	187	131	94	118	102	120	182
0	0	0	0	0	0	0	0	0	0	0	0	0	0	0	0	0	0	0	0	0	0	0	0	0	0	0	0	0	0	0	0	0	0	0	0	0	0	0	0	0	0	0	0	0	0	0	0	0	0	0	0	0	0	0	0	0	0	0	0	0	0	0	0	0	0	0	0	0	0	0	0	0	0	82	63	71	88	61	121	113	54	106	149	59	12	30	125	194	160	117	131	49	125	125	109	155	112	48	52	64	125	75	99	55	27	88	103	126	138	112	85	134	80	154	95	163	76	70	51	33	128	80	140	46	172	185	115
0	0	0	0	0	0	0	0	0	0	0	0	0	0	0	0	0	0	0	0	0	0	0	0	0	0	0	0	0	0	0	0	0	0	0	0	0	0	0	0	0	0	0	0	0	0	0	0	0	0	0	0	0	0	0	0	0	0	0	0	0	0	0	0	0	0	0	0	0	0	0	0	0	0	0	62	97	60	101	88	144	39	168	167	54	122	103	113	73	112	79	135	150	86	163	80	109	152	184	130	196	154	53	146	92	108	107	166	66	27	102	106	134	86	21	98	18	67	84	77	18	93	108	84	116	172	64	116
0	0	0	0	0	0	0	0	0	0	0	0	0	0	0	0	0	0	0	0	0	0	0	0	0	0	0	0	0	0	0	0	0	0	0	0	0	0	0	0	0	0	0	0	0	0	0	0	0	0	0	0	0	0	0	0	0	0	0	0	0	0	0	0	0	0	0	0	0	0	0	0	0	0	0	0	156	112	139	166	26	105	56	142	131	35	39	26	152	120	148	62	36	114	132	154	56	18	156	171	97	97	181	107	75	23	185	167	110	163	156	112	105	110	129	153	108	160	86	132	51	174	115	76	64	87	168	91
0	0	0	0	0	0	0	0	0	0	0	0	0	0	0	0	0	0	0	0	0	0	0	0	0	0	0	0	0	0	0	0	0	0	0	0	0	0	0	0	0	0	0	0	0	0	0	0	0	0	0	0	0	0	0	0	0	0	0	0	0	0	0	0	0	0	0	0	0	0	0	0	0	0	0	0	0	120	77	85	117	58	141	79	173	59	77	123	44	72	77	32	120	84	106	157	123	20	190	33	87	67	125	31	100	78	168	99	58	174	86	153	33	97	125	8	142	144	81	119	157	57	60	152	44	138	101	73
0	0	0	0	0	0	0	0	0	0	0	0	0	0	0	0	0	0	0	0	0	0	0	0	0	0	0	0	0	0	0	0	0	0	0	0	0	0	0	0	0	0	0	0	0	0	0	0	0	0	0	0	0	0	0	0	0	0	0	0	0	0	0	0	0	0	0	0	0	0	0	0	0	0	0	0	0	0	128	91	53	100	93	99	143	107	186	137	133	82	77	62	61	114	97	146	52	100	19	45	125	125	122	146	100	183	165	98	101	140	147	67	88	147	124	45	133	68	57	17	82	155	144	158	137	144	107	125
0	0	0	0	0	0	0	0	0	0	0	0	0	0	0	0	0	0	0	0	0	0	0	0	0	0	0	0	0	0	0	0	0	0	0	0	0	0	0	0	0	0	0	0	0	0	0	0	0	0	0	0	0	0	0	0	0	0	0	0	0	0	0	0	0	0	0	0	0	0	0	0	0	0	0	0	0	0	0	136	131	102	105	150	88	37	171	86	91	81	117	144	146	164	144	75	120	190	134	78	169	120	207	145	82	110	38	95	77	124	69	88	136	74	118	47	91	76	122	108	62	101	115	149	138	84	35	96
0	0	0	0	0	0	0	0	0	0	0	0	0	0	0	0	0	0	0	0	0	0	0	0	0	0	0	0	0	0	0	0	0	0	0	0	0	0	0	0	0	0	0	0	0	0	0	0	0	0	0	0	0	0	0	0	0	0	0	0	0	0	0	0	0	0	0	0	0	0	0	0	0	0	0	0	0	0	0	0	153	105	88	185	19	127	7	38	115	35	84	184	90	72	64	159	140	31	59	141	53	78	131	23	128	115	178	46	34	109	40	29	88	145	163	28	182	20	44	113	147	87	44	91	91	131	98	77
0	0	0	0	0	0	0	0	0	0	0	0	0	0	0	0	0	0	0	0	0	0	0	0	0	0	0	0	0	0	0	0	0	0	0	0	0	0	0	0	0	0	0	0	0	0	0	0	0	0	0	0	0	0	0	0	0	0	0	0	0	0	0	0	0	0	0	0	0	0	0	0	0	0	0	0	0	0	0	0	0	87	109	159	151	144	173	85	176	155	140	130	141	173	163	179	97	87	112	110	66	108	140	150	137	167	107	143	148	108	74	101	184	104	49	112	140	46	22	136	181	125	154	94	89	81	154	132
0	0	0	0	0	0	0	0	0	0	0	0	0	0	0	0	0	0	0	0	0	0	0	0	0	0	0	0	0	0	0	0	0	0	0	0	0	0	0	0	0	0	0	0	0	0	0	0	0	0	0	0	0	0	0	0	0	0	0	0	0	0	0	0	0	0	0	0	0	0	0	0	0	0	0	0	0	0	0	0	0	0	107	167	117	139	125	75	118	140	132	157	68	59	128	70	126	43	85	111	105	35	120	68	145	198	117	67	55	84	45	99	95	182	129	42	132	53	94	72	99	157	78	98	131	72	162	65
0	0	0	0	0	0	0	0	0	0	0	0	0	0	0	0	0	0	0	0	0	0	0	0	0	0	0	0	0	0	0	0	0	0	0	0	0	0	0	0	0	0	0	0	0	0	0	0	0	0	0	0	0	0	0	0	0	0	0	0	0	0	0	0	0	0	0	0	0	0	0	0	0	0	0	0	0	0	0	0	0	0	0	162	61	107	50	195	96	42	130	112	98	105	76	26	131	65	140	117	95	91	61	127	157	36	91	54	156	115	101	77	80	93	130	116	132	96	55	142	28	113	94	81	110	95	131	149
0	0	0	0	0	0	0	0	0	0	0	0	0	0	0	0	0	0	0	0	0	0	0	0	0	0	0	0	0	0	0	0	0	0	0	0	0	0	0	0	0	0	0	0	0	0	0	0	0	0	0	0	0	0	0	0	0	0	0	0	0	0	0	0	0	0	0	0	0	0	0	0	0	0	0	0	0	0	0	0	0	0	0	0	142	146	105	71	55	106	137	81	83	102	141	64	19	80	66	132	129	127	91	33	162	115	134	111	167	110	137	51	83	165	64	147	149	91	53	79	173	45	80	48	26	138	152	23
0	0	0	0	0	0	0	0	0	0	0	0	0	0	0	0	0	0	0	0	0	0	0	0	0	0	0	0	0	0	0	0	0	0	0	0	0	0	0	0	0	0	0	0	0	0	0	0	0	0	0	0	0	0	0	0	0	0	0	0	0	0	0	0	0	0	0	0	0	0	0	0	0	0	0	0	0	0	0	0	0	0	0	0	0	63	77	66	153	142	130	6	171	134	189	104	77	50	45	106	67	131	180	115	57	149	158	43	79	84	111	125	77	116	154	101	161	97	12	168	156	145	79	89	170	62	27	170
0	0	0	0	0	0	0	0	0	0	0	0	0	0	0	0	0	0	0	0	0	0	0	0	0	0	0	0	0	0	0	0	0	0	0	0	0	0	0	0	0	0	0	0	0	0	0	0	0	0	0	0	0	0	0	0	0	0	0	0	0	0	0	0	0	0	0	0	0	0	0	0	0	0	0	0	0	0	0	0	0	0	0	0	0	0	146	56	118	99	85	108	52	122	128	46	129	80	72	121	109	47	67	44	39	31	38	105	55	68	66	101	206	85	106	101	168	90	139	181	24	87	128	38	84	70	146	41
0	0	0	0	0	0	0	0	0	0	0	0	0	0	0	0	0	0	0	0	0	0	0	0	0	0	0	0	0	0	0	0	0	0	0	0	0	0	0	0	0	0	0	0	0	0	0	0	0	0	0	0	0	0	0	0	0	0	0	0	0	0	0	0	0	0	0	0	0	0	0	0	0	0	0	0	0	0	0	0	0	0	0	0	0	0	0	118	92	21	12	165	144	94	51	63	80	36	98	84	61	84	163	164	62	169	111	134	56	105	34	54	43	91	125	157	105	109	107	108	66	72	85	161	71	83	59	150
0	0	0	0	0	0	0	0	0	0	0	0	0	0	0	0	0	0	0	0	0	0	0	0	0	0	0	0	0	0	0	0	0	0	0	0	0	0	0	0	0	0	0	0	0	0	0	0	0	0	0	0	0	0	0	0	0	0	0	0	0	0	0	0	0	0	0	0	0	0	0	0	0	0	0	0	0	0	0	0	0	0	0	0	0	0	0	0	99	113	159	105	107	100	98	121	80	66	38	126	9	161	158	97	156	142	112	51	127	109	95	125	137	78	127	159	78	43	92	85	108	67	153	89	127	62	71	94
0	0	0	0	0	0	0	0	0	0	0	0	0	0	0	0	0	0	0	0	0	0	0	0	0	0	0	0	0	0	0	0	0	0	0	0	0	0	0	0	0	0	0	0	0	0	0	0	0	0	0	0	0	0	0	0	0	0	0	0	0	0	0	0	0	0	0	0	0	0	0	0	0	0	0	0	0	0	0	0	0	0	0	0	0	0	0	0	0	96	50	116	56	133	168	134	166	102	120	95	72	99	144	185	154	108	66	126	152	70	102	86	195	130	82	148	182	100	121	113	142	159	4	124	151	111	73	111
0	0	0	0	0	0	0	0	0	0	0	0	0	0	0	0	0	0	0	0	0	0	0	0	0	0	0	0	0	0	0	0	0	0	0	0	0	0	0	0	0	0	0	0	0	0	0	0	0	0	0	0	0	0	0	0	0	0	0	0	0	0	0	0	0	0	0	0	0	0	0	0	0	0	0	0	0	0	0	0	0	0	0	0	0	0	0	0	0	0	80	37	166	70	152	32	99	79	110	26	96	66	62	133	30	193	24	110	119	143	84	105	127	50	125	137	149	113	116	140	116	64	93	134	163	120	105	177
0	0	0	0	0	0	0	0	0	0	0	0	0	0	0	0	0	0	0	0	0	0	0	0	0	0	0	0	0	0	0	0	0	0	0	0	0	0	0	0	0	0	0	0	0	0	0	0	0	0	0	0	0	0	0	0	0	0	0	0	0	0	0	0	0	0	0	0	0	0	0	0	0	0	0	0	0	0	0	0	0	0	0	0	0	0	0	0	0	0	0	91	100	57	154	90	86	98	118	177	94	50	31	165	51	180	73	72	122	133	42	71	153	144	119	193	134	163	53	75	59	75	64	87	121	142	158	131
0	0	0	0	0	0	0	0	0	0	0	0	0	0	0	0	0	0	0	0	0	0	0	0	0	0	0	0	0	0	0	0	0	0	0	0	0	0	0	0	0	0	0	0	0	0	0	0	0	0	0	0	0	0	0	0	0	0	0	0	0	0	0	0	0	0	0	0	0	0	0	0	0	0	0	0	0	0	0	0	0	0	0	0	0	0	0	0	0	0	0	0	69	48	110	39	138	206	150	169	191	77	156	151	122	102	206	130	57	48	100	153	67	162	37	150	32	74	95	67	151	135	120	134	140	74	140	37
0	0	0	0	0	0	0	0	0	0	0	0	0	0	0	0	0	0	0	0	0	0	0	0	0	0	0	0	0	0	0	0	0	0	0	0	0	0	0	0	0	0	0	0	0	0	0	0	0	0	0	0	0	0	0	0	0	0	0	0	0	0	0	0	0	0	0	0	0	0	0	0	0	0	0	0	0	0	0	0	0	0	0	0	0	0	0	0	0	0	0	0	0	106	149	142	135	105	51	180	214	81	79	43	160	109	208	118	53	102	27	173	102	42	96	180	135	183	118	105	166	139	83	15	130	106	124	159
0	0	0	0	0	0	0	0	0	0	0	0	0	0	0	0	0	0	0	0	0	0	0	0	0	0	0	0	0	0	0	0	0	0	0	0	0	0	0	0	0	0	0	0	0	0	0	0	0	0	0	0	0	0	0	0	0	0	0	0	0	0	0	0	0	0	0	0	0	0	0	0	0	0	0	0	0	0	0	0	0	0	0	0	0	0	0	0	0	0	0	0	0	0	78	84	179	67	191	171	102	33	86	98	67	35	52	160	144	87	150	152	176	109	191	195	48	98	64	88	134	155	162	39	45	110	130	141
0	0	0	0	0	0	0	0	0	0	0	0	0	0	0	0	0	0	0	0	0	0	0	0	0	0	0	0	0	0	0	0	0	0	0	0	0	0	0	0	0	0	0	0	0	0	0	0	0	0	0	0	0	0	0	0	0	0	0	0	0	0	0	0	0	0	0	0	0	0	0	0	0	0	0	0	0	0	0	0	0	0	0	0	0	0	0	0	0	0	0	0	0	0	0	99	120	116	162	67	89	136	158	175	168	129	90	130	81	86	131	63	134	117	109	85	171	113	72	136	161	146	80	186	152	101	97	132
0	0	0	0	0	0	0	0	0	0	0	0	0	0	0	0	0	0	0	0	0	0	0	0	0	0	0	0	0	0	0	0	0	0	0	0	0	0	0	0	0	0	0	0	0	0	0	0	0	0	0	0	0	0	0	0	0	0	0	0	0	0	0	0	0	0	0	0	0	0	0	0	0	0	0	0	0	0	0	0	0	0	0	0	0	0	0	0	0	0	0	0	0	0	0	0	76	131	20	123	84	87	115	141	177	100	116	88	74	102	74	36	36	117	136	77	87	159	181	128	164	135	92	74	93	135	96	169
0	0	0	0	0	0	0	0	0	0	0	0	0	0	0	0	0	0	0	0	0	0	0	0	0	0	0	0	0	0	0	0	0	0	0	0	0	0	0	0	0	0	0	0	0	0	0	0	0	0	0	0	0	0	0	0	0	0	0	0	0	0	0	0	0	0	0	0	0	0	0	0	0	0	0	0	0	0	0	0	0	0	0	0	0	0	0	0	0	0	0	0	0	0	0	0	0	96	48	113	139	92	85	33	118	89	130	60	113	95	96	92	90	183	155	150	178	51	189	11	193	41	212	207	163	165	101	122
0	0	0	0	0	0	0	0	0	0	0	0	0	0	0	0	0	0	0	0	0	0	0	0	0	0	0	0	0	0	0	0	0	0	0	0	0	0	0	0	0	0	0	0	0	0	0	0	0	0	0	0	0	0	0	0	0	0	0	0	0	0	0	0	0	0	0	0	0	0	0	0	0	0	0	0	0	0	0	0	0	0	0	0	0	0	0	0	0	0	0	0	0	0	0	0	0	0	79	115	142	153	137	111	84	141	125	110	95	124	185	92	94	126	38	202	118	95	150	122	33	122	117	121	165	94	59	171
0	0	0	0	0	0	0	0	0	0	0	0	0	0	0	0	0	0	0	0	0	0	0	0	0	0	0	0	0	0	0	0	0	0	0	0	0	0	0	0	0	0	0	0	0	0	0	0	0	0	0	0	0	0	0	0	0	0	0	0	0	0	0	0	0	0	0	0	0	0	0	0	0	0	0	0	0	0	0	0	0	0	0	0	0	0	0	0	0	0	0	0	0	0	0	0	0	0	0	123	37	155	152	152	194	81	59	88	53	159	135	169	126	166	174	111	39	130	185	117	125	130	28	181	138	36	225	98
0	0	0	0	0	0	0	0	0	0	0	0	0	0	0	0	0	0	0	0	0	0	0	0	0	0	0	0	0	0	0	0	0	0	0	0	0	0	0	0	0	0	0	0	0	0	0	0	0	0	0	0	0	0	0	0	0	0	0	0	0	0	0	0	0	0	0	0	0	0	0	0	0	0	0	0	0	0	0	0	0	0	0	0	0	0	0	0	0	0	0	0	0	0	0	0	0	0	0	0	117	136	142	90	173	213	121	146	165	157	62	34	160	206	52	176	41	103	157	61	141	105	175	162	210	89	105	142
0	0	0	0	0	0	0	0	0	0	0	0	0	0	0	0	0	0	0	0	0	0	0	0	0	0	0	0	0	0	0	0	0	0	0	0	0	0	0	0	0	0	0	0	0	0	0	0	0	0	0	0	0	0	0	0	0	0	0	0	0	0	0	0	0	0	0	0	0	0	0	0	0	0	0	0	0	0	0	0	0	0	0	0	0	0	0	0	0	0	0	0	0	0	0	0	0	0	0	0	0	89	147	121	96	163	191	193	98	146	61	145	145	154	194	106	51	134	91	132	194	18	95	76	136	200	82	84
0	0	0	0	0	0	0	0	0	0	0	0	0	0	0	0	0	0	0	0	0	0	0	0	0	0	0	0	0	0	0	0	0	0	0	0	0	0	0	0	0	0	0	0	0	0	0	0	0	0	0	0	0	0	0	0	0	0	0	0	0	0	0	0	0	0	0	0	0	0	0	0	0	0	0	0	0	0	0	0	0	0	0	0	0	0	0	0	0	0	0	0	0	0	0	0	0	0	0	0	0	0	152	65	7	55	104	122	140	176	69	109	151	122	124	119	216	115	189	42	27	133	116	145	22	133	99	115
0	0	0	0	0	0	0	0	0	0	0	0	0	0	0	0	0	0	0	0	0	0	0	0	0	0	0	0	0	0	0	0	0	0	0	0	0	0	0	0	0	0	0	0	0	0	0	0	0	0	0	0	0	0	0	0	0	0	0	0	0	0	0	0	0	0	0	0	0	0	0	0	0	0	0	0	0	0	0	0	0	0	0	0	0	0	0	0	0	0	0	0	0	0	0	0	0	0	0	0	0	0	0	102	120	161	161	40	91	94	14	117	218	14	165	145	61	119	166	141	127	148	107	112	120	149	125	65
0	0	0	0	0	0	0	0	0	0	0	0	0	0	0	0	0	0	0	0	0	0	0	0	0	0	0	0	0	0	0	0	0	0	0	0	0	0	0	0	0	0	0	0	0	0	0	0	0	0	0	0	0	0	0	0	0	0	0	0	0	0	0	0	0	0	0	0	0	0	0	0	0	0	0	0	0	0	0	0	0	0	0	0	0	0	0	0	0	0	0	0	0	0	0	0	0	0	0	0	0	0	0	0	192	30	49	48	179	93	162	168	85	198	188	141	127	95	111	174	135	45	79	94	117	113	116	214
0	0	0	0	0	0	0	0	0	0	0	0	0	0	0	0	0	0	0	0	0	0	0	0	0	0	0	0	0	0	0	0	0	0	0	0	0	0	0	0	0	0	0	0	0	0	0	0	0	0	0	0	0	0	0	0	0	0	0	0	0	0	0	0	0	0	0	0	0	0	0	0	0	0	0	0	0	0	0	0	0	0	0	0	0	0	0	0	0	0	0	0	0	0	0	0	0	0	0	0	0	0	0	0	0	150	103	132	181	120	154	70	45	182	96	135	190	80	112	137	33	84	157	117	156	166	128	16
0	0	0	0	0	0	0	0	0	0	0	0	0	0	0	0	0	0	0	0	0	0	0	0	0	0	0	0	0	0	0	0	0	0	0	0	0	0	0	0	0	0	0	0	0	0	0	0	0	0	0	0	0	0	0	0	0	0	0	0	0	0	0	0	0	0	0	0	0	0	0	0	0	0	0	0	0	0	0	0	0	0	0	0	0	0	0	0	0	0	0	0	0	0	0	0	0	0	0	0	0	0	0	0	0	0	40	86	189	179	141	204	2	155	151	199	180	34	118	131	74	128	74	114	80	113	62	136
0	0	0	0	0	0	0	0	0	0	0	0	0	0	0	0	0	0	0	0	0	0	0	0	0	0	0	0	0	0	0	0	0	0	0	0	0	0	0	0	0	0	0	0	0	0	0	0	0	0	0	0	0	0	0	0	0	0	0	0	0	0	0	0	0	0	0	0	0	0	0	0	0	0	0	0	0	0	0	0	0	0	0	0	0	0	0	0	0	0	0	0	0	0	0	0	0	0	0	0	0	0	0	0	0	0	0	172	189	86	184	203	101	82	196	146	52	162	141	57	69	52	41	79	159	79	155	62
0	0	0	0	0	0	0	0	0	0	0	0	0	0	0	0	0	0	0	0	0	0	0	0	0	0	0	0	0	0	0	0	0	0	0	0	0	0	0	0	0	0	0	0	0	0	0	0	0	0	0	0	0	0	0	0	0	0	0	0	0	0	0	0	0	0	0	0	0	0	0	0	0	0	0	0	0	0	0	0	0	0	0	0	0	0	0	0	0	0	0	0	0	0	0	0	0	0	0	0	0	0	0	0	0	0	0	0	129	67	32	84	172	101	154	110	183	144	54	87	208	206	37	129	199	52	136	112
0	0	0	0	0	0	0	0	0	0	0	0	0	0	0	0	0	0	0	0	0	0	0	0	0	0	0	0	0	0	0	0	0	0	0	0	0	0	0	0	0	0	0	0	0	0	0	0	0	0	0	0	0	0	0	0	0	0	0	0	0	0	0	0	0	0	0	0	0	0	0	0	0	0	0	0	0	0	0	0	0	0	0	0	0	0	0	0	0	0	0	0	0	0	0	0	0	0	0	0	0	0	0	0	0	0	0	0	0	154	121	27	118	104	141	29	114	95	182	150	82	134	149	127	145	159	128	83
0	0	0	0	0	0	0	0	0	0	0	0	0	0	0	0	0	0	0	0	0	0	0	0	0	0	0	0	0	0	0	0	0	0	0	0	0	0	0	0	0	0	0	0	0	0	0	0	0	0	0	0	0	0	0	0	0	0	0	0	0	0	0	0	0	0	0	0	0	0	0	0	0	0	0	0	0	0	0	0	0	0	0	0	0	0	0	0	0	0	0	0	0	0	0	0	0	0	0	0	0	0	0	0	0	0	0	0	0	0	78	153	108	111	26	151	152	101	56	139	166	176	81	94	126	129	142	122
0	0	0	0	0	0	0	0	0	0	0	0	0	0	0	0	0	0	0	0	0	0	0	0	0	0	0	0	0	0	0	0	0	0	0	0	0	0	0	0	0	0	0	0	0	0	0	0	0	0	0	0	0	0	0	0	0	0	0	0	0	0	0	0	0	0	0	0	0	0	0	0	0	0	0	0	0	0	0	0	0	0	0	0	0	0	0	0	0	0	0	0	0	0	0	0	0	0	0	0	0	0	0	0	0	0	0	0	0	0	0	87	111	109	113	79	111	224	124	116	91	26	145	179	163	89	101	87
0	0	0	0	0	0	0	0	0	0	0	0	0	0	0	0	0	0	0	0	0	0	0	0	0	0	0	0	0	0	0	0	0	0	0	0	0	0	0	0	0	0	0	0	0	0	0	0	0	0	0	0	0	0	0	0	0	0	0	0	0	0	0	0	0	0	0	0	0	0	0	0	0	0	0	0	0	0	0	0	0	0	0	0	0	0	0	0	0	0	0	0	0	0	0	0	0	0	0	0	0	0	0	0	0	0	0	0	0	0	0	0	113	148	152	115	229	225	77	69	179	48	137	191	82	64	120	221
0	0	0	0	0	0	0	0	0	0	0	0	0	0	0	0	0	0	0	0	0	0	0	0	0	0	0	0	0	0	0	0	0	0	0	0	0	0	0	0	0	0	0	0	0	0	0	0	0	0	0	0	0	0	0	0	0	0	0	0	0	0	0	0	0	0	0	0	0	0	0	0	0	0	0	0	0	0	0	0	0	0	0	0	0	0	0	0	0	0	0	0	0	0	0	0	0	0	0	0	0	0	0	0	0	0	0	0	0	0	0	0	0	225	154	106	129	73	102	160	208	10	185	215	188	131	149	54
0	0	0	0	0	0	0	0	0	0	0	0	0	0	0	0	0	0	0	0	0	0	0	0	0	0	0	0	0	0	0	0	0	0	0	0	0	0	0	0	0	0	0	0	0	0	0	0	0	0	0	0	0	0	0	0	0	0	0	0	0	0	0	0	0	0	0	0	0	0	0	0	0	0	0	0	0	0	0	0	0	0	0	0	0	0	0	0	0	0	0	0	0	0	0	0	0	0	0	0	0	0	0	0	0	0	0	0	0	0	0	0	0	0	155	118	151	100	83	168	177	154	168	107	97	50	198	90
0	0	0	0	0	0	0	0	0	0	0	0	0	0	0	0	0	0	0	0	0	0	0	0	0	0	0	0	0	0	0	0	0	0	0	0	0	0	0	0	0	0	0	0	0	0	0	0	0	0	0	0	0	0	0	0	0	0	0	0	0	0	0	0	0	0	0	0	0	0	0	0	0	0	0	0	0	0	0	0	0	0	0	0	0	0	0	0	0	0	0	0	0	0	0	0	0	0	0	0	0	0	0	0	0	0	0	0	0	0	0	0	0	0	0	188	191	137	69	103	142	174	121	162	195	158	153	181
0	0	0	0	0	0	0	0	0	0	0	0	0	0	0	0	0	0	0	0	0	0	0	0	0	0	0	0	0	0	0	0	0	0	0	0	0	0	0	0	0	0	0	0	0	0	0	0	0	0	0	0	0	0	0	0	0	0	0	0	0	0	0	0	0	0	0	0	0	0	0	0	0	0	0	0	0	0	0	0	0	0	0	0	0	0	0	0	0	0	0	0	0	0	0	0	0	0	0	0	0	0	0	0	0	0	0	0	0	0	0	0	0	0	0	0	117	72	96	125	104	94	79	115	197	116	137	74
0	0	0	0	0	0	0	0	0	0	0	0	0	0	0	0	0	0	0	0	0	0	0	0	0	0	0	0	0	0	0	0	0	0	0	0	0	0	0	0	0	0	0	0	0	0	0	0	0	0	0	0	0	0	0	0	0	0	0	0	0	0	0	0	0	0	0	0	0	0	0	0	0	0	0	0	0	0	0	0	0	0	0	0	0	0	0	0	0	0	0	0	0	0	0	0	0	0	0	0	0	0	0	0	0	0	0	0	0	0	0	0	0	0	0	0	0	146	116	110	33	94	16	138	118	170	159	154
0	0	0	0	0	0	0	0	0	0	0	0	0	0	0	0	0	0	0	0	0	0	0	0	0	0	0	0	0	0	0	0	0	0	0	0	0	0	0	0	0	0	0	0	0	0	0	0	0	0	0	0	0	0	0	0	0	0	0	0	0	0	0	0	0	0	0	0	0	0	0	0	0	0	0	0	0	0	0	0	0	0	0	0	0	0	0	0	0	0	0	0	0	0	0	0	0	0	0	0	0	0	0	0	0	0	0	0	0	0	0	0	0	0	0	0	0	0	156	62	172	74	32	127	115	37	48	33
0	0	0	0	0	0	0	0	0	0	0	0	0	0	0	0	0	0	0	0	0	0	0	0	0	0	0	0	0	0	0	0	0	0	0	0	0	0	0	0	0	0	0	0	0	0	0	0	0	0	0	0	0	0	0	0	0	0	0	0	0	0	0	0	0	0	0	0	0	0	0	0	0	0	0	0	0	0	0	0	0	0	0	0	0	0	0	0	0	0	0	0	0	0	0	0	0	0	0	0	0	0	0	0	0	0	0	0	0	0	0	0	0	0	0	0	0	0	0	156	108	69	138	197	122	115	29	105
0	0	0	0	0	0	0	0	0	0	0	0	0	0	0	0	0	0	0	0	0	0	0	0	0	0	0	0	0	0	0	0	0	0	0	0	0	0	0	0	0	0	0	0	0	0	0	0	0	0	0	0	0	0	0	0	0	0	0	0	0	0	0	0	0	0	0	0	0	0	0	0	0	0	0	0	0	0	0	0	0	0	0	0	0	0	0	0	0	0	0	0	0	0	0	0	0	0	0	0	0	0	0	0	0	0	0	0	0	0	0	0	0	0	0	0	0	0	0	0	17	94	130	97	164	135	156	55
0	0	0	0	0	0	0	0	0	0	0	0	0	0	0	0	0	0	0	0	0	0	0	0	0	0	0	0	0	0	0	0	0	0	0	0	0	0	0	0	0	0	0	0	0	0	0	0	0	0	0	0	0	0	0	0	0	0	0	0	0	0	0	0	0	0	0	0	0	0	0	0	0	0	0	0	0	0	0	0	0	0	0	0	0	0	0	0	0	0	0	0	0	0	0	0	0	0	0	0	0	0	0	0	0	0	0	0	0	0	0	0	0	0	0	0	0	0	0	0	0	220	118	39	171	126	209	124
0	0	0	0	0	0	0	0	0	0	0	0	0	0	0	0	0	0	0	0	0	0	0	0	0	0	0	0	0	0	0	0	0	0	0	0	0	0	0	0	0	0	0	0	0	0	0	0	0	0	0	0	0	0	0	0	0	0	0	0	0	0	0	0	0	0	0	0	0	0	0	0	0	0	0	0	0	0	0	0	0	0	0	0	0	0	0	0	0	0	0	0	0	0	0	0	0	0	0	0	0	0	0	0	0	0	0	0	0	0	0	0	0	0	0	0	0	0	0	0	0	0	180	187	66	110	217	96
0	0	0	0	0	0	0	0	0	0	0	0	0	0	0	0	0	0	0	0	0	0	0	0	0	0	0	0	0	0	0	0	0	0	0	0	0	0	0	0	0	0	0	0	0	0	0	0	0	0	0	0	0	0	0	0	0	0	0	0	0	0	0	0	0	0	0	0	0	0	0	0	0	0	0	0	0	0	0	0	0	0	0	0	0	0	0	0	0	0	0	0	0	0	0	0	0	0	0	0	0	0	0	0	0	0	0	0	0	0	0	0	0	0	0	0	0	0	0	0	0	0	0	128	162	161	222	215
0	0	0	0	0	0	0	0	0	0	0	0	0	0	0	0	0	0	0	0	0	0	0	0	0	0	0	0	0	0	0	0	0	0	0	0	0	0	0	0	0	0	0	0	0	0	0	0	0	0	0	0	0	0	0	0	0	0	0	0	0	0	0	0	0	0	0	0	0	0	0	0	0	0	0	0	0	0	0	0	0	0	0	0	0	0	0	0	0	0	0	0	0	0	0	0	0	0	0	0	0	0	0	0	0	0	0	0	0	0	0	0	0	0	0	0	0	0	0	0	0	0	0	0	192	233	146	161
0	0	0	0	0	0	0	0	0	0	0	0	0	0	0	0	0	0	0	0	0	0	0	0	0	0	0	0	0	0	0	0	0	0	0	0	0	0	0	0	0	0	0	0	0	0	0	0	0	0	0	0	0	0	0	0	0	0	0	0	0	0	0	0	0	0	0	0	0	0	0	0	0	0	0	0	0	0	0	0	0	0	0	0	0	0	0	0	0	0	0	0	0	0	0	0	0	0	0	0	0	0	0	0	0	0	0	0	0	0	0	0	0	0	0	0	0	0	0	0	0	0	0	0	0	48	171	118
0	0	0	0	0	0	0	0	0	0	0	0	0	0	0	0	0	0	0	0	0	0	0	0	0	0	0	0	0	0	0	0	0	0	0	0	0	0	0	0	0	0	0	0	0	0	0	0	0	0	0	0	0	0	0	0	0	0	0	0	0	0	0	0	0	0	0	0	0	0	0	0	0	0	0	0	0	0	0	0	0	0	0	0	0	0	0	0	0	0	0	0	0	0	0	0	0	0	0	0	0	0	0	0	0	0	0	0	0	0	0	0	0	0	0	0	0	0	0	0	0	0	0	0	0	0	157	90
0	0	0	0	0	0	0	0	0	0	0	0	0	0	0	0	0	0	0	0	0	0	0	0	0	0	0	0	0	0	0	0	0	0	0	0	0	0	0	0	0	0	0	0	0	0	0	0	0	0	0	0	0	0	0	0	0	0	0	0	0	0	0	0	0	0	0	0	0	0	0	0	0	0	0	0	0	0	0	0	0	0	0	0	0	0	0	0	0	0	0	0	0	0	0	0	0	0	0	0	0	0	0	0	0	0	0	0	0	0	0	0	0	0	0	0	0	0	0	0	0	0	0	0	0	0	0	137
0	0	0	0	0	0	0	0	0	0	0	0	0	0	0	0	0	0	0	0	0	0	0	0	0	0	0	0	0	0	0	0	0	0	0	0	0	0	0	0	0	0	0	0	0	0	0	0	0	0	0	0	0	0	0	0	0	0	0	0	0	0	0	0	0	0	0	0	0	0	0	0	0	0	0	0	0	0	0	0	0	0	0	0	0	0	0	0	0	0	0	0	0	0	0	0	0	0	0	0	0	0	0	0	0	0	0	0	0	0	0	0	0	0	0	0	0	0	0	0	0	0	0	0	0	0	0	0