0	66	26	79	69	109	86	3	16	121	54	129	123	40	88	91	44	100	32	60	40	3	33	72	71	92	72	102	48	102	41	33	85	124	116	111	122	117	17	60	12	47	59	118	121	62	109	60	9	3	71	102	116	55	23	120	7	62	103	103	116	46	23	66	107	115	94	13	13	80	84	4	21	44	57	91	11	53	61	89	101	114	105	17	47	105	85	42	74	101	48	83	35	86	94	41	112	79	33	80	8	117	42	96	23	78	123	106	69	19	64	32	91	61	87	68	27	34	33	64	104	61	31	34	79	100	77	114
0	0	102	110	76	89	71	120	4	43	45	119	36	55	41	22	35	45	26	6	107	101	4	119	30	57	32	129	78	55	34	43	80	54	62	40	44	120	94	6	49	53	121	37	10	81	8	75	103	120	68	110	34	79	29	6	69	112	37	64	123	69	63	55	59	7	101	110	55	24	104	32	70	75	92	82	5	57	89	47	96	32	100	80	25	4	69	107	10	63	99	46	64	26	109	96	49	67	126	12	50	11	71	95	43	40	88	120	44	72	27	7	125	37	92	5	113	8	54	11	91	53	58	37	66	128	7	22
0	0	0	70	27	87	45	115	48	93	9	72	118	111	75	18	9	85	120	98	68	84	123	29	77	103	10	129	56	107	111	26	107	26	49	52	129	71	104	55	93	125	53	31	60	90	49	77	93	114	38	69	36	16	116	6	28	99	6	35	58	58	73	105	114	31	3	15	127	89	26	101	50	113	69	54	9	108	108	31	116	62	59	129	42	75	24	128	126	110	84	118	76	16	71	52	75	83	11	70	59	102	94	45	104	98	126	96	13	81	63	79	23	64	11	21	36	28	103	72	112	129	79	58	22	16	42	60
0	0	0	0	7	86	9	67	69	131	92	4	56	6	116	17	111	106	34	6	13	102	85	60	107	56	98	107	85	59	46	82	41	79	97	105	37	74	105	102	113	108	121	97	62	52	21	93	54	119	95	31	30	41	21	68	26	50	109	43	92	109	29	39	101	58	125	115	108	90	70	19	19	109	43	6	66	109	83	97	55	103	11	47	73	44	15	55	10	44	80	94	22	130	16	29	58	79	27	96	93	112	58	94	81	26	16	6	89	4	53	29	118	37	97	31	32	88	118	84	84	63	93	23	55	28	91	19
0	0	0	0	0	42	45	122	43	68	51	125	119	125	72	22	103	91	39	88	116	104	67	73	62	9	6	54	44	87	90	77	120	129	25	31	32	99	58	95	5	87	78	46	42	61	67	81	96	80	101	57	108	29	84	117	101	23	55	76	76	101	4	20	56	106	30	86	22	27	78	15	132	123	34	133	19	25	32	67	5	95	57	43	91	34	29	94	111	40	90	78	55	51	74	15	118	16	67	112	24	58	14	13	89	28	116	35	61	8	123	61	44	6	110	89	25	125	104	81	31	39	103	49	100	61	9	118
0	0	0	0	0	0	86	13	85	69	8	110	110	61	25	36	21	29	117	68	72	54	30	111	63	66	103	43	91	125	100	77	124	17	2	36	29	33	14	71	112	131	55	94	126	58	99	127	127	52	104	17	115	85	74	75	58	46	10	36	128	9	23	124	57	83	51	5	71	42	83	47	102	123	121	87	46	102	122	110	59	99	55	132	129	68	27	11	74	115	117	123	10	17	105	31	5	107	11	111	47	67	9	102	34	70	55	31	95	125	128	13	8	53	45	69	25	104	105	85	66	85	13	19	10	97	32	48
0	0	0	0	0	0	0	90	13	5	37	63	120	80	67	28	54	47	10	23	60	82	94	129	35	47	123	67	110	124	108	66	110	52	44	94	44	12	24	70	99	96	115	30	107	93	39	24	86	75	53	78	100	50	70	26	14	2	56	122	55	37	37	38	123	41	87	73	89	20	22	104	9	8	59	22	61	128	101	51	66	94	130	122	25	90	110	54	40	86	38	102	63	128	42	116	123	109	48	47	113	112	59	7	8	48	26	71	80	87	95	77	41	118	111	65	26	29	83	82	102	69	60	83	33	22	127	106
0	0	0	0	0	0	0	0	82	27	5	72	34	65	20	10	21	66	102	58	8	88	128	28	129	121	127	69	21	84	126	10	30	63	128	16	32	73	21	3	110	45	120	34	44	127	85	22	71	75	15	65	39	97	131	41	129	53	94	92	125	10	126	69	31	75	53	75	10	106	41	81	121	20	113	61	54	14	54	42	41	111	83	111	36	82	114	26	115	51	34	9	18	93	30	95	31	36	83	131	40	63	67	109	26	23	57	9	16	26	54	73	128	63	70	58	69	16	100	52	12	46	65	13	46	58	60	131
0	0	0	0	0	0	0	0	0	77	98	92	87	93	18	40	106	18	95	88	36	81	32	13	133	85	6	101	57	92	31	24	11	101	82	68	38	106	54	120	25	87	34	72	104	79	116	131	45	111	132	96	101	3	36	45	98	66	99	67	115	50	118	36	35	57	135	66	82	99	106	69	121	104	86	46	16	65	97	51	26	23	126	57	27	111	37	27	128	54	27	94	120	47	12	60	59	96	31	48	30	65	17	17	18	22	104	136	95	110	5	83	122	22	61	132	90	126	37	41	16	33	49	79	104	122	17	118
0	0	0	0	0	0	0	0	0	0	105	113	34	71	51	132	125	111	3	24	104	94	56	9	113	25	56	77	84	77	28	18	118	128	67	134	64	121	44	61	54	40	34	54	78	12	124	71	34	65	111	97	25	47	107	104	88	12	94	52	78	122	21	126	6	39	76	110	104	50	56	121	98	24	35	115	10	26	98	47	119	119	84	70	103	114	118	74	51	40	55	118	102	68	17	81	114	120	72	94	29	117	108	57	57	105	108	53	84	72	33	39	8	73	55	44	36	107	31	126	87	57	108	73	48	131	56	104
0	0	0	0	0	0	0	0	0	0	0	126	23	102	122	132	106	35	51	125	86	63	23	72	91	102	131	109	24	87	120	89	70	15	102	119	71	93	27	125	62	58	103	76	82	84	89	46	42	18	93	10	20	61	58	7	25	50	114	92	129	18	64	39	93	48	47	59	118	133	126	32	24	70	18	36	101	60	19	11	115	3	64	36	114	15	122	122	26	135	56	61	80	70	100	126	127	49	45	118	128	60	98	126	17	119	126	81	87	35	30	129	123	115	55	100	59	58	115	26	23	71	52	58	48	96	48	48
0	0	0	0	0	0	0	0	0	0	0	0	132	31	78	19	6	55	63	23	102	12	89	110	43	10	53	38	77	86	98	29	60	55	135	77	2	77	85	85	95	101	115	85	7	94	105	101	87	66	109	73	71	32	9	89	101	45	122	126	36	36	104	63	86	18	110	46	13	93	82	43	19	91	32	20	89	127	35	40	24	107	11	66	99	37	125	72	129	131	49	126	56	83	37	121	96	72	126	38	138	91	127	58	93	54	40	88	29	14	128	36	17	41	90	109	103	114	9	100	99	36	110	119	32	46	102	112
0	0	0	0	0	0	0	0	0	0	0	0	0	85	29	35	24	18	96	43	42	93	12	74	120	64	27	67	106	30	79	42	97	79	78	39	44	48	5	14	35	39	41	116	99	81	73	92	42	125	79	118	95	109	120	41	6	87	67	47	101	22	68	101	93	126	102	124	133	14	23	106	57	80	22	86	52	136	84	27	58	37	107	55	89	36	36	127	130	26	101	101	4	11	32	84	82	44	60	108	32	79	55	83	49	86	43	129	68	67	120	137	82	80	15	135	132	60	34	54	109	88	78	102	88	21	65	63
0	0	0	0	0	0	0	0	0	0	0	0	0	0	39	20	72	70	61	119	61	111	36	124	80	33	135	15	43	113	14	135	73	134	41	97	67	55	131	77	29	76	134	116	20	28	78	106	24	14	67	44	18	27	33	113	104	28	5	53	41	35	18	35	95	51	82	9	128	83	75	12	124	124	36	86	65	27	77	68	89	109	71	106	128	135	80	91	82	74	35	99	122	14	24	7	121	89	58	105	47	83	31	129	44	89	128	107	47	113	38	87	85	47	110	68	22	24	67	89	77	11	118	20	108	39	136	73
0	0	0	0	0	0	0	0	0	0	0	0	0	0	0	133	16	99	114	74	124	124	129	109	39	82	110	105	18	74	77	80	112	49	71	44	139	22	17	129	93	28	11	57	45	106	81	111	124	102	107	51	76	110	117	121	69	79	106	20	138	39	115	90	125	111	125	26	56	131	44	85	120	48	23	90	133	121	24	81	33	87	112	107	51	29	38	58	25	42	136	41	121	16	52	2	134	26	64	57	15	121	118	54	66	44	89	71	15	33	85	81	87	48	61	30	19	31	16	24	36	12	50	64	115	48	127	122
0	0	0	0	0	0	0	0	0	0	0	0	0	0	0	0	128	61	55	83	52	71	119	25	88	128	18	20	85	111	44	13	24	42	63	60	112	140	7	61	41	76	65	88	108	70	101	43	80	9	54	50	119	113	25	51	59	42	103	70	110	36	32	73	70	114	95	130	114	36	83	36	34	24	28	99	60	64	103	120	84	117	77	42	23	30	65	115	39	73	49	39	30	90	29	96	14	135	50	58	110	112	57	115	104	63	66	63	35	131	37	89	54	45	127	121	39	132	10	50	116	107	128	80	52	122	56	108
0	0	0	0	0	0	0	0	0	0	0	0	0	0	0	0	0	69	40	75	72	111	12	41	85	120	76	91	55	50	97	37	99	62	116	60	96	108	114	39	108	11	17	97	35	126	86	70	83	105	19	76	121	36	48	114	137	47	74	116	121	113	102	27	11	39	111	127	21	115	17	124	41	142	130	73	105	57	138	22	86	12	99	102	53	102	127	86	120	50	107	94	125	17	55	69	23	14	57	100	35	96	26	116	29	48	104	75	129	60	82	73	33	46	22	35	52	70	73	60	40	63	119	116	130	49	120	109
0	0	0	0	0	0	0	0	0	0	0	0	0	0	0	0	0	0	45	61	103	125	73	78	128	38	82	79	52	13	106	36	139	19	91	58	56	128	47	131	36	20	127	100	37	18	90	125	101	126	19	48	34	121	67	40	84	43	58	86	105	125	48	80	50	103	90	4	118	135	92	12	112	134	46	85	19	71	121	32	55	94	31	26	8	62	47	106	133	137	123	121	20	40	137	140	20	103	66	92	76	53	76	89	71	37	113	99	58	25	88	125	133	90	98	120	31	54	31	84	66	124	130	105	27	54	119	66
0	0	0	0	0	0	0	0	0	0	0	0	0	0	0	0	0	0	0	71	100	60	63	78	84	61	103	116	115	51	94	124	57	108	30	8	105	103	67	98	70	16	73	7	28	22	89	111	101	89	131	113	28	128	69	59	119	59	93	33	80	25	100	30	43	125	93	87	76	76	127	81	97	7	52	45	74	98	19	122	80	125	44	18	109	80	48	120	139	68	43	123	106	76	68	117	33	28	109	87	8	8	8	19	143	51	104	130	104	23	104	73	59	116	69	113	53	46	133	43	32	7	19	129	71	48	116	57
0	0	0	0	0	0	0	0	0	0	0	0	0	0	0	0	0	0	0	0	16	94	116	131	19	103	133	110	128	121	123	82	23	103	50	101	26	34	109	28	43	85	103	11	36	70	37	21	84	103	46	98	123	23	140	74	78	98	38	103	131	74	49	69	118	26	51	86	139	36	48	36	137	55	126	69	124	41	30	82	82	14	21	141	95	128	94	67	47	96	21	3	78	124	120	31	117	67	88	30	37	114	81	36	55	21	121	72	121	24	27	90	47	83	116	95	97	16	134	76	53	10	13	55	105	87	135	45
0	0	0	0	0	0	0	0	0	0	0	0	0	0	0	0	0	0	0	0	0	15	76	122	61	91	31	83	60	59	124	75	145	76	53	21	92	47	77	62	60	98	128	122	21	101	131	129	22	136	92	68	3	28	93	49	53	100	30	130	36	12	23	135	133	46	44	57	89	39	61	19	129	38	113	40	127	114	89	138	87	34	64	65	15	92	107	81	34	111	68	82	104	92	126	86	46	127	69	89	137	106	15	69	38	82	75	89	71	67	65	94	63	53	129	135	94	70	36	51	35	85	20	86	79	129	105	108
0	0	0	0	0	0	0	0	0	0	0	0	0	0	0	0	0	0	0	0	0	0	96	93	20	77	117	98	114	107	25	35	83	76	13	65	30	81	62	66	57	128	64	90	50	72	14	139	123	21	111	117	49	84	71	11	71	63	125	66	133	94	123	131	43	43	125	10	34	76	79	108	116	58	73	137	143	121	76	141	99	91	67	123	136	129	120	14	127	43	22	40	34	66	60	65	92	86	29	81	34	39	45	19	34	37	85	127	73	65	105	39	142	68	47	33	117	60	126	24	38	21	126	116	65	145	53	68
0	0	0	0	0	0	0	0	0	0	0	0	0	0	0	0	0	0	0	0	0	0	0	120	104	90	108	56	23	134	71	89	70	72	60	86	117	97	30	126	105	91	90	56	70	39	26	124	120	101	108	107	91	95	130	140	17	123	128	52	112	110	76	137	130	64	28	86	44	19	49	65	130	46	68	22	81	120	130	130	39	90	120	21	115	138	142	48	19	121	86	68	98	92	109	93	61	44	9	88	77	32	47	24	141	14	136	29	70	69	120	129	138	111	133	36	59	32	23	68	141	71	134	101	58	90	84	123
0	0	0	0	0	0	0	0	0	0	0	0	0	0	0	0	0	0	0	0	0	0	0	0	30	129	36	89	92	88	127	117	97	103	119	62	19	116	84	84	106	138	121	69	26	60	23	124	72	85	45	66	26	21	31	37	98	127	86	97	119	108	54	114	65	10	104	29	68	119	34	44	123	140	104	130	20	86	83	20	66	87	35	55	120	33	94	81	51	139	139	96	27	140	108	95	25	46	75	112	71	100	125	13	82	54	68	107	16	38	24	101	115	111	56	111	86	59	38	29	94	37	71	80	52	22	134	113
0	0	0	0	0	0	0	0	0	0	0	0	0	0	0	0	0	0	0	0	0	0	0	0	0	69	110	127	65	42	46	88	98	32	25	138	14	121	101	26	54	38	44	31	121	69	118	113	71	17	20	132	82	34	87	50	89	9	130	23	103	64	22	107	110	114	79	66	51	34	49	25	26	39	102	92	32	139	82	37	123	59	30	73	99	9	100	78	55	115	47	84	99	35	117	98	71	45	65	117	107	103	57	36	89	80	104	126	53	100	74	32	24	49	127	48	137	121	131	74	131	121	85	93	129	50	28	64
0	0	0	0	0	0	0	0	0	0	0	0	0	0	0	0	0	0	0	0	0	0	0	0	0	0	71	110	90	139	95	15	132	102	25	104	135	89	38	141	77	43	69	39	35	54	65	43	20	138	73	61	115	46	36	113	22	72	114	29	57	20	22	55	80	105	86	74	22	110	37	105	72	56	126	75	67	138	23	105	43	31	88	129	139	74	143	85	83	26	42	131	76	72	77	39	108	62	94	102	46	115	91	57	97	61	100	98	36	87	131	87	33	20	90	106	100	123	36	59	104	80	28	27	23	33	42	130
0	0	0	0	0	0	0	0	0	0	0	0	0	0	0	0	0	0	0	0	0	0	0	0	0	0	0	139	61	116	28	101	141	55	112	88	79	53	123	43	123	152	48	87	117	41	21	26	71	61	78	66	42	21	46	143	80	139	127	99	147	50	7	55	135	61	44	128	66	89	37	32	84	114	22	16	74	92	65	100	124	124	22	40	32	118	127	106	68	91	93	98	76	135	119	86	89	20	66	125	103	105	93	105	145	128	121	61	46	62	115	70	138	51	35	97	61	73	27	47	54	65	144	134	83	90	88	112
0	0	0	0	0	0	0	0	0	0	0	0	0	0	0	0	0	0	0	0	0	0	0	0	0	0	0	0	55	69	42	61	95	99	92	39	24	81	149	35	124	47	89	64	46	30	61	23	75	39	107	24	68	78	25	153	74	47	8	42	109	52	17	91	92	94	79	64	56	110	79	102	80	130	90	40	64	92	47	14	145	152	35	105	90	127	142	36	110	43	60	84	103	23	122	72	21	38	72	43	98	59	65	37	83	51	60	71	58	94	138	54	87	130	58	35	37	34	48	5	25	44	105	23	101	32	57	72
0	0	0	0	0	0	0	0	0	0	0	0	0	0	0	0	0	0	0	0	0	0	0	0	0	0	0	0	0	76	54	133	85	85	130	20	59	40	132	21	89	67	95	135	101	39	74	100	32	84	130	108	54	32	58	89	95	62	109	22	69	63	5	89	32	121	87	67	80	51	90	125	92	58	35	88	19	104	121	46	120	99	74	94	88	18	110	55	76	62	24	31	7	61	28	129	98	119	51	50	74	77	90	134	140	122	143	97	58	125	145	138	47	49	107	78	69	140	42	36	66	114	34	134	88	109	20	117
0	0	0	0	0	0	0	0	0	0	0	0	0	0	0	0	0	0	0	0	0	0	0	0	0	0	0	0	0	0	12	81	104	131	125	39	51	105	110	115	80	110	9	134	113	51	61	67	76	89	118	117	125	54	38	37	132	86	58	73	102	106	102	104	126	128	71	95	131	70	20	150	49	108	19	60	64	99	47	92	130	136	127	81	117	75	11	145	40	86	54	75	134	65	85	131	60	54	69	92	126	28	18	48	116	52	59	51	49	146	119	97	111	135	94	56	107	30	79	62	107	59	33	104	128	68	32	26
0	0	0	0	0	0	0	0	0	0	0	0	0	0	0	0	0	0	0	0	0	0	0	0	0	0	0	0	0	0	0	43	130	13	138	56	119	115	125	111	6	98	94	81	137	94	42	79	97	130	75	20	37	82	15	18	71	31	154	56	53	66	41	89	136	37	142	74	114	54	119	83	94	44	77	12	26	114	51	69	111	110	95	86	16	35	69	78	125	74	130	121	19	27	56	83	50	51	100	112	83	130	24	79	96	65	113	131	79	79	10	78	143	70	26	8	84	87	79	36	66	91	118	74	144	118	72	34
0	0	0	0	0	0	0	0	0	0	0	0	0	0	0	0	0	0	0	0	0	0	0	0	0	0	0	0	0	0	0	0	36	67	145	119	115	130	125	25	130	104	105	126	91	30	65	115	149	26	46	56	68	58	23	30	31	77	67	45	84	61	37	88	120	139	43	35	17	43	74	119	50	45	34	35	51	136	77	61	92	103	28	89	42	133	74	68	43	88	37	28	109	25	4	95	97	26	101	135	27	130	103	135	38	30	106	43	11	59	71	85	125	82	74	44	26	13	110	127	46	37	127	112	131	49	70	131
0	0	0	0	0	0	0	0	0	0	0	0	0	0	0	0	0	0	0	0	0	0	0	0	0	0	0	0	0	0	0	0	0	31	58	56	17	69	123	131	117	85	55	114	84	15	108	44	130	102	61	114	23	58	141	120	125	29	102	40	94	99	123	26	45	140	74	72	15	34	84	24	45	33	132	138	136	89	114	38	134	35	142	150	82	60	25	123	24	30	102	70	110	124	110	63	133	56	124	97	147	75	143	76	110	102	86	65	74	92	61	94	87	66	40	145	113	126	36	12	30	57	128	97	97	34	56	88
0	0	0	0	0	0	0	0	0	0	0	0	0	0	0	0	0	0	0	0	0	0	0	0	0	0	0	0	0	0	0	0	0	0	102	82	101	123	100	123	106	105	108	86	133	30	39	120	97	54	84	108	66	81	32	43	70	103	27	100	42	143	77	30	73	66	48	11	144	59	10	91	42	30	42	30	130	69	11	138	80	19	79	119	149	60	90	117	48	116	90	68	41	128	42	86	103	101	80	71	128	25	76	63	52	138	47	28	27	152	81	80	48	29	78	84	146	148	79	21	33	90	105	51	8	93	108	77
0	0	0	0	0	0	0	0	0	0	0	0	0	0	0	0	0	0	0	0	0	0	0	0	0	0	0	0	0	0	0	0	0	0	0	88	139	121	92	86	158	42	95	33	99	113	98	78	141	109	20	41	135	113	96	139	38	117	106	60	137	49	110	64	122	39	64	128	102	139	115	48	40	72	71	144	124	50	80	29	120	135	139	15	82	100	100	130	63	88	155	47	83	140	134	75	139	117	38	148	29	140	131	120	78	117	111	117	128	109	42	48	71	34	96	56	145	72	108	124	93	133	131	16	105	61	36	18
0	0	0	0	0	0	0	0	0	0	0	0	0	0	0	0	0	0	0	0	0	0	0	0	0	0	0	0	0	0	0	0	0	0	0	0	122	121	135	133	39	41	48	57	126	149	119	20	121	133	102	99	128	71	33	113	69	159	127	82	54	101	126	144	74	35	86	111	62	85	132	8	19	48	116	149	80	76	142	161	25	88	41	47	100	97	118	38	67	7	39	85	109	18	98	73	95	42	94	44	113	129	93	54	88	110	151	31	15	108	70	74	27	33	91	147	97	152	54	18	95	35	144	146	108	132	45	98
0	0	0	0	0	0	0	0	0	0	0	0	0	0	0	0	0	0	0	0	0	0	0	0	0	0	0	0	0	0	0	0	0	0	0	0	0	117	93	6	63	95	123	75	70	108	51	24	42	114	107	47	135	90	116	78	155	103	123	156	96	155	49	83	5	29	37	49	57	114	51	77	71	121	116	71	130	48	158	115	45	104	119	31	38	122	109	46	147	55	29	103	98	140	60	92	38	162	113	93	131	122	108	152	141	29	25	142	152	40	58	96	150	84	73	109	70	85	35	82	143	139	151	34	74	50	34	39
0	0	0	0	0	0	0	0	0	0	0	0	0	0	0	0	0	0	0	0	0	0	0	0	0	0	0	0	0	0	0	0	0	0	0	0	0	0	99	76	109	134	148	127	86	23	22	94	93	62	45	57	54	41	41	141	62	123	32	106	114	45	135	63	54	98	26	141	70	104	119	89	13	115	75	96	126	77	13	82	76	35	96	125	110	154	28	89	34	68	123	127	163	54	62	100	59	35	76	143	140	141	136	80	33	78	140	62	100	101	38	68	107	89	51	149	80	72	64	86	71	15	112	152	54	94	41	64
0	0	0	0	0	0	0	0	0	0	0	0	0	0	0	0	0	0	0	0	0	0	0	0	0	0	0	0	0	0	0	0	0	0	0	0	0	0	0	71	52	102	81	102	117	70	127	64	58	115	115	146	97	109	47	120	105	15	108	44	66	13	17	127	127	147	155	43	25	42	61	35	81	68	76	50	114	146	30	86	128	81	99	118	135	54	117	150	99	37	108	38	89	123	43	135	94	89	61	125	109	128	43	80	37	114	115	87	121	53	69	104	33	131	101	147	43	68	104	155	21	121	135	41	64	103	40	77
0	0	0	0	0	0	0	0	0	0	0	0	0	0	0	0	0	0	0	0	0	0	0	0	0	0	0	0	0	0	0	0	0	0	0	0	0	0	0	0	147	19	118	143	103	76	146	49	130	56	128	24	48	98	41	110	89	80	33	57	44	136	14	99	24	117	30	139	133	34	85	32	80	142	128	108	80	110	38	38	78	90	103	77	123	43	148	148	23	61	103	157	84	37	90	61	105	147	24	121	114	84	45	83	48	57	69	58	118	25	108	135	64	118	43	92	143	86	138	71	132	41	117	131	124	115	40	122
0	0	0	0	0	0	0	0	0	0	0	0	0	0	0	0	0	0	0	0	0	0	0	0	0	0	0	0	0	0	0	0	0	0	0	0	0	0	0	0	0	75	138	46	120	87	28	138	70	63	101	21	29	65	43	144	11	129	80	32	41	146	59	122	91	130	26	63	28	149	113	116	139	20	104	113	118	154	46	98	81	49	130	123	11	58	74	63	66	45	39	116	126	18	121	155	108	94	59	90	134	38	47	46	126	34	52	129	47	121	90	36	59	133	92	25	61	55	161	61	49	70	40	128	137	56	55	98
0	0	0	0	0	0	0	0	0	0	0	0	0	0	0	0	0	0	0	0	0	0	0	0	0	0	0	0	0	0	0	0	0	0	0	0	0	0	0	0	0	0	118	142	74	93	117	108	150	30	58	153	83	68	144	154	122	25	96	101	57	81	45	38	114	22	94	72	123	77	47	73	100	143	73	10	64	64	73	151	54	41	57	45	147	127	139	126	104	95	31	114	45	139	71	95	134	109	114	105	127	147	27	120	88	54	138	89	97	129	98	71	44	143	118	44	114	124	142	28	131	54	81	26	28	108	128	29
0	0	0	0	0	0	0	0	0	0	0	0	0	0	0	0	0	0	0	0	0	0	0	0	0	0	0	0	0	0	0	0	0	0	0	0	0	0	0	0	0	0	0	137	76	150	89	23	58	36	71	109	39	43	67	131	106	53	60	60	40	103	84	79	34	26	25	86	38	20	50	93	73	137	139	72	22	147	62	144	66	141	32	83	54	122	95	122	91	84	152	64	66	77	80	58	50	19	127	48	62	127	96	49	43	41	134	120	102	96	103	104	75	148	129	148	131	88	168	57	56	34	127	98	151	98	137	69
0	0	0	0	0	0	0	0	0	0	0	0	0	0	0	0	0	0	0	0	0	0	0	0	0	0	0	0	0	0	0	0	0	0	0	0	0	0	0	0	0	0	0	0	98	66	41	77	97	141	147	39	84	124	116	159	62	61	144	140	52	130	85	101	17	148	153	129	19	120	56	75	104	142	82	8	123	137	123	65	58	129	24	123	50	57	49	124	73	29	60	48	115	23	73	157	54	112	166	30	98	23	93	45	111	73	150	108	64	89	131	159	55	128	100	58	110	35	109	155	28	87	102	51	134	102	58	145
0	0	0	0	0	0	0	0	0	0	0	0	0	0	0	0	0	0	0	0	0	0	0	0	0	0	0	0	0	0	0	0	0	0	0	0	0	0	0	0	0	0	0	0	0	95	73	91	24	156	28	119	46	98	95	94	149	126	145	131	150	96	46	100	76	82	45	91	79	104	76	63	30	53	91	24	130	30	129	66	111	150	53	61	99	66	142	74	104	98	80	138	47	85	61	121	65	93	82	35	81	80	117	71	48	153	114	86	43	82	114	88	80	116	44	96	155	141	64	166	10	102	20	81	106	127	125	69
0	0	0	0	0	0	0	0	0	0	0	0	0	0	0	0	0	0	0	0	0	0	0	0	0	0	0	0	0	0	0	0	0	0	0	0	0	0	0	0	0	0	0	0	0	0	124	20	124	73	22	141	65	48	99	42	48	33	109	79	111	135	158	152	132	43	72	53	125	105	60	131	133	57	72	123	87	130	86	83	30	85	128	142	91	64	101	157	47	123	151	66	100	88	50	108	86	34	137	19	112	115	110	46	141	78	140	42	136	127	55	66	113	129	97	97	40	93	110	145	103	77	124	60	116	115	72	92
0	0	0	0	0	0	0	0	0	0	0	0	0	0	0	0	0	0	0	0	0	0	0	0	0	0	0	0	0	0	0	0	0	0	0	0	0	0	0	0	0	0	0	0	0	0	0	95	85	49	94	66	102	62	65	45	116	93	71	72	130	58	122	88	18	23	129	132	50	147	70	132	115	13	130	125	32	70	124	148	67	126	95	147	34	57	73	139	30	151	65	67	8	52	123	21	72	162	95	130	100	84	108	41	103	60	117	29	132	149	151	117	28	43	28	74	107	44	35	102	43	148	125	134	89	136	134	149
0	0	0	0	0	0	0	0	0	0	0	0	0	0	0	0	0	0	0	0	0	0	0	0	0	0	0	0	0	0	0	0	0	0	0	0	0	0	0	0	0	0	0	0	0	0	0	0	76	152	115	133	49	116	96	162	139	156	161	29	99	43	121	112	29	66	55	108	32	61	54	97	60	109	49	96	139	142	19	51	113	99	145	54	121	39	61	33	39	97	33	17	107	34	139	78	148	81	100	133	109	106	135	126	162	48	146	105	23	94	44	132	128	64	75	135	86	124	69	105	84	118	120	138	92	140	131	58
0	0	0	0	0	0	0	0	0	0	0	0	0	0	0	0	0	0	0	0	0	0	0	0	0	0	0	0	0	0	0	0	0	0	0	0	0	0	0	0	0	0	0	0	0	0	0	0	0	140	48	121	97	91	66	141	85	51	116	52	108	105	79	84	52	28	100	55	111	139	75	50	141	85	156	147	24	69	87	91	102	143	78	51	30	161	132	48	44	171	147	39	85	68	48	86	102	65	88	68	91	109	116	50	92	40	154	45	46	98	50	71	89	123	61	57	122	134	104	57	80	148	56	48	154	143	78	131
0	0	0	0	0	0	0	0	0	0	0	0	0	0	0	0	0	0	0	0	0	0	0	0	0	0	0	0	0	0	0	0	0	0	0	0	0	0	0	0	0	0	0	0	0	0	0	0	0	0	44	32	16	34	67	126	59	148	46	112	38	141	13	98	141	80	68	121	100	120	145	142	64	84	160	164	88	40	111	156	94	119	108	54	60	39	3	132	55	124	60	71	92	112	126	43	114	126	42	83	79	53	101	51	13	121	142	80	50	43	82	129	92	129	74	36	142	124	88	66	85	56	86	48	49	167	66	57
0	0	0	0	0	0	0	0	0	0	0	0	0	0	0	0	0	0	0	0	0	0	0	0	0	0	0	0	0	0	0	0	0	0	0	0	0	0	0	0	0	0	0	0	0	0	0	0	0	0	0	147	137	99	115	157	92	55	101	70	64	58	167	43	18	101	137	115	67	130	107	126	131	99	96	102	116	97	146	77	45	119	19	124	56	83	55	140	123	7	147	19	46	4	81	153	107	55	96	85	105	19	42	94	27	36	109	87	60	113	141	151	132	127	85	89	153	111	49	97	135	44	56	86	49	92	11	57
0	0	0	0	0	0	0	0	0	0	0	0	0	0	0	0	0	0	0	0	0	0	0	0	0	0	0	0	0	0	0	0	0	0	0	0	0	0	0	0	0	0	0	0	0	0	0	0	0	0	0	0	95	146	14	66	74	37	81	61	74	77	127	117	52	122	92	87	88	124	69	88	94	67	69	90	127	64	93	39	42	98	53	102	81	96	157	129	154	84	137	73	73	114	161	119	46	162	82	90	81	132	152	78	125	99	108	95	123	166	100	124	29	65	14	146	14	132	102	166	53	42	54	82	65	45	115	105
0	0	0	0	0	0	0	0	0	0	0	0	0	0	0	0	0	0	0	0	0	0	0	0	0	0	0	0	0	0	0	0	0	0	0	0	0	0	0	0	0	0	0	0	0	0	0	0	0	0	0	0	0	114	122	101	126	96	118	105	86	60	103	56	93	140	73	80	65	45	89	115	118	148	125	74	112	155	146	88	68	87	81	72	77	65	161	67	54	92	20	105	62	114	84	75	61	67	155	143	97	113	128	147	100	23	180	80	86	117	34	65	96	142	157	173	119	37	41	118	66	67	76	80	72	56	130	151
0	0	0	0	0	0	0	0	0	0	0	0	0	0	0	0	0	0	0	0	0	0	0	0	0	0	0	0	0	0	0	0	0	0	0	0	0	0	0	0	0	0	0	0	0	0	0	0	0	0	0	0	0	0	31	68	109	104	64	44	78	56	96	57	152	55	92	37	134	98	131	61	45	114	60	124	123	104	158	99	35	138	82	63	47	136	46	126	21	46	105	109	123	93	29	131	114	114	49	136	97	100	23	36	132	88	73	108	69	106	76	54	78	164	68	95	42	93	152	150	92	169	86	104	49	161	115	117
0	0	0	0	0	0	0	0	0	0	0	0	0	0	0	0	0	0	0	0	0	0	0	0	0	0	0	0	0	0	0	0	0	0	0	0	0	0	0	0	0	0	0	0	0	0	0	0	0	0	0	0	0	0	0	23	142	69	51	84	107	87	113	140	144	64	83	46	167	48	140	149	80	124	96	124	84	122	179	111	35	131	117	46	59	112	106	33	92	176	116	61	122	63	177	91	72	55	58	81	117	148	167	83	59	104	59	58	167	34	145	63	90	127	121	176	74	63	139	146	53	104	137	86	121	80	106	40
0	0	0	0	0	0	0	0	0	0	0	0	0	0	0	0	0	0	0	0	0	0	0	0	0	0	0	0	0	0	0	0	0	0	0	0	0	0	0	0	0	0	0	0	0	0	0	0	0	0	0	0	0	0	0	0	78	147	62	73	133	145	42	114	120	84	64	100	107	72	83	78	134	37	118	43	133	167	44	88	68	31	86	133	68	175	55	105	151	141	113	159	136	57	43	73	73	98	70	77	128	49	81	119	47	92	130	57	60	74	136	143	110	104	135	83	69	106	60	29	126	82	118	123	100	81	30	77
0	0	0	0	0	0	0	0	0	0	0	0	0	0	0	0	0	0	0	0	0	0	0	0	0	0	0	0	0	0	0	0	0	0	0	0	0	0	0	0	0	0	0	0	0	0	0	0	0	0	0	0	0	0	0	0	0	106	91	28	53	131	88	53	125	91	60	107	135	61	77	175	138	95	159	127	25	69	49	30	107	127	63	123	86	111	139	25	140	62	116	120	83	61	46	110	93	111	83	57	135	47	24	73	36	136	169	125	149	144	40	163	80	50	62	41	110	102	88	38	32	84	73	114	99	115	91	70
0	0	0	0	0	0	0	0	0	0	0	0	0	0	0	0	0	0	0	0	0	0	0	0	0	0	0	0	0	0	0	0	0	0	0	0	0	0	0	0	0	0	0	0	0	0	0	0	0	0	0	0	0	0	0	0	0	0	83	52	151	103	33	91	35	117	73	74	179	99	123	101	152	75	109	145	88	55	111	94	15	74	120	95	79	101	91	118	120	121	90	26	177	59	157	111	135	107	26	156	104	32	68	130	108	55	41	109	89	18	86	30	59	124	94	28	33	77	64	128	57	61	84	47	80	122	67	54
0	0	0	0	0	0	0	0	0	0	0	0	0	0	0	0	0	0	0	0	0	0	0	0	0	0	0	0	0	0	0	0	0	0	0	0	0	0	0	0	0	0	0	0	0	0	0	0	0	0	0	0	0	0	0	0	0	0	0	61	119	101	142	45	157	78	121	80	61	75	144	57	120	70	61	9	130	64	158	176	110	161	112	30	99	105	154	62	31	69	113	78	140	134	90	74	84	115	119	43	70	154	80	141	70	108	172	85	55	56	66	91	120	73	115	139	61	121	60	92	37	89	134	131	51	76	62	75
0	0	0	0	0	0	0	0	0	0	0	0	0	0	0	0	0	0	0	0	0	0	0	0	0	0	0	0	0	0	0	0	0	0	0	0	0	0	0	0	0	0	0	0	0	0	0	0	0	0	0	0	0	0	0	0	0	0	0	0	111	112	96	66	75	37	131	56	116	64	161	111	109	39	148	93	120	110	139	111	138	142	105	110	117	38	24	76	46	28	47	98	103	91	120	88	37	32	60	79	68	129	52	156	66	74	168	154	159	143	142	64	19	45	95	99	95	72	41	126	141	56	118	136	110	136	72	109
0	0	0	0	0	0	0	0	0	0	0	0	0	0	0	0	0	0	0	0	0	0	0	0	0	0	0	0	0	0	0	0	0	0	0	0	0	0	0	0	0	0	0	0	0	0	0	0	0	0	0	0	0	0	0	0	0	0	0	0	0	67	76	176	166	113	74	98	153	134	73	120	73	75	130	80	132	137	115	160	46	16	153	31	57	124	158	156	37	74	87	89	59	94	51	136	37	88	69	90	57	134	118	65	183	102	81	42	161	27	98	133	131	112	40	25	97	169	56	158	122	133	69	16	137	166	145	156
0	0	0	0	0	0	0	0	0	0	0	0	0	0	0	0	0	0	0	0	0	0	0	0	0	0	0	0	0	0	0	0	0	0	0	0	0	0	0	0	0	0	0	0	0	0	0	0	0	0	0	0	0	0	0	0	0	0	0	0	0	0	139	74	98	88	49	163	77	91	78	66	90	33	93	150	65	87	61	138	115	62	53	74	81	111	75	103	157	75	169	98	22	132	88	94	109	167	121	135	148	138	125	65	30	118	114	73	75	96	90	139	107	61	72	113	138	167	115	58	136	45	156	75	121	73	181	132
0	0	0	0	0	0	0	0	0	0	0	0	0	0	0	0	0	0	0	0	0	0	0	0	0	0	0	0	0	0	0	0	0	0	0	0	0	0	0	0	0	0	0	0	0	0	0	0	0	0	0	0	0	0	0	0	0	0	0	0	0	0	0	113	79	98	120	30	162	74	65	95	137	97	63	98	135	128	166	29	117	142	173	66	169	62	171	100	86	119	57	71	78	119	94	49	28	161	145	33	135	80	49	12	129	100	36	140	101	22	62	51	118	160	120	68	48	57	68	74	68	16	104	114	106	138	36	47
0	0	0	0	0	0	0	0	0	0	0	0	0	0	0	0	0	0	0	0	0	0	0	0	0	0	0	0	0	0	0	0	0	0	0	0	0	0	0	0	0	0	0	0	0	0	0	0	0	0	0	0	0	0	0	0	0	0	0	0	0	0	0	0	152	133	112	143	51	76	103	166	38	137	97	55	66	52	88	95	167	145	51	128	25	112	183	51	138	29	108	127	57	177	120	35	117	95	90	135	117	84	28	145	121	120	93	102	110	21	80	138	119	113	163	64	48	37	62	141	150	174	47	66	116	151	38	82
0	0	0	0	0	0	0	0	0	0	0	0	0	0	0	0	0	0	0	0	0	0	0	0	0	0	0	0	0	0	0	0	0	0	0	0	0	0	0	0	0	0	0	0	0	0	0	0	0	0	0	0	0	0	0	0	0	0	0	0	0	0	0	0	0	180	129	84	59	51	140	48	126	99	163	117	109	53	147	125	128	104	64	82	73	66	145	46	91	146	66	71	87	67	39	92	144	26	74	119	58	51	63	90	78	126	120	91	73	95	138	116	113	121	123	153	177	59	154	66	119	172	72	72	103	129	110	120
0	0	0	0	0	0	0	0	0	0	0	0	0	0	0	0	0	0	0	0	0	0	0	0	0	0	0	0	0	0	0	0	0	0	0	0	0	0	0	0	0	0	0	0	0	0	0	0	0	0	0	0	0	0	0	0	0	0	0	0	0	0	0	0	0	0	13	90	36	32	123	66	101	94	109	101	109	104	130	125	115	117	113	131	111	65	99	130	38	170	118	13	147	107	41	182	72	170	118	122	48	69	149	64	62	144	101	58	171	155	56	158	115	152	139	59	101	114	118	145	171	124	114	48	60	106	71	60
0	0	0	0	0	0	0	0	0	0	0	0	0	0	0	0	0	0	0	0	0	0	0	0	0	0	0	0	0	0	0	0	0	0	0	0	0	0	0	0	0	0	0	0	0	0	0	0	0	0	0	0	0	0	0	0	0	0	0	0	0	0	0	0	0	0	0	115	112	12	175	82	127	83	152	68	107	40	29	119	170	104	74	96	114	136	130	74	79	163	119	32	88	23	77	28	132	147	25	173	145	67	14	147	48	70	135	107	115	152	125	117	82	32	123	135	43	70	190	130	167	107	40	86	161	42	178	69
0	0	0	0	0	0	0	0	0	0	0	0	0	0	0	0	0	0	0	0	0	0	0	0	0	0	0	0	0	0	0	0	0	0	0	0	0	0	0	0	0	0	0	0	0	0	0	0	0	0	0	0	0	0	0	0	0	0	0	0	0	0	0	0	0	0	0	0	50	42	59	59	97	102	148	137	71	92	107	61	40	115	135	167	101	28	74	75	69	82	89	101	99	62	124	182	101	99	150	26	13	29	86	137	42	161	163	119	59	60	12	60	146	92	115	122	107	84	95	76	123	41	55	43	82	117	85	94
0	0	0	0	0	0	0	0	0	0	0	0	0	0	0	0	0	0	0	0	0	0	0	0	0	0	0	0	0	0	0	0	0	0	0	0	0	0	0	0	0	0	0	0	0	0	0	0	0	0	0	0	0	0	0	0	0	0	0	0	0	0	0	0	0	0	0	0	0	70	58	108	141	173	67	138	122	129	68	192	163	125	103	108	150	131	21	44	91	101	110	91	66	132	134	70	116	136	65	77	113	98	141	72	81	28	107	31	121	71	66	100	77	154	77	78	156	132	63	59	105	143	82	60	17	107	151	74
0	0	0	0	0	0	0	0	0	0	0	0	0	0	0	0	0	0	0	0	0	0	0	0	0	0	0	0	0	0	0	0	0	0	0	0	0	0	0	0	0	0	0	0	0	0	0	0	0	0	0	0	0	0	0	0	0	0	0	0	0	0	0	0	0	0	0	0	0	0	56	69	90	88	120	110	171	95	187	142	133	123	102	128	67	157	93	106	174	46	25	84	16	111	163	90	26	141	97	74	43	27	106	94	56	34	59	117	128	77	69	176	76	121	58	40	125	141	100	145	154	29	38	118	32	32	81	113
0	0	0	0	0	0	0	0	0	0	0	0	0	0	0	0	0	0	0	0	0	0	0	0	0	0	0	0	0	0	0	0	0	0	0	0	0	0	0	0	0	0	0	0	0	0	0	0	0	0	0	0	0	0	0	0	0	0	0	0	0	0	0	0	0	0	0	0	0	0	0	60	84	51	173	154	98	139	90	66	52	84	158	98	103	140	109	94	144	43	72	68	69	129	70	62	146	80	157	108	180	97	147	81	92	134	129	131	70	163	47	111	78	100	72	132	106	48	94	157	177	132	130	85	140	36	148	77
0	0	0	0	0	0	0	0	0	0	0	0	0	0	0	0	0	0	0	0	0	0	0	0	0	0	0	0	0	0	0	0	0	0	0	0	0	0	0	0	0	0	0	0	0	0	0	0	0	0	0	0	0	0	0	0	0	0	0	0	0	0	0	0	0	0	0	0	0	0	0	0	58	114	81	155	135	104	160	77	118	81	41	128	125	116	52	137	109	33	119	134	63	74	57	149	123	123	136	81	63	155	172	85	133	31	130	115	105	108	135	8	120	164	127	113	138	75	91	160	90	14	72	107	130	157	17	73
0	0	0	0	0	0	0	0	0	0	0	0	0	0	0	0	0	0	0	0	0	0	0	0	0	0	0	0	0	0	0	0	0	0	0	0	0	0	0	0	0	0	0	0	0	0	0	0	0	0	0	0	0	0	0	0	0	0	0	0	0	0	0	0	0	0	0	0	0	0	0	0	0	32	106	102	139	71	115	105	51	76	59	92	39	118	39	129	46	37	42	159	118	66	85	74	153	67	46	96	38	52	152	79	78	157	131	50	60	41	87	60	111	64	147	119	138	177	122	107	108	150	128	97	71	133	126	43
0	0	0	0	0	0	0	0	0	0	0	0	0	0	0	0	0	0	0	0	0	0	0	0	0	0	0	0	0	0	0	0	0	0	0	0	0	0	0	0	0	0	0	0	0	0	0	0	0	0	0	0	0	0	0	0	0	0	0	0	0	0	0	0	0	0	0	0	0	0	0	0	0	0	80	74	130	101	113	50	179	53	179	142	52	63	115	147	57	151	129	71	115	152	132	120	122	103	37	152	114	77	90	165	144	9	155	156	91	45	128	123	114	37	42	84	67	65	146	97	75	125	89	125	134	72	62	79
0	0	0	0	0	0	0	0	0	0	0	0	0	0	0	0	0	0	0	0	0	0	0	0	0	0	0	0	0	0	0	0	0	0	0	0	0	0	0	0	0	0	0	0	0	0	0	0	0	0	0	0	0	0	0	0	0	0	0	0	0	0	0	0	0	0	0	0	0	0	0	0	0	0	0	107	139	22	188	99	74	81	68	115	74	131	95	135	83	69	14	112	43	73	91	103	109	135	169	107	124	92	110	50	160	143	185	141	171	99	22	93	134	160	86	121	92	87	88	56	81	91	86	32	79	151	191	97
0	0	0	0	0	0	0	0	0	0	0	0	0	0	0	0	0	0	0	0	0	0	0	0	0	0	0	0	0	0	0	0	0	0	0	0	0	0	0	0	0	0	0	0	0	0	0	0	0	0	0	0	0	0	0	0	0	0	0	0	0	0	0	0	0	0	0	0	0	0	0	0	0	0	0	0	149	157	115	133	136	55	61	149	90	90	41	14	188	105	50	94	138	57	98	130	88	109	176	63	51	101	178	99	40	109	102	114	152	65	52	90	186	12	58	131	119	123	148	85	172	18	147	111	149	169	69	104
0	0	0	0	0	0	0	0	0	0	0	0	0	0	0	0	0	0	0	0	0	0	0	0	0	0	0	0	0	0	0	0	0	0	0	0	0	0	0	0	0	0	0	0	0	0	0	0	0	0	0	0	0	0	0	0	0	0	0	0	0	0	0	0	0	0	0	0	0	0	0	0	0	0	0	0	0	129	90	157	54	140	152	151	78	158	66	63	121	77	122	113	118	90	13	91	139	30	91	120	125	154	67	103	15	82	153	89	84	102	42	48	74	87	132	96	70	101	95	137	152	106	93	102	64	92	98	88
0	0	0	0	0	0	0	0	0	0	0	0	0	0	0	0	0	0	0	0	0	0	0	0	0	0	0	0	0	0	0	0	0	0	0	0	0	0	0	0	0	0	0	0	0	0	0	0	0	0	0	0	0	0	0	0	0	0	0	0	0	0	0	0	0	0	0	0	0	0	0	0	0	0	0	0	0	0	161	98	160	141	67	89	119	45	74	166	75	48	35	114	98	153	107	76	53	105	108	47	19	78	96	155	87	67	23	117	169	146	59	65	81	59	112	90	40	78	99	22	174	98	158	124	173	16	51	145
0	0	0	0	0	0	0	0	0	0	0	0	0	0	0	0	0	0	0	0	0	0	0	0	0	0	0	0	0	0	0	0	0	0	0	0	0	0	0	0	0	0	0	0	0	0	0	0	0	0	0	0	0	0	0	0	0	0	0	0	0	0	0	0	0	0	0	0	0	0	0	0	0	0	0	0	0	0	0	127	158	113	142	135	75	31	105	155	91	57	180	63	75	107	36	178	138	127	152	102	119	179	26	131	68	30	161	109	127	107	66	47	140	142	80	66	67	102	45	163	36	56	54	119	96	33	120	144
0	0	0	0	0	0	0	0	0	0	0	0	0	0	0	0	0	0	0	0	0	0	0	0	0	0	0	0	0	0	0	0	0	0	0	0	0	0	0	0	0	0	0	0	0	0	0	0	0	0	0	0	0	0	0	0	0	0	0	0	0	0	0	0	0	0	0	0	0	0	0	0	0	0	0	0	0	0	0	0	161	49	138	150	92	177	75	35	146	53	108	74	36	87	76	102	154	99	66	36	63	138	120	95	114	132	31	117	132	166	162	171	73	122	89	173	130	139	105	184	152	154	82	51	134	110	101	119
0	0	0	0	0	0	0	0	0	0	0	0	0	0	0	0	0	0	0	0	0	0	0	0	0	0	0	0	0	0	0	0	0	0	0	0	0	0	0	0	0	0	0	0	0	0	0	0	0	0	0	0	0	0	0	0	0	0	0	0	0	0	0	0	0	0	0	0	0	0	0	0	0	0	0	0	0	0	0	0	0	111	151	126	36	163	68	111	84	83	71	128	65	76	134	103	142	84	120	135	178	186	186	131	108	113	187	112	67	147	95	91	32	108	147	50	145	173	133	150	123	183	34	79	34	143	124	121
0	0	0	0	0	0	0	0	0	0	0	0	0	0	0	0	0	0	0	0	0	0	0	0	0	0	0	0	0	0	0	0	0	0	0	0	0	0	0	0	0	0	0	0	0	0	0	0	0	0	0	0	0	0	0	0	0	0	0	0	0	0	0	0	0	0	0	0	0	0	0	0	0	0	0	0	0	0	0	0	0	0	128	168	49	117	147	70	125	171	161	138	153	117	151	131	94	158	51	131	167	201	104	76	73	123	104	146	98	130	63	125	154	91	104	139	163	114	146	130	97	68	98	52	202	102	94	51
0	0	0	0	0	0	0	0	0	0	0	0	0	0	0	0	0	0	0	0	0	0	0	0	0	0	0	0	0	0	0	0	0	0	0	0	0	0	0	0	0	0	0	0	0	0	0	0	0	0	0	0	0	0	0	0	0	0	0	0	0	0	0	0	0	0	0	0	0	0	0	0	0	0	0	0	0	0	0	0	0	0	0	77	102	129	107	97	83	138	127	16	183	125	76	11	193	132	183	71	89	188	70	32	95	31	109	74	85	65	129	78	172	109	205	106	175	173	154	142	87	66	37	159	136	118	49	54
0	0	0	0	0	0	0	0	0	0	0	0	0	0	0	0	0	0	0	0	0	0	0	0	0	0	0	0	0	0	0	0	0	0	0	0	0	0	0	0	0	0	0	0	0	0	0	0	0	0	0	0	0	0	0	0	0	0	0	0	0	0	0	0	0	0	0	0	0	0	0	0	0	0	0	0	0	0	0	0	0	0	0	0	115	22	79	102	117	54	97	109	103	90	121	78	166	82	118	177	85	164	24	37	44	68	73	140	57	41	71	130	78	144	122	17	96	166	88	95	24	97	144	146	29	167	174	78
0	0	0	0	0	0	0	0	0	0	0	0	0	0	0	0	0	0	0	0	0	0	0	0	0	0	0	0	0	0	0	0	0	0	0	0	0	0	0	0	0	0	0	0	0	0	0	0	0	0	0	0	0	0	0	0	0	0	0	0	0	0	0	0	0	0	0	0	0	0	0	0	0	0	0	0	0	0	0	0	0	0	0	0	0	140	88	49	136	181	115	104	147	99	82	133	156	90	159	130	12	140	42	120	162	113	47	15	74	202	119	166	31	101	84	168	50	157	99	177	107	114	99	122	169	128	112	114
0	0	0	0	0	0	0	0	0	0	0	0	0	0	0	0	0	0	0	0	0	0	0	0	0	0	0	0	0	0	0	0	0	0	0	0	0	0	0	0	0	0	0	0	0	0	0	0	0	0	0	0	0	0	0	0	0	0	0	0	0	0	0	0	0	0	0	0	0	0	0	0	0	0	0	0	0	0	0	0	0	0	0	0	0	0	109	145	56	49	169	75	78	55	147	60	124	64	187	82	139	42	13	67	36	48	106	119	97	84	113	133	19	103	65	64	81	46	97	98	64	36	108	163	50	171	70	67
0	0	0	0	0	0	0	0	0	0	0	0	0	0	0	0	0	0	0	0	0	0	0	0	0	0	0	0	0	0	0	0	0	0	0	0	0	0	0	0	0	0	0	0	0	0	0	0	0	0	0	0	0	0	0	0	0	0	0	0	0	0	0	0	0	0	0	0	0	0	0	0	0	0	0	0	0	0	0	0	0	0	0	0	0	0	0	158	183	165	103	74	84	77	51	122	120	121	150	121	76	120	71	132	142	113	99	64	105	73	189	57	152	142	97	128	145	182	61	104	92	82	71	73	111	152	85	176
0	0	0	0	0	0	0	0	0	0	0	0	0	0	0	0	0	0	0	0	0	0	0	0	0	0	0	0	0	0	0	0	0	0	0	0	0	0	0	0	0	0	0	0	0	0	0	0	0	0	0	0	0	0	0	0	0	0	0	0	0	0	0	0	0	0	0	0	0	0	0	0	0	0	0	0	0	0	0	0	0	0	0	0	0	0	0	0	44	127	180	174	18	25	90	40	58	28	109	161	120	39	136	120	27	72	95	67	81	84	150	106	134	114	116	120	170	88	157	71	37	143	172	21	124	150	127	126
0	0	0	0	0	0	0	0	0	0	0	0	0	0	0	0	0	0	0	0	0	0	0	0	0	0	0	0	0	0	0	0	0	0	0	0	0	0	0	0	0	0	0	0	0	0	0	0	0	0	0	0	0	0	0	0	0	0	0	0	0	0	0	0	0	0	0	0	0	0	0	0	0	0	0	0	0	0	0	0	0	0	0	0	0	0	0	0	0	86	143	52	160	89	162	41	113	83	79	180	62	139	71	88	144	153	145	114	107	171	111	89	105	49	102	144	69	163	80	95	105	79	204	40	54	4	29	99
0	0	0	0	0	0	0	0	0	0	0	0	0	0	0	0	0	0	0	0	0	0	0	0	0	0	0	0	0	0	0	0	0	0	0	0	0	0	0	0	0	0	0	0	0	0	0	0	0	0	0	0	0	0	0	0	0	0	0	0	0	0	0	0	0	0	0	0	0	0	0	0	0	0	0	0	0	0	0	0	0	0	0	0	0	0	0	0	0	0	147	125	146	30	31	170	66	82	50	173	133	21	87	142	100	37	124	49	192	114	70	194	95	68	52	94	179	64	163	114	101	105	124	109	153	19	49	134
0	0	0	0	0	0	0	0	0	0	0	0	0	0	0	0	0	0	0	0	0	0	0	0	0	0	0	0	0	0	0	0	0	0	0	0	0	0	0	0	0	0	0	0	0	0	0	0	0	0	0	0	0	0	0	0	0	0	0	0	0	0	0	0	0	0	0	0	0	0	0	0	0	0	0	0	0	0	0	0	0	0	0	0	0	0	0	0	0	0	0	142	40	103	127	123	62	135	77	60	208	82	131	15	104	16	89	159	206	92	172	97	140	47	44	120	106	101	60	164	160	126	132	173	125	51	198	70
0	0	0	0	0	0	0	0	0	0	0	0	0	0	0	0	0	0	0	0	0	0	0	0	0	0	0	0	0	0	0	0	0	0	0	0	0	0	0	0	0	0	0	0	0	0	0	0	0	0	0	0	0	0	0	0	0	0	0	0	0	0	0	0	0	0	0	0	0	0	0	0	0	0	0	0	0	0	0	0	0	0	0	0	0	0	0	0	0	0	0	0	153	164	88	146	102	134	172	84	74	165	63	142	186	190	107	83	129	132	43	100	75	39	196	86	106	45	22	42	89	121	40	123	170	118	98	124
0	0	0	0	0	0	0	0	0	0	0	0	0	0	0	0	0	0	0	0	0	0	0	0	0	0	0	0	0	0	0	0	0	0	0	0	0	0	0	0	0	0	0	0	0	0	0	0	0	0	0	0	0	0	0	0	0	0	0	0	0	0	0	0	0	0	0	0	0	0	0	0	0	0	0	0	0	0	0	0	0	0	0	0	0	0	0	0	0	0	0	0	0	113	10	188	71	147	207	146	133	89	66	145	154	156	31	153	103	74	100	73	164	186	138	118	103	189	132	121	193	147	139	89	55	176	130	51
0	0	0	0	0	0	0	0	0	0	0	0	0	0	0	0	0	0	0	0	0	0	0	0	0	0	0	0	0	0	0	0	0	0	0	0	0	0	0	0	0	0	0	0	0	0	0	0	0	0	0	0	0	0	0	0	0	0	0	0	0	0	0	0	0	0	0	0	0	0	0	0	0	0	0	0	0	0	0	0	0	0	0	0	0	0	0	0	0	0	0	0	0	0	44	97	181	203	202	84	97	152	69	167	187	191	132	86	91	153	121	108	101	55	125	42	92	73	158	64	80	42	103	31	159	88	29	141
0	0	0	0	0	0	0	0	0	0	0	0	0	0	0	0	0	0	0	0	0	0	0	0	0	0	0	0	0	0	0	0	0	0	0	0	0	0	0	0	0	0	0	0	0	0	0	0	0	0	0	0	0	0	0	0	0	0	0	0	0	0	0	0	0	0	0	0	0	0	0	0	0	0	0	0	0	0	0	0	0	0	0	0	0	0	0	0	0	0	0	0	0	0	0	196	97	133	184	130	118	209	118	105	70	127	53	126	102	94	110	124	193	189	50	100	47	57	106	97	89	177	62	88	139	76	203	150
0	0	0	0	0	0	0	0	0	0	0	0	0	0	0	0	0	0	0	0	0	0	0	0	0	0	0	0	0	0	0	0	0	0	0	0	0	0	0	0	0	0	0	0	0	0	0	0	0	0	0	0	0	0	0	0	0	0	0	0	0	0	0	0	0	0	0	0	0	0	0	0	0	0	0	0	0	0	0	0	0	0	0	0	0	0	0	0	0	0	0	0	0	0	0	0	15	136	98	156	156	158	221	133	108	70	183	93	195	91	79	114	157	86	114	169	164	116	16	147	158	140	88	200	176	136	139	105
0	0	0	0	0	0	0	0	0	0	0	0	0	0	0	0	0	0	0	0	0	0	0	0	0	0	0	0	0	0	0	0	0	0	0	0	0	0	0	0	0	0	0	0	0	0	0	0	0	0	0	0	0	0	0	0	0	0	0	0	0	0	0	0	0	0	0	0	0	0	0	0	0	0	0	0	0	0	0	0	0	0	0	0	0	0	0	0	0	0	0	0	0	0	0	0	0	103	139	125	35	159	45	187	77	101	124	139	121	102	66	110	149	101	188	136	135	50	133	86	144	83	147	204	62	97	37	88
0	0	0	0	0	0	0	0	0	0	0	0	0	0	0	0	0	0	0	0	0	0	0	0	0	0	0	0	0	0	0	0	0	0	0	0	0	0	0	0	0	0	0	0	0	0	0	0	0	0	0	0	0	0	0	0	0	0	0	0	0	0	0	0	0	0	0	0	0	0	0	0	0	0	0	0	0	0	0	0	0	0	0	0	0	0	0	0	0	0	0	0	0	0	0	0	0	0	74	124	103	122	130	88	77	68	61	160	125	203	158	132	139	146	75	91	121	180	93	133	147	135	90	123	9	92	85	134
0	0	0	0	0	0	0	0	0	0	0	0	0	0	0	0	0	0	0	0	0	0	0	0	0	0	0	0	0	0	0	0	0	0	0	0	0	0	0	0	0	0	0	0	0	0	0	0	0	0	0	0	0	0	0	0	0	0	0	0	0	0	0	0	0	0	0	0	0	0	0	0	0	0	0	0	0	0	0	0	0	0	0	0	0	0	0	0	0	0	0	0	0	0	0	0	0	0	0	67	102	163	165	108	129	70	63	81	169	162	135	117	139	155	44	182	164	181	121	217	157	125	114	125	131	202	142	107
0	0	0	0	0	0	0	0	0	0	0	0	0	0	0	0	0	0	0	0	0	0	0	0	0	0	0	0	0	0	0	0	0	0	0	0	0	0	0	0	0	0	0	0	0	0	0	0	0	0	0	0	0	0	0	0	0	0	0	0	0	0	0	0	0	0	0	0	0	0	0	0	0	0	0	0	0	0	0	0	0	0	0	0	0	0	0	0	0	0	0	0	0	0	0	0	0	0	0	0	95	198	65	144	160	36	116	182	77	118	88	75	201	82	84	77	179	41	155	107	57	199	71	57	80	140	162	68
0	0	0	0	0	0	0	0	0	0	0	0	0	0	0	0	0	0	0	0	0	0	0	0	0	0	0	0	0	0	0	0	0	0	0	0	0	0	0	0	0	0	0	0	0	0	0	0	0	0	0	0	0	0	0	0	0	0	0	0	0	0	0	0	0	0	0	0	0	0	0	0	0	0	0	0	0	0	0	0	0	0	0	0	0	0	0	0	0	0	0	0	0	0	0	0	0	0	0	0	0	122	213	147	69	127	116	197	50	84	72	100	115	112	78	74	112	96	63	146	126	84	192	101	125	124	123	79
0	0	0	0	0	0	0	0	0	0	0	0	0	0	0	0	0	0	0	0	0	0	0	0	0	0	0	0	0	0	0	0	0	0	0	0	0	0	0	0	0	0	0	0	0	0	0	0	0	0	0	0	0	0	0	0	0	0	0	0	0	0	0	0	0	0	0	0	0	0	0	0	0	0	0	0	0	0	0	0	0	0	0	0	0	0	0	0	0	0	0	0	0	0	0	0	0	0	0	0	0	0	64	95	161	99	82	114	190	10	178	155	43	118	168	96	174	127	159	109	142	78	115	183	133	103	174	139
0	0	0	0	0	0	0	0	0	0	0	0	0	0	0	0	0	0	0	0	0	0	0	0	0	0	0	0	0	0	0	0	0	0	0	0	0	0	0	0	0	0	0	0	0	0	0	0	0	0	0	0	0	0	0	0	0	0	0	0	0	0	0	0	0	0	0	0	0	0	0	0	0	0	0	0	0	0	0	0	0	0	0	0	0	0	0	0	0	0	0	0	0	0	0	0	0	0	0	0	0	0	0	162	99	150	114	53	175	192	154	88	153	59	107	100	56	94	168	81	88	68	170	204	92	139	99	108
0	0	0	0	0	0	0	0	0	0	0	0	0	0	0	0	0	0	0	0	0	0	0	0	0	0	0	0	0	0	0	0	0	0	0	0	0	0	0	0	0	0	0	0	0	0	0	0	0	0	0	0	0	0	0	0	0	0	0	0	0	0	0	0	0	0	0	0	0	0	0	0	0	0	0	0	0	0	0	0	0	0	0	0	0	0	0	0	0	0	0	0	0	0	0	0	0	0	0	0	0	0	0	0	121	137	157	76	63	58	150	167	103	102	97	108	146	76	166	132	184	60	82	153	129	125	102	104
0	0	0	0	0	0	0	0	0	0	0	0	0	0	0	0	0	0	0	0	0	0	0	0	0	0	0	0	0	0	0	0	0	0	0	0	0	0	0	0	0	0	0	0	0	0	0	0	0	0	0	0	0	0	0	0	0	0	0	0	0	0	0	0	0	0	0	0	0	0	0	0	0	0	0	0	0	0	0	0	0	0	0	0	0	0	0	0	0	0	0	0	0	0	0	0	0	0	0	0	0	0	0	0	0	170	48	156	121	93	127	190	119	160	94	183	36	89	119	115	139	180	123	170	115	108	154	197
0	0	0	0	0	0	0	0	0	0	0	0	0	0	0	0	0	0	0	0	0	0	0	0	0	0	0	0	0	0	0	0	0	0	0	0	0	0	0	0	0	0	0	0	0	0	0	0	0	0	0	0	0	0	0	0	0	0	0	0	0	0	0	0	0	0	0	0	0	0	0	0	0	0	0	0	0	0	0	0	0	0	0	0	0	0	0	0	0	0	0	0	0	0	0	0	0	0	0	0	0	0	0	0	0	0	166	126	116	66	202	136	136	97	168	135	66	44	121	175	204	29	80	127	146	113	179	144
0	0	0	0	0	0	0	0	0	0	0	0	0	0	0	0	0	0	0	0	0	0	0	0	0	0	0	0	0	0	0	0	0	0	0	0	0	0	0	0	0	0	0	0	0	0	0	0	0	0	0	0	0	0	0	0	0	0	0	0	0	0	0	0	0	0	0	0	0	0	0	0	0	0	0	0	0	0	0	0	0	0	0	0	0	0	0	0	0	0	0	0	0	0	0	0	0	0	0	0	0	0	0	0	0	0	0	94	171	230	143	92	90	156	135	91	44	108	184	109	80	126	54	64	81	77	198	154
0	0	0	0	0	0	0	0	0	0	0	0	0	0	0	0	0	0	0	0	0	0	0	0	0	0	0	0	0	0	0	0	0	0	0	0	0	0	0	0	0	0	0	0	0	0	0	0	0	0	0	0	0	0	0	0	0	0	0	0	0	0	0	0	0	0	0	0	0	0	0	0	0	0	0	0	0	0	0	0	0	0	0	0	0	0	0	0	0	0	0	0	0	0	0	0	0	0	0	0	0	0	0	0	0	0	0	0	78	151	113	105	183	154	156	127	140	102	43	91	48	208	133	150	120	159	90	156
0	0	0	0	0	0	0	0	0	0	0	0	0	0	0	0	0	0	0	0	0	0	0	0	0	0	0	0	0	0	0	0	0	0	0	0	0	0	0	0	0	0	0	0	0	0	0	0	0	0	0	0	0	0	0	0	0	0	0	0	0	0	0	0	0	0	0	0	0	0	0	0	0	0	0	0	0	0	0	0	0	0	0	0	0	0	0	0	0	0	0	0	0	0	0	0	0	0	0	0	0	0	0	0	0	0	0	0	0	100	155	99	80	160	105	201	121	125	39	175	180	71	112	126	184	116	177	178
0	0	0	0	0	0	0	0	0	0	0	0	0	0	0	0	0	0	0	0	0	0	0	0	0	0	0	0	0	0	0	0	0	0	0	0	0	0	0	0	0	0	0	0	0	0	0	0	0	0	0	0	0	0	0	0	0	0	0	0	0	0	0	0	0	0	0	0	0	0	0	0	0	0	0	0	0	0	0	0	0	0	0	0	0	0	0	0	0	0	0	0	0	0	0	0	0	0	0	0	0	0	0	0	0	0	0	0	0	0	96	118	156	196	192	192	84	48	155	141	105	114	172	113	201	130	68	134
0	0	0	0	0	0	0	0	0	0	0	0	0	0	0	0	0	0	0	0	0	0	0	0	0	0	0	0	0	0	0	0	0	0	0	0	0	0	0	0	0	0	0	0	0	0	0	0	0	0	0	0	0	0	0	0	0	0	0	0	0	0	0	0	0	0	0	0	0	0	0	0	0	0	0	0	0	0	0	0	0	0	0	0	0	0	0	0	0	0	0	0	0	0	0	0	0	0	0	0	0	0	0	0	0	0	0	0	0	0	0	43	83	104	170	73	149	68	176	125	121	186	41	170	110	104	158	126
0	0	0	0	0	0	0	0	0	0	0	0	0	0	0	0	0	0	0	0	0	0	0	0	0	0	0	0	0	0	0	0	0	0	0	0	0	0	0	0	0	0	0	0	0	0	0	0	0	0	0	0	0	0	0	0	0	0	0	0	0	0	0	0	0	0	0	0	0	0	0	0	0	0	0	0	0	0	0	0	0	0	0	0	0	0	0	0	0	0	0	0	0	0	0	0	0	0	0	0	0	0	0	0	0	0	0	0	0	0	0	0	137	228	155	138	84	84	93	100	120	124	135	125	90	136	88	149
0	0	0	0	0	0	0	0	0	0	0	0	0	0	0	0	0	0	0	0	0	0	0	0	0	0	0	0	0	0	0	0	0	0	0	0	0	0	0	0	0	0	0	0	0	0	0	0	0	0	0	0	0	0	0	0	0	0	0	0	0	0	0	0	0	0	0	0	0	0	0	0	0	0	0	0	0	0	0	0	0	0	0	0	0	0	0	0	0	0	0	0	0	0	0	0	0	0	0	0	0	0	0	0	0	0	0	0	0	0	0	0	0	70	160	118	135	82	125	113	139	60	171	191	36	195	172	108
0	0	0	0	0	0	0	0	0	0	0	0	0	0	0	0	0	0	0	0	0	0	0	0	0	0	0	0	0	0	0	0	0	0	0	0	0	0	0	0	0	0	0	0	0	0	0	0	0	0	0	0	0	0	0	0	0	0	0	0	0	0	0	0	0	0	0	0	0	0	0	0	0	0	0	0	0	0	0	0	0	0	0	0	0	0	0	0	0	0	0	0	0	0	0	0	0	0	0	0	0	0	0	0	0	0	0	0	0	0	0	0	0	0	176	82	89	101	99	110	142	93	151	66	91	50	218	162
0	0	0	0	0	0	0	0	0	0	0	0	0	0	0	0	0	0	0	0	0	0	0	0	0	0	0	0	0	0	0	0	0	0	0	0	0	0	0	0	0	0	0	0	0	0	0	0	0	0	0	0	0	0	0	0	0	0	0	0	0	0	0	0	0	0	0	0	0	0	0	0	0	0	0	0	0	0	0	0	0	0	0	0	0	0	0	0	0	0	0	0	0	0	0	0	0	0	0	0	0	0	0	0	0	0	0	0	0	0	0	0	0	0	0	94	77	90	107	59	126	193	101	147	153	131	208	209
0	0	0	0	0	0	0	0	0	0	0	0	0	0	0	0	0	0	0	0	0	0	0	0	0	0	0	0	0	0	0	0	0	0	0	0	0	0	0	0	0	0	0	0	0	0	0	0	0	0	0	0	0	0	0	0	0	0	0	0	0	0	0	0	0	0	0	0	0	0	0	0	0	0	0	0	0	0	0	0	0	0	0	0	0	0	0	0	0	0	0	0	0	0	0	0	0	0	0	0	0	0	0	0	0	0	0	0	0	0	0	0	0	0	0	0	178	98	176	149	132	203	106	193	74	113	94	102
0	0	0	0	0	0	0	0	0	0	0	0	0	0	0	0	0	0	0	0	0	0	0	0	0	0	0	0	0	0	0	0	0	0	0	0	0	0	0	0	0	0	0	0	0	0	0	0	0	0	0	0	0	0	0	0	0	0	0	0	0	0	0	0	0	0	0	0	0	0	0	0	0	0	0	0	0	0	0	0	0	0	0	0	0	0	0	0	0	0	0	0	0	0	0	0	0	0	0	0	0	0	0	0	0	0	0	0	0	0	0	0	0	0	0	0	0	87	142	79	208	97	101	27	183	86	117	74
0	0	0	0	0	0	0	0	0	0	0	0	0	0	0	0	0	0	0	0	0	0	0	0	0	0	0	0	0	0	0	0	0	0	0	0	0	0	0	0	0	0	0	0	0	0	0	0	0	0	0	0	0	0	0	0	0	0	0	0	0	0	0	0	0	0	0	0	0	0	0	0	0	0	0	0	0	0	0	0	0	0	0	0	0	0	0	0	0	0	0	0	0	0	0	0	0	0	0	0	0	0	0	0	0	0	0	0	0	0	0	0	0	0	0	0	0	0	180	159	116	214	31	187	130	179	113	77
0	0	0	0	0	0	0	0	0	0	0	0	0	0	0	0	0	0	0	0	0	0	0	0	0	0	0	0	0	0	0	0	0	0	0	0	0	0	0	0	0	0	0	0	0	0	0	0	0	0	0	0	0	0	0	0	0	0	0	0	0	0	0	0	0	0	0	0	0	0	0	0	0	0	0	0	0	0	0	0	0	0	0	0	0	0	0	0	0	0	0	0	0	0	0	0	0	0	0	0	0	0	0	0	0	0	0	0	0	0	0	0	0	0	0	0	0	0	0	154	128	231	50	232	129	73	72	163
0	0	0	0	0	0	0	0	0	0	0	0	0	0	0	0	0	0	0	0	0	0	0	0	0	0	0	0	0	0	0	0	0	0	0	0	0	0	0	0	0	0	0	0	0	0	0	0	0	0	0	0	0	0	0	0	0	0	0	0	0	0	0	0	0	0	0	0	0	0	0	0	0	0	0	0	0	0	0	0	0	0	0	0	0	0	0	0	0	0	0	0	0	0	0	0	0	0	0	0	0	0	0	0	0	0	0	0	0	0	0	0	0	0	0	0	0	0	0	0	171	138	137	91	88	112	157	108
0	0	0	0	0	0	0	0	0	0	0	0	0	0	0	0	0	0	0	0	0	0	0	0	0	0	0	0	0	0	0	0	0	0	0	0	0	0	0	0	0	0	0	0	0	0	0	0	0	0	0	0	0	0	0	0	0	0	0	0	0	0	0	0	0	0	0	0	0	0	0	0	0	0	0	0	0	0	0	0	0	0	0	0	0	0	0	0	0	0	0	0	0	0	0	0	0	0	0	0	0	0	0	0	0	0	0	0	0	0	0	0	0	0	0	0	0	0	0	0	0	148	124	110	158	85	76	127
0	0	0	0	0	0	0	0	0	0	0	0	0	0	0	0	0	0	0	0	0	0	0	0	0	0	0	0	0	0	0	0	0	0	0	0	0	0	0	0	0	0	0	0	0	0	0	0	0	0	0	0	0	0	0	0	0	0	0	0	0	0	0	0	0	0	0	0	0	0	0	0	0	0	0	0	0	0	0	0	0	0	0	0	0	0	0	0	0	0	0	0	0	0	0	0	0	0	0	0	0	0	0	0	0	0	0	0	0	0	0	0	0	0	0	0	0	0	0	0	0	0	186	67	190	181	157	150
0	0	0	0	0	0	0	0	0	0	0	0	0	0	0	0	0	0	0	0	0	0	0	0	0	0	0	0	0	0	0	0	0	0	0	0	0	0	0	0	0	0	0	0	0	0	0	0	0	0	0	0	0	0	0	0	0	0	0	0	0	0	0	0	0	0	0	0	0	0	0	0	0	0	0	0	0	0	0	0	0	0	0	0	0	0	0	0	0	0	0	0	0	0	0	0	0	0	0	0	0	0	0	0	0	0	0	0	0	0	0	0	0	0	0	0	0	0	0	0	0	0	0	184	55	100	214	23
0	0	0	0	0	0	0	0	0	0	0	0	0	0	0	0	0	0	0	0	0	0	0	0	0	0	0	0	0	0	0	0	0	0	0	0	0	0	0	0	0	0	0	0	0	0	0	0	0	0	0	0	0	0	0	0	0	0	0	0	0	0	0	0	0	0	0	0	0	0	0	0	0	0	0	0	0	0	0	0	0	0	0	0	0	0	0	0	0	0	0	0	0	0	0	0	0	0	0	0	0	0	0	0	0	0	0	0	0	0	0	0	0	0	0	0	0	0	0	0	0	0	0	0	13	86	70	121
0	0	0	0	0	0	0	0	0	0	0	0	0	0	0	0	0	0	0	0	0	0	0	0	0	0	0	0	0	0	0	0	0	0	0	0	0	0	0	0	0	0	0	0	0	0	0	0	0	0	0	0	0	0	0	0	0	0	0	0	0	0	0	0	0	0	0	0	0	0	0	0	0	0	0	0	0	0	0	0	0	0	0	0	0	0	0	0	0	0	0	0	0	0	0	0	0	0	0	0	0	0	0	0	0	0	0	0	0	0	0	0	0	0	0	0	0	0	0	0	0	0	0	0	0	86	234	210
0	0	0	0	0	0	0	0	0	0	0	0	0	0	0	0	0	0	0	0	0	0	0	0	0	0	0	0	0	0	0	0	0	0	0	0	0	0	0	0	0	0	0	0	0	0	0	0	0	0	0	0	0	0	0	0	0	0	0	0	0	0	0	0	0	0	0	0	0	0	0	0	0	0	0	0	0	0	0	0	0	0	0	0	0	0	0	0	0	0	0	0	0	0	0	0	0	0	0	0	0	0	0	0	0	0	0	0	0	0	0	0	0	0	0	0	0	0	0	0	0	0	0	0	0	0	110	88
0	0	0	0	0	0	0	0	0	0	0	0	0	0	0	0	0	0	0	0	0	0	0	0	0	0	0	0	0	0	0	0	0	0	0	0	0	0	0	0	0	0	0	0	0	0	0	0	0	0	0	0	0	0	0	0	0	0	0	0	0	0	0	0	0	0	0	0	0	0	0	0	0	0	0	0	0	0	0	0	0	0	0	0	0	0	0	0	0	0	0	0	0	0	0	0	0	0	0	0	0	0	0	0	0	0	0	0	0	0	0	0	0	0	0	0	0	0	0	0	0	0	0	0	0	0	0	144
0	0	0	0	0	0	0	0	0	0	0	0	0	0	0	0	0	0	0	0	0	0	0	0	0	0	0	0	0	0	0	0	0	0	0	0	0	0	0	0	0	0	0	0	0	0	0	0	0	0	0	0	0	0	0	0	0	0	0	0	0	0	0	0	0	0	0	0	0	0	0	0	0	0	0	0	0	0	0	0	0	0	0	0	0	0	0	0	0	0	0	0	0	0	0	0	0	0	0	0	0	0	0	0	0	0	0	0	0	0	0	0	0	0	0	0	0	0	0	0	0	0	0	0	0	0	0	0