0	53	62	13	102	43	30	34	104	59	117	19	3	17	22	89	71	64	44	10	14	45	107	104	56	16	81	35	102	67	45	52	35	116	69	110	46	90	118	69	52	121	106	12	104	93	32	23	114	56	122	125	71	21	8	100	38	47	102	115	26	55	17	12	97	119	38	27	107	72	125	7	116	93	106	42	15	91	76	4	32	35	89	17	40	61	93	13	83	27	85	114	55	89	74	112	11	11	128	13	14	104	7	16	56	12	90	36	98	34	53	50	52	126	86	24	21	6	109	86	119	88	13	93	105	47	119	80
0	0	129	117	102	102	6	42	102	41	26	70	27	101	120	27	5	105	130	5	14	98	20	112	38	50	20	111	126	69	97	63	33	72	45	41	68	79	15	90	32	107	74	73	61	54	46	11	36	71	46	8	77	45	119	29	38	27	70	95	91	116	3	118	76	115	77	46	96	98	119	91	16	4	61	55	31	23	48	125	69	32	59	26	24	47	14	78	89	108	98	77	7	37	102	81	86	112	57	103	55	65	12	71	95	92	60	91	70	51	84	115	51	54	18	20	107	42	27	3	41	127	53	94	96	100	82	9
0	0	0	104	56	93	22	13	23	7	26	87	105	119	89	122	15	88	47	78	35	116	35	21	112	4	27	64	48	119	46	26	4	52	74	30	116	71	125	12	78	84	104	117	103	32	43	75	62	75	19	14	47	87	3	21	63	117	29	50	77	118	105	127	32	20	36	65	48	7	71	37	9	46	17	81	20	21	116	92	38	71	79	39	60	109	126	12	69	102	95	112	54	127	86	95	47	39	128	121	66	107	97	85	77	129	7	63	58	46	89	66	111	124	57	92	66	31	116	63	42	69	115	91	124	54	95	127
0	0	0	0	12	32	46	83	12	8	7	46	4	67	113	78	114	127	69	36	37	125	57	79	70	102	40	39	75	44	130	128	45	41	64	46	106	52	50	72	81	104	54	93	38	88	57	112	6	30	11	36	8	92	24	67	68	71	5	14	76	13	13	122	43	98	12	129	81	56	105	15	78	103	45	14	42	46	15	69	83	88	8	72	23	15	62	91	120	99	118	114	125	85	99	15	58	40	94	31	67	39	87	85	104	56	124	90	122	14	120	40	89	15	87	50	119	103	96	114	109	90	15	98	129	42	6	107
0	0	0	0	0	117	111	75	51	60	35	124	43	31	86	89	115	43	27	20	93	102	12	85	8	92	103	43	74	90	56	103	88	34	34	118	59	24	88	5	7	18	19	104	109	21	80	26	54	92	25	99	57	82	101	47	28	33	120	79	7	7	99	30	52	70	29	55	53	23	10	93	60	120	57	80	37	81	2	66	123	40	47	118	50	92	93	126	102	124	85	42	125	8	66	11	27	96	88	15	11	62	126	10	73	21	12	128	26	113	84	91	56	92	101	128	5	76	78	7	36	119	127	59	17	103	98	22
0	0	0	0	0	0	5	39	123	94	27	98	88	99	70	94	130	77	86	42	49	88	52	44	67	12	51	17	96	112	118	24	98	117	41	110	11	38	101	7	116	24	46	83	10	34	54	28	37	87	106	30	74	37	60	86	120	20	40	66	60	23	84	100	86	40	59	36	57	83	107	57	21	86	69	79	36	20	80	122	11	40	20	57	87	23	31	83	96	13	95	43	115	87	46	80	90	19	129	113	41	111	49	69	109	51	46	85	54	101	113	18	78	100	67	64	116	48	15	86	129	71	117	125	110	32	49	25
0	0	0	0	0	0	0	88	40	129	86	70	118	118	80	125	89	67	79	119	59	124	113	117	89	91	34	60	66	85	69	60	80	84	97	12	67	19	10	92	120	65	126	104	60	26	103	120	89	19	71	40	105	61	22	9	39	79	104	91	93	92	51	49	59	91	92	6	62	58	15	126	72	115	86	8	11	73	77	8	51	11	32	83	21	129	84	41	87	41	49	115	68	55	31	53	74	76	42	55	112	92	52	88	117	39	8	80	111	48	74	132	55	122	26	66	20	99	30	16	121	103	4	118	88	43	17	111
0	0	0	0	0	0	0	0	59	31	41	93	84	97	101	118	109	128	106	123	39	25	115	111	118	92	111	89	24	23	126	8	117	94	104	64	34	108	50	119	33	122	49	91	45	108	36	31	23	111	63	91	32	115	9	24	21	80	50	26	53	102	13	14	48	40	71	19	119	45	11	101	47	60	73	66	44	71	134	54	112	101	19	32	113	47	94	24	67	99	117	65	70	32	43	64	78	87	27	67	33	21	53	128	100	119	52	102	60	73	14	102	109	52	118	21	67	28	84	99	33	30	75	105	99	88	106	75
0	0	0	0	0	0	0	0	0	7	45	17	50	91	131	131	111	26	108	117	91	74	38	123	88	17	55	100	68	20	89	70	20	119	104	54	117	44	22	13	79	95	10	72	95	78	99	55	74	118	129	49	9	43	65	25	128	95	97	29	111	4	9	126	128	66	14	86	36	109	112	69	43	20	55	60	119	115	56	32	96	97	69	99	40	57	48	87	92	57	48	45	100	111	18	29	85	114	133	134	70	48	92	21	135	34	108	102	48	46	57	20	122	26	100	89	35	80	40	54	110	110	115	34	12	88	84	100
0	0	0	0	0	0	0	0	0	0	33	60	45	45	121	108	5	112	109	90	91	38	62	86	55	26	106	87	53	95	74	105	7	130	108	71	52	67	109	70	19	9	52	67	51	73	25	59	67	98	49	101	84	62	33	23	45	27	42	118	31	84	9	35	15	121	137	24	55	115	108	29	46	129	27	34	73	70	104	75	63	118	43	17	73	103	26	96	65	88	70	12	61	102	49	68	49	123	35	67	46	92	25	52	125	121	18	12	52	33	16	78	123	118	73	29	41	105	10	110	112	133	120	34	101	61	75	55
0	0	0	0	0	0	0	0	0	0	0	8	14	7	15	42	89	45	106	73	77	35	17	26	33	45	57	21	61	44	52	84	85	99	116	74	127	53	96	55	48	18	98	8	130	82	78	133	113	111	27	34	25	85	103	130	100	27	22	40	132	18	72	62	51	115	12	36	108	20	119	119	63	97	30	66	28	86	6	137	80	7	16	12	120	18	59	42	97	128	50	15	82	79	129	113	58	26	36	56	68	83	82	41	116	34	75	95	120	58	64	46	36	19	35	32	122	11	53	63	3	17	15	27	71	28	25	99
0	0	0	0	0	0	0	0	0	0	0	0	14	79	95	122	61	36	96	115	48	10	31	44	91	78	123	81	63	82	134	23	37	89	130	123	73	119	23	30	25	118	14	83	90	32	108	129	34	52	16	38	79	28	61	111	90	17	3	88	127	64	85	73	11	104	51	39	114	72	70	21	116	16	100	42	53	89	70	18	45	54	111	7	36	9	25	64	103	81	43	90	114	125	137	15	51	85	25	136	111	114	69	21	129	80	73	71	63	38	86	114	56	116	123	43	44	69	94	70	10	39	90	39	128	60	59	119
0	0	0	0	0	0	0	0	0	0	0	0	0	116	59	29	35	9	54	93	75	27	52	32	53	106	50	38	83	126	39	71	39	57	97	58	32	102	116	115	68	77	18	120	37	20	55	89	51	119	84	66	93	104	86	101	42	70	101	124	61	132	135	79	44	20	122	74	121	16	50	44	83	74	19	113	50	19	109	36	25	42	59	99	19	104	83	38	37	44	133	29	137	31	65	34	71	121	77	9	92	92	12	118	43	35	108	33	118	97	46	123	100	13	99	77	73	135	30	79	18	9	100	32	85	79	125	52
0	0	0	0	0	0	0	0	0	0	0	0	0	0	39	102	50	55	87	100	133	76	57	35	18	112	90	59	19	122	137	131	133	31	13	70	68	4	19	105	43	48	71	42	102	4	23	50	68	23	125	18	98	31	125	15	39	37	10	9	107	29	89	90	27	121	57	117	67	125	120	103	20	60	83	17	76	123	119	118	29	82	98	97	67	26	5	28	102	32	126	140	132	10	137	89	54	14	68	11	10	58	132	90	75	33	134	15	61	126	105	106	87	123	56	12	129	82	17	56	59	89	62	75	127	60	49	19
0	0	0	0	0	0	0	0	0	0	0	0	0	0	0	100	79	74	61	68	62	88	23	118	117	97	67	91	60	18	68	86	40	133	9	28	102	64	134	110	54	24	129	58	95	114	73	33	76	91	90	19	5	30	57	123	49	58	17	100	47	64	131	59	68	26	111	127	67	106	36	17	32	120	129	110	18	30	124	124	122	15	40	66	74	53	112	79	96	44	69	92	124	12	13	107	28	36	87	129	71	52	11	25	54	110	118	60	128	98	5	38	39	70	70	66	68	89	16	90	132	121	25	22	83	108	88	29
0	0	0	0	0	0	0	0	0	0	0	0	0	0	0	0	71	85	79	22	27	92	112	51	82	52	23	84	114	14	42	23	45	30	118	63	68	94	117	113	124	29	82	140	59	52	120	21	66	86	44	18	31	105	93	45	35	90	111	34	26	89	15	46	35	31	9	38	21	49	74	21	118	115	97	42	56	129	39	31	121	132	77	120	73	45	62	95	103	85	53	68	41	136	63	115	98	106	119	64	122	28	20	88	25	99	71	116	19	100	107	60	133	116	16	85	37	93	83	87	50	97	28	89	30	121	41	119
0	0	0	0	0	0	0	0	0	0	0	0	0	0	0	0	0	110	104	113	68	66	25	103	68	73	131	66	117	36	17	105	83	53	65	58	72	127	94	139	48	46	92	118	46	126	89	82	144	31	133	4	56	89	30	22	32	79	32	26	41	31	104	86	96	119	31	81	37	46	15	66	127	56	104	138	89	129	70	13	115	108	19	70	63	72	121	91	130	99	74	23	34	81	81	34	113	96	75	93	63	50	54	120	63	103	73	108	69	49	125	16	99	18	111	90	83	72	15	26	40	65	120	42	61	121	24	103
0	0	0	0	0	0	0	0	0	0	0	0	0	0	0	0	0	0	64	15	95	28	107	90	91	109	100	130	116	67	97	104	108	8	24	85	112	91	20	131	60	35	130	85	85	18	64	46	42	4	144	104	8	130	62	12	109	102	87	21	93	46	105	53	96	59	112	54	17	110	13	7	99	9	38	79	92	117	128	103	125	32	116	100	83	139	26	63	50	27	16	104	26	130	52	110	17	56	50	112	65	67	119	35	135	17	17	85	29	114	19	23	26	112	3	38	74	127	83	48	37	19	124	22	30	38	106	49
0	0	0	0	0	0	0	0	0	0	0	0	0	0	0	0	0	0	0	60	43	20	34	61	82	37	62	68	104	109	60	118	69	56	32	58	86	22	111	47	72	102	28	86	92	115	113	53	27	133	42	69	43	104	97	120	124	39	62	20	123	61	96	125	52	134	105	61	50	6	28	123	51	50	76	27	82	113	93	99	123	80	74	56	105	119	81	91	123	137	118	82	101	55	14	44	128	16	11	34	17	91	68	68	56	95	17	87	13	12	17	97	120	62	113	128	64	89	70	78	37	119	124	82	76	17	68	54
0	0	0	0	0	0	0	0	0	0	0	0	0	0	0	0	0	0	0	0	46	66	83	116	128	74	52	128	70	135	109	69	97	82	41	73	75	38	88	133	36	64	61	41	62	126	21	57	93	23	73	102	81	126	129	64	78	100	32	83	56	72	66	61	35	106	11	121	125	131	39	89	30	74	111	136	104	44	74	78	132	61	102	27	111	145	20	111	77	67	6	105	18	18	139	51	72	82	65	111	131	41	102	116	65	46	82	140	53	98	23	44	56	30	78	137	63	47	49	81	27	44	61	31	40	118	100	91
0	0	0	0	0	0	0	0	0	0	0	0	0	0	0	0	0	0	0	0	0	55	26	47	135	94	131	46	35	45	92	114	78	35	106	117	128	82	24	78	94	117	137	15	129	94	113	86	53	43	78	76	108	100	41	65	134	122	122	98	52	135	109	31	105	109	134	97	47	26	92	70	81	51	94	65	58	25	18	67	112	112	138	143	38	116	69	130	47	124	105	62	102	48	128	112	56	113	113	143	15	34	22	55	126	130	97	25	112	37	138	45	59	99	78	72	18	32	112	97	76	25	99	39	120	121	97	71
0	0	0	0	0	0	0	0	0	0	0	0	0	0	0	0	0	0	0	0	0	0	100	32	27	74	32	38	69	86	62	70	74	121	65	118	134	60	95	119	129	74	90	57	106	80	104	63	116	79	46	89	120	27	86	81	40	136	66	75	67	116	109	90	70	73	144	61	5	30	141	87	73	50	27	57	85	89	28	145	102	32	81	81	102	97	57	35	42	109	45	22	98	31	24	67	143	133	118	110	71	40	25	116	64	87	31	55	27	9	61	120	146	18	54	115	24	131	9	31	46	16	88	47	67	113	46	101
0	0	0	0	0	0	0	0	0	0	0	0	0	0	0	0	0	0	0	0	0	0	0	19	97	91	88	27	146	137	62	10	91	66	21	47	111	44	118	95	138	112	89	52	68	37	56	92	136	127	94	25	16	84	20	135	125	86	124	109	118	78	23	109	28	51	57	7	133	53	55	35	91	99	28	51	121	115	87	132	47	13	126	114	124	41	68	128	132	23	93	25	82	120	41	88	90	96	133	33	72	122	80	54	139	76	94	94	104	87	93	118	34	11	86	38	51	120	56	98	24	119	48	138	92	90	58	51
0	0	0	0	0	0	0	0	0	0	0	0	0	0	0	0	0	0	0	0	0	0	0	0	141	130	56	88	76	97	59	139	18	45	28	100	108	114	35	60	56	48	53	57	17	95	43	104	19	89	35	10	83	41	129	38	18	93	26	84	45	132	134	114	121	78	15	67	31	39	121	18	56	15	30	99	126	116	100	84	85	122	49	143	61	127	29	68	60	118	22	52	108	57	112	34	22	118	105	67	101	111	35	107	15	22	22	88	33	76	119	116	128	49	19	130	25	110	50	37	107	137	29	15	86	110	114	44
0	0	0	0	0	0	0	0	0	0	0	0	0	0	0	0	0	0	0	0	0	0	0	0	0	47	92	16	121	16	86	141	23	132	109	65	88	34	130	11	113	123	143	22	134	131	63	108	73	70	32	120	22	12	40	64	93	127	23	88	115	16	135	104	37	31	41	71	87	119	56	51	80	123	101	126	40	23	103	131	57	51	112	94	79	71	128	131	71	57	57	64	118	124	51	104	68	108	100	67	111	118	137	117	90	57	21	119	60	132	21	113	142	98	65	69	23	140	17	105	47	39	136	97	32	56	47	135
0	0	0	0	0	0	0	0	0	0	0	0	0	0	0	0	0	0	0	0	0	0	0	0	0	0	98	70	22	38	63	59	18	87	105	14	24	54	118	70	70	142	128	31	123	99	94	81	28	91	3	132	45	106	36	49	121	97	30	108	6	22	116	149	140	71	140	44	135	106	121	104	106	100	25	75	83	24	24	99	136	98	32	140	55	96	60	71	128	17	68	119	76	108	97	108	103	83	131	15	34	20	69	20	100	74	69	109	118	73	49	129	49	26	62	123	126	52	39	92	64	120	102	40	60	95	48	122
0	0	0	0	0	0	0	0	0	0	0	0	0	0	0	0	0	0	0	0	0	0	0	0	0	0	0	42	108	129	27	60	142	74	86	72	33	35	47	45	109	123	88	92	35	149	33	91	107	95	56	33	66	58	29	61	96	127	71	67	41	153	121	62	94	119	153	13	39	22	92	98	91	132	58	39	47	14	46	20	30	86	44	99	118	67	127	67	78	111	23	106	137	38	80	108	70	53	64	69	102	76	55	12	111	84	63	30	81	79	49	101	96	127	99	64	129	111	122	89	116	11	46	144	31	133	33	140
0	0	0	0	0	0	0	0	0	0	0	0	0	0	0	0	0	0	0	0	0	0	0	0	0	0	0	0	77	87	134	39	104	115	128	77	105	116	38	51	63	58	25	31	125	137	56	45	135	54	64	153	79	75	51	123	65	111	110	106	74	97	116	92	61	122	66	128	44	132	120	55	36	98	97	91	20	119	51	117	100	85	121	121	134	121	133	21	119	68	130	67	48	56	38	116	90	96	28	95	122	100	132	104	49	15	104	92	118	118	56	118	65	79	140	82	121	35	66	54	45	52	98	118	35	105	48	79
0	0	0	0	0	0	0	0	0	0	0	0	0	0	0	0	0	0	0	0	0	0	0	0	0	0	0	0	0	132	39	102	108	115	70	129	124	11	150	142	128	28	36	16	109	111	78	96	130	31	144	135	101	134	114	27	138	48	5	77	51	57	128	36	132	82	90	98	111	35	20	130	33	122	123	139	89	47	127	53	127	94	94	75	42	45	135	113	76	100	89	43	94	128	149	105	15	126	56	36	107	128	8	94	127	39	108	48	105	47	120	30	24	138	56	87	100	123	55	126	33	26	79	125	35	76	28	131
0	0	0	0	0	0	0	0	0	0	0	0	0	0	0	0	0	0	0	0	0	0	0	0	0	0	0	0	0	0	109	111	108	94	130	58	93	35	97	128	23	84	136	97	99	143	36	95	18	52	98	106	121	107	104	87	76	35	92	121	113	37	90	28	109	52	150	42	76	115	56	97	76	98	107	115	114	114	40	84	73	58	70	19	83	110	120	64	49	63	74	127	145	31	42	21	57	77	109	71	31	97	27	138	37	43	34	81	55	24	100	99	51	54	139	113	142	56	142	33	60	84	19	59	114	108	63	46
0	0	0	0	0	0	0	0	0	0	0	0	0	0	0	0	0	0	0	0	0	0	0	0	0	0	0	0	0	0	0	120	131	142	63	44	49	88	42	53	114	73	75	60	88	72	29	116	83	132	100	52	144	73	52	95	150	34	128	60	123	83	127	76	63	11	52	24	39	63	58	46	66	122	57	45	48	110	101	125	98	33	71	131	79	106	119	92	12	71	92	37	70	77	88	78	137	49	129	131	30	94	65	128	104	141	73	121	113	85	113	109	110	133	115	31	130	73	51	145	138	80	28	130	45	144	124	109
0	0	0	0	0	0	0	0	0	0	0	0	0	0	0	0	0	0	0	0	0	0	0	0	0	0	0	0	0	0	0	0	146	37	45	88	135	79	57	112	39	77	108	72	82	139	35	45	21	69	99	22	76	122	89	120	40	63	120	43	79	145	14	89	74	13	98	146	32	128	34	114	38	76	90	62	114	113	75	111	121	139	132	121	87	81	121	121	71	119	31	69	135	65	13	47	79	74	140	97	65	124	113	23	116	77	125	137	47	40	50	93	28	111	141	83	45	130	39	97	150	130	134	120	89	114	69	81
0	0	0	0	0	0	0	0	0	0	0	0	0	0	0	0	0	0	0	0	0	0	0	0	0	0	0	0	0	0	0	0	0	26	59	103	125	145	70	75	126	43	52	136	146	58	80	103	124	118	43	21	102	130	119	14	34	96	133	100	14	33	102	125	69	64	106	41	25	72	71	120	76	36	85	35	123	137	20	86	22	124	104	115	18	29	37	92	99	89	47	59	38	100	39	39	148	124	29	97	65	119	94	111	18	58	115	19	91	144	114	20	104	151	104	90	132	101	16	86	77	122	83	112	77	91	141	58
0	0	0	0	0	0	0	0	0	0	0	0	0	0	0	0	0	0	0	0	0	0	0	0	0	0	0	0	0	0	0	0	0	0	81	115	95	65	82	143	50	102	104	94	106	47	99	29	48	86	94	70	42	126	55	62	73	63	101	149	77	103	119	57	144	150	139	44	66	95	117	139	68	56	51	67	46	56	100	132	147	102	42	67	83	75	116	132	89	33	28	80	61	28	41	75	33	104	69	118	119	11	83	11	118	96	143	86	69	84	105	126	32	51	64	142	117	41	10	57	100	66	87	109	139	91	123	31
0	0	0	0	0	0	0	0	0	0	0	0	0	0	0	0	0	0	0	0	0	0	0	0	0	0	0	0	0	0	0	0	0	0	0	137	45	66	36	61	152	43	65	109	119	87	43	48	37	62	43	99	119	70	95	55	46	92	135	93	100	129	39	76	41	120	116	98	101	66	36	37	114	85	93	82	104	29	49	110	121	75	126	120	30	47	37	101	54	121	37	112	99	61	103	56	84	134	39	24	60	12	25	3	83	53	115	111	110	24	152	82	83	39	92	62	104	65	63	41	110	28	39	71	61	62	138	59
0	0	0	0	0	0	0	0	0	0	0	0	0	0	0	0	0	0	0	0	0	0	0	0	0	0	0	0	0	0	0	0	0	0	0	0	147	80	123	64	6	115	97	98	115	116	79	121	72	156	151	65	85	148	101	112	77	38	39	132	68	75	5	115	82	100	126	24	124	77	99	115	127	30	53	94	15	38	49	109	118	25	156	120	95	89	72	120	27	116	58	84	127	58	120	75	71	125	76	124	98	76	35	59	33	91	36	129	77	52	85	56	94	59	22	119	43	45	81	74	93	118	128	6	138	99	75	64
0	0	0	0	0	0	0	0	0	0	0	0	0	0	0	0	0	0	0	0	0	0	0	0	0	0	0	0	0	0	0	0	0	0	0	0	0	66	42	101	19	96	98	118	68	135	62	73	98	42	117	116	124	18	158	33	85	163	32	29	45	127	134	124	88	10	75	102	141	51	101	56	47	30	73	83	104	101	77	84	92	64	49	59	146	86	95	104	138	19	111	85	54	96	88	125	101	24	117	131	48	142	130	44	116	119	19	61	74	102	52	45	58	25	82	124	40	68	94	136	149	151	88	139	44	37	91	49
0	0	0	0	0	0	0	0	0	0	0	0	0	0	0	0	0	0	0	0	0	0	0	0	0	0	0	0	0	0	0	0	0	0	0	0	0	0	65	40	94	70	26	66	39	98	127	124	120	118	99	97	71	80	113	66	86	130	90	104	31	98	107	70	20	112	44	74	75	118	147	57	143	77	154	72	102	76	93	158	165	17	97	116	33	96	27	133	146	33	96	50	75	105	88	36	44	126	137	127	60	105	110	125	35	152	92	150	18	133	50	58	118	62	24	64	96	137	134	129	114	38	126	108	123	52	61	151
0	0	0	0	0	0	0	0	0	0	0	0	0	0	0	0	0	0	0	0	0	0	0	0	0	0	0	0	0	0	0	0	0	0	0	0	0	0	0	138	34	123	63	29	140	114	60	104	23	78	73	141	60	49	113	107	114	113	152	99	14	96	138	54	123	30	66	130	56	48	131	9	75	37	37	109	85	118	31	68	58	28	57	157	108	122	54	133	151	52	41	122	70	19	26	160	112	87	92	45	45	123	148	45	43	56	107	93	100	104	83	74	5	105	115	104	21	65	106	58	46	40	88	51	70	39	11	59
0	0	0	0	0	0	0	0	0	0	0	0	0	0	0	0	0	0	0	0	0	0	0	0	0	0	0	0	0	0	0	0	0	0	0	0	0	0	0	0	118	32	120	122	114	93	117	49	78	18	78	63	7	36	75	44	116	129	46	72	46	56	52	107	132	64	121	69	83	11	84	112	89	56	61	111	131	72	137	89	27	90	71	90	97	44	83	74	47	138	48	87	57	96	17	143	116	33	65	133	78	135	136	8	53	66	130	152	48	52	154	70	54	73	140	59	61	31	73	132	125	79	104	82	56	106	88	76
0	0	0	0	0	0	0	0	0	0	0	0	0	0	0	0	0	0	0	0	0	0	0	0	0	0	0	0	0	0	0	0	0	0	0	0	0	0	0	0	0	88	32	130	74	81	85	57	37	106	109	100	42	57	90	121	110	44	93	42	127	51	70	130	138	125	71	123	117	79	73	56	114	85	107	134	38	30	114	160	38	52	91	88	123	141	63	121	130	52	53	147	80	122	64	102	71	75	30	108	49	62	120	135	88	14	117	124	95	123	81	92	84	100	104	100	47	120	43	16	20	144	42	37	66	119	39	91
0	0	0	0	0	0	0	0	0	0	0	0	0	0	0	0	0	0	0	0	0	0	0	0	0	0	0	0	0	0	0	0	0	0	0	0	0	0	0	0	0	0	28	61	96	81	78	81	112	76	131	60	19	56	127	149	136	36	137	26	96	151	107	95	132	154	47	97	106	75	27	129	61	71	49	92	37	54	93	22	82	107	97	40	148	102	37	46	36	128	132	147	151	151	72	116	100	161	29	84	29	103	16	99	120	98	105	142	132	62	48	160	68	41	86	108	127	51	47	123	133	78	129	90	48	128	71	156
0	0	0	0	0	0	0	0	0	0	0	0	0	0	0	0	0	0	0	0	0	0	0	0	0	0	0	0	0	0	0	0	0	0	0	0	0	0	0	0	0	0	0	128	26	25	123	133	3	93	21	5	72	63	119	28	79	111	75	96	142	78	143	100	100	104	49	110	113	54	107	21	50	111	138	58	35	111	155	34	64	26	118	113	37	122	15	103	153	114	74	45	75	51	88	42	67	113	137	107	117	107	31	92	117	115	35	122	32	132	137	110	58	40	81	129	126	114	122	125	68	45	75	113	139	38	26	122
0	0	0	0	0	0	0	0	0	0	0	0	0	0	0	0	0	0	0	0	0	0	0	0	0	0	0	0	0	0	0	0	0	0	0	0	0	0	0	0	0	0	0	0	81	69	35	88	83	135	39	118	121	61	55	106	126	116	27	23	78	31	161	85	104	55	31	92	65	99	109	111	130	70	61	156	25	69	93	168	68	40	32	114	54	132	158	6	101	118	124	41	111	154	66	136	58	127	125	62	158	129	115	124	122	92	83	38	72	90	122	89	162	151	91	79	124	83	55	63	56	95	72	162	125	57	46	18
0	0	0	0	0	0	0	0	0	0	0	0	0	0	0	0	0	0	0	0	0	0	0	0	0	0	0	0	0	0	0	0	0	0	0	0	0	0	0	0	0	0	0	0	0	102	31	100	172	109	99	122	131	134	60	99	143	65	99	42	33	150	130	146	130	127	61	129	40	24	66	137	84	90	35	126	97	128	87	48	33	34	129	19	109	45	13	53	71	130	111	31	159	161	24	44	44	69	125	121	103	48	99	39	34	105	61	58	105	48	52	34	41	55	76	25	32	118	52	51	52	90	103	23	68	81	58	89
0	0	0	0	0	0	0	0	0	0	0	0	0	0	0	0	0	0	0	0	0	0	0	0	0	0	0	0	0	0	0	0	0	0	0	0	0	0	0	0	0	0	0	0	0	0	94	47	146	69	52	129	44	62	90	49	109	13	46	78	96	158	84	105	107	103	92	99	16	72	121	82	65	114	105	93	31	88	97	35	29	44	47	24	37	120	43	104	81	139	122	53	120	56	99	14	32	105	129	85	146	111	137	67	116	17	47	84	89	56	27	73	43	60	34	126	97	82	136	130	155	102	126	108	40	100	99	80
0	0	0	0	0	0	0	0	0	0	0	0	0	0	0	0	0	0	0	0	0	0	0	0	0	0	0	0	0	0	0	0	0	0	0	0	0	0	0	0	0	0	0	0	0	0	0	86	52	114	163	146	63	29	110	38	58	148	123	47	20	80	70	51	80	81	116	124	94	34	57	11	44	18	142	150	37	143	91	49	67	59	50	64	15	112	29	114	100	24	32	51	154	120	147	58	102	109	85	78	102	123	67	79	132	58	150	104	54	25	73	145	153	130	93	29	64	90	154	47	104	107	42	166	104	123	144	96
0	0	0	0	0	0	0	0	0	0	0	0	0	0	0	0	0	0	0	0	0	0	0	0	0	0	0	0	0	0	0	0	0	0	0	0	0	0	0	0	0	0	0	0	0	0	0	0	125	55	154	80	77	151	86	58	119	85	40	94	50	65	151	32	116	24	132	57	135	130	110	153	96	128	118	99	67	96	131	70	131	37	84	163	76	45	169	65	148	23	21	35	113	77	57	43	67	78	11	28	126	76	75	96	121	105	63	101	56	41	17	60	133	31	133	81	99	46	102	109	128	99	121	107	44	121	46	53
0	0	0	0	0	0	0	0	0	0	0	0	0	0	0	0	0	0	0	0	0	0	0	0	0	0	0	0	0	0	0	0	0	0	0	0	0	0	0	0	0	0	0	0	0	0	0	0	0	134	140	96	13	104	53	146	44	29	157	45	114	102	55	152	81	139	93	31	58	47	54	173	112	116	79	11	147	140	133	31	125	64	96	72	104	137	58	98	119	103	29	97	159	81	83	103	78	138	73	146	134	131	101	123	137	45	70	143	30	109	62	96	36	55	137	73	57	147	127	59	110	161	93	52	91	114	128	133
0	0	0	0	0	0	0	0	0	0	0	0	0	0	0	0	0	0	0	0	0	0	0	0	0	0	0	0	0	0	0	0	0	0	0	0	0	0	0	0	0	0	0	0	0	0	0	0	0	0	56	54	86	150	54	137	155	63	86	83	43	140	124	69	141	111	26	69	110	120	62	43	51	115	37	81	46	26	85	89	68	77	113	63	109	137	52	45	41	107	90	88	148	38	61	109	107	140	16	111	52	102	55	126	73	86	79	81	74	146	125	80	106	124	128	83	142	28	138	68	96	63	56	90	76	132	88	140
0	0	0	0	0	0	0	0	0	0	0	0	0	0	0	0	0	0	0	0	0	0	0	0	0	0	0	0	0	0	0	0	0	0	0	0	0	0	0	0	0	0	0	0	0	0	0	0	0	0	0	41	86	59	71	105	88	113	41	4	16	47	101	83	101	74	148	139	145	107	54	61	9	108	71	104	47	73	121	76	89	117	74	126	114	71	156	96	32	70	41	91	132	128	97	116	92	167	92	97	154	114	46	113	24	85	122	88	119	147	163	75	130	29	92	106	76	128	36	129	51	102	49	173	24	30	134	165
0	0	0	0	0	0	0	0	0	0	0	0	0	0	0	0	0	0	0	0	0	0	0	0	0	0	0	0	0	0	0	0	0	0	0	0	0	0	0	0	0	0	0	0	0	0	0	0	0	0	0	0	137	143	125	102	147	169	119	167	137	21	25	80	163	16	144	152	80	48	43	104	127	154	99	83	121	108	5	21	73	138	83	94	42	118	99	125	145	170	161	98	114	88	141	138	125	81	112	76	97	101	43	99	45	109	69	169	56	51	152	63	33	110	99	113	118	85	97	100	127	19	62	115	73	89	127	54
0	0	0	0	0	0	0	0	0	0	0	0	0	0	0	0	0	0	0	0	0	0	0	0	0	0	0	0	0	0	0	0	0	0	0	0	0	0	0	0	0	0	0	0	0	0	0	0	0	0	0	0	0	88	95	43	36	110	86	41	136	59	81	102	126	31	21	157	95	95	28	114	76	22	17	139	61	80	111	111	139	17	81	63	20	141	75	142	164	16	103	72	38	76	22	110	49	98	31	65	43	86	52	141	16	91	42	80	89	130	125	122	107	137	106	136	108	133	163	44	48	73	124	49	76	77	28	44
0	0	0	0	0	0	0	0	0	0	0	0	0	0	0	0	0	0	0	0	0	0	0	0	0	0	0	0	0	0	0	0	0	0	0	0	0	0	0	0	0	0	0	0	0	0	0	0	0	0	0	0	0	0	74	88	76	53	61	37	55	141	143	93	77	58	55	145	75	139	90	118	99	98	75	98	84	43	53	42	84	125	75	71	55	53	82	111	23	61	59	129	130	140	105	158	70	113	47	142	125	17	28	114	147	124	96	96	113	36	103	153	106	118	67	107	124	72	38	22	81	37	126	16	40	117	55	118
0	0	0	0	0	0	0	0	0	0	0	0	0	0	0	0	0	0	0	0	0	0	0	0	0	0	0	0	0	0	0	0	0	0	0	0	0	0	0	0	0	0	0	0	0	0	0	0	0	0	0	0	0	0	0	55	39	90	46	103	41	80	158	111	128	101	62	135	104	119	34	45	77	79	49	147	23	58	111	166	6	133	72	107	116	72	58	104	160	120	47	36	82	158	72	142	67	155	88	58	82	29	67	104	98	109	106	151	143	48	124	11	97	59	100	110	73	90	166	79	153	45	76	63	119	154	150	90
0	0	0	0	0	0	0	0	0	0	0	0	0	0	0	0	0	0	0	0	0	0	0	0	0	0	0	0	0	0	0	0	0	0	0	0	0	0	0	0	0	0	0	0	0	0	0	0	0	0	0	0	0	0	0	0	60	48	74	83	96	89	171	30	68	114	121	75	44	66	75	173	128	128	81	40	157	145	35	103	138	142	128	74	87	87	84	128	67	141	66	136	156	119	108	134	113	171	135	115	20	82	101	62	77	128	42	25	70	51	96	116	42	32	59	97	29	14	22	147	121	32	131	128	109	136	57	56
0	0	0	0	0	0	0	0	0	0	0	0	0	0	0	0	0	0	0	0	0	0	0	0	0	0	0	0	0	0	0	0	0	0	0	0	0	0	0	0	0	0	0	0	0	0	0	0	0	0	0	0	0	0	0	0	0	106	81	93	139	121	87	139	47	102	156	122	91	142	134	34	85	87	60	108	83	145	80	147	129	127	99	88	79	63	39	112	52	76	52	38	71	106	136	61	122	114	107	162	61	138	81	41	127	123	175	139	89	158	125	93	90	175	55	146	63	135	34	12	165	113	88	116	114	117	82	50
0	0	0	0	0	0	0	0	0	0	0	0	0	0	0	0	0	0	0	0	0	0	0	0	0	0	0	0	0	0	0	0	0	0	0	0	0	0	0	0	0	0	0	0	0	0	0	0	0	0	0	0	0	0	0	0	0	0	57	94	76	138	78	97	90	78	94	26	51	109	136	104	17	119	140	114	128	52	148	27	55	116	93	118	112	143	126	175	95	71	69	60	142	129	49	79	95	85	106	123	21	48	13	47	71	77	104	156	60	79	154	36	67	54	40	59	138	40	62	64	113	67	122	45	128	128	83	98
0	0	0	0	0	0	0	0	0	0	0	0	0	0	0	0	0	0	0	0	0	0	0	0	0	0	0	0	0	0	0	0	0	0	0	0	0	0	0	0	0	0	0	0	0	0	0	0	0	0	0	0	0	0	0	0	0	0	0	77	18	44	23	95	94	166	109	85	167	40	29	185	89	154	129	47	96	174	114	59	157	87	69	73	116	125	119	45	138	30	136	86	143	144	78	66	68	79	65	106	55	164	59	70	81	92	56	117	49	158	133	108	103	36	107	63	119	71	54	57	95	66	112	90	138	60	56	123
0	0	0	0	0	0	0	0	0	0	0	0	0	0	0	0	0	0	0	0	0	0	0	0	0	0	0	0	0	0	0	0	0	0	0	0	0	0	0	0	0	0	0	0	0	0	0	0	0	0	0	0	0	0	0	0	0	0	0	0	106	130	77	156	46	123	47	136	48	26	130	108	88	118	98	105	80	139	101	148	56	152	131	62	127	89	22	127	15	88	106	147	72	102	90	155	118	70	61	134	87	56	56	67	105	62	146	150	170	31	102	166	44	81	147	122	133	28	95	136	139	165	130	62	64	62	107	82
0	0	0	0	0	0	0	0	0	0	0	0	0	0	0	0	0	0	0	0	0	0	0	0	0	0	0	0	0	0	0	0	0	0	0	0	0	0	0	0	0	0	0	0	0	0	0	0	0	0	0	0	0	0	0	0	0	0	0	0	0	13	98	63	100	101	176	107	89	37	71	73	60	133	93	70	127	142	122	54	42	98	70	52	43	134	56	168	140	104	50	45	54	108	62	62	127	76	24	91	36	75	28	117	111	125	87	104	113	93	86	168	95	61	157	105	121	41	188	150	181	125	114	90	136	8	92	110
0	0	0	0	0	0	0	0	0	0	0	0	0	0	0	0	0	0	0	0	0	0	0	0	0	0	0	0	0	0	0	0	0	0	0	0	0	0	0	0	0	0	0	0	0	0	0	0	0	0	0	0	0	0	0	0	0	0	0	0	0	0	135	127	86	181	55	120	113	77	34	77	122	116	97	40	65	141	68	119	46	38	124	59	88	151	50	62	158	143	84	83	79	35	129	132	155	129	95	113	97	156	166	66	110	17	63	44	75	131	98	120	143	163	46	56	50	90	58	64	135	116	104	128	16	37	42	142
0	0	0	0	0	0	0	0	0	0	0	0	0	0	0	0	0	0	0	0	0	0	0	0	0	0	0	0	0	0	0	0	0	0	0	0	0	0	0	0	0	0	0	0	0	0	0	0	0	0	0	0	0	0	0	0	0	0	0	0	0	0	0	77	80	186	89	172	98	100	127	74	181	56	81	103	97	37	129	18	93	31	123	115	131	135	68	91	150	69	151	94	153	59	89	64	84	113	133	79	147	93	45	88	94	131	56	145	63	135	108	54	165	156	93	160	153	102	112	156	62	65	29	28	151	90	63	133
0	0	0	0	0	0	0	0	0	0	0	0	0	0	0	0	0	0	0	0	0	0	0	0	0	0	0	0	0	0	0	0	0	0	0	0	0	0	0	0	0	0	0	0	0	0	0	0	0	0	0	0	0	0	0	0	0	0	0	0	0	0	0	0	33	14	76	84	143	12	48	122	127	170	68	134	119	43	136	190	130	140	23	48	123	118	122	131	143	61	155	64	149	89	125	157	130	128	29	161	168	120	144	141	115	132	131	102	150	151	129	120	109	156	104	80	190	122	71	114	123	48	103	132	59	122	129	107
0	0	0	0	0	0	0	0	0	0	0	0	0	0	0	0	0	0	0	0	0	0	0	0	0	0	0	0	0	0	0	0	0	0	0	0	0	0	0	0	0	0	0	0	0	0	0	0	0	0	0	0	0	0	0	0	0	0	0	0	0	0	0	0	0	77	97	116	104	53	16	164	52	91	91	126	100	168	111	135	63	127	91	135	8	115	145	138	116	55	16	56	30	60	56	13	46	72	121	58	55	65	70	117	111	88	91	103	120	70	77	100	153	35	51	135	72	78	146	150	104	54	30	174	98	121	106	64
0	0	0	0	0	0	0	0	0	0	0	0	0	0	0	0	0	0	0	0	0	0	0	0	0	0	0	0	0	0	0	0	0	0	0	0	0	0	0	0	0	0	0	0	0	0	0	0	0	0	0	0	0	0	0	0	0	0	0	0	0	0	0	0	0	0	116	134	132	49	98	81	87	158	176	149	73	40	17	168	14	111	142	164	103	70	96	82	88	138	76	67	129	123	49	86	125	161	85	92	87	91	142	25	112	70	80	134	123	54	39	56	79	175	95	87	143	85	148	12	80	108	68	55	92	65	83	90
0	0	0	0	0	0	0	0	0	0	0	0	0	0	0	0	0	0	0	0	0	0	0	0	0	0	0	0	0	0	0	0	0	0	0	0	0	0	0	0	0	0	0	0	0	0	0	0	0	0	0	0	0	0	0	0	0	0	0	0	0	0	0	0	0	0	0	66	135	72	92	161	64	78	110	102	94	83	53	44	115	112	106	38	154	86	135	135	76	127	41	40	69	10	78	169	54	91	50	100	158	39	53	131	107	87	72	17	38	66	106	139	78	112	105	103	168	70	105	63	157	84	103	98	93	176	163	120
0	0	0	0	0	0	0	0	0	0	0	0	0	0	0	0	0	0	0	0	0	0	0	0	0	0	0	0	0	0	0	0	0	0	0	0	0	0	0	0	0	0	0	0	0	0	0	0	0	0	0	0	0	0	0	0	0	0	0	0	0	0	0	0	0	0	0	0	165	130	123	67	49	112	105	26	92	56	82	97	65	28	150	74	114	23	84	119	150	30	131	20	38	143	28	48	102	106	137	115	91	99	39	92	36	132	55	74	93	65	127	128	91	137	47	97	89	101	152	42	133	172	174	123	40	189	52	84
0	0	0	0	0	0	0	0	0	0	0	0	0	0	0	0	0	0	0	0	0	0	0	0	0	0	0	0	0	0	0	0	0	0	0	0	0	0	0	0	0	0	0	0	0	0	0	0	0	0	0	0	0	0	0	0	0	0	0	0	0	0	0	0	0	0	0	0	0	94	134	48	147	127	89	51	65	11	73	103	34	144	85	144	97	55	58	117	73	168	73	106	95	11	105	80	84	63	127	44	78	160	114	20	112	50	144	189	33	93	85	72	99	27	81	70	139	164	163	58	150	62	95	143	63	123	111	68
0	0	0	0	0	0	0	0	0	0	0	0	0	0	0	0	0	0	0	0	0	0	0	0	0	0	0	0	0	0	0	0	0	0	0	0	0	0	0	0	0	0	0	0	0	0	0	0	0	0	0	0	0	0	0	0	0	0	0	0	0	0	0	0	0	0	0	0	0	0	70	26	129	84	191	56	66	120	91	77	99	56	9	42	66	73	53	115	175	52	122	45	153	111	121	53	55	63	167	108	129	27	78	135	76	96	71	42	116	45	116	67	84	30	70	53	180	80	131	101	66	134	43	140	122	153	170	70
0	0	0	0	0	0	0	0	0	0	0	0	0	0	0	0	0	0	0	0	0	0	0	0	0	0	0	0	0	0	0	0	0	0	0	0	0	0	0	0	0	0	0	0	0	0	0	0	0	0	0	0	0	0	0	0	0	0	0	0	0	0	0	0	0	0	0	0	0	0	0	134	46	168	81	110	58	46	58	138	59	93	62	157	56	186	74	124	74	50	56	152	162	97	127	83	36	96	72	44	157	118	137	102	114	134	143	53	131	70	66	104	113	36	54	162	112	65	127	86	107	137	79	94	114	136	72	84
0	0	0	0	0	0	0	0	0	0	0	0	0	0	0	0	0	0	0	0	0	0	0	0	0	0	0	0	0	0	0	0	0	0	0	0	0	0	0	0	0	0	0	0	0	0	0	0	0	0	0	0	0	0	0	0	0	0	0	0	0	0	0	0	0	0	0	0	0	0	0	0	48	87	111	65	123	130	111	27	107	109	87	113	50	125	31	23	60	138	148	63	84	33	110	94	164	60	159	95	83	52	64	91	165	174	115	139	129	149	138	143	59	96	57	50	150	89	52	171	60	68	117	59	59	61	168	156
0	0	0	0	0	0	0	0	0	0	0	0	0	0	0	0	0	0	0	0	0	0	0	0	0	0	0	0	0	0	0	0	0	0	0	0	0	0	0	0	0	0	0	0	0	0	0	0	0	0	0	0	0	0	0	0	0	0	0	0	0	0	0	0	0	0	0	0	0	0	0	0	0	24	95	40	102	127	169	179	121	114	137	51	97	110	55	82	87	71	68	26	163	63	4	20	108	155	83	101	100	113	85	93	86	108	172	114	74	61	21	116	13	96	109	146	112	77	142	163	33	147	115	50	117	35	148	51
0	0	0	0	0	0	0	0	0	0	0	0	0	0	0	0	0	0	0	0	0	0	0	0	0	0	0	0	0	0	0	0	0	0	0	0	0	0	0	0	0	0	0	0	0	0	0	0	0	0	0	0	0	0	0	0	0	0	0	0	0	0	0	0	0	0	0	0	0	0	0	0	0	0	103	100	125	155	146	77	153	54	173	128	98	31	123	68	140	41	133	95	64	111	162	143	71	89	114	27	176	62	102	32	190	107	97	124	92	154	129	135	111	161	102	25	123	113	48	62	169	125	113	84	120	75	192	62
0	0	0	0	0	0	0	0	0	0	0	0	0	0	0	0	0	0	0	0	0	0	0	0	0	0	0	0	0	0	0	0	0	0	0	0	0	0	0	0	0	0	0	0	0	0	0	0	0	0	0	0	0	0	0	0	0	0	0	0	0	0	0	0	0	0	0	0	0	0	0	0	0	0	0	142	125	11	170	110	131	75	155	104	66	109	71	69	197	160	115	120	128	74	60	85	33	59	103	163	132	175	75	28	119	177	174	63	161	154	89	174	107	148	78	119	73	116	137	57	109	120	95	80	145	36	161	35
0	0	0	0	0	0	0	0	0	0	0	0	0	0	0	0	0	0	0	0	0	0	0	0	0	0	0	0	0	0	0	0	0	0	0	0	0	0	0	0	0	0	0	0	0	0	0	0	0	0	0	0	0	0	0	0	0	0	0	0	0	0	0	0	0	0	0	0	0	0	0	0	0	0	0	0	145	44	115	100	16	92	103	174	56	102	162	96	78	64	119	79	46	104	42	123	89	58	91	74	129	135	143	162	156	92	134	168	125	168	99	95	97	69	195	138	176	102	63	131	133	133	33	130	175	97	131	86
0	0	0	0	0	0	0	0	0	0	0	0	0	0	0	0	0	0	0	0	0	0	0	0	0	0	0	0	0	0	0	0	0	0	0	0	0	0	0	0	0	0	0	0	0	0	0	0	0	0	0	0	0	0	0	0	0	0	0	0	0	0	0	0	0	0	0	0	0	0	0	0	0	0	0	0	0	173	134	68	143	100	74	135	90	51	119	108	122	45	86	74	128	151	53	133	72	180	74	187	192	195	167	174	51	138	141	116	106	123	171	143	111	171	143	131	152	86	71	44	104	149	113	36	172	81	127	172
0	0	0	0	0	0	0	0	0	0	0	0	0	0	0	0	0	0	0	0	0	0	0	0	0	0	0	0	0	0	0	0	0	0	0	0	0	0	0	0	0	0	0	0	0	0	0	0	0	0	0	0	0	0	0	0	0	0	0	0	0	0	0	0	0	0	0	0	0	0	0	0	0	0	0	0	0	0	106	97	176	70	54	100	53	49	67	102	58	125	78	138	182	112	183	86	130	122	24	73	180	180	166	120	102	81	187	38	131	172	90	70	173	150	121	34	153	59	175	117	143	52	129	124	62	155	56	112
0	0	0	0	0	0	0	0	0	0	0	0	0	0	0	0	0	0	0	0	0	0	0	0	0	0	0	0	0	0	0	0	0	0	0	0	0	0	0	0	0	0	0	0	0	0	0	0	0	0	0	0	0	0	0	0	0	0	0	0	0	0	0	0	0	0	0	0	0	0	0	0	0	0	0	0	0	0	0	149	26	145	154	70	55	99	194	108	78	113	53	124	162	116	48	95	140	156	40	98	70	180	61	111	176	78	87	181	131	82	129	65	147	114	93	139	40	164	100	144	84	149	42	161	137	72	129	114
0	0	0	0	0	0	0	0	0	0	0	0	0	0	0	0	0	0	0	0	0	0	0	0	0	0	0	0	0	0	0	0	0	0	0	0	0	0	0	0	0	0	0	0	0	0	0	0	0	0	0	0	0	0	0	0	0	0	0	0	0	0	0	0	0	0	0	0	0	0	0	0	0	0	0	0	0	0	0	0	119	184	25	132	111	98	21	186	140	57	165	71	37	85	147	179	66	171	162	99	51	79	191	17	141	77	145	101	110	126	49	188	128	71	137	144	105	29	90	129	173	147	41	159	72	95	113	79
0	0	0	0	0	0	0	0	0	0	0	0	0	0	0	0	0	0	0	0	0	0	0	0	0	0	0	0	0	0	0	0	0	0	0	0	0	0	0	0	0	0	0	0	0	0	0	0	0	0	0	0	0	0	0	0	0	0	0	0	0	0	0	0	0	0	0	0	0	0	0	0	0	0	0	0	0	0	0	0	0	93	144	109	126	171	19	92	55	182	88	51	37	158	128	183	175	161	172	38	35	160	50	154	83	104	79	146	20	140	93	100	85	134	96	26	29	98	165	58	162	176	64	108	34	85	102	96
0	0	0	0	0	0	0	0	0	0	0	0	0	0	0	0	0	0	0	0	0	0	0	0	0	0	0	0	0	0	0	0	0	0	0	0	0	0	0	0	0	0	0	0	0	0	0	0	0	0	0	0	0	0	0	0	0	0	0	0	0	0	0	0	0	0	0	0	0	0	0	0	0	0	0	0	0	0	0	0	0	0	83	53	132	160	70	54	81	89	66	52	143	71	91	66	62	123	50	152	78	119	141	116	107	49	76	102	150	31	42	41	153	76	37	149	54	186	138	125	166	50	84	82	72	76	18	122
0	0	0	0	0	0	0	0	0	0	0	0	0	0	0	0	0	0	0	0	0	0	0	0	0	0	0	0	0	0	0	0	0	0	0	0	0	0	0	0	0	0	0	0	0	0	0	0	0	0	0	0	0	0	0	0	0	0	0	0	0	0	0	0	0	0	0	0	0	0	0	0	0	0	0	0	0	0	0	0	0	0	0	107	96	156	104	186	143	110	63	130	32	96	142	13	141	81	119	120	105	127	27	83	163	122	51	150	63	117	109	153	123	146	65	182	101	85	24	103	126	45	67	164	160	121	146	117
0	0	0	0	0	0	0	0	0	0	0	0	0	0	0	0	0	0	0	0	0	0	0	0	0	0	0	0	0	0	0	0	0	0	0	0	0	0	0	0	0	0	0	0	0	0	0	0	0	0	0	0	0	0	0	0	0	0	0	0	0	0	0	0	0	0	0	0	0	0	0	0	0	0	0	0	0	0	0	0	0	0	0	0	79	117	3	166	198	140	166	118	40	140	89	163	67	86	50	106	191	173	73	60	138	104	59	118	187	126	94	53	183	51	144	122	19	159	184	162	131	181	31	93	130	197	94	170
0	0	0	0	0	0	0	0	0	0	0	0	0	0	0	0	0	0	0	0	0	0	0	0	0	0	0	0	0	0	0	0	0	0	0	0	0	0	0	0	0	0	0	0	0	0	0	0	0	0	0	0	0	0	0	0	0	0	0	0	0	0	0	0	0	0	0	0	0	0	0	0	0	0	0	0	0	0	0	0	0	0	0	0	0	163	34	68	89	112	39	75	128	46	47	63	75	175	105	76	159	85	113	48	71	106	138	56	99	76	116	189	155	109	144	58	95	149	171	176	54	182	132	142	106	61	136	114
0	0	0	0	0	0	0	0	0	0	0	0	0	0	0	0	0	0	0	0	0	0	0	0	0	0	0	0	0	0	0	0	0	0	0	0	0	0	0	0	0	0	0	0	0	0	0	0	0	0	0	0	0	0	0	0	0	0	0	0	0	0	0	0	0	0	0	0	0	0	0	0	0	0	0	0	0	0	0	0	0	0	0	0	0	0	74	107	112	34	111	41	169	40	184	70	99	97	121	147	90	105	125	85	59	92	104	78	77	93	42	137	202	185	113	43	139	125	86	72	185	103	142	110	114	61	31	43
0	0	0	0	0	0	0	0	0	0	0	0	0	0	0	0	0	0	0	0	0	0	0	0	0	0	0	0	0	0	0	0	0	0	0	0	0	0	0	0	0	0	0	0	0	0	0	0	0	0	0	0	0	0	0	0	0	0	0	0	0	0	0	0	0	0	0	0	0	0	0	0	0	0	0	0	0	0	0	0	0	0	0	0	0	0	0	98	58	125	137	154	99	83	58	79	77	69	76	127	93	112	93	60	101	126	193	136	91	90	114	123	183	67	137	62	112	109	51	105	118	123	89	119	27	87	64	100
0	0	0	0	0	0	0	0	0	0	0	0	0	0	0	0	0	0	0	0	0	0	0	0	0	0	0	0	0	0	0	0	0	0	0	0	0	0	0	0	0	0	0	0	0	0	0	0	0	0	0	0	0	0	0	0	0	0	0	0	0	0	0	0	0	0	0	0	0	0	0	0	0	0	0	0	0	0	0	0	0	0	0	0	0	0	0	0	180	176	139	35	144	52	107	48	55	125	160	125	73	68	68	142	115	175	119	120	96	81	160	180	91	95	122	186	69	72	15	154	90	61	133	157	106	144	76	76
0	0	0	0	0	0	0	0	0	0	0	0	0	0	0	0	0	0	0	0	0	0	0	0	0	0	0	0	0	0	0	0	0	0	0	0	0	0	0	0	0	0	0	0	0	0	0	0	0	0	0	0	0	0	0	0	0	0	0	0	0	0	0	0	0	0	0	0	0	0	0	0	0	0	0	0	0	0	0	0	0	0	0	0	0	0	0	0	0	126	127	99	94	92	93	50	77	128	43	151	53	157	67	137	86	102	6	101	123	169	104	130	52	104	168	122	213	27	110	101	139	59	102	5	47	142	134	106
0	0	0	0	0	0	0	0	0	0	0	0	0	0	0	0	0	0	0	0	0	0	0	0	0	0	0	0	0	0	0	0	0	0	0	0	0	0	0	0	0	0	0	0	0	0	0	0	0	0	0	0	0	0	0	0	0	0	0	0	0	0	0	0	0	0	0	0	0	0	0	0	0	0	0	0	0	0	0	0	0	0	0	0	0	0	0	0	0	0	43	82	112	171	157	140	97	72	167	77	135	191	147	94	184	105	77	194	13	166	42	56	174	19	48	145	115	113	107	85	28	118	139	111	92	146	66	23
0	0	0	0	0	0	0	0	0	0	0	0	0	0	0	0	0	0	0	0	0	0	0	0	0	0	0	0	0	0	0	0	0	0	0	0	0	0	0	0	0	0	0	0	0	0	0	0	0	0	0	0	0	0	0	0	0	0	0	0	0	0	0	0	0	0	0	0	0	0	0	0	0	0	0	0	0	0	0	0	0	0	0	0	0	0	0	0	0	0	0	58	200	67	101	89	140	206	197	46	51	109	59	65	72	126	129	78	32	99	175	190	126	136	68	202	102	116	174	142	146	80	82	155	31	92	69	173
0	0	0	0	0	0	0	0	0	0	0	0	0	0	0	0	0	0	0	0	0	0	0	0	0	0	0	0	0	0	0	0	0	0	0	0	0	0	0	0	0	0	0	0	0	0	0	0	0	0	0	0	0	0	0	0	0	0	0	0	0	0	0	0	0	0	0	0	0	0	0	0	0	0	0	0	0	0	0	0	0	0	0	0	0	0	0	0	0	0	0	0	55	123	188	32	68	119	78	143	15	86	181	126	117	135	158	45	80	100	72	131	133	128	90	84	85	112	113	167	105	143	196	89	52	86	25	141
0	0	0	0	0	0	0	0	0	0	0	0	0	0	0	0	0	0	0	0	0	0	0	0	0	0	0	0	0	0	0	0	0	0	0	0	0	0	0	0	0	0	0	0	0	0	0	0	0	0	0	0	0	0	0	0	0	0	0	0	0	0	0	0	0	0	0	0	0	0	0	0	0	0	0	0	0	0	0	0	0	0	0	0	0	0	0	0	0	0	0	0	0	164	180	115	149	100	174	35	99	37	59	17	165	187	132	177	191	143	60	135	107	65	134	125	121	30	45	56	129	193	97	160	108	146	82	157
0	0	0	0	0	0	0	0	0	0	0	0	0	0	0	0	0	0	0	0	0	0	0	0	0	0	0	0	0	0	0	0	0	0	0	0	0	0	0	0	0	0	0	0	0	0	0	0	0	0	0	0	0	0	0	0	0	0	0	0	0	0	0	0	0	0	0	0	0	0	0	0	0	0	0	0	0	0	0	0	0	0	0	0	0	0	0	0	0	0	0	0	0	0	184	166	71	127	148	91	175	138	162	88	151	156	80	28	66	163	123	166	48	200	33	41	144	130	43	29	72	101	53	101	58	25	122	86
0	0	0	0	0	0	0	0	0	0	0	0	0	0	0	0	0	0	0	0	0	0	0	0	0	0	0	0	0	0	0	0	0	0	0	0	0	0	0	0	0	0	0	0	0	0	0	0	0	0	0	0	0	0	0	0	0	0	0	0	0	0	0	0	0	0	0	0	0	0	0	0	0	0	0	0	0	0	0	0	0	0	0	0	0	0	0	0	0	0	0	0	0	0	0	115	177	71	98	105	105	147	157	179	71	195	67	54	113	29	134	71	122	191	62	76	143	175	74	42	99	142	99	21	103	131	65	158
0	0	0	0	0	0	0	0	0	0	0	0	0	0	0	0	0	0	0	0	0	0	0	0	0	0	0	0	0	0	0	0	0	0	0	0	0	0	0	0	0	0	0	0	0	0	0	0	0	0	0	0	0	0	0	0	0	0	0	0	0	0	0	0	0	0	0	0	0	0	0	0	0	0	0	0	0	0	0	0	0	0	0	0	0	0	0	0	0	0	0	0	0	0	0	0	77	144	140	71	150	18	174	200	113	118	182	95	122	129	70	128	147	151	133	53	134	188	115	90	7	102	30	177	135	85	96	118
0	0	0	0	0	0	0	0	0	0	0	0	0	0	0	0	0	0	0	0	0	0	0	0	0	0	0	0	0	0	0	0	0	0	0	0	0	0	0	0	0	0	0	0	0	0	0	0	0	0	0	0	0	0	0	0	0	0	0	0	0	0	0	0	0	0	0	0	0	0	0	0	0	0	0	0	0	0	0	0	0	0	0	0	0	0	0	0	0	0	0	0	0	0	0	0	0	72	127	54	135	106	161	187	89	84	108	173	108	95	131	150	71	158	73	132	120	105	151	88	80	147	184	14	15	78	141	146
0	0	0	0	0	0	0	0	0	0	0	0	0	0	0	0	0	0	0	0	0	0	0	0	0	0	0	0	0	0	0	0	0	0	0	0	0	0	0	0	0	0	0	0	0	0	0	0	0	0	0	0	0	0	0	0	0	0	0	0	0	0	0	0	0	0	0	0	0	0	0	0	0	0	0	0	0	0	0	0	0	0	0	0	0	0	0	0	0	0	0	0	0	0	0	0	0	0	26	168	111	143	131	167	159	117	131	125	90	188	78	102	147	100	108	67	85	106	136	212	89	186	138	71	67	70	57	11
0	0	0	0	0	0	0	0	0	0	0	0	0	0	0	0	0	0	0	0	0	0	0	0	0	0	0	0	0	0	0	0	0	0	0	0	0	0	0	0	0	0	0	0	0	0	0	0	0	0	0	0	0	0	0	0	0	0	0	0	0	0	0	0	0	0	0	0	0	0	0	0	0	0	0	0	0	0	0	0	0	0	0	0	0	0	0	0	0	0	0	0	0	0	0	0	0	0	0	44	117	116	147	77	161	125	104	100	147	163	82	173	66	146	104	92	119	96	91	145	39	57	207	83	133	78	91	98
0	0	0	0	0	0	0	0	0	0	0	0	0	0	0	0	0	0	0	0	0	0	0	0	0	0	0	0	0	0	0	0	0	0	0	0	0	0	0	0	0	0	0	0	0	0	0	0	0	0	0	0	0	0	0	0	0	0	0	0	0	0	0	0	0	0	0	0	0	0	0	0	0	0	0	0	0	0	0	0	0	0	0	0	0	0	0	0	0	0	0	0	0	0	0	0	0	0	0	0	83	167	147	169	156	135	152	66	39	82	50	140	31	66	85	200	133	69	131	103	181	175	153	132	132	127	76	102
0	0	0	0	0	0	0	0	0	0	0	0	0	0	0	0	0	0	0	0	0	0	0	0	0	0	0	0	0	0	0	0	0	0	0	0	0	0	0	0	0	0	0	0	0	0	0	0	0	0	0	0	0	0	0	0	0	0	0	0	0	0	0	0	0	0	0	0	0	0	0	0	0	0	0	0	0	0	0	0	0	0	0	0	0	0	0	0	0	0	0	0	0	0	0	0	0	0	0	0	0	92	152	97	164	58	82	98	164	181	19	47	135	181	46	146	172	156	57	114	27	112	30	190	28	119	119	163
0	0	0	0	0	0	0	0	0	0	0	0	0	0	0	0	0	0	0	0	0	0	0	0	0	0	0	0	0	0	0	0	0	0	0	0	0	0	0	0	0	0	0	0	0	0	0	0	0	0	0	0	0	0	0	0	0	0	0	0	0	0	0	0	0	0	0	0	0	0	0	0	0	0	0	0	0	0	0	0	0	0	0	0	0	0	0	0	0	0	0	0	0	0	0	0	0	0	0	0	0	0	107	160	72	151	136	153	54	82	55	100	79	127	92	97	115	77	70	15	128	55	59	167	128	97	136	192
0	0	0	0	0	0	0	0	0	0	0	0	0	0	0	0	0	0	0	0	0	0	0	0	0	0	0	0	0	0	0	0	0	0	0	0	0	0	0	0	0	0	0	0	0	0	0	0	0	0	0	0	0	0	0	0	0	0	0	0	0	0	0	0	0	0	0	0	0	0	0	0	0	0	0	0	0	0	0	0	0	0	0	0	0	0	0	0	0	0	0	0	0	0	0	0	0	0	0	0	0	0	0	154	220	114	103	134	167	99	61	83	166	199	180	93	148	82	123	144	22	154	122	148	136	105	69	115
0	0	0	0	0	0	0	0	0	0	0	0	0	0	0	0	0	0	0	0	0	0	0	0	0	0	0	0	0	0	0	0	0	0	0	0	0	0	0	0	0	0	0	0	0	0	0	0	0	0	0	0	0	0	0	0	0	0	0	0	0	0	0	0	0	0	0	0	0	0	0	0	0	0	0	0	0	0	0	0	0	0	0	0	0	0	0	0	0	0	0	0	0	0	0	0	0	0	0	0	0	0	0	0	75	121	108	154	134	48	204	181	117	118	62	137	62	81	29	79	146	170	97	190	91	58	86	180
0	0	0	0	0	0	0	0	0	0	0	0	0	0	0	0	0	0	0	0	0	0	0	0	0	0	0	0	0	0	0	0	0	0	0	0	0	0	0	0	0	0	0	0	0	0	0	0	0	0	0	0	0	0	0	0	0	0	0	0	0	0	0	0	0	0	0	0	0	0	0	0	0	0	0	0	0	0	0	0	0	0	0	0	0	0	0	0	0	0	0	0	0	0	0	0	0	0	0	0	0	0	0	0	0	170	145	194	128	142	108	149	67	22	104	104	112	69	111	229	66	91	184	117	52	125	135	157
0	0	0	0	0	0	0	0	0	0	0	0	0	0	0	0	0	0	0	0	0	0	0	0	0	0	0	0	0	0	0	0	0	0	0	0	0	0	0	0	0	0	0	0	0	0	0	0	0	0	0	0	0	0	0	0	0	0	0	0	0	0	0	0	0	0	0	0	0	0	0	0	0	0	0	0	0	0	0	0	0	0	0	0	0	0	0	0	0	0	0	0	0	0	0	0	0	0	0	0	0	0	0	0	0	0	139	202	78	126	65	38	102	97	119	178	48	108	114	154	92	110	103	172	65	62	105	56
0	0	0	0	0	0	0	0	0	0	0	0	0	0	0	0	0	0	0	0	0	0	0	0	0	0	0	0	0	0	0	0	0	0	0	0	0	0	0	0	0	0	0	0	0	0	0	0	0	0	0	0	0	0	0	0	0	0	0	0	0	0	0	0	0	0	0	0	0	0	0	0	0	0	0	0	0	0	0	0	0	0	0	0	0	0	0	0	0	0	0	0	0	0	0	0	0	0	0	0	0	0	0	0	0	0	0	152	129	134	221	136	147	153	136	124	84	59	32	115	67	133	97	43	196	28	120	164
0	0	0	0	0	0	0	0	0	0	0	0	0	0	0	0	0	0	0	0	0	0	0	0	0	0	0	0	0	0	0	0	0	0	0	0	0	0	0	0	0	0	0	0	0	0	0	0	0	0	0	0	0	0	0	0	0	0	0	0	0	0	0	0	0	0	0	0	0	0	0	0	0	0	0	0	0	0	0	0	0	0	0	0	0	0	0	0	0	0	0	0	0	0	0	0	0	0	0	0	0	0	0	0	0	0	0	0	182	47	121	124	140	178	142	150	145	139	148	207	221	68	57	30	24	49	149	95
0	0	0	0	0	0	0	0	0	0	0	0	0	0	0	0	0	0	0	0	0	0	0	0	0	0	0	0	0	0	0	0	0	0	0	0	0	0	0	0	0	0	0	0	0	0	0	0	0	0	0	0	0	0	0	0	0	0	0	0	0	0	0	0	0	0	0	0	0	0	0	0	0	0	0	0	0	0	0	0	0	0	0	0	0	0	0	0	0	0	0	0	0	0	0	0	0	0	0	0	0	0	0	0	0	0	0	0	0	108	144	37	189	59	137	135	60	134	135	141	59	108	22	127	144	132	166	208
0	0	0	0	0	0	0	0	0	0	0	0	0	0	0	0	0	0	0	0	0	0	0	0	0	0	0	0	0	0	0	0	0	0	0	0	0	0	0	0	0	0	0	0	0	0	0	0	0	0	0	0	0	0	0	0	0	0	0	0	0	0	0	0	0	0	0	0	0	0	0	0	0	0	0	0	0	0	0	0	0	0	0	0	0	0	0	0	0	0	0	0	0	0	0	0	0	0	0	0	0	0	0	0	0	0	0	0	0	0	98	156	136	59	176	93	140	185	23	128	8	95	155	62	192	70	70	164
0	0	0	0	0	0	0	0	0	0	0	0	0	0	0	0	0	0	0	0	0	0	0	0	0	0	0	0	0	0	0	0	0	0	0	0	0	0	0	0	0	0	0	0	0	0	0	0	0	0	0	0	0	0	0	0	0	0	0	0	0	0	0	0	0	0	0	0	0	0	0	0	0	0	0	0	0	0	0	0	0	0	0	0	0	0	0	0	0	0	0	0	0	0	0	0	0	0	0	0	0	0	0	0	0	0	0	0	0	0	0	179	170	144	219	222	91	53	189	122	146	178	86	64	38	51	73	196
0	0	0	0	0	0	0	0	0	0	0	0	0	0	0	0	0	0	0	0	0	0	0	0	0	0	0	0	0	0	0	0	0	0	0	0	0	0	0	0	0	0	0	0	0	0	0	0	0	0	0	0	0	0	0	0	0	0	0	0	0	0	0	0	0	0	0	0	0	0	0	0	0	0	0	0	0	0	0	0	0	0	0	0	0	0	0	0	0	0	0	0	0	0	0	0	0	0	0	0	0	0	0	0	0	0	0	0	0	0	0	0	34	167	106	150	110	92	38	105	161	159	123	153	145	159	106	169
0	0	0	0	0	0	0	0	0	0	0	0	0	0	0	0	0	0	0	0	0	0	0	0	0	0	0	0	0	0	0	0	0	0	0	0	0	0	0	0	0	0	0	0	0	0	0	0	0	0	0	0	0	0	0	0	0	0	0	0	0	0	0	0	0	0	0	0	0	0	0	0	0	0	0	0	0	0	0	0	0	0	0	0	0	0	0	0	0	0	0	0	0	0	0	0	0	0	0	0	0	0	0	0	0	0	0	0	0	0	0	0	0	108	216	160	92	163	184	85	142	143	125	119	109	163	170	30
0	0	0	0	0	0	0	0	0	0	0	0	0	0	0	0	0	0	0	0	0	0	0	0	0	0	0	0	0	0	0	0	0	0	0	0	0	0	0	0	0	0	0	0	0	0	0	0	0	0	0	0	0	0	0	0	0	0	0	0	0	0	0	0	0	0	0	0	0	0	0	0	0	0	0	0	0	0	0	0	0	0	0	0	0	0	0	0	0	0	0	0	0	0	0	0	0	0	0	0	0	0	0	0	0	0	0	0	0	0	0	0	0	0	139	104	126	193	151	120	128	198	76	98	158	121	117	93
0	0	0	0	0	0	0	0	0	0	0	0	0	0	0	0	0	0	0	0	0	0	0	0	0	0	0	0	0	0	0	0	0	0	0	0	0	0	0	0	0	0	0	0	0	0	0	0	0	0	0	0	0	0	0	0	0	0	0	0	0	0	0	0	0	0	0	0	0	0	0	0	0	0	0	0	0	0	0	0	0	0	0	0	0	0	0	0	0	0	0	0	0	0	0	0	0	0	0	0	0	0	0	0	0	0	0	0	0	0	0	0	0	0	0	105	190	83	204	186	99	111	154	189	69	147	212	219
0	0	0	0	0	0	0	0	0	0	0	0	0	0	0	0	0	0	0	0	0	0	0	0	0	0	0	0	0	0	0	0	0	0	0	0	0	0	0	0	0	0	0	0	0	0	0	0	0	0	0	0	0	0	0	0	0	0	0	0	0	0	0	0	0	0	0	0	0	0	0	0	0	0	0	0	0	0	0	0	0	0	0	0	0	0	0	0	0	0	0	0	0	0	0	0	0	0	0	0	0	0	0	0	0	0	0	0	0	0	0	0	0	0	0	0	146	192	210	213	174	62	114	70	55	149	109	140
0	0	0	0	0	0	0	0	0	0	0	0	0	0	0	0	0	0	0	0	0	0	0	0	0	0	0	0	0	0	0	0	0	0	0	0	0	0	0	0	0	0	0	0	0	0	0	0	0	0	0	0	0	0	0	0	0	0	0	0	0	0	0	0	0	0	0	0	0	0	0	0	0	0	0	0	0	0	0	0	0	0	0	0	0	0	0	0	0	0	0	0	0	0	0	0	0	0	0	0	0	0	0	0	0	0	0	0	0	0	0	0	0	0	0	0	0	165	110	75	28	121	154	75	48	78	146	234
0	0	0	0	0	0	0	0	0	0	0	0	0	0	0	0	0	0	0	0	0	0	0	0	0	0	0	0	0	0	0	0	0	0	0	0	0	0	0	0	0	0	0	0	0	0	0	0	0	0	0	0	0	0	0	0	0	0	0	0	0	0	0	0	0	0	0	0	0	0	0	0	0	0	0	0	0	0	0	0	0	0	0	0	0	0	0	0	0	0	0	0	0	0	0	0	0	0	0	0	0	0	0	0	0	0	0	0	0	0	0	0	0	0	0	0	0	0	87	129	131	200	17	111	116	130	167	49
0	0	0	0	0	0	0	0	0	0	0	0	0	0	0	0	0	0	0	0	0	0	0	0	0	0	0	0	0	0	0	0	0	0	0	0	0	0	0	0	0	0	0	0	0	0	0	0	0	0	0	0	0	0	0	0	0	0	0	0	0	0	0	0	0	0	0	0	0	0	0	0	0	0	0	0	0	0	0	0	0	0	0	0	0	0	0	0	0	0	0	0	0	0	0	0	0	0	0	0	0	0	0	0	0	0	0	0	0	0	0	0	0	0	0	0	0	0	0	126	97	91	32	87	136	187	182	182
0	0	0	0	0	0	0	0	0	0	0	0	0	0	0	0	0	0	0	0	0	0	0	0	0	0	0	0	0	0	0	0	0	0	0	0	0	0	0	0	0	0	0	0	0	0	0	0	0	0	0	0	0	0	0	0	0	0	0	0	0	0	0	0	0	0	0	0	0	0	0	0	0	0	0	0	0	0	0	0	0	0	0	0	0	0	0	0	0	0	0	0	0	0	0	0	0	0	0	0	0	0	0	0	0	0	0	0	0	0	0	0	0	0	0	0	0	0	0	0	153	136	24	166	126	155	189	131
0	0	0	0	0	0	0	0	0	0	0	0	0	0	0	0	0	0	0	0	0	0	0	0	0	0	0	0	0	0	0	0	0	0	0	0	0	0	0	0	0	0	0	0	0	0	0	0	0	0	0	0	0	0	0	0	0	0	0	0	0	0	0	0	0	0	0	0	0	0	0	0	0	0	0	0	0	0	0	0	0	0	0	0	0	0	0	0	0	0	0	0	0	0	0	0	0	0	0	0	0	0	0	0	0	0	0	0	0	0	0	0	0	0	0	0	0	0	0	0	0	81	84	100	144	135	173	66
0	0	0	0	0	0	0	0	0	0	0	0	0	0	0	0	0	0	0	0	0	0	0	0	0	0	0	0	0	0	0	0	0	0	0	0	0	0	0	0	0	0	0	0	0	0	0	0	0	0	0	0	0	0	0	0	0	0	0	0	0	0	0	0	0	0	0	0	0	0	0	0	0	0	0	0	0	0	0	0	0	0	0	0	0	0	0	0	0	0	0	0	0	0	0	0	0	0	0	0	0	0	0	0	0	0	0	0	0	0	0	0	0	0	0	0	0	0	0	0	0	0	111	129	191	183	61	132
0	0	0	0	0	0	0	0	0	0	0	0	0	0	0	0	0	0	0	0	0	0	0	0	0	0	0	0	0	0	0	0	0	0	0	0	0	0	0	0	0	0	0	0	0	0	0	0	0	0	0	0	0	0	0	0	0	0	0	0	0	0	0	0	0	0	0	0	0	0	0	0	0	0	0	0	0	0	0	0	0	0	0	0	0	0	0	0	0	0	0	0	0	0	0	0	0	0	0	0	0	0	0	0	0	0	0	0	0	0	0	0	0	0	0	0	0	0	0	0	0	0	0	148	134	69	172	150
0	0	0	0	0	0	0	0	0	0	0	0	0	0	0	0	0	0	0	0	0	0	0	0	0	0	0	0	0	0	0	0	0	0	0	0	0	0	0	0	0	0	0	0	0	0	0	0	0	0	0	0	0	0	0	0	0	0	0	0	0	0	0	0	0	0	0	0	0	0	0	0	0	0	0	0	0	0	0	0	0	0	0	0	0	0	0	0	0	0	0	0	0	0	0	0	0	0	0	0	0	0	0	0	0	0	0	0	0	0	0	0	0	0	0	0	0	0	0	0	0	0	0	0	94	32	52	102
0	0	0	0	0	0	0	0	0	0	0	0	0	0	0	0	0	0	0	0	0	0	0	0	0	0	0	0	0	0	0	0	0	0	0	0	0	0	0	0	0	0	0	0	0	0	0	0	0	0	0	0	0	0	0	0	0	0	0	0	0	0	0	0	0	0	0	0	0	0	0	0	0	0	0	0	0	0	0	0	0	0	0	0	0	0	0	0	0	0	0	0	0	0	0	0	0	0	0	0	0	0	0	0	0	0	0	0	0	0	0	0	0	0	0	0	0	0	0	0	0	0	0	0	0	85	117	148
0	0	0	0	0	0	0	0	0	0	0	0	0	0	0	0	0	0	0	0	0	0	0	0	0	0	0	0	0	0	0	0	0	0	0	0	0	0	0	0	0	0	0	0	0	0	0	0	0	0	0	0	0	0	0	0	0	0	0	0	0	0	0	0	0	0	0	0	0	0	0	0	0	0	0	0	0	0	0	0	0	0	0	0	0	0	0	0	0	0	0	0	0	0	0	0	0	0	0	0	0	0	0	0	0	0	0	0	0	0	0	0	0	0	0	0	0	0	0	0	0	0	0	0	0	0	142	135
0	0	0	0	0	0	0	0	0	0	0	0	0	0	0	0	0	0	0	0	0	0	0	0	0	0	0	0	0	0	0	0	0	0	0	0	0	0	0	0	0	0	0	0	0	0	0	0	0	0	0	0	0	0	0	0	0	0	0	0	0	0	0	0	0	0	0	0	0	0	0	0	0	0	0	0	0	0	0	0	0	0	0	0	0	0	0	0	0	0	0	0	0	0	0	0	0	0	0	0	0	0	0	0	0	0	0	0	0	0	0	0	0	0	0	0	0	0	0	0	0	0	0	0	0	0	0	111
0	0	0	0	0	0	0	0	0	0	0	0	0	0	0	0	0	0	0	0	0	0	0	0	0	0	0	0	0	0	0	0	0	0	0	0	0	0	0	0	0	0	0	0	0	0	0	0	0	0	0	0	0	0	0	0	0	0	0	0	0	0	0	0	0	0	0	0	0	0	0	0	0	0	0	0	0	0	0	0	0	0	0	0	0	0	0	0	0	0	0	0	0	0	0	0	0	0	0	0	0	0	0	0	0	0	0	0	0	0	0	0	0	0	0	0	0	0	0	0	0	0	0	0	0	0	0	0