0	65	22	120	38	11	36	25	19	11	77	91	122	46	119	102	76	72	95	86	126	24	89	50	129	32	24	116	104	65	73	79	108	98	12	109	79	44	77	36	48	114	121	13	76	114	41	14	104	24	27	51	44	62	118	129	8	114	57	124	98	36	91	101	120	89	70	51	104	107	84	82	4	47	119	65	70	63	47	94	60	107	97	92	129	88	50	36	81	46	112	43	26	115	100	52	74	5	31	21	79	42	46	74	109	20	102	18	103	114	71	101	112	97	93	51	83	121	65	93	116	105	72	73	100	52	36	55
0	0	21	32	106	66	60	46	96	38	103	104	82	50	122	126	7	41	54	42	105	125	56	8	4	60	75	84	47	113	119	115	73	15	44	112	42	81	123	111	79	101	73	17	64	44	29	56	69	74	113	102	81	80	110	104	85	99	117	68	13	59	28	11	85	85	88	115	25	54	35	120	57	97	75	68	111	59	111	70	95	30	55	43	97	49	88	44	68	25	33	106	23	18	68	86	119	101	57	61	72	16	121	13	117	90	41	115	80	126	40	90	35	62	43	52	111	28	46	40	95	92	98	63	81	74	14	29
0	0	0	70	33	128	36	102	75	80	48	91	39	18	100	104	21	109	58	66	73	84	130	114	129	128	105	57	73	16	88	16	38	3	99	104	79	83	112	26	7	99	124	61	48	25	112	36	57	86	120	64	54	15	107	97	58	19	11	116	127	57	70	56	103	114	8	115	43	119	7	92	40	56	99	100	12	115	84	25	92	68	29	81	22	37	104	49	73	7	71	14	70	4	8	98	122	31	54	95	34	52	128	127	53	113	23	58	126	89	51	26	31	87	77	84	12	9	54	55	128	33	90	13	31	30	129	59
0	0	0	0	95	13	117	98	31	39	13	63	60	21	130	53	75	65	15	92	98	92	99	14	79	28	20	125	127	59	124	7	114	63	10	111	75	124	75	112	56	77	115	73	89	55	108	128	121	111	87	54	53	50	105	66	9	118	112	116	58	21	126	77	107	77	116	39	54	23	109	16	39	38	127	95	128	45	49	77	128	70	56	124	105	113	13	117	73	16	108	86	119	29	61	120	23	43	39	4	102	41	57	59	84	88	4	77	58	110	4	65	15	103	44	126	115	124	52	48	118	102	74	50	78	33	11	77
0	0	0	0	0	125	47	32	120	131	19	67	93	70	89	79	22	76	85	98	110	90	130	16	13	31	54	19	63	4	62	91	114	45	102	110	85	9	77	63	118	34	45	130	113	64	93	115	121	6	98	131	40	110	83	114	27	127	11	71	51	14	51	92	89	33	111	82	5	85	98	19	4	129	5	112	107	11	133	62	85	41	126	40	25	34	21	24	74	88	125	2	27	30	113	108	116	62	33	22	17	43	71	29	42	31	109	30	11	69	83	90	32	83	57	31	95	23	60	91	82	122	91	55	34	29	107	130
0	0	0	0	0	0	18	105	14	82	82	87	115	52	24	42	60	8	126	97	100	69	103	65	84	92	58	65	88	112	23	47	12	15	95	38	83	40	121	109	100	24	41	37	14	110	17	80	25	53	70	127	108	51	21	99	97	120	22	120	64	87	72	68	99	109	87	53	75	73	52	10	70	39	55	51	73	52	35	83	28	108	15	99	23	44	35	40	29	3	89	27	92	97	86	81	108	87	94	82	28	121	126	46	30	18	3	86	129	93	14	28	105	29	23	30	103	48	117	43	29	81	24	47	83	104	98	67
0	0	0	0	0	0	0	59	129	43	53	60	21	54	62	37	43	88	15	91	28	11	57	128	9	117	51	6	89	125	64	115	52	9	32	75	98	91	96	80	43	50	64	107	47	134	88	6	106	110	57	96	20	128	63	53	37	27	49	47	18	71	74	69	106	43	91	19	122	10	68	52	112	9	67	44	57	39	33	107	38	47	75	17	89	45	83	81	11	90	33	29	31	116	129	75	107	18	22	7	98	44	40	15	111	35	6	116	90	90	110	14	61	70	116	23	11	30	65	43	65	107	37	74	25	62	104	131
0	0	0	0	0	0	0	0	97	9	20	109	14	59	9	9	132	75	18	135	78	59	48	114	41	116	129	56	127	40	91	25	77	96	128	17	27	38	82	106	14	62	131	62	126	123	69	47	124	9	15	87	125	10	131	82	115	71	117	66	98	103	98	39	6	94	2	113	48	16	70	50	125	128	99	94	16	83	130	114	43	70	126	56	21	95	86	10	104	59	50	80	8	120	75	10	6	10	20	110	40	92	115	31	131	115	15	82	65	86	88	43	80	10	81	13	90	95	110	82	66	109	14	73	31	69	24	130
0	0	0	0	0	0	0	0	0	34	51	123	36	108	130	80	50	56	113	78	68	100	121	59	46	46	37	84	32	35	74	43	48	63	58	112	34	99	13	11	55	43	110	124	41	110	112	56	6	79	107	134	61	49	71	32	49	20	31	16	106	63	9	120	122	53	124	114	43	115	113	110	116	10	35	118	119	10	34	55	126	72	17	119	122	21	20	91	31	51	15	28	81	93	107	107	108	82	60	122	101	115	72	17	112	23	135	42	131	74	77	79	56	101	118	95	34	30	89	119	117	32	129	107	28	42	11	93
0	0	0	0	0	0	0	0	0	0	68	64	83	86	86	94	18	31	70	15	69	27	31	114	78	68	120	47	80	32	83	40	82	59	38	30	24	79	73	51	89	17	65	29	58	30	86	122	67	82	129	89	48	18	16	26	60	89	127	52	64	51	33	63	99	31	102	14	39	100	57	60	72	113	30	118	100	121	99	33	47	102	104	101	120	113	131	28	116	46	92	117	26	109	125	112	108	68	9	47	78	23	122	95	78	130	113	93	61	125	67	122	7	71	26	46	94	110	109	111	9	48	90	50	51	98	60	97
0	0	0	0	0	0	0	0	0	0	0	23	58	4	12	66	80	33	81	61	79	43	55	96	79	93	7	78	5	28	21	58	49	4	129	53	137	33	107	60	136	117	33	125	76	78	72	40	54	86	110	59	79	69	49	24	60	74	48	99	70	67	29	40	20	111	85	68	125	91	97	33	19	119	48	92	43	83	21	35	90	76	80	23	41	123	122	56	33	79	82	54	84	66	47	115	29	102	9	14	88	9	36	81	14	128	110	53	47	92	121	126	38	46	44	94	126	84	123	95	105	54	15	72	56	46	124	63
0	0	0	0	0	0	0	0	0	0	0	0	34	19	107	97	30	24	35	109	90	114	62	103	16	46	39	102	43	15	80	83	31	94	21	92	125	86	35	81	120	67	64	54	135	17	119	37	113	118	100	43	29	116	121	51	118	99	15	40	79	18	97	110	15	103	9	52	108	84	48	29	59	107	78	130	33	82	73	15	98	108	108	72	49	81	122	106	11	9	18	63	69	29	82	104	62	8	127	30	52	111	96	10	111	107	74	80	86	117	33	69	61	32	69	128	90	100	76	58	12	103	23	117	11	9	17	76
0	0	0	0	0	0	0	0	0	0	0	0	0	50	57	41	40	24	61	120	84	11	123	102	43	48	99	97	17	80	28	121	127	107	44	89	40	79	44	31	129	102	66	34	34	104	115	38	19	57	44	71	23	90	52	24	70	131	116	123	58	39	17	59	111	126	35	93	105	105	72	101	118	125	98	118	76	114	42	68	77	12	59	11	37	105	22	13	38	81	61	119	63	65	42	113	108	37	67	16	14	72	105	71	100	47	51	99	89	46	90	37	65	54	29	40	35	126	89	120	73	59	42	65	53	106	101	97
0	0	0	0	0	0	0	0	0	0	0	0	0	0	39	80	16	129	127	50	83	33	108	65	81	122	129	52	33	74	116	27	19	19	113	77	31	24	100	86	103	113	60	54	43	46	73	25	47	16	38	86	108	99	34	124	131	68	74	100	135	126	120	62	95	81	74	99	118	87	98	129	70	57	27	72	72	129	68	95	75	71	11	110	19	59	108	99	123	98	60	69	32	81	39	118	17	100	70	48	22	114	20	109	96	88	95	58	132	17	73	93	84	68	75	67	97	15	87	21	21	35	6	71	61	95	35	116
0	0	0	0	0	0	0	0	0	0	0	0	0	0	0	48	40	53	94	40	8	6	23	123	30	80	114	30	136	88	106	38	14	48	100	125	24	72	40	40	91	10	101	95	117	132	11	41	49	69	92	55	44	113	91	35	82	38	115	55	119	30	66	55	16	19	86	82	127	73	18	15	8	116	95	125	68	125	20	61	42	108	66	33	49	55	117	5	8	11	103	131	50	125	37	124	74	99	43	134	118	27	75	116	25	81	114	20	60	128	127	104	125	93	52	69	36	66	114	41	14	38	137	129	39	39	110	25
0	0	0	0	0	0	0	0	0	0	0	0	0	0	0	0	24	35	68	47	126	119	76	33	136	81	114	9	28	13	119	96	90	86	93	81	26	84	102	46	67	67	129	53	14	132	56	105	116	134	93	27	121	41	47	120	43	37	104	127	71	110	93	37	119	103	61	133	113	128	127	71	60	15	68	24	126	103	49	47	114	81	104	98	44	91	28	80	124	113	131	66	125	101	109	33	29	75	106	123	138	94	64	47	121	94	15	32	92	118	135	23	72	106	105	120	77	79	129	16	128	78	117	72	87	38	129	101
0	0	0	0	0	0	0	0	0	0	0	0	0	0	0	0	0	85	96	47	71	51	38	103	106	131	98	16	100	137	14	133	24	72	131	84	54	85	25	77	21	39	37	96	91	24	68	37	67	122	133	33	102	98	84	17	13	78	106	95	103	17	37	46	57	111	93	12	58	12	37	142	33	5	33	87	70	61	131	37	46	46	48	67	22	117	131	55	127	98	131	82	121	51	43	16	8	133	21	70	23	135	106	21	81	115	110	115	56	52	115	131	111	77	103	103	40	47	126	136	63	98	97	70	12	57	39	11
0	0	0	0	0	0	0	0	0	0	0	0	0	0	0	0	0	0	3	92	82	62	32	34	73	26	7	52	128	37	105	116	126	48	50	105	36	58	56	99	87	35	18	70	36	20	120	29	10	31	107	135	74	62	53	138	29	53	50	91	44	40	85	71	68	15	104	86	120	50	130	116	113	126	20	22	110	128	50	89	109	46	138	61	80	131	98	124	66	133	107	93	23	51	54	64	59	69	24	27	130	32	111	97	58	135	124	109	87	131	25	67	118	94	123	54	103	92	43	84	66	34	127	110	113	4	69	94
0	0	0	0	0	0	0	0	0	0	0	0	0	0	0	0	0	0	0	16	74	60	120	125	58	97	72	112	134	121	128	24	53	80	91	90	71	35	102	32	126	28	133	123	78	68	61	53	95	16	88	110	22	97	17	24	57	122	63	65	130	111	14	51	88	142	95	94	125	69	62	16	130	139	60	49	117	45	99	89	4	125	35	96	16	44	69	101	26	45	110	44	18	27	105	24	145	85	108	46	36	90	116	26	53	12	56	53	94	69	99	121	70	37	74	45	116	13	45	109	112	47	42	65	91	123	54	62
0	0	0	0	0	0	0	0	0	0	0	0	0	0	0	0	0	0	0	0	137	134	59	111	72	124	10	117	110	106	80	68	69	105	54	48	31	69	92	134	45	86	103	122	26	31	10	103	93	93	80	60	118	15	87	111	94	52	77	139	39	83	57	94	127	44	134	23	121	126	90	137	90	23	33	75	108	129	42	18	110	61	44	80	25	45	91	38	133	61	34	46	37	34	66	98	128	21	53	99	108	61	127	26	16	97	80	102	148	69	44	64	71	96	114	76	104	73	120	17	82	45	47	116	98	63	16	16
0	0	0	0	0	0	0	0	0	0	0	0	0	0	0	0	0	0	0	0	0	31	12	129	122	103	112	70	35	5	47	30	15	96	106	51	139	128	7	54	32	10	50	17	98	33	39	116	34	99	26	15	34	65	57	117	53	116	141	77	40	24	55	126	117	41	104	64	35	21	6	86	52	99	135	102	112	67	67	68	89	117	47	107	124	132	118	111	95	41	21	23	109	65	59	106	73	39	76	36	60	107	67	91	85	34	63	34	33	49	22	87	85	128	67	94	146	79	34	87	39	55	130	56	76	8	34	96
0	0	0	0	0	0	0	0	0	0	0	0	0	0	0	0	0	0	0	0	0	0	78	66	44	142	65	45	30	76	23	142	37	101	133	123	140	121	113	116	129	107	61	85	109	21	47	16	89	106	21	80	42	28	105	133	90	114	113	24	51	120	90	49	119	9	24	85	102	49	69	32	75	92	24	96	55	4	45	89	132	57	113	32	40	46	105	49	69	89	130	29	135	87	65	92	92	13	46	52	108	25	99	104	107	86	93	112	124	31	112	122	80	109	64	48	43	126	39	75	126	16	101	63	49	54	81	56
0	0	0	0	0	0	0	0	0	0	0	0	0	0	0	0	0	0	0	0	0	0	0	44	104	107	40	110	17	126	97	62	43	54	111	21	31	82	100	79	74	90	98	76	134	86	139	62	36	124	79	17	95	48	18	65	126	22	86	88	29	146	115	127	33	17	125	65	97	85	140	13	120	27	27	91	20	144	44	50	124	38	127	85	94	92	40	102	126	105	133	108	132	26	65	24	42	149	101	43	26	111	98	45	103	16	52	52	120	9	107	48	63	36	118	47	74	74	78	31	15	136	99	99	112	109	137	53
0	0	0	0	0	0	0	0	0	0	0	0	0	0	0	0	0	0	0	0	0	0	0	0	42	22	23	18	82	103	82	133	134	116	48	120	59	75	99	88	99	65	108	144	133	73	13	30	27	111	114	29	134	93	143	39	99	12	129	40	65	142	27	130	85	44	95	84	102	70	37	99	85	23	100	67	15	133	61	15	28	123	90	108	30	55	50	54	120	115	45	111	118	35	45	65	57	59	113	97	103	52	48	38	118	36	43	147	38	35	122	22	65	102	37	99	87	122	54	97	102	36	68	30	62	103	122	92
0	0	0	0	0	0	0	0	0	0	0	0	0	0	0	0	0	0	0	0	0	0	0	0	0	21	45	52	83	110	112	81	58	126	40	126	32	54	50	135	135	42	105	55	112	141	21	29	121	35	87	120	111	78	122	145	142	59	94	16	42	47	74	32	25	102	139	48	13	12	24	131	54	58	122	76	111	109	16	35	132	129	15	12	77	28	138	86	111	82	40	77	104	70	26	24	16	103	104	45	92	66	17	139	117	22	13	121	27	101	24	88	43	41	38	46	79	91	67	104	56	131	15	80	24	46	90	136
0	0	0	0	0	0	0	0	0	0	0	0	0	0	0	0	0	0	0	0	0	0	0	0	0	0	56	104	19	64	100	72	48	116	54	115	76	94	12	116	139	65	27	25	56	90	98	32	95	71	24	98	25	91	16	43	95	90	123	124	68	17	38	20	67	89	70	25	74	6	59	114	7	31	124	86	106	34	119	72	101	111	137	30	109	107	67	66	11	25	124	110	27	112	30	53	72	74	76	3	72	91	10	136	40	82	43	73	64	56	66	58	63	103	79	32	39	71	126	14	59	75	65	16	118	124	74	61
0	0	0	0	0	0	0	0	0	0	0	0	0	0	0	0	0	0	0	0	0	0	0	0	0	0	0	149	134	118	124	87	50	129	116	36	119	66	121	136	22	124	34	46	95	110	107	47	24	74	45	83	126	22	39	105	75	116	111	152	91	89	83	84	67	39	80	140	68	78	91	73	37	44	77	132	56	50	60	137	32	97	123	130	44	88	81	65	30	54	52	77	61	81	109	37	51	153	90	131	133	108	49	119	119	119	50	125	84	51	146	52	51	150	43	106	127	100	24	58	43	136	118	59	55	47	82	129
0	0	0	0	0	0	0	0	0	0	0	0	0	0	0	0	0	0	0	0	0	0	0	0	0	0	0	0	96	127	119	119	29	79	31	100	64	28	138	91	134	102	98	149	108	113	99	41	123	32	96	111	26	42	39	87	48	112	69	114	65	87	86	115	85	138	119	119	138	75	94	85	62	39	70	129	134	89	129	12	127	144	44	119	61	120	38	147	136	130	40	55	62	36	65	130	29	69	74	22	94	106	19	111	136	28	6	92	26	90	42	132	65	121	65	140	147	35	34	101	107	140	56	97	50	100	60	17
0	0	0	0	0	0	0	0	0	0	0	0	0	0	0	0	0	0	0	0	0	0	0	0	0	0	0	0	0	144	119	106	116	40	138	80	141	79	76	41	126	113	42	109	99	105	60	31	112	145	33	14	144	22	79	46	92	118	29	110	124	65	120	114	92	138	77	76	116	81	83	110	82	18	98	83	141	94	108	128	15	76	35	53	85	78	91	106	72	32	151	126	125	115	101	60	75	124	91	19	24	130	127	115	29	141	53	86	33	60	53	39	95	45	20	128	32	80	88	59	37	116	57	77	72	128	21	121
0	0	0	0	0	0	0	0	0	0	0	0	0	0	0	0	0	0	0	0	0	0	0	0	0	0	0	0	0	0	26	110	116	62	62	143	109	135	127	99	60	86	121	54	17	64	74	113	53	48	77	58	62	10	105	50	139	120	101	76	112	133	60	89	58	57	49	32	132	100	32	21	93	83	14	120	86	95	38	50	25	40	88	86	74	78	120	19	126	75	109	20	85	111	131	20	19	14	80	38	64	133	88	127	76	48	58	141	102	126	77	37	9	116	58	37	116	73	88	33	104	55	42	145	28	46	108	61
0	0	0	0	0	0	0	0	0	0	0	0	0	0	0	0	0	0	0	0	0	0	0	0	0	0	0	0	0	0	0	61	126	98	71	106	124	122	30	35	104	77	116	58	117	22	81	113	130	129	76	46	107	89	108	117	84	76	85	132	85	120	26	79	52	55	19	25	48	107	75	151	68	53	27	90	36	90	84	103	77	131	57	75	55	129	108	153	117	75	75	147	76	58	90	90	46	36	31	135	120	133	100	61	76	129	105	119	73	22	60	151	101	13	62	56	81	117	131	68	93	2	90	40	43	153	92	115
0	0	0	0	0	0	0	0	0	0	0	0	0	0	0	0	0	0	0	0	0	0	0	0	0	0	0	0	0	0	0	0	86	35	81	88	48	118	130	140	151	125	43	40	85	15	73	109	60	138	47	56	136	94	33	84	78	45	116	119	24	102	40	102	89	143	131	65	131	121	27	56	63	34	105	66	126	37	96	62	120	66	61	42	27	146	116	40	126	89	56	84	12	76	142	14	106	102	63	35	142	147	40	54	54	70	43	81	79	33	67	94	105	48	67	41	15	28	25	43	150	104	94	92	41	23	111	44
0	0	0	0	0	0	0	0	0	0	0	0	0	0	0	0	0	0	0	0	0	0	0	0	0	0	0	0	0	0	0	0	0	66	148	61	42	102	96	112	103	49	87	62	41	91	37	96	99	40	55	127	104	134	138	141	71	112	87	95	133	125	66	108	45	7	121	104	142	151	68	153	56	142	32	88	68	129	124	91	115	116	147	130	123	84	104	45	119	39	114	82	124	48	126	141	89	94	73	27	100	139	108	34	66	46	56	127	104	58	34	92	131	2	49	86	140	131	68	34	137	52	124	141	48	136	27	132
0	0	0	0	0	0	0	0	0	0	0	0	0	0	0	0	0	0	0	0	0	0	0	0	0	0	0	0	0	0	0	0	0	0	125	61	64	49	153	59	50	89	57	97	74	52	113	84	31	67	62	35	144	134	19	93	130	30	84	49	106	28	83	57	154	100	129	121	64	83	79	113	23	112	102	76	80	117	102	89	53	114	61	46	102	73	86	122	51	15	59	98	87	9	42	87	98	115	122	72	45	94	60	85	45	48	55	138	134	97	117	139	61	57	142	16	93	118	70	101	69	43	37	22	141	44	121	111
0	0	0	0	0	0	0	0	0	0	0	0	0	0	0	0	0	0	0	0	0	0	0	0	0	0	0	0	0	0	0	0	0	0	0	49	75	32	28	139	81	28	97	22	146	34	125	118	135	63	64	124	43	46	144	106	31	121	75	62	51	80	37	22	61	80	52	97	66	19	108	113	93	57	103	44	130	136	38	107	72	110	46	154	147	101	113	151	40	56	42	60	94	66	55	80	79	59	77	42	73	89	56	44	89	130	64	123	20	35	93	49	102	57	152	101	54	86	136	120	85	78	145	77	79	69	123	82
0	0	0	0	0	0	0	0	0	0	0	0	0	0	0	0	0	0	0	0	0	0	0	0	0	0	0	0	0	0	0	0	0	0	0	0	95	101	69	73	114	44	16	26	90	106	116	100	43	84	84	129	163	12	128	37	113	82	37	57	25	90	109	52	87	30	113	54	8	69	10	134	9	63	130	50	97	138	79	78	146	30	89	115	116	23	90	24	31	28	19	36	115	65	118	61	110	55	34	101	112	57	75	69	87	109	108	125	46	66	62	164	35	80	63	132	65	110	88	6	89	148	77	112	49	140	115	86
0	0	0	0	0	0	0	0	0	0	0	0	0	0	0	0	0	0	0	0	0	0	0	0	0	0	0	0	0	0	0	0	0	0	0	0	0	45	26	59	60	64	98	51	64	90	68	141	42	125	142	74	37	103	64	109	132	128	49	39	87	111	53	134	117	85	65	79	47	137	107	130	115	91	51	92	43	94	97	93	34	147	83	31	115	99	114	108	113	42	69	32	61	102	50	122	48	35	30	105	107	68	64	122	45	84	90	90	58	160	153	32	122	135	113	37	60	125	85	30	72	81	29	123	43	92	89	129
0	0	0	0	0	0	0	0	0	0	0	0	0	0	0	0	0	0	0	0	0	0	0	0	0	0	0	0	0	0	0	0	0	0	0	0	0	0	119	88	10	56	46	69	98	68	118	63	91	80	59	131	29	76	130	77	136	130	96	86	72	95	117	39	34	27	64	90	54	69	142	101	133	43	51	78	45	133	153	125	35	81	60	13	20	64	21	88	86	14	63	119	46	62	81	84	40	133	15	73	114	96	43	97	55	88	90	88	41	121	132	87	133	68	58	26	128	21	140	73	115	63	83	37	54	45	80	40
0	0	0	0	0	0	0	0	0	0	0	0	0	0	0	0	0	0	0	0	0	0	0	0	0	0	0	0	0	0	0	0	0	0	0	0	0	0	0	93	41	125	44	69	34	87	149	36	81	140	138	125	77	38	56	79	135	80	142	71	157	57	80	57	65	98	110	73	35	117	45	144	99	128	110	151	47	50	83	95	63	79	120	146	28	54	21	114	118	103	52	70	93	98	124	143	62	132	128	116	124	131	33	110	48	129	78	94	82	66	79	116	159	63	131	82	41	125	69	110	118	159	80	145	158	104	60	41
0	0	0	0	0	0	0	0	0	0	0	0	0	0	0	0	0	0	0	0	0	0	0	0	0	0	0	0	0	0	0	0	0	0	0	0	0	0	0	0	112	60	82	58	103	101	136	49	78	154	48	44	130	12	93	85	18	76	100	51	122	115	71	119	69	34	43	89	29	101	44	66	66	34	119	107	89	137	80	48	47	38	66	83	69	48	36	72	111	39	141	138	100	82	56	131	52	65	64	116	107	38	92	109	157	119	70	132	75	117	17	133	72	43	94	143	42	94	48	32	81	39	147	85	40	56	113	151
0	0	0	0	0	0	0	0	0	0	0	0	0	0	0	0	0	0	0	0	0	0	0	0	0	0	0	0	0	0	0	0	0	0	0	0	0	0	0	0	0	114	73	21	31	82	29	3	63	66	90	93	116	87	40	118	130	92	42	109	102	105	36	48	27	77	127	89	123	120	41	73	125	119	132	78	68	157	19	150	142	121	45	130	69	96	107	96	15	22	59	100	61	42	36	83	86	20	65	104	114	30	103	97	127	13	107	116	56	138	132	112	155	11	58	56	117	58	82	99	134	46	112	117	76	138	107	120
0	0	0	0	0	0	0	0	0	0	0	0	0	0	0	0	0	0	0	0	0	0	0	0	0	0	0	0	0	0	0	0	0	0	0	0	0	0	0	0	0	0	59	64	35	5	103	57	69	19	63	45	104	29	22	139	75	128	114	40	44	117	137	62	44	75	133	72	76	151	91	78	61	144	104	148	40	80	57	69	101	99	46	111	81	125	131	62	29	130	81	119	83	64	69	38	59	78	56	6	90	43	30	73	133	118	51	41	25	101	130	168	109	48	96	44	37	74	80	137	86	37	86	80	75	98	77	65
0	0	0	0	0	0	0	0	0	0	0	0	0	0	0	0	0	0	0	0	0	0	0	0	0	0	0	0	0	0	0	0	0	0	0	0	0	0	0	0	0	0	0	26	61	110	90	62	85	138	105	111	45	91	113	75	83	48	57	93	42	111	116	99	64	114	72	115	117	128	88	35	53	112	46	90	115	87	39	133	125	61	130	112	116	105	123	144	31	74	73	126	36	48	138	112	101	73	91	128	131	85	100	123	136	145	111	64	84	145	21	22	162	142	78	30	145	120	75	116	45	160	72	111	140	28	147	52
0	0	0	0	0	0	0	0	0	0	0	0	0	0	0	0	0	0	0	0	0	0	0	0	0	0	0	0	0	0	0	0	0	0	0	0	0	0	0	0	0	0	0	0	100	126	151	118	92	94	143	60	129	68	140	73	17	141	12	67	119	71	42	131	98	9	120	42	80	84	158	88	46	98	46	86	101	140	147	156	72	62	105	133	81	76	138	50	75	139	38	14	128	110	117	102	24	155	138	47	24	121	45	145	99	115	138	102	54	33	122	85	68	122	99	36	78	26	75	119	63	47	75	148	93	144	35	131
0	0	0	0	0	0	0	0	0	0	0	0	0	0	0	0	0	0	0	0	0	0	0	0	0	0	0	0	0	0	0	0	0	0	0	0	0	0	0	0	0	0	0	0	0	23	89	80	70	137	149	77	119	143	36	43	87	59	45	45	88	104	139	56	83	30	27	56	72	141	94	107	83	136	85	138	69	14	59	164	29	164	32	84	63	61	40	69	83	22	157	99	9	63	68	37	113	142	99	113	53	125	144	165	143	22	94	113	149	94	67	117	114	81	125	50	127	112	60	114	142	137	120	107	63	125	156	80
0	0	0	0	0	0	0	0	0	0	0	0	0	0	0	0	0	0	0	0	0	0	0	0	0	0	0	0	0	0	0	0	0	0	0	0	0	0	0	0	0	0	0	0	0	0	98	25	152	145	97	44	121	15	131	59	126	76	98	129	119	34	66	23	83	96	41	152	74	96	93	54	121	81	67	135	146	137	142	88	115	79	52	45	146	102	114	14	150	122	116	26	98	14	110	73	26	40	84	129	138	41	37	133	43	142	61	132	56	79	159	58	66	114	89	62	41	158	11	123	131	30	144	67	80	83	133	78
0	0	0	0	0	0	0	0	0	0	0	0	0	0	0	0	0	0	0	0	0	0	0	0	0	0	0	0	0	0	0	0	0	0	0	0	0	0	0	0	0	0	0	0	0	0	0	98	100	98	109	34	41	123	136	155	55	49	50	55	94	139	51	81	59	20	117	78	148	46	104	109	33	146	63	78	80	39	97	48	115	104	48	8	78	130	110	129	50	133	166	111	166	38	61	83	109	134	51	27	19	68	130	40	114	136	130	89	33	48	112	95	103	73	52	161	92	124	131	123	65	85	45	71	123	124	65	21
0	0	0	0	0	0	0	0	0	0	0	0	0	0	0	0	0	0	0	0	0	0	0	0	0	0	0	0	0	0	0	0	0	0	0	0	0	0	0	0	0	0	0	0	0	0	0	0	93	55	156	94	136	79	57	91	41	112	35	80	65	149	85	131	28	140	58	34	114	110	124	97	73	161	21	100	118	75	113	90	30	131	100	159	136	28	13	41	46	60	107	124	144	97	77	48	52	40	128	142	142	16	88	147	90	73	131	130	144	116	58	75	122	85	41	148	161	49	31	84	88	127	67	52	53	82	146	101
0	0	0	0	0	0	0	0	0	0	0	0	0	0	0	0	0	0	0	0	0	0	0	0	0	0	0	0	0	0	0	0	0	0	0	0	0	0	0	0	0	0	0	0	0	0	0	0	0	104	57	11	83	59	99	55	34	130	55	141	129	97	41	20	66	106	48	82	82	123	101	55	112	109	24	72	29	52	153	100	108	140	171	11	99	36	120	69	50	165	88	133	84	141	86	120	119	124	137	95	35	124	25	107	54	139	13	168	124	53	117	122	45	128	54	66	63	76	112	18	121	56	15	71	85	130	69	130
0	0	0	0	0	0	0	0	0	0	0	0	0	0	0	0	0	0	0	0	0	0	0	0	0	0	0	0	0	0	0	0	0	0	0	0	0	0	0	0	0	0	0	0	0	0	0	0	0	0	7	80	59	75	87	93	50	134	124	50	100	131	103	49	41	49	113	126	23	50	96	94	90	11	67	75	17	110	112	123	32	84	174	78	149	136	51	89	94	96	89	93	143	53	48	112	103	139	46	95	84	60	128	90	142	94	43	107	134	132	79	94	108	140	111	105	81	159	62	111	16	130	149	117	79	97	153	67
0	0	0	0	0	0	0	0	0	0	0	0	0	0	0	0	0	0	0	0	0	0	0	0	0	0	0	0	0	0	0	0	0	0	0	0	0	0	0	0	0	0	0	0	0	0	0	0	0	0	0	141	112	143	111	155	146	29	90	102	94	24	148	70	57	147	69	88	96	37	40	129	52	130	65	165	88	78	114	134	129	138	96	66	114	135	141	92	124	111	65	132	53	114	103	136	92	114	123	84	15	146	158	162	103	79	19	60	27	152	120	122	28	81	18	52	143	69	109	172	76	149	69	125	109	69	80	52
0	0	0	0	0	0	0	0	0	0	0	0	0	0	0	0	0	0	0	0	0	0	0	0	0	0	0	0	0	0	0	0	0	0	0	0	0	0	0	0	0	0	0	0	0	0	0	0	0	0	0	0	90	84	28	57	68	105	129	121	29	167	138	180	123	105	25	32	89	50	136	52	104	39	43	84	131	63	70	118	113	84	69	114	14	108	132	168	55	138	156	91	127	121	34	44	35	32	130	63	21	120	130	120	71	106	107	65	43	51	91	89	131	100	68	89	120	97	112	104	46	84	73	86	45	97	96	30
0	0	0	0	0	0	0	0	0	0	0	0	0	0	0	0	0	0	0	0	0	0	0	0	0	0	0	0	0	0	0	0	0	0	0	0	0	0	0	0	0	0	0	0	0	0	0	0	0	0	0	0	0	8	121	119	27	85	105	58	101	83	110	105	90	34	158	86	111	51	72	129	66	142	89	163	61	101	62	123	103	150	57	103	30	55	148	66	46	66	124	126	122	154	61	107	18	42	69	142	19	154	48	54	107	128	148	131	151	113	137	101	59	46	106	60	121	121	49	49	77	89	161	66	141	71	158	111
0	0	0	0	0	0	0	0	0	0	0	0	0	0	0	0	0	0	0	0	0	0	0	0	0	0	0	0	0	0	0	0	0	0	0	0	0	0	0	0	0	0	0	0	0	0	0	0	0	0	0	0	0	0	112	112	132	141	157	105	52	76	94	75	69	52	164	54	131	54	12	179	86	82	91	20	83	116	40	48	166	139	49	150	115	39	52	98	54	166	24	33	115	42	91	45	50	125	135	77	107	123	121	72	147	142	164	123	28	36	48	147	104	96	127	124	51	83	131	154	39	117	107	80	125	122	40	38
0	0	0	0	0	0	0	0	0	0	0	0	0	0	0	0	0	0	0	0	0	0	0	0	0	0	0	0	0	0	0	0	0	0	0	0	0	0	0	0	0	0	0	0	0	0	0	0	0	0	0	0	0	0	0	78	147	160	89	45	86	12	124	40	113	34	72	106	101	67	51	87	112	117	69	169	67	178	120	150	57	120	109	65	134	119	168	84	91	60	67	134	133	92	100	102	31	19	119	49	141	60	100	62	57	66	32	124	56	79	118	126	52	45	69	40	39	48	151	119	110	97	173	127	137	34	102	125
0	0	0	0	0	0	0	0	0	0	0	0	0	0	0	0	0	0	0	0	0	0	0	0	0	0	0	0	0	0	0	0	0	0	0	0	0	0	0	0	0	0	0	0	0	0	0	0	0	0	0	0	0	0	0	0	98	97	61	65	147	141	126	52	88	169	95	174	77	37	151	88	147	90	61	4	53	151	93	140	114	136	61	107	60	126	60	65	28	102	18	102	146	56	79	30	28	34	127	32	103	9	94	170	18	35	69	135	149	126	44	143	84	70	93	113	76	83	76	127	33	154	66	24	91	133	168	48
0	0	0	0	0	0	0	0	0	0	0	0	0	0	0	0	0	0	0	0	0	0	0	0	0	0	0	0	0	0	0	0	0	0	0	0	0	0	0	0	0	0	0	0	0	0	0	0	0	0	0	0	0	0	0	0	0	88	149	34	89	84	81	116	88	153	138	113	115	47	37	76	23	142	39	65	116	41	51	159	100	54	131	118	144	128	153	109	114	138	117	92	94	86	161	107	83	9	110	85	143	85	107	151	94	124	119	63	124	44	68	68	68	131	23	99	56	141	23	113	123	90	77	90	50	118	64	86
0	0	0	0	0	0	0	0	0	0	0	0	0	0	0	0	0	0	0	0	0	0	0	0	0	0	0	0	0	0	0	0	0	0	0	0	0	0	0	0	0	0	0	0	0	0	0	0	0	0	0	0	0	0	0	0	0	0	47	119	21	44	102	19	140	143	121	65	116	38	117	123	61	89	81	71	85	93	68	97	160	22	51	35	76	141	64	140	125	153	124	41	86	135	45	64	128	112	42	119	152	118	42	111	68	101	26	57	94	20	136	66	85	155	44	104	127	65	136	129	120	132	100	136	40	45	110	68
0	0	0	0	0	0	0	0	0	0	0	0	0	0	0	0	0	0	0	0	0	0	0	0	0	0	0	0	0	0	0	0	0	0	0	0	0	0	0	0	0	0	0	0	0	0	0	0	0	0	0	0	0	0	0	0	0	0	0	147	80	108	140	61	32	165	164	79	65	74	133	86	139	169	83	101	48	57	96	45	15	122	182	152	117	168	122	52	48	66	79	89	37	46	125	85	57	56	84	120	96	79	118	117	147	113	112	149	87	107	29	86	92	129	104	57	97	111	143	61	58	75	74	104	123	126	105	37
0	0	0	0	0	0	0	0	0	0	0	0	0	0	0	0	0	0	0	0	0	0	0	0	0	0	0	0	0	0	0	0	0	0	0	0	0	0	0	0	0	0	0	0	0	0	0	0	0	0	0	0	0	0	0	0	0	0	0	0	77	126	51	37	46	87	132	12	79	100	72	72	174	35	83	109	76	139	95	169	51	50	55	113	36	140	51	64	98	130	55	136	89	158	35	124	33	83	166	137	79	141	181	107	127	139	158	71	35	103	163	36	136	40	63	102	60	133	124	102	95	122	86	126	140	105	80	43
0	0	0	0	0	0	0	0	0	0	0	0	0	0	0	0	0	0	0	0	0	0	0	0	0	0	0	0	0	0	0	0	0	0	0	0	0	0	0	0	0	0	0	0	0	0	0	0	0	0	0	0	0	0	0	0	0	0	0	0	0	35	100	66	152	79	70	126	58	149	125	25	86	44	73	110	78	53	79	99	40	87	36	120	53	89	137	53	91	153	164	80	28	86	132	146	139	162	176	111	134	76	131	144	122	65	15	72	54	22	109	64	75	102	132	59	170	100	162	119	106	118	20	102	63	118	71	58
0	0	0	0	0	0	0	0	0	0	0	0	0	0	0	0	0	0	0	0	0	0	0	0	0	0	0	0	0	0	0	0	0	0	0	0	0	0	0	0	0	0	0	0	0	0	0	0	0	0	0	0	0	0	0	0	0	0	0	0	0	0	86	139	119	140	80	82	114	144	14	122	174	152	92	64	87	100	55	29	98	61	130	136	56	81	43	170	97	136	65	133	70	94	41	129	37	79	71	85	36	188	50	47	64	77	50	113	144	128	105	90	97	111	6	73	36	119	83	158	125	72	174	125	42	90	64	92
0	0	0	0	0	0	0	0	0	0	0	0	0	0	0	0	0	0	0	0	0	0	0	0	0	0	0	0	0	0	0	0	0	0	0	0	0	0	0	0	0	0	0	0	0	0	0	0	0	0	0	0	0	0	0	0	0	0	0	0	0	0	0	105	80	29	157	95	75	103	101	86	67	81	52	119	125	84	108	44	169	160	57	120	27	126	130	138	138	172	62	107	93	189	119	62	108	150	75	112	78	59	54	104	71	122	85	134	133	75	48	51	33	73	98	56	122	159	109	104	84	87	114	108	64	105	157	107
0	0	0	0	0	0	0	0	0	0	0	0	0	0	0	0	0	0	0	0	0	0	0	0	0	0	0	0	0	0	0	0	0	0	0	0	0	0	0	0	0	0	0	0	0	0	0	0	0	0	0	0	0	0	0	0	0	0	0	0	0	0	0	0	51	101	105	62	55	112	58	144	76	139	92	124	77	118	108	81	158	153	37	61	62	95	9	29	147	124	15	132	97	63	65	93	41	126	62	53	52	76	163	16	124	122	120	131	141	69	25	63	104	88	61	104	106	96	58	114	114	40	60	116	122	68	156	126
0	0	0	0	0	0	0	0	0	0	0	0	0	0	0	0	0	0	0	0	0	0	0	0	0	0	0	0	0	0	0	0	0	0	0	0	0	0	0	0	0	0	0	0	0	0	0	0	0	0	0	0	0	0	0	0	0	0	0	0	0	0	0	0	0	57	83	78	77	82	140	36	175	107	106	57	127	91	150	129	145	139	68	147	87	178	149	119	147	138	52	131	78	30	39	152	92	125	147	109	50	93	53	17	97	170	47	189	120	58	128	89	24	131	177	78	150	118	43	73	74	154	174	92	161	177	76	85
0	0	0	0	0	0	0	0	0	0	0	0	0	0	0	0	0	0	0	0	0	0	0	0	0	0	0	0	0	0	0	0	0	0	0	0	0	0	0	0	0	0	0	0	0	0	0	0	0	0	0	0	0	0	0	0	0	0	0	0	0	0	0	0	0	0	91	48	136	104	136	7	59	129	15	131	142	127	50	84	84	107	19	15	76	96	162	109	78	107	159	25	84	152	154	35	126	90	32	35	123	125	75	50	115	128	99	150	148	82	115	181	80	76	83	162	120	80	105	47	114	62	140	148	42	138	55	125
0	0	0	0	0	0	0	0	0	0	0	0	0	0	0	0	0	0	0	0	0	0	0	0	0	0	0	0	0	0	0	0	0	0	0	0	0	0	0	0	0	0	0	0	0	0	0	0	0	0	0	0	0	0	0	0	0	0	0	0	0	0	0	0	0	0	0	61	86	151	100	140	27	126	83	37	110	84	138	86	116	164	75	78	87	138	149	170	73	157	119	174	98	84	49	176	90	26	106	151	122	123	42	107	121	46	87	82	59	78	180	162	115	122	49	169	53	124	37	57	67	84	167	107	79	120	76	19
0	0	0	0	0	0	0	0	0	0	0	0	0	0	0	0	0	0	0	0	0	0	0	0	0	0	0	0	0	0	0	0	0	0	0	0	0	0	0	0	0	0	0	0	0	0	0	0	0	0	0	0	0	0	0	0	0	0	0	0	0	0	0	0	0	0	0	0	146	167	136	53	67	94	69	93	163	46	159	34	64	127	105	110	74	43	142	72	67	92	170	88	96	157	120	105	29	61	80	188	119	149	79	36	81	56	76	65	101	83	127	165	49	49	115	84	87	68	28	120	99	118	178	55	100	117	14	153
0	0	0	0	0	0	0	0	0	0	0	0	0	0	0	0	0	0	0	0	0	0	0	0	0	0	0	0	0	0	0	0	0	0	0	0	0	0	0	0	0	0	0	0	0	0	0	0	0	0	0	0	0	0	0	0	0	0	0	0	0	0	0	0	0	0	0	0	0	102	91	89	122	137	40	37	124	135	46	52	163	156	123	97	123	190	108	91	93	157	192	74	82	106	52	92	161	90	107	119	42	142	136	52	114	64	86	52	32	167	85	107	82	113	71	99	133	105	158	137	97	89	156	59	106	47	129	53
0	0	0	0	0	0	0	0	0	0	0	0	0	0	0	0	0	0	0	0	0	0	0	0	0	0	0	0	0	0	0	0	0	0	0	0	0	0	0	0	0	0	0	0	0	0	0	0	0	0	0	0	0	0	0	0	0	0	0	0	0	0	0	0	0	0	0	0	0	0	130	169	21	100	33	81	98	152	127	38	63	75	133	135	32	126	110	66	88	107	167	115	95	110	170	111	150	58	189	40	65	123	90	122	48	115	151	64	136	169	42	134	133	191	120	144	142	86	91	74	91	66	99	113	97	172	138	75
0	0	0	0	0	0	0	0	0	0	0	0	0	0	0	0	0	0	0	0	0	0	0	0	0	0	0	0	0	0	0	0	0	0	0	0	0	0	0	0	0	0	0	0	0	0	0	0	0	0	0	0	0	0	0	0	0	0	0	0	0	0	0	0	0	0	0	0	0	0	0	187	159	60	79	118	71	124	115	111	86	115	24	119	108	37	174	161	142	140	101	152	79	187	152	88	57	86	79	77	146	67	91	65	135	112	89	160	57	137	71	133	95	130	128	162	82	161	101	47	147	161	134	65	161	63	111	117
0	0	0	0	0	0	0	0	0	0	0	0	0	0	0	0	0	0	0	0	0	0	0	0	0	0	0	0	0	0	0	0	0	0	0	0	0	0	0	0	0	0	0	0	0	0	0	0	0	0	0	0	0	0	0	0	0	0	0	0	0	0	0	0	0	0	0	0	0	0	0	0	42	114	183	65	89	61	106	113	118	38	89	66	144	114	83	158	76	89	155	132	91	88	160	105	98	56	103	175	55	49	50	83	100	71	105	134	147	138	83	32	95	173	42	87	149	169	74	58	53	61	138	140	82	92	188	39
0	0	0	0	0	0	0	0	0	0	0	0	0	0	0	0	0	0	0	0	0	0	0	0	0	0	0	0	0	0	0	0	0	0	0	0	0	0	0	0	0	0	0	0	0	0	0	0	0	0	0	0	0	0	0	0	0	0	0	0	0	0	0	0	0	0	0	0	0	0	0	0	0	138	171	23	64	22	102	186	73	120	104	141	50	180	129	56	125	74	120	105	85	88	88	97	156	116	62	73	156	153	107	70	54	39	155	130	32	106	101	153	192	10	50	178	7	143	109	107	111	70	143	142	121	57	150	18
0	0	0	0	0	0	0	0	0	0	0	0	0	0	0	0	0	0	0	0	0	0	0	0	0	0	0	0	0	0	0	0	0	0	0	0	0	0	0	0	0	0	0	0	0	0	0	0	0	0	0	0	0	0	0	0	0	0	0	0	0	0	0	0	0	0	0	0	0	0	0	0	0	0	47	131	80	189	58	130	63	123	98	82	107	71	155	151	127	46	60	120	183	95	149	144	101	72	112	137	93	118	78	110	139	60	131	78	56	139	93	155	56	80	94	160	87	79	115	137	173	47	85	9	77	53	118	71
0	0	0	0	0	0	0	0	0	0	0	0	0	0	0	0	0	0	0	0	0	0	0	0	0	0	0	0	0	0	0	0	0	0	0	0	0	0	0	0	0	0	0	0	0	0	0	0	0	0	0	0	0	0	0	0	0	0	0	0	0	0	0	0	0	0	0	0	0	0	0	0	0	0	0	146	44	176	131	139	98	168	105	142	78	133	98	130	85	161	133	144	47	140	69	102	41	93	165	43	100	83	139	126	60	175	67	57	75	119	187	139	80	168	174	49	57	82	115	71	137	75	26	170	91	138	44	96
0	0	0	0	0	0	0	0	0	0	0	0	0	0	0	0	0	0	0	0	0	0	0	0	0	0	0	0	0	0	0	0	0	0	0	0	0	0	0	0	0	0	0	0	0	0	0	0	0	0	0	0	0	0	0	0	0	0	0	0	0	0	0	0	0	0	0	0	0	0	0	0	0	0	0	0	151	130	131	95	109	101	138	109	122	136	79	124	107	144	91	66	94	84	131	170	117	91	122	134	125	77	90	74	169	126	126	159	90	44	160	69	42	161	52	65	108	121	73	109	61	87	75	63	133	99	82	88
0	0	0	0	0	0	0	0	0	0	0	0	0	0	0	0	0	0	0	0	0	0	0	0	0	0	0	0	0	0	0	0	0	0	0	0	0	0	0	0	0	0	0	0	0	0	0	0	0	0	0	0	0	0	0	0	0	0	0	0	0	0	0	0	0	0	0	0	0	0	0	0	0	0	0	0	0	99	110	44	24	113	84	142	153	26	129	35	60	129	37	151	154	13	60	152	111	95	111	31	167	71	57	82	144	47	135	90	84	171	126	191	96	46	97	60	30	74	56	43	128	108	118	143	81	77	141	132
0	0	0	0	0	0	0	0	0	0	0	0	0	0	0	0	0	0	0	0	0	0	0	0	0	0	0	0	0	0	0	0	0	0	0	0	0	0	0	0	0	0	0	0	0	0	0	0	0	0	0	0	0	0	0	0	0	0	0	0	0	0	0	0	0	0	0	0	0	0	0	0	0	0	0	0	0	0	43	93	36	57	86	150	153	17	94	44	147	114	38	139	77	50	128	132	89	105	126	87	59	81	103	114	112	78	89	121	63	87	160	171	160	73	167	111	133	148	140	107	126	69	85	69	85	133	171	133
0	0	0	0	0	0	0	0	0	0	0	0	0	0	0	0	0	0	0	0	0	0	0	0	0	0	0	0	0	0	0	0	0	0	0	0	0	0	0	0	0	0	0	0	0	0	0	0	0	0	0	0	0	0	0	0	0	0	0	0	0	0	0	0	0	0	0	0	0	0	0	0	0	0	0	0	0	0	0	33	131	123	163	124	35	50	88	56	69	134	67	157	186	90	149	124	94	88	135	135	170	120	95	184	68	172	107	153	157	91	114	61	72	181	88	88	152	150	153	33	126	83	134	131	180	143	152	172
0	0	0	0	0	0	0	0	0	0	0	0	0	0	0	0	0	0	0	0	0	0	0	0	0	0	0	0	0	0	0	0	0	0	0	0	0	0	0	0	0	0	0	0	0	0	0	0	0	0	0	0	0	0	0	0	0	0	0	0	0	0	0	0	0	0	0	0	0	0	0	0	0	0	0	0	0	0	0	0	68	157	108	120	105	68	149	95	21	163	23	104	38	140	88	148	67	38	81	83	99	151	107	133	48	118	75	148	191	183	22	128	84	135	35	100	121	91	102	110	158	116	125	68	121	21	160	117
0	0	0	0	0	0	0	0	0	0	0	0	0	0	0	0	0	0	0	0	0	0	0	0	0	0	0	0	0	0	0	0	0	0	0	0	0	0	0	0	0	0	0	0	0	0	0	0	0	0	0	0	0	0	0	0	0	0	0	0	0	0	0	0	0	0	0	0	0	0	0	0	0	0	0	0	0	0	0	0	0	157	71	154	64	92	70	27	117	178	131	150	85	139	98	113	126	118	89	86	92	114	72	164	108	43	93	60	72	93	145	110	44	95	72	41	68	109	79	86	182	74	57	165	131	50	56	100
0	0	0	0	0	0	0	0	0	0	0	0	0	0	0	0	0	0	0	0	0	0	0	0	0	0	0	0	0	0	0	0	0	0	0	0	0	0	0	0	0	0	0	0	0	0	0	0	0	0	0	0	0	0	0	0	0	0	0	0	0	0	0	0	0	0	0	0	0	0	0	0	0	0	0	0	0	0	0	0	0	0	76	102	23	87	52	107	68	54	28	159	82	46	125	130	53	161	141	109	127	112	59	25	16	114	83	147	84	12	7	64	83	59	74	60	118	114	186	172	180	193	124	82	128	48	68	87
0	0	0	0	0	0	0	0	0	0	0	0	0	0	0	0	0	0	0	0	0	0	0	0	0	0	0	0	0	0	0	0	0	0	0	0	0	0	0	0	0	0	0	0	0	0	0	0	0	0	0	0	0	0	0	0	0	0	0	0	0	0	0	0	0	0	0	0	0	0	0	0	0	0	0	0	0	0	0	0	0	0	0	139	152	86	168	91	140	88	74	168	87	124	169	17	109	52	18	157	185	68	73	167	124	113	120	153	110	148	121	120	125	65	122	163	67	108	134	50	85	131	36	29	94	186	126	74
0	0	0	0	0	0	0	0	0	0	0	0	0	0	0	0	0	0	0	0	0	0	0	0	0	0	0	0	0	0	0	0	0	0	0	0	0	0	0	0	0	0	0	0	0	0	0	0	0	0	0	0	0	0	0	0	0	0	0	0	0	0	0	0	0	0	0	0	0	0	0	0	0	0	0	0	0	0	0	0	0	0	0	0	106	109	125	100	82	94	83	87	107	58	166	122	169	71	142	118	47	81	109	100	100	44	101	46	130	65	140	133	129	143	96	41	52	87	139	100	96	100	53	84	91	97	183	180
0	0	0	0	0	0	0	0	0	0	0	0	0	0	0	0	0	0	0	0	0	0	0	0	0	0	0	0	0	0	0	0	0	0	0	0	0	0	0	0	0	0	0	0	0	0	0	0	0	0	0	0	0	0	0	0	0	0	0	0	0	0	0	0	0	0	0	0	0	0	0	0	0	0	0	0	0	0	0	0	0	0	0	0	0	117	189	56	145	122	31	138	126	133	95	119	37	183	129	102	77	76	149	168	92	54	168	75	78	90	122	26	36	115	71	99	66	112	160	142	70	128	117	95	138	128	63	43
0	0	0	0	0	0	0	0	0	0	0	0	0	0	0	0	0	0	0	0	0	0	0	0	0	0	0	0	0	0	0	0	0	0	0	0	0	0	0	0	0	0	0	0	0	0	0	0	0	0	0	0	0	0	0	0	0	0	0	0	0	0	0	0	0	0	0	0	0	0	0	0	0	0	0	0	0	0	0	0	0	0	0	0	0	0	57	129	57	146	131	56	60	142	38	99	118	154	93	144	142	109	84	148	19	78	61	147	135	45	79	37	145	88	150	98	66	26	73	84	174	126	87	108	60	95	110	153
0	0	0	0	0	0	0	0	0	0	0	0	0	0	0	0	0	0	0	0	0	0	0	0	0	0	0	0	0	0	0	0	0	0	0	0	0	0	0	0	0	0	0	0	0	0	0	0	0	0	0	0	0	0	0	0	0	0	0	0	0	0	0	0	0	0	0	0	0	0	0	0	0	0	0	0	0	0	0	0	0	0	0	0	0	0	0	112	156	128	136	95	103	66	41	119	140	123	85	83	136	74	138	116	119	99	105	95	119	178	108	99	99	71	56	114	151	198	137	91	67	160	114	127	74	157	65	93
0	0	0	0	0	0	0	0	0	0	0	0	0	0	0	0	0	0	0	0	0	0	0	0	0	0	0	0	0	0	0	0	0	0	0	0	0	0	0	0	0	0	0	0	0	0	0	0	0	0	0	0	0	0	0	0	0	0	0	0	0	0	0	0	0	0	0	0	0	0	0	0	0	0	0	0	0	0	0	0	0	0	0	0	0	0	0	0	109	89	62	151	182	130	171	111	151	126	64	58	208	180	103	97	56	159	119	49	68	132	93	127	164	209	141	145	14	130	41	94	48	124	44	117	91	76	145	96
0	0	0	0	0	0	0	0	0	0	0	0	0	0	0	0	0	0	0	0	0	0	0	0	0	0	0	0	0	0	0	0	0	0	0	0	0	0	0	0	0	0	0	0	0	0	0	0	0	0	0	0	0	0	0	0	0	0	0	0	0	0	0	0	0	0	0	0	0	0	0	0	0	0	0	0	0	0	0	0	0	0	0	0	0	0	0	0	0	83	125	20	80	75	86	46	119	73	167	186	89	8	137	71	96	112	95	83	154	108	89	116	21	90	34	129	105	76	92	36	110	100	15	113	57	188	135	135
0	0	0	0	0	0	0	0	0	0	0	0	0	0	0	0	0	0	0	0	0	0	0	0	0	0	0	0	0	0	0	0	0	0	0	0	0	0	0	0	0	0	0	0	0	0	0	0	0	0	0	0	0	0	0	0	0	0	0	0	0	0	0	0	0	0	0	0	0	0	0	0	0	0	0	0	0	0	0	0	0	0	0	0	0	0	0	0	0	0	165	152	178	154	134	51	119	134	111	29	173	63	57	111	56	148	111	129	83	167	73	119	131	10	97	100	178	205	63	52	173	150	99	89	95	159	84	167
0	0	0	0	0	0	0	0	0	0	0	0	0	0	0	0	0	0	0	0	0	0	0	0	0	0	0	0	0	0	0	0	0	0	0	0	0	0	0	0	0	0	0	0	0	0	0	0	0	0	0	0	0	0	0	0	0	0	0	0	0	0	0	0	0	0	0	0	0	0	0	0	0	0	0	0	0	0	0	0	0	0	0	0	0	0	0	0	0	0	0	92	114	65	54	161	166	72	87	145	101	96	117	184	97	129	147	83	134	103	86	162	80	131	73	3	160	112	54	177	39	13	111	45	87	71	82	60
0	0	0	0	0	0	0	0	0	0	0	0	0	0	0	0	0	0	0	0	0	0	0	0	0	0	0	0	0	0	0	0	0	0	0	0	0	0	0	0	0	0	0	0	0	0	0	0	0	0	0	0	0	0	0	0	0	0	0	0	0	0	0	0	0	0	0	0	0	0	0	0	0	0	0	0	0	0	0	0	0	0	0	0	0	0	0	0	0	0	0	0	52	117	95	77	198	147	95	118	132	133	169	56	66	128	135	191	129	129	93	107	154	149	69	35	136	128	201	176	157	107	147	51	155	59	183	115
0	0	0	0	0	0	0	0	0	0	0	0	0	0	0	0	0	0	0	0	0	0	0	0	0	0	0	0	0	0	0	0	0	0	0	0	0	0	0	0	0	0	0	0	0	0	0	0	0	0	0	0	0	0	0	0	0	0	0	0	0	0	0	0	0	0	0	0	0	0	0	0	0	0	0	0	0	0	0	0	0	0	0	0	0	0	0	0	0	0	0	0	0	79	46	150	154	26	112	57	77	77	45	60	151	63	207	133	13	115	131	91	152	127	59	78	42	183	117	151	76	100	98	46	129	91	68	8
0	0	0	0	0	0	0	0	0	0	0	0	0	0	0	0	0	0	0	0	0	0	0	0	0	0	0	0	0	0	0	0	0	0	0	0	0	0	0	0	0	0	0	0	0	0	0	0	0	0	0	0	0	0	0	0	0	0	0	0	0	0	0	0	0	0	0	0	0	0	0	0	0	0	0	0	0	0	0	0	0	0	0	0	0	0	0	0	0	0	0	0	0	0	153	128	118	133	67	126	93	69	183	157	44	79	108	128	123	66	131	101	151	61	127	79	103	176	183	112	62	153	128	100	52	68	174	199
0	0	0	0	0	0	0	0	0	0	0	0	0	0	0	0	0	0	0	0	0	0	0	0	0	0	0	0	0	0	0	0	0	0	0	0	0	0	0	0	0	0	0	0	0	0	0	0	0	0	0	0	0	0	0	0	0	0	0	0	0	0	0	0	0	0	0	0	0	0	0	0	0	0	0	0	0	0	0	0	0	0	0	0	0	0	0	0	0	0	0	0	0	0	0	184	154	24	143	133	103	93	41	106	137	101	117	137	86	36	98	39	167	157	144	6	210	59	4	47	55	124	123	136	32	196	67	56
0	0	0	0	0	0	0	0	0	0	0	0	0	0	0	0	0	0	0	0	0	0	0	0	0	0	0	0	0	0	0	0	0	0	0	0	0	0	0	0	0	0	0	0	0	0	0	0	0	0	0	0	0	0	0	0	0	0	0	0	0	0	0	0	0	0	0	0	0	0	0	0	0	0	0	0	0	0	0	0	0	0	0	0	0	0	0	0	0	0	0	0	0	0	0	0	57	91	79	83	209	140	62	94	152	72	159	158	147	105	80	162	98	66	128	201	112	148	152	81	90	80	132	107	206	169	170	156
0	0	0	0	0	0	0	0	0	0	0	0	0	0	0	0	0	0	0	0	0	0	0	0	0	0	0	0	0	0	0	0	0	0	0	0	0	0	0	0	0	0	0	0	0	0	0	0	0	0	0	0	0	0	0	0	0	0	0	0	0	0	0	0	0	0	0	0	0	0	0	0	0	0	0	0	0	0	0	0	0	0	0	0	0	0	0	0	0	0	0	0	0	0	0	0	0	87	117	99	71	92	91	64	153	117	107	114	109	100	50	15	102	154	109	97	151	97	177	161	139	37	95	103	119	180	102	75
0	0	0	0	0	0	0	0	0	0	0	0	0	0	0	0	0	0	0	0	0	0	0	0	0	0	0	0	0	0	0	0	0	0	0	0	0	0	0	0	0	0	0	0	0	0	0	0	0	0	0	0	0	0	0	0	0	0	0	0	0	0	0	0	0	0	0	0	0	0	0	0	0	0	0	0	0	0	0	0	0	0	0	0	0	0	0	0	0	0	0	0	0	0	0	0	0	0	108	155	160	164	113	159	20	169	126	128	124	124	129	99	144	203	119	70	85	79	96	137	105	114	159	187	202	126	140	70
0	0	0	0	0	0	0	0	0	0	0	0	0	0	0	0	0	0	0	0	0	0	0	0	0	0	0	0	0	0	0	0	0	0	0	0	0	0	0	0	0	0	0	0	0	0	0	0	0	0	0	0	0	0	0	0	0	0	0	0	0	0	0	0	0	0	0	0	0	0	0	0	0	0	0	0	0	0	0	0	0	0	0	0	0	0	0	0	0	0	0	0	0	0	0	0	0	0	0	132	72	52	60	81	42	91	105	112	125	108	140	156	92	212	107	62	57	145	41	74	103	127	148	144	195	200	46	33
0	0	0	0	0	0	0	0	0	0	0	0	0	0	0	0	0	0	0	0	0	0	0	0	0	0	0	0	0	0	0	0	0	0	0	0	0	0	0	0	0	0	0	0	0	0	0	0	0	0	0	0	0	0	0	0	0	0	0	0	0	0	0	0	0	0	0	0	0	0	0	0	0	0	0	0	0	0	0	0	0	0	0	0	0	0	0	0	0	0	0	0	0	0	0	0	0	0	0	0	83	32	77	165	108	97	95	125	79	99	67	59	113	133	74	47	134	96	103	101	58	78	130	81	188	71	63	99
0	0	0	0	0	0	0	0	0	0	0	0	0	0	0	0	0	0	0	0	0	0	0	0	0	0	0	0	0	0	0	0	0	0	0	0	0	0	0	0	0	0	0	0	0	0	0	0	0	0	0	0	0	0	0	0	0	0	0	0	0	0	0	0	0	0	0	0	0	0	0	0	0	0	0	0	0	0	0	0	0	0	0	0	0	0	0	0	0	0	0	0	0	0	0	0	0	0	0	0	0	190	61	127	41	93	108	205	59	74	165	57	186	222	146	187	143	107	110	42	118	20	108	36	136	191	98	153
0	0	0	0	0	0	0	0	0	0	0	0	0	0	0	0	0	0	0	0	0	0	0	0	0	0	0	0	0	0	0	0	0	0	0	0	0	0	0	0	0	0	0	0	0	0	0	0	0	0	0	0	0	0	0	0	0	0	0	0	0	0	0	0	0	0	0	0	0	0	0	0	0	0	0	0	0	0	0	0	0	0	0	0	0	0	0	0	0	0	0	0	0	0	0	0	0	0	0	0	0	0	71	66	118	37	211	97	101	54	152	125	181	120	204	184	210	110	171	158	120	184	134	70	120	146	151	144
0	0	0	0	0	0	0	0	0	0	0	0	0	0	0	0	0	0	0	0	0	0	0	0	0	0	0	0	0	0	0	0	0	0	0	0	0	0	0	0	0	0	0	0	0	0	0	0	0	0	0	0	0	0	0	0	0	0	0	0	0	0	0	0	0	0	0	0	0	0	0	0	0	0	0	0	0	0	0	0	0	0	0	0	0	0	0	0	0	0	0	0	0	0	0	0	0	0	0	0	0	0	0	89	97	81	207	190	203	78	165	126	95	122	107	145	42	30	98	94	90	171	109	182	103	80	196	120
0	0	0	0	0	0	0	0	0	0	0	0	0	0	0	0	0	0	0	0	0	0	0	0	0	0	0	0	0	0	0	0	0	0	0	0	0	0	0	0	0	0	0	0	0	0	0	0	0	0	0	0	0	0	0	0	0	0	0	0	0	0	0	0	0	0	0	0	0	0	0	0	0	0	0	0	0	0	0	0	0	0	0	0	0	0	0	0	0	0	0	0	0	0	0	0	0	0	0	0	0	0	0	0	97	106	112	207	176	113	104	104	91	35	152	118	142	159	116	39	25	146	168	131	155	129	211	180
0	0	0	0	0	0	0	0	0	0	0	0	0	0	0	0	0	0	0	0	0	0	0	0	0	0	0	0	0	0	0	0	0	0	0	0	0	0	0	0	0	0	0	0	0	0	0	0	0	0	0	0	0	0	0	0	0	0	0	0	0	0	0	0	0	0	0	0	0	0	0	0	0	0	0	0	0	0	0	0	0	0	0	0	0	0	0	0	0	0	0	0	0	0	0	0	0	0	0	0	0	0	0	0	0	108	198	108	162	142	184	149	175	153	49	109	129	120	187	124	95	143	47	105	62	75	114	169
0	0	0	0	0	0	0	0	0	0	0	0	0	0	0	0	0	0	0	0	0	0	0	0	0	0	0	0	0	0	0	0	0	0	0	0	0	0	0	0	0	0	0	0	0	0	0	0	0	0	0	0	0	0	0	0	0	0	0	0	0	0	0	0	0	0	0	0	0	0	0	0	0	0	0	0	0	0	0	0	0	0	0	0	0	0	0	0	0	0	0	0	0	0	0	0	0	0	0	0	0	0	0	0	0	0	113	170	175	190	97	151	113	80	164	119	171	67	85	120	80	122	14	162	105	94	185	54
0	0	0	0	0	0	0	0	0	0	0	0	0	0	0	0	0	0	0	0	0	0	0	0	0	0	0	0	0	0	0	0	0	0	0	0	0	0	0	0	0	0	0	0	0	0	0	0	0	0	0	0	0	0	0	0	0	0	0	0	0	0	0	0	0	0	0	0	0	0	0	0	0	0	0	0	0	0	0	0	0	0	0	0	0	0	0	0	0	0	0	0	0	0	0	0	0	0	0	0	0	0	0	0	0	0	0	105	117	147	89	117	213	69	136	140	36	174	74	34	119	117	96	34	139	134	101	94
0	0	0	0	0	0	0	0	0	0	0	0	0	0	0	0	0	0	0	0	0	0	0	0	0	0	0	0	0	0	0	0	0	0	0	0	0	0	0	0	0	0	0	0	0	0	0	0	0	0	0	0	0	0	0	0	0	0	0	0	0	0	0	0	0	0	0	0	0	0	0	0	0	0	0	0	0	0	0	0	0	0	0	0	0	0	0	0	0	0	0	0	0	0	0	0	0	0	0	0	0	0	0	0	0	0	0	0	91	130	105	69	144	74	133	124	92	203	125	170	164	158	138	69	136	156	77	105
0	0	0	0	0	0	0	0	0	0	0	0	0	0	0	0	0	0	0	0	0	0	0	0	0	0	0	0	0	0	0	0	0	0	0	0	0	0	0	0	0	0	0	0	0	0	0	0	0	0	0	0	0	0	0	0	0	0	0	0	0	0	0	0	0	0	0	0	0	0	0	0	0	0	0	0	0	0	0	0	0	0	0	0	0	0	0	0	0	0	0	0	0	0	0	0	0	0	0	0	0	0	0	0	0	0	0	0	0	136	99	154	105	198	134	131	58	88	142	136	126	124	69	56	160	109	71	158
0	0	0	0	0	0	0	0	0	0	0	0	0	0	0	0	0	0	0	0	0	0	0	0	0	0	0	0	0	0	0	0	0	0	0	0	0	0	0	0	0	0	0	0	0	0	0	0	0	0	0	0	0	0	0	0	0	0	0	0	0	0	0	0	0	0	0	0	0	0	0	0	0	0	0	0	0	0	0	0	0	0	0	0	0	0	0	0	0	0	0	0	0	0	0	0	0	0	0	0	0	0	0	0	0	0	0	0	0	0	111	63	205	140	82	100	64	152	36	114	133	70	154	138	163	162	120	122
0	0	0	0	0	0	0	0	0	0	0	0	0	0	0	0	0	0	0	0	0	0	0	0	0	0	0	0	0	0	0	0	0	0	0	0	0	0	0	0	0	0	0	0	0	0	0	0	0	0	0	0	0	0	0	0	0	0	0	0	0	0	0	0	0	0	0	0	0	0	0	0	0	0	0	0	0	0	0	0	0	0	0	0	0	0	0	0	0	0	0	0	0	0	0	0	0	0	0	0	0	0	0	0	0	0	0	0	0	0	0	132	68	41	69	183	79	152	81	29	123	54	135	76	190	139	149	93
0	0	0	0	0	0	0	0	0	0	0	0	0	0	0	0	0	0	0	0	0	0	0	0	0	0	0	0	0	0	0	0	0	0	0	0	0	0	0	0	0	0	0	0	0	0	0	0	0	0	0	0	0	0	0	0	0	0	0	0	0	0	0	0	0	0	0	0	0	0	0	0	0	0	0	0	0	0	0	0	0	0	0	0	0	0	0	0	0	0	0	0	0	0	0	0	0	0	0	0	0	0	0	0	0	0	0	0	0	0	0	0	135	163	173	125	60	76	122	55	159	136	91	50	130	97	115	221
0	0	0	0	0	0	0	0	0	0	0	0	0	0	0	0	0	0	0	0	0	0	0	0	0	0	0	0	0	0	0	0	0	0	0	0	0	0	0	0	0	0	0	0	0	0	0	0	0	0	0	0	0	0	0	0	0	0	0	0	0	0	0	0	0	0	0	0	0	0	0	0	0	0	0	0	0	0	0	0	0	0	0	0	0	0	0	0	0	0	0	0	0	0	0	0	0	0	0	0	0	0	0	0	0	0	0	0	0	0	0	0	0	107	107	38	141	160	148	181	181	107	142	157	137	99	140	115
0	0	0	0	0	0	0	0	0	0	0	0	0	0	0	0	0	0	0	0	0	0	0	0	0	0	0	0	0	0	0	0	0	0	0	0	0	0	0	0	0	0	0	0	0	0	0	0	0	0	0	0	0	0	0	0	0	0	0	0	0	0	0	0	0	0	0	0	0	0	0	0	0	0	0	0	0	0	0	0	0	0	0	0	0	0	0	0	0	0	0	0	0	0	0	0	0	0	0	0	0	0	0	0	0	0	0	0	0	0	0	0	0	0	184	117	134	65	189	208	192	72	75	91	151	68	179	124
0	0	0	0	0	0	0	0	0	0	0	0	0	0	0	0	0	0	0	0	0	0	0	0	0	0	0	0	0	0	0	0	0	0	0	0	0	0	0	0	0	0	0	0	0	0	0	0	0	0	0	0	0	0	0	0	0	0	0	0	0	0	0	0	0	0	0	0	0	0	0	0	0	0	0	0	0	0	0	0	0	0	0	0	0	0	0	0	0	0	0	0	0	0	0	0	0	0	0	0	0	0	0	0	0	0	0	0	0	0	0	0	0	0	0	142	122	179	147	124	30	149	144	141	195	121	109	210
0	0	0	0	0	0	0	0	0	0	0	0	0	0	0	0	0	0	0	0	0	0	0	0	0	0	0	0	0	0	0	0	0	0	0	0	0	0	0	0	0	0	0	0	0	0	0	0	0	0	0	0	0	0	0	0	0	0	0	0	0	0	0	0	0	0	0	0	0	0	0	0	0	0	0	0	0	0	0	0	0	0	0	0	0	0	0	0	0	0	0	0	0	0	0	0	0	0	0	0	0	0	0	0	0	0	0	0	0	0	0	0	0	0	0	0	169	101	177	186	121	133	141	142	83	145	50	138
0	0	0	0	0	0	0	0	0	0	0	0	0	0	0	0	0	0	0	0	0	0	0	0	0	0	0	0	0	0	0	0	0	0	0	0	0	0	0	0	0	0	0	0	0	0	0	0	0	0	0	0	0	0	0	0	0	0	0	0	0	0	0	0	0	0	0	0	0	0	0	0	0	0	0	0	0	0	0	0	0	0	0	0	0	0	0	0	0	0	0	0	0	0	0	0	0	0	0	0	0	0	0	0	0	0	0	0	0	0	0	0	0	0	0	0	0	110	68	77	151	108	91	202	147	114	156	153
0	0	0	0	0	0	0	0	0	0	0	0	0	0	0	0	0	0	0	0	0	0	0	0	0	0	0	0	0	0	0	0	0	0	0	0	0	0	0	0	0	0	0	0	0	0	0	0	0	0	0	0	0	0	0	0	0	0	0	0	0	0	0	0	0	0	0	0	0	0	0	0	0	0	0	0	0	0	0	0	0	0	0	0	0	0	0	0	0	0	0	0	0	0	0	0	0	0	0	0	0	0	0	0	0	0	0	0	0	0	0	0	0	0	0	0	0	0	54	104	46	189	76	109	233	178	150	94
0	0	0	0	0	0	0	0	0	0	0	0	0	0	0	0	0	0	0	0	0	0	0	0	0	0	0	0	0	0	0	0	0	0	0	0	0	0	0	0	0	0	0	0	0	0	0	0	0	0	0	0	0	0	0	0	0	0	0	0	0	0	0	0	0	0	0	0	0	0	0	0	0	0	0	0	0	0	0	0	0	0	0	0	0	0	0	0	0	0	0	0	0	0	0	0	0	0	0	0	0	0	0	0	0	0	0	0	0	0	0	0	0	0	0	0	0	0	0	152	195	81	113	175	154	119	101	127
0	0	0	0	0	0	0	0	0	0	0	0	0	0	0	0	0	0	0	0	0	0	0	0	0	0	0	0	0	0	0	0	0	0	0	0	0	0	0	0	0	0	0	0	0	0	0	0	0	0	0	0	0	0	0	0	0	0	0	0	0	0	0	0	0	0	0	0	0	0	0	0	0	0	0	0	0	0	0	0	0	0	0	0	0	0	0	0	0	0	0	0	0	0	0	0	0	0	0	0	0	0	0	0	0	0	0	0	0	0	0	0	0	0	0	0	0	0	0	0	175	128	211	168	31	115	98	215
0	0	0	0	0	0	0	0	0	0	0	0	0	0	0	0	0	0	0	0	0	0	0	0	0	0	0	0	0	0	0	0	0	0	0	0	0	0	0	0	0	0	0	0	0	0	0	0	0	0	0	0	0	0	0	0	0	0	0	0	0	0	0	0	0	0	0	0	0	0	0	0	0	0	0	0	0	0	0	0	0	0	0	0	0	0	0	0	0	0	0	0	0	0	0	0	0	0	0	0	0	0	0	0	0	0	0	0	0	0	0	0	0	0	0	0	0	0	0	0	0	176	125	124	176	164	133	169
0	0	0	0	0	0	0	0	0	0	0	0	0	0	0	0	0	0	0	0	0	0	0	0	0	0	0	0	0	0	0	0	0	0	0	0	0	0	0	0	0	0	0	0	0	0	0	0	0	0	0	0	0	0	0	0	0	0	0	0	0	0	0	0	0	0	0	0	0	0	0	0	0	0	0	0	0	0	0	0	0	0	0	0	0	0	0	0	0	0	0	0	0	0	0	0	0	0	0	0	0	0	0	0	0	0	0	0	0	0	0	0	0	0	0	0	0	0	0	0	0	0	75	50	75	134	139	107
0	0	0	0	0	0	0	0	0	0	0	0	0	0	0	0	0	0	0	0	0	0	0	0	0	0	0	0	0	0	0	0	0	0	0	0	0	0	0	0	0	0	0	0	0	0	0	0	0	0	0	0	0	0	0	0	0	0	0	0	0	0	0	0	0	0	0	0	0	0	0	0	0	0	0	0	0	0	0	0	0	0	0	0	0	0	0	0	0	0	0	0	0	0	0	0	0	0	0	0	0	0	0	0	0	0	0	0	0	0	0	0	0	0	0	0	0	0	0	0	0	0	0	176	161	114	181	159
0	0	0	0	0	0	0	0	0	0	0	0	0	0	0	0	0	0	0	0	0	0	0	0	0	0	0	0	0	0	0	0	0	0	0	0	0	0	0	0	0	0	0	0	0	0	0	0	0	0	0	0	0	0	0	0	0	0	0	0	0	0	0	0	0	0	0	0	0	0	0	0	0	0	0	0	0	0	0	0	0	0	0	0	0	0	0	0	0	0	0	0	0	0	0	0	0	0	0	0	0	0	0	0	0	0	0	0	0	0	0	0	0	0	0	0	0	0	0	0	0	0	0	0	145	165	112	102
0	0	0	0	0	0	0	0	0	0	0	0	0	0	0	0	0	0	0	0	0	0	0	0	0	0	0	0	0	0	0	0	0	0	0	0	0	0	0	0	0	0	0	0	0	0	0	0	0	0	0	0	0	0	0	0	0	0	0	0	0	0	0	0	0	0	0	0	0	0	0	0	0	0	0	0	0	0	0	0	0	0	0	0	0	0	0	0	0	0	0	0	0	0	0	0	0	0	0	0	0	0	0	0	0	0	0	0	0	0	0	0	0	0	0	0	0	0	0	0	0	0	0	0	0	203	88	147
0	0	0	0	0	0	0	0	0	0	0	0	0	0	0	0	0	0	0	0	0	0	0	0	0	0	0	0	0	0	0	0	0	0	0	0	0	0	0	0	0	0	0	0	0	0	0	0	0	0	0	0	0	0	0	0	0	0	0	0	0	0	0	0	0	0	0	0	0	0	0	0	0	0	0	0	0	0	0	0	0	0	0	0	0	0	0	0	0	0	0	0	0	0	0	0	0	0	0	0	0	0	0	0	0	0	0	0	0	0	0	0	0	0	0	0	0	0	0	0	0	0	0	0	0	0	132	125
0	0	0	0	0	0	0	0	0	0	0	0	0	0	0	0	0	0	0	0	0	0	0	0	0	0	0	0	0	0	0	0	0	0	0	0	0	0	0	0	0	0	0	0	0	0	0	0	0	0	0	0	0	0	0	0	0	0	0	0	0	0	0	0	0	0	0	0	0	0	0	0	0	0	0	0	0	0	0	0	0	0	0	0	0	0	0	0	0	0	0	0	0	0	0	0	0	0	0	0	0	0	0	0	0	0	0	0	0	0	0	0	0	0	0	0	0	0	0	0	0	0	0	0	0	0	0	123
0	0	0	0	0	0	0	0	0	0	0	0	0	0	0	0	0	0	0	0	0	0	0	0	0	0	0	0	0	0	0	0	0	0	0	0	0	0	0	0	0	0	0	0	0	0	0	0	0	0	0	0	0	0	0	0	0	0	0	0	0	0	0	0	0	0	0	0	0	0	0	0	0	0	0	0	0	0	0	0	0	0	0	0	0	0	0	0	0	0	0	0	0	0	0	0	0	0	0	0	0	0	0	0	0	0	0	0	0	0	0	0	0	0	0	0	0	0	0	0	0	0	0	0	0	0	0	0