0	111	65	64	53	55	54	12	76	37	104	85	36	19	60	99	54	15	5	13	51	49	13	90	44	125	24	129	6	85	75	90	17	83	100	35	32	24	53	122	68	72	34	64	3	25	81	75	33	116	47	16	5	4	52	32	116	6	45	9	54	46	14	91	128	71	125	37	90	82	118	50	10	3	17	59	79	24	109	114	7	23	119	85	91	91	90	64	33	96	52	110	40	71	111	79	43	9	71	16	60	71	80	128	55	100	99	59	111	23	35	60	37	6	99	93	7	49	12	27	107	59	64	35	16	59	58	115
0	0	130	125	80	37	72	27	112	73	67	52	26	89	123	47	97	99	42	70	71	95	123	7	54	42	28	56	59	75	24	34	59	49	34	10	69	123	97	19	88	117	81	47	119	124	38	14	23	33	42	58	119	84	86	45	7	47	45	93	7	21	39	11	114	27	74	96	42	89	36	12	56	110	81	78	123	90	50	42	128	93	82	84	113	8	9	50	22	112	4	76	104	18	34	2	82	102	110	36	32	86	87	94	4	120	121	40	96	80	28	71	15	106	101	123	47	88	4	20	48	44	44	3	6	96	85	25
0	0	0	63	81	119	6	9	21	84	75	19	51	32	16	4	12	90	18	131	95	122	22	84	62	41	45	95	115	46	36	106	52	99	42	93	114	105	125	64	88	14	74	20	113	67	73	102	26	31	24	85	43	109	77	30	9	108	66	91	57	38	54	15	30	4	27	8	21	106	83	107	55	109	65	122	81	26	18	76	103	24	47	112	68	52	116	48	38	82	53	58	13	119	68	70	26	27	97	66	79	99	26	29	120	6	75	87	113	5	106	6	31	103	30	54	106	83	38	31	89	16	120	122	104	8	21	3
0	0	0	0	73	56	23	125	31	90	19	103	94	21	26	46	122	104	120	99	34	101	32	115	48	121	15	90	104	121	49	18	57	16	81	62	130	80	109	34	69	75	87	67	114	34	34	38	85	76	61	114	41	6	97	71	78	17	73	11	53	47	94	128	40	105	75	36	51	113	131	44	98	30	43	117	65	54	14	71	126	116	117	128	122	109	100	113	127	131	18	41	110	111	40	78	96	116	91	29	83	107	44	114	109	64	128	11	85	126	121	15	87	12	3	124	71	31	86	26	19	41	60	56	41	41	79	26
0	0	0	0	0	126	54	62	115	100	66	62	129	107	15	24	8	56	24	123	70	72	74	23	98	46	121	127	126	29	100	94	97	36	21	86	24	95	103	74	100	74	122	62	123	30	13	85	125	18	68	4	61	38	50	29	114	41	10	3	3	82	54	110	20	128	110	6	76	113	97	30	41	104	36	96	13	126	90	124	51	8	35	125	62	102	14	45	24	103	8	130	109	104	112	110	93	103	45	25	87	52	34	66	99	66	41	83	26	73	103	78	87	25	132	27	64	5	131	94	125	43	37	44	24	21	100	119
0	0	0	0	0	0	68	114	76	114	117	63	49	45	46	97	103	73	20	55	64	48	89	109	108	14	131	41	36	23	91	92	86	108	65	9	89	76	45	64	40	113	111	122	71	6	100	70	96	4	46	74	125	42	46	29	102	93	102	61	79	88	22	55	122	92	78	40	31	5	54	103	116	80	22	31	100	104	98	13	47	23	91	32	98	93	20	46	61	112	106	112	71	44	130	10	26	81	68	57	130	37	69	35	64	115	72	98	95	98	94	56	65	53	94	18	56	9	123	18	14	98	106	22	128	119	116	94
0	0	0	0	0	0	0	124	109	59	26	102	129	63	59	53	81	16	75	49	35	27	98	128	108	116	29	24	18	33	108	13	29	31	77	72	33	131	127	86	123	121	122	94	59	79	95	5	117	55	128	25	101	33	91	6	45	58	51	47	130	73	62	91	69	124	57	68	106	36	105	127	106	123	85	76	123	19	72	8	26	44	29	59	79	74	121	96	82	52	35	86	22	126	26	94	110	41	70	105	36	52	27	50	44	112	118	59	7	48	61	3	36	126	71	10	41	74	115	99	107	59	57	123	48	108	98	20
0	0	0	0	0	0	0	0	92	18	117	41	17	57	52	57	88	116	87	83	122	131	66	17	86	77	53	76	16	109	64	88	27	127	119	20	93	62	55	102	7	24	5	51	123	94	94	37	106	6	41	70	18	67	17	121	107	65	120	103	85	98	35	97	40	15	25	24	89	94	92	56	53	106	48	32	47	58	78	43	77	28	39	19	95	106	108	83	101	129	87	41	48	113	101	50	117	94	108	43	101	54	98	114	37	126	42	12	23	73	78	55	121	16	83	116	117	17	121	45	125	12	24	7	98	124	10	89
0	0	0	0	0	0	0	0	0	81	25	121	71	84	34	49	25	61	36	64	90	107	122	5	50	27	60	28	8	81	35	100	87	107	16	44	30	41	48	11	12	10	19	73	27	113	86	9	62	110	34	136	92	79	2	44	68	30	123	68	98	86	12	41	74	72	31	103	85	17	18	120	91	6	52	57	26	60	49	50	11	94	12	23	47	21	115	40	83	18	11	85	82	73	21	20	42	70	83	118	55	84	100	112	71	26	70	120	82	11	81	50	110	94	41	92	98	65	58	23	126	89	69	66	129	47	103	93
0	0	0	0	0	0	0	0	0	0	37	19	81	48	81	24	45	101	42	118	49	83	42	50	56	134	78	67	74	118	69	107	101	43	96	102	80	98	36	87	82	66	16	28	110	98	66	98	60	12	19	31	122	92	90	14	134	37	55	58	57	76	106	75	19	115	30	97	14	113	18	93	87	80	48	42	109	99	21	94	38	70	125	15	46	70	77	25	44	5	11	63	29	43	57	48	60	41	107	79	105	115	35	35	99	87	130	48	34	36	12	100	17	79	30	33	87	85	132	32	113	43	92	47	44	80	113	11
0	0	0	0	0	0	0	0	0	0	0	20	110	108	106	77	123	128	37	54	12	92	87	76	90	108	113	27	111	100	118	138	34	27	47	39	53	46	62	12	79	45	130	100	16	63	93	18	44	53	8	88	68	46	23	50	91	121	43	125	17	54	114	88	90	94	97	14	24	47	91	111	114	62	65	96	100	99	64	119	43	14	105	127	84	73	33	83	12	82	52	33	61	43	28	95	30	102	82	64	123	96	99	128	22	11	132	123	44	39	18	100	126	116	124	55	111	101	29	69	79	54	126	65	93	84	78	92
0	0	0	0	0	0	0	0	0	0	0	0	50	77	12	68	101	23	111	53	114	11	108	69	113	89	66	127	64	44	9	129	130	109	36	88	19	118	65	4	50	4	40	36	86	18	79	32	28	77	51	43	30	32	11	64	122	65	77	120	69	106	138	116	75	118	80	132	118	77	107	32	18	36	17	30	128	111	125	34	74	140	28	64	106	72	115	122	17	16	5	120	123	136	45	90	53	41	51	42	128	68	119	117	81	84	97	27	60	8	60	80	24	66	103	16	39	74	52	50	42	113	61	98	39	11	103	86
0	0	0	0	0	0	0	0	0	0	0	0	0	133	39	21	107	95	71	124	81	100	75	113	35	24	131	121	111	23	22	83	62	74	129	22	114	27	128	18	37	82	63	34	70	109	101	119	71	120	127	95	52	111	49	42	11	109	33	125	102	38	18	40	138	111	17	73	20	116	128	85	76	127	51	90	103	98	105	24	71	124	111	28	90	62	50	14	56	32	118	95	113	87	84	78	18	127	42	126	127	65	55	108	122	47	16	125	132	33	69	39	116	67	54	26	115	128	19	105	114	118	133	69	25	114	136	52
0	0	0	0	0	0	0	0	0	0	0	0	0	0	87	28	103	68	89	71	135	65	132	123	44	3	30	135	105	22	120	134	45	65	50	28	59	54	19	31	41	82	117	14	44	11	61	32	13	120	100	53	78	57	84	43	49	38	40	7	93	25	81	130	117	25	53	56	55	58	38	21	109	69	62	88	43	115	66	117	18	86	112	84	141	74	119	79	123	9	80	6	30	107	61	41	69	67	53	13	103	38	11	21	15	113	126	88	126	105	19	114	79	74	66	47	65	114	124	114	59	108	109	56	18	79	71	89
0	0	0	0	0	0	0	0	0	0	0	0	0	0	0	21	119	28	99	95	128	30	67	126	122	109	128	94	82	93	60	20	97	129	73	112	114	52	12	16	131	68	10	111	56	30	95	51	112	59	7	48	7	127	122	39	113	90	39	37	74	39	51	50	117	82	112	90	56	123	28	14	92	34	20	65	11	109	84	16	22	74	67	35	39	87	88	113	17	133	117	92	38	29	49	16	20	19	109	87	19	89	96	113	76	107	95	52	80	32	21	129	95	11	15	112	35	25	100	96	38	101	112	24	43	45	91	124
0	0	0	0	0	0	0	0	0	0	0	0	0	0	0	0	27	127	12	67	128	55	135	31	47	68	132	65	33	110	29	132	57	20	131	16	122	13	98	121	108	55	41	85	104	68	119	97	132	71	75	66	42	54	108	121	79	100	82	91	101	116	116	88	131	75	123	112	101	46	98	40	18	91	118	121	104	132	11	34	116	104	10	21	39	28	92	63	14	22	38	48	105	38	75	77	92	35	54	93	88	79	58	6	114	71	95	106	18	95	94	33	42	90	76	74	44	74	99	8	82	30	26	14	29	80	96	126
0	0	0	0	0	0	0	0	0	0	0	0	0	0	0	0	0	16	137	101	7	123	19	69	51	108	27	100	129	49	128	82	65	120	31	116	70	65	70	69	96	94	58	39	111	24	97	69	103	94	76	74	14	101	67	87	65	46	41	31	38	14	71	78	7	70	6	87	53	42	132	124	113	44	109	103	61	12	44	123	85	74	61	90	103	57	25	28	30	53	134	127	52	45	89	24	113	132	37	98	13	36	119	18	83	58	56	67	118	131	67	84	83	129	16	58	100	26	58	40	36	69	84	70	62	38	11	100
0	0	0	0	0	0	0	0	0	0	0	0	0	0	0	0	0	0	91	66	23	37	89	10	73	82	98	44	128	40	81	85	58	93	120	128	139	131	51	51	45	88	132	66	71	87	115	59	18	92	119	117	15	68	53	56	74	71	82	51	111	128	67	38	78	33	11	55	30	119	28	26	80	52	82	70	117	55	72	134	65	58	129	11	89	89	86	79	45	37	82	124	63	112	141	94	29	80	113	100	128	79	104	46	131	65	126	130	26	109	109	33	122	42	16	118	3	129	100	114	32	78	133	53	47	51	104	57
0	0	0	0	0	0	0	0	0	0	0	0	0	0	0	0	0	0	0	77	65	119	116	18	15	103	116	75	57	35	128	10	46	97	126	144	57	60	40	35	130	25	101	117	111	86	73	43	76	32	128	43	67	39	44	100	119	89	56	56	77	86	76	114	93	76	119	28	20	124	79	97	130	114	64	81	23	104	31	32	48	29	32	27	125	37	122	107	116	125	32	26	132	15	68	21	6	58	126	122	117	11	59	61	25	93	41	33	86	82	80	45	18	116	94	41	72	107	126	58	137	20	134	99	52	129	38	35
0	0	0	0	0	0	0	0	0	0	0	0	0	0	0	0	0	0	0	0	34	72	58	26	121	51	68	65	95	17	126	58	14	82	135	70	35	75	25	135	10	101	30	30	40	16	105	46	63	59	34	26	101	108	127	72	22	21	26	57	101	51	105	77	18	134	31	78	22	42	69	141	56	32	102	110	64	22	35	53	38	60	76	56	130	31	66	131	109	102	129	22	55	131	5	42	46	114	113	117	51	127	97	51	31	127	57	79	49	30	137	37	100	16	98	87	7	56	65	123	73	94	128	87	53	15	71	29
0	0	0	0	0	0	0	0	0	0	0	0	0	0	0	0	0	0	0	0	0	104	51	117	20	116	109	101	31	80	85	88	63	55	70	118	115	109	71	16	140	54	100	79	69	84	102	40	139	118	39	54	79	13	42	129	27	54	123	32	69	73	90	115	136	90	132	109	118	106	93	129	80	125	104	128	37	118	42	132	24	46	139	76	76	73	98	36	81	102	114	95	61	110	139	114	120	81	30	49	51	58	114	114	105	49	96	21	45	74	58	108	57	39	42	74	27	67	23	50	143	26	59	24	112	47	45	118
0	0	0	0	0	0	0	0	0	0	0	0	0	0	0	0	0	0	0	0	0	0	143	69	124	102	39	125	23	56	92	57	130	64	55	133	65	87	123	104	43	89	65	113	31	66	62	72	84	22	44	52	131	27	131	135	106	47	30	121	111	98	52	81	80	99	42	121	125	142	105	132	25	94	120	139	122	126	71	138	83	109	52	45	129	93	83	82	132	75	141	125	109	112	109	123	12	106	75	57	35	35	130	24	50	64	99	24	85	45	72	108	30	63	89	126	47	125	25	105	104	99	91	33	71	107	23	64
0	0	0	0	0	0	0	0	0	0	0	0	0	0	0	0	0	0	0	0	0	0	0	133	91	48	144	96	61	67	18	71	107	108	110	16	59	99	76	63	41	14	136	110	101	19	104	88	74	79	114	25	63	43	124	27	88	112	23	102	24	29	45	84	41	70	143	82	109	124	118	135	97	120	99	68	60	94	129	92	118	90	54	131	79	72	79	54	67	62	113	15	36	61	127	116	34	45	114	27	113	132	72	139	105	81	82	122	83	74	117	37	131	70	109	21	64	83	76	33	105	84	86	148	87	74	85	126
0	0	0	0	0	0	0	0	0	0	0	0	0	0	0	0	0	0	0	0	0	0	0	0	134	10	32	112	38	111	26	135	96	32	29	47	132	85	86	138	51	100	39	21	18	90	89	24	142	134	97	107	118	123	95	91	32	85	127	143	133	115	99	95	135	105	135	134	44	57	131	147	102	108	38	45	79	97	120	95	22	133	48	68	61	17	104	41	150	136	29	21	99	120	137	74	61	86	37	64	63	104	30	27	131	37	115	29	69	92	54	139	131	85	96	29	52	57	104	76	68	102	27	136	94	43	96	117
0	0	0	0	0	0	0	0	0	0	0	0	0	0	0	0	0	0	0	0	0	0	0	0	0	107	100	108	128	117	84	69	123	68	141	125	56	16	70	37	69	112	142	103	127	97	64	77	123	61	24	129	13	115	47	122	82	121	98	49	64	118	26	129	120	16	100	47	128	104	131	34	84	48	90	59	60	34	44	26	25	73	147	71	22	108	128	120	96	15	63	23	47	101	23	115	109	89	50	34	56	119	124	11	104	49	135	22	60	138	113	136	107	82	89	77	43	134	106	27	56	104	117	81	123	7	57	122
0	0	0	0	0	0	0	0	0	0	0	0	0	0	0	0	0	0	0	0	0	0	0	0	0	0	151	62	129	56	149	58	84	32	115	25	62	118	12	84	126	36	30	68	104	144	90	50	46	123	28	124	53	35	56	70	77	150	108	133	32	64	43	105	43	108	81	116	80	88	101	131	133	80	137	35	19	14	27	133	52	124	43	58	89	60	83	74	13	92	132	56	94	30	28	63	17	128	18	117	117	137	103	73	65	116	117	102	29	77	107	134	104	127	72	136	72	128	86	36	45	38	32	30	108	87	123	120
0	0	0	0	0	0	0	0	0	0	0	0	0	0	0	0	0	0	0	0	0	0	0	0	0	0	0	117	12	49	115	87	107	119	52	67	40	53	24	96	139	148	75	121	103	137	88	104	26	21	84	53	49	107	116	43	89	111	23	76	129	44	122	123	83	79	22	117	139	101	88	38	100	68	93	87	81	51	95	84	75	43	132	90	51	93	52	24	66	63	103	121	118	79	120	44	81	61	80	11	17	90	42	18	141	68	100	54	111	122	108	104	10	67	120	72	57	101	28	62	70	92	120	90	101	117	142	19
0	0	0	0	0	0	0	0	0	0	0	0	0	0	0	0	0	0	0	0	0	0	0	0	0	0	0	0	36	127	147	96	68	141	28	69	130	122	97	125	135	47	12	133	36	115	90	46	56	76	26	103	120	143	70	23	30	21	124	31	66	106	42	97	114	20	36	125	93	60	129	35	133	32	135	39	107	125	116	133	136	73	46	61	40	140	20	93	67	83	81	120	91	146	87	26	26	84	73	37	91	25	35	57	61	47	137	122	46	133	38	137	31	54	7	30	129	112	73	147	112	104	138	114	22	74	63	114
0	0	0	0	0	0	0	0	0	0	0	0	0	0	0	0	0	0	0	0	0	0	0	0	0	0	0	0	0	88	142	109	38	124	45	64	125	108	67	51	56	17	89	46	99	137	117	68	20	129	39	110	23	137	41	138	126	132	119	100	22	97	118	122	84	76	83	83	90	70	47	71	145	30	65	61	144	62	102	21	56	72	47	99	91	77	78	70	90	143	107	116	76	33	74	43	28	39	54	80	116	31	88	128	20	114	149	30	32	65	95	108	51	76	126	12	74	35	116	98	152	138	67	58	55	80	39	53
0	0	0	0	0	0	0	0	0	0	0	0	0	0	0	0	0	0	0	0	0	0	0	0	0	0	0	0	0	0	73	35	59	22	133	79	76	120	54	129	39	7	57	58	79	102	133	62	38	142	117	23	106	109	124	45	56	141	150	33	90	54	46	139	44	93	35	67	103	51	127	112	105	24	114	25	67	57	95	25	30	93	49	39	154	27	147	109	36	73	70	120	80	74	113	147	40	95	66	70	129	74	97	30	126	95	25	120	94	53	22	142	61	123	116	98	108	107	74	90	54	126	57	39	51	31	23	36
0	0	0	0	0	0	0	0	0	0	0	0	0	0	0	0	0	0	0	0	0	0	0	0	0	0	0	0	0	0	0	97	30	78	59	50	77	16	105	124	130	76	102	45	96	32	123	119	82	135	117	16	137	68	65	128	124	86	144	77	33	39	129	22	5	54	61	29	111	120	24	97	141	57	74	4	146	114	131	49	127	30	132	154	113	33	123	66	87	27	52	27	125	95	141	36	118	93	15	2	61	43	72	102	57	81	121	62	57	126	85	110	53	61	105	43	65	133	67	89	109	111	82	31	89	46	42	107
0	0	0	0	0	0	0	0	0	0	0	0	0	0	0	0	0	0	0	0	0	0	0	0	0	0	0	0	0	0	0	0	34	102	145	97	117	63	14	62	99	87	112	44	26	112	119	44	11	31	115	65	82	39	102	103	47	69	70	99	109	100	51	51	29	105	47	96	131	20	53	109	111	93	73	112	35	40	61	159	85	29	109	80	100	66	63	95	86	136	66	109	17	113	99	104	89	52	102	32	143	14	16	52	23	157	72	99	46	107	84	95	114	125	77	110	44	34	136	130	124	91	129	123	25	18	84	90
0	0	0	0	0	0	0	0	0	0	0	0	0	0	0	0	0	0	0	0	0	0	0	0	0	0	0	0	0	0	0	0	0	136	117	119	57	149	100	40	85	66	61	157	35	19	140	19	35	141	102	53	66	67	46	138	46	116	29	82	100	25	35	34	70	104	19	92	132	142	95	102	75	26	11	36	114	56	77	83	56	64	120	47	93	134	81	80	112	64	137	35	87	27	142	141	108	119	86	64	59	77	130	110	82	115	142	6	97	76	62	135	129	132	82	19	102	113	89	104	34	42	55	135	123	129	90	68
0	0	0	0	0	0	0	0	0	0	0	0	0	0	0	0	0	0	0	0	0	0	0	0	0	0	0	0	0	0	0	0	0	0	77	29	142	61	141	111	60	99	125	85	87	129	24	95	120	104	45	134	158	75	102	149	60	161	99	121	114	36	88	128	94	17	57	135	27	119	105	116	141	114	143	122	135	71	14	68	46	136	30	35	55	87	135	146	44	36	68	146	117	100	149	95	37	124	61	89	14	42	56	122	60	93	64	36	136	34	97	54	130	132	68	18	57	36	96	148	96	130	156	86	133	93	125	37
0	0	0	0	0	0	0	0	0	0	0	0	0	0	0	0	0	0	0	0	0	0	0	0	0	0	0	0	0	0	0	0	0	0	0	33	50	108	53	48	73	64	44	97	109	129	34	40	129	54	148	55	44	44	112	100	26	82	35	32	85	137	31	93	40	116	73	77	54	158	53	42	58	118	42	71	127	154	43	142	49	124	64	143	87	117	32	121	136	130	105	29	154	42	133	126	35	76	73	86	118	127	47	104	105	61	54	129	143	45	27	135	34	67	31	98	88	138	61	40	16	141	93	122	62	27	124	110
0	0	0	0	0	0	0	0	0	0	0	0	0	0	0	0	0	0	0	0	0	0	0	0	0	0	0	0	0	0	0	0	0	0	0	0	75	26	129	73	42	66	83	129	18	83	104	79	136	67	31	81	159	112	107	38	21	110	50	80	36	59	112	97	128	134	83	80	71	46	87	149	138	98	19	9	50	52	160	102	92	110	97	24	85	107	36	27	147	150	13	95	89	48	39	151	110	105	8	67	122	38	88	44	47	47	17	129	67	63	137	125	120	127	58	36	45	46	140	54	146	100	161	84	49	107	136	129
0	0	0	0	0	0	0	0	0	0	0	0	0	0	0	0	0	0	0	0	0	0	0	0	0	0	0	0	0	0	0	0	0	0	0	0	0	63	81	107	35	85	128	57	124	130	27	96	35	135	102	87	97	111	80	105	55	112	81	156	79	91	59	70	50	125	54	61	100	163	37	119	104	60	130	21	94	37	39	91	115	91	51	68	112	115	77	87	42	63	85	27	56	91	48	123	90	54	117	126	137	47	132	93	119	68	49	125	123	46	39	85	65	81	79	57	39	67	79	132	44	144	50	23	65	112	49	128
0	0	0	0	0	0	0	0	0	0	0	0	0	0	0	0	0	0	0	0	0	0	0	0	0	0	0	0	0	0	0	0	0	0	0	0	0	0	96	97	142	83	39	131	126	91	144	123	47	136	78	107	46	22	60	19	120	111	73	30	16	59	128	154	81	48	107	76	56	55	79	143	31	33	123	69	94	25	119	75	41	57	17	114	130	125	75	108	65	53	106	128	48	8	48	68	164	81	42	134	98	131	148	74	45	128	60	111	50	94	15	57	57	127	44	72	128	135	62	3	39	57	102	94	106	56	14	105
0	0	0	0	0	0	0	0	0	0	0	0	0	0	0	0	0	0	0	0	0	0	0	0	0	0	0	0	0	0	0	0	0	0	0	0	0	0	0	104	130	32	137	113	22	47	59	16	104	27	137	40	99	68	35	65	82	94	79	86	133	131	98	62	35	34	27	146	33	42	93	134	117	88	133	90	37	132	135	79	56	82	67	70	36	132	46	76	86	154	104	114	97	48	81	37	43	43	33	22	149	91	81	44	70	150	138	60	26	121	61	103	123	108	115	106	83	137	131	41	84	104	131	153	28	74	40	60
0	0	0	0	0	0	0	0	0	0	0	0	0	0	0	0	0	0	0	0	0	0	0	0	0	0	0	0	0	0	0	0	0	0	0	0	0	0	0	0	83	59	35	76	134	90	58	75	55	110	103	68	31	103	43	58	81	56	85	51	76	65	120	74	102	106	53	133	112	63	116	71	153	30	77	45	52	22	98	138	135	130	125	145	122	10	80	128	111	22	40	116	120	134	45	130	48	82	68	152	98	145	31	99	28	127	89	62	81	24	43	54	75	27	79	144	41	97	68	26	73	38	98	106	114	74	120	41
0	0	0	0	0	0	0	0	0	0	0	0	0	0	0	0	0	0	0	0	0	0	0	0	0	0	0	0	0	0	0	0	0	0	0	0	0	0	0	0	0	141	131	40	83	98	26	114	93	124	19	43	159	61	128	130	76	49	135	71	37	107	76	70	130	135	145	124	41	143	85	148	71	91	111	161	78	66	89	82	71	87	72	57	65	136	40	98	104	119	112	66	141	117	107	87	78	94	87	50	150	73	137	20	53	93	116	115	34	97	69	59	37	101	137	62	25	64	100	86	80	84	135	48	63	40	137	25
0	0	0	0	0	0	0	0	0	0	0	0	0	0	0	0	0	0	0	0	0	0	0	0	0	0	0	0	0	0	0	0	0	0	0	0	0	0	0	0	0	0	137	120	63	36	86	52	109	102	131	79	59	89	141	85	46	83	88	52	70	115	123	41	137	51	88	125	78	90	78	158	64	92	73	66	85	65	95	128	97	124	53	66	125	117	122	55	83	88	29	120	59	15	88	11	44	158	73	72	53	51	85	138	134	68	42	138	113	125	51	118	9	37	130	140	133	91	21	98	133	32	62	113	77	76	124	160
0	0	0	0	0	0	0	0	0	0	0	0	0	0	0	0	0	0	0	0	0	0	0	0	0	0	0	0	0	0	0	0	0	0	0	0	0	0	0	0	0	0	0	46	58	42	46	80	105	61	38	109	84	111	135	33	113	100	132	95	102	26	119	112	32	53	48	130	36	116	106	71	58	156	94	132	69	122	55	28	51	80	32	98	129	95	149	70	168	122	46	33	151	35	22	135	115	35	118	98	60	129	91	118	97	67	120	87	44	15	81	41	40	54	51	114	111	39	16	117	126	75	30	101	143	112	50	144
0	0	0	0	0	0	0	0	0	0	0	0	0	0	0	0	0	0	0	0	0	0	0	0	0	0	0	0	0	0	0	0	0	0	0	0	0	0	0	0	0	0	0	0	17	104	45	72	83	43	59	122	82	84	70	35	28	70	69	108	47	25	162	136	96	60	75	55	105	64	71	81	159	160	64	116	123	115	81	141	99	120	71	36	132	61	133	47	89	117	35	127	135	99	128	127	22	62	46	99	144	48	37	93	22	97	137	82	147	37	22	20	73	100	44	99	122	119	89	102	123	39	69	126	77	98	63	110
0	0	0	0	0	0	0	0	0	0	0	0	0	0	0	0	0	0	0	0	0	0	0	0	0	0	0	0	0	0	0	0	0	0	0	0	0	0	0	0	0	0	0	0	0	98	71	23	135	69	146	99	75	50	124	131	62	25	54	135	76	155	113	35	107	99	23	134	76	137	35	99	28	62	141	26	57	154	99	89	65	65	47	124	40	53	99	141	109	79	111	131	94	130	127	76	108	80	81	28	49	80	65	133	109	93	108	91	154	66	151	114	102	118	80	143	38	92	44	137	116	150	134	106	85	133	127	113
0	0	0	0	0	0	0	0	0	0	0	0	0	0	0	0	0	0	0	0	0	0	0	0	0	0	0	0	0	0	0	0	0	0	0	0	0	0	0	0	0	0	0	0	0	0	63	110	118	52	55	87	119	39	55	85	65	48	143	123	126	75	55	65	147	155	87	138	122	151	87	100	146	152	39	85	83	98	74	137	46	117	33	59	61	140	71	103	82	151	54	43	148	74	55	87	25	24	52	39	52	157	31	50	91	131	121	135	79	150	108	48	56	140	91	33	113	127	119	47	92	43	107	108	155	19	110	41
0	0	0	0	0	0	0	0	0	0	0	0	0	0	0	0	0	0	0	0	0	0	0	0	0	0	0	0	0	0	0	0	0	0	0	0	0	0	0	0	0	0	0	0	0	0	0	76	27	22	141	54	70	51	94	58	103	54	95	139	39	92	73	92	135	70	127	43	39	108	145	49	110	128	60	142	102	78	77	73	16	39	125	85	55	133	108	122	161	11	118	59	91	84	77	88	16	107	44	149	109	100	43	58	96	53	127	64	88	56	111	120	75	32	99	87	61	133	55	85	77	149	135	42	150	34	12	109
0	0	0	0	0	0	0	0	0	0	0	0	0	0	0	0	0	0	0	0	0	0	0	0	0	0	0	0	0	0	0	0	0	0	0	0	0	0	0	0	0	0	0	0	0	0	0	0	64	78	46	26	140	128	47	49	55	101	80	131	151	39	92	164	45	70	101	82	156	134	103	58	98	121	56	47	161	47	117	60	64	133	82	120	12	141	48	110	65	13	58	29	106	43	27	119	50	130	124	115	42	130	85	50	110	64	47	90	117	68	74	110	69	88	140	145	52	36	116	92	26	11	149	90	24	105	48	132
0	0	0	0	0	0	0	0	0	0	0	0	0	0	0	0	0	0	0	0	0	0	0	0	0	0	0	0	0	0	0	0	0	0	0	0	0	0	0	0	0	0	0	0	0	0	0	0	0	148	80	69	117	151	79	89	59	23	5	170	134	145	98	144	101	104	158	41	117	160	50	157	107	69	111	98	111	103	23	58	77	76	85	76	78	96	61	53	92	158	55	119	96	49	112	58	96	108	104	96	119	73	37	43	94	140	92	67	132	65	25	73	91	135	107	112	144	145	49	6	43	119	121	46	75	171	32	114
0	0	0	0	0	0	0	0	0	0	0	0	0	0	0	0	0	0	0	0	0	0	0	0	0	0	0	0	0	0	0	0	0	0	0	0	0	0	0	0	0	0	0	0	0	0	0	0	0	0	146	98	97	81	137	43	110	81	71	123	110	41	37	66	82	162	175	125	77	88	132	73	70	112	89	69	40	95	133	88	87	106	127	150	28	80	21	67	63	140	112	54	169	124	86	80	117	120	45	86	52	87	159	107	100	87	102	127	101	29	84	72	53	138	94	82	100	128	131	86	144	36	115	148	94	44	88	66
0	0	0	0	0	0	0	0	0	0	0	0	0	0	0	0	0	0	0	0	0	0	0	0	0	0	0	0	0	0	0	0	0	0	0	0	0	0	0	0	0	0	0	0	0	0	0	0	0	0	0	73	136	75	64	73	119	33	138	74	85	53	127	54	98	44	59	58	44	118	163	54	37	137	151	86	58	66	91	31	54	117	51	140	113	174	29	131	83	98	46	52	52	114	77	136	83	95	127	61	12	81	55	127	67	123	52	97	147	149	161	58	120	80	25	101	119	67	12	108	35	160	109	133	125	129	54	126
0	0	0	0	0	0	0	0	0	0	0	0	0	0	0	0	0	0	0	0	0	0	0	0	0	0	0	0	0	0	0	0	0	0	0	0	0	0	0	0	0	0	0	0	0	0	0	0	0	0	0	0	145	8	99	23	82	120	77	122	167	76	102	54	80	84	108	59	93	49	24	8	19	126	150	60	98	96	140	135	72	45	38	111	88	31	122	52	144	86	172	127	131	56	89	127	125	51	142	111	105	102	126	153	115	62	98	81	131	31	100	71	158	95	91	105	156	57	138	48	9	69	73	90	88	66	108	126
0	0	0	0	0	0	0	0	0	0	0	0	0	0	0	0	0	0	0	0	0	0	0	0	0	0	0	0	0	0	0	0	0	0	0	0	0	0	0	0	0	0	0	0	0	0	0	0	0	0	0	0	0	75	129	58	130	33	76	142	51	120	81	60	73	44	110	84	22	52	34	15	25	123	17	93	62	106	49	32	75	53	126	80	161	140	92	129	157	34	110	121	85	73	86	169	53	76	121	98	60	151	74	44	53	74	87	64	82	86	99	49	95	59	106	118	113	135	105	137	85	139	135	149	68	124	142	34
0	0	0	0	0	0	0	0	0	0	0	0	0	0	0	0	0	0	0	0	0	0	0	0	0	0	0	0	0	0	0	0	0	0	0	0	0	0	0	0	0	0	0	0	0	0	0	0	0	0	0	0	0	0	64	127	101	133	108	57	48	105	154	53	59	39	104	67	100	120	145	22	78	57	115	68	152	44	69	99	81	132	71	111	162	55	135	110	160	95	134	178	91	130	81	95	58	16	75	30	64	113	38	157	11	93	94	45	63	66	74	45	137	88	28	113	38	92	113	105	88	71	131	53	92	62	97	136
0	0	0	0	0	0	0	0	0	0	0	0	0	0	0	0	0	0	0	0	0	0	0	0	0	0	0	0	0	0	0	0	0	0	0	0	0	0	0	0	0	0	0	0	0	0	0	0	0	0	0	0	0	0	0	68	131	47	131	24	68	86	120	67	32	44	38	71	57	131	93	73	143	56	20	86	45	67	78	129	119	153	161	148	68	67	52	101	75	115	42	102	49	142	139	129	100	63	79	81	40	127	138	40	27	55	140	40	64	64	110	66	63	79	83	66	138	113	107	93	37	45	126	125	54	102	119	180
0	0	0	0	0	0	0	0	0	0	0	0	0	0	0	0	0	0	0	0	0	0	0	0	0	0	0	0	0	0	0	0	0	0	0	0	0	0	0	0	0	0	0	0	0	0	0	0	0	0	0	0	0	0	0	0	111	123	69	103	61	16	47	167	144	37	151	90	155	57	52	160	152	98	64	93	104	41	28	74	108	39	136	129	169	162	54	116	141	99	116	58	162	145	156	155	50	67	141	115	55	101	76	32	110	29	109	83	24	125	59	50	93	48	126	162	149	41	112	85	63	122	99	92	35	83	66	155
0	0	0	0	0	0	0	0	0	0	0	0	0	0	0	0	0	0	0	0	0	0	0	0	0	0	0	0	0	0	0	0	0	0	0	0	0	0	0	0	0	0	0	0	0	0	0	0	0	0	0	0	0	0	0	0	0	101	133	136	76	136	106	59	39	48	97	133	115	122	160	39	109	145	143	127	65	89	106	114	138	148	123	136	96	66	145	70	140	121	104	116	105	152	55	122	137	85	66	85	94	142	124	76	20	77	88	118	72	27	131	162	54	151	88	109	131	133	82	124	138	96	28	69	66	111	71	132
0	0	0	0	0	0	0	0	0	0	0	0	0	0	0	0	0	0	0	0	0	0	0	0	0	0	0	0	0	0	0	0	0	0	0	0	0	0	0	0	0	0	0	0	0	0	0	0	0	0	0	0	0	0	0	0	0	0	120	71	120	30	156	98	18	18	82	114	109	59	130	46	109	158	136	85	98	84	133	139	137	97	105	154	25	111	180	134	88	104	46	139	85	170	136	157	64	104	84	107	47	152	130	108	97	125	147	132	136	31	124	130	89	78	76	63	132	85	140	57	131	58	149	59	129	63	53	140
0	0	0	0	0	0	0	0	0	0	0	0	0	0	0	0	0	0	0	0	0	0	0	0	0	0	0	0	0	0	0	0	0	0	0	0	0	0	0	0	0	0	0	0	0	0	0	0	0	0	0	0	0	0	0	0	0	0	0	173	162	101	127	147	104	89	137	54	47	61	122	116	130	149	59	120	177	130	96	116	79	83	91	102	91	147	63	84	84	112	107	88	51	105	171	47	112	71	42	163	19	61	123	73	87	112	73	13	170	79	85	126	27	21	115	119	65	162	74	48	16	143	140	45	75	77	117	101
0	0	0	0	0	0	0	0	0	0	0	0	0	0	0	0	0	0	0	0	0	0	0	0	0	0	0	0	0	0	0	0	0	0	0	0	0	0	0	0	0	0	0	0	0	0	0	0	0	0	0	0	0	0	0	0	0	0	0	0	111	129	16	126	141	151	37	140	145	74	36	93	102	117	138	155	139	110	37	111	68	58	114	76	44	44	93	115	166	108	32	80	24	98	124	131	82	97	121	57	101	83	171	126	175	45	6	80	99	58	154	91	168	67	170	77	76	82	80	172	48	132	126	24	159	57	114	124
0	0	0	0	0	0	0	0	0	0	0	0	0	0	0	0	0	0	0	0	0	0	0	0	0	0	0	0	0	0	0	0	0	0	0	0	0	0	0	0	0	0	0	0	0	0	0	0	0	0	0	0	0	0	0	0	0	0	0	0	0	70	44	127	76	73	29	51	65	17	139	106	20	90	145	73	111	105	141	160	139	75	95	35	25	102	84	95	127	75	59	80	103	122	125	56	130	59	121	60	183	105	75	155	121	101	49	131	159	148	77	102	74	90	45	110	155	80	125	42	82	16	68	132	151	64	26	76
0	0	0	0	0	0	0	0	0	0	0	0	0	0	0	0	0	0	0	0	0	0	0	0	0	0	0	0	0	0	0	0	0	0	0	0	0	0	0	0	0	0	0	0	0	0	0	0	0	0	0	0	0	0	0	0	0	0	0	0	0	0	130	34	75	90	9	78	121	134	106	160	153	65	137	35	100	25	76	130	53	78	98	141	88	98	107	39	79	155	108	88	105	115	144	29	63	79	130	44	53	48	151	135	145	125	110	40	161	70	117	110	115	143	130	138	104	130	17	102	90	145	119	15	127	128	43	92
0	0	0	0	0	0	0	0	0	0	0	0	0	0	0	0	0	0	0	0	0	0	0	0	0	0	0	0	0	0	0	0	0	0	0	0	0	0	0	0	0	0	0	0	0	0	0	0	0	0	0	0	0	0	0	0	0	0	0	0	0	0	0	84	122	78	110	78	68	102	126	132	92	68	160	130	81	101	171	124	111	152	131	76	69	45	124	97	112	143	163	152	66	69	56	103	170	95	13	47	49	183	70	155	35	14	42	97	121	129	75	99	103	48	62	56	41	137	80	145	125	48	139	90	82	134	156	79
0	0	0	0	0	0	0	0	0	0	0	0	0	0	0	0	0	0	0	0	0	0	0	0	0	0	0	0	0	0	0	0	0	0	0	0	0	0	0	0	0	0	0	0	0	0	0	0	0	0	0	0	0	0	0	0	0	0	0	0	0	0	0	0	128	26	65	114	138	126	18	111	82	110	68	103	66	129	38	85	114	177	133	33	68	120	74	127	116	121	119	99	180	68	62	139	153	136	175	62	172	123	124	157	83	109	65	130	42	107	74	116	168	135	117	124	171	119	74	115	36	157	51	57	34	63	27	42
0	0	0	0	0	0	0	0	0	0	0	0	0	0	0	0	0	0	0	0	0	0	0	0	0	0	0	0	0	0	0	0	0	0	0	0	0	0	0	0	0	0	0	0	0	0	0	0	0	0	0	0	0	0	0	0	0	0	0	0	0	0	0	0	0	71	66	94	62	23	127	160	25	136	148	6	94	122	110	53	95	137	115	110	60	142	131	115	101	55	127	134	94	145	114	63	85	62	95	141	46	102	136	160	132	156	116	94	94	69	93	56	127	67	76	121	88	63	33	136	73	182	55	105	146	151	63	102
0	0	0	0	0	0	0	0	0	0	0	0	0	0	0	0	0	0	0	0	0	0	0	0	0	0	0	0	0	0	0	0	0	0	0	0	0	0	0	0	0	0	0	0	0	0	0	0	0	0	0	0	0	0	0	0	0	0	0	0	0	0	0	0	0	0	126	121	137	107	125	188	62	126	106	60	89	134	132	54	131	47	11	162	78	59	92	93	49	45	69	89	119	162	86	151	21	17	14	22	123	36	74	102	53	128	193	140	87	42	152	148	107	43	132	94	101	98	28	113	144	58	109	116	73	69	170	100
0	0	0	0	0	0	0	0	0	0	0	0	0	0	0	0	0	0	0	0	0	0	0	0	0	0	0	0	0	0	0	0	0	0	0	0	0	0	0	0	0	0	0	0	0	0	0	0	0	0	0	0	0	0	0	0	0	0	0	0	0	0	0	0	0	0	0	83	118	101	134	46	147	160	95	132	92	98	35	103	167	19	93	87	48	186	79	21	91	160	74	129	148	69	94	131	42	175	127	106	140	86	91	52	142	74	150	121	89	122	46	162	171	100	82	65	47	50	28	47	133	142	123	135	69	118	57	90
0	0	0	0	0	0	0	0	0	0	0	0	0	0	0	0	0	0	0	0	0	0	0	0	0	0	0	0	0	0	0	0	0	0	0	0	0	0	0	0	0	0	0	0	0	0	0	0	0	0	0	0	0	0	0	0	0	0	0	0	0	0	0	0	0	0	0	0	123	70	54	86	104	55	14	125	110	121	56	134	145	42	23	41	43	124	126	109	123	90	48	105	53	173	80	24	95	37	158	43	134	94	105	125	68	118	69	81	76	102	42	83	124	104	37	58	94	134	174	103	132	110	17	120	31	21	44	74
0	0	0	0	0	0	0	0	0	0	0	0	0	0	0	0	0	0	0	0	0	0	0	0	0	0	0	0	0	0	0	0	0	0	0	0	0	0	0	0	0	0	0	0	0	0	0	0	0	0	0	0	0	0	0	0	0	0	0	0	0	0	0	0	0	0	0	0	0	126	101	67	32	134	93	128	70	82	52	136	83	108	113	140	43	146	79	130	151	39	77	74	92	81	178	74	117	112	126	32	133	68	45	168	189	69	37	150	112	84	81	115	123	94	31	84	136	103	75	145	102	121	97	132	116	22	100	174
0	0	0	0	0	0	0	0	0	0	0	0	0	0	0	0	0	0	0	0	0	0	0	0	0	0	0	0	0	0	0	0	0	0	0	0	0	0	0	0	0	0	0	0	0	0	0	0	0	0	0	0	0	0	0	0	0	0	0	0	0	0	0	0	0	0	0	0	0	0	13	34	155	151	9	113	78	169	63	98	62	108	28	128	109	92	114	133	127	60	172	121	123	131	107	107	116	78	48	80	160	48	38	108	36	176	74	68	59	158	66	49	65	110	63	117	51	143	131	132	112	123	141	151	69	76	98	121
0	0	0	0	0	0	0	0	0	0	0	0	0	0	0	0	0	0	0	0	0	0	0	0	0	0	0	0	0	0	0	0	0	0	0	0	0	0	0	0	0	0	0	0	0	0	0	0	0	0	0	0	0	0	0	0	0	0	0	0	0	0	0	0	0	0	0	0	0	0	0	115	108	165	171	28	87	176	70	34	98	66	149	62	87	62	171	16	105	70	65	100	90	105	69	100	121	150	171	132	50	106	104	90	64	58	129	156	79	102	151	17	126	99	94	144	133	176	127	167	115	56	96	76	71	79	153	158
0	0	0	0	0	0	0	0	0	0	0	0	0	0	0	0	0	0	0	0	0	0	0	0	0	0	0	0	0	0	0	0	0	0	0	0	0	0	0	0	0	0	0	0	0	0	0	0	0	0	0	0	0	0	0	0	0	0	0	0	0	0	0	0	0	0	0	0	0	0	0	0	131	83	89	99	156	144	135	34	130	115	97	182	121	140	101	157	94	109	116	143	129	50	126	124	105	39	113	157	63	14	151	135	164	127	172	48	16	174	56	186	32	100	79	70	96	62	146	96	158	42	180	98	45	71	82	60
0	0	0	0	0	0	0	0	0	0	0	0	0	0	0	0	0	0	0	0	0	0	0	0	0	0	0	0	0	0	0	0	0	0	0	0	0	0	0	0	0	0	0	0	0	0	0	0	0	0	0	0	0	0	0	0	0	0	0	0	0	0	0	0	0	0	0	0	0	0	0	0	0	35	142	95	103	44	82	50	114	120	133	96	178	147	38	8	149	74	76	109	102	87	132	23	34	144	158	78	87	100	44	99	64	5	178	38	195	86	184	136	142	140	101	139	89	101	91	119	113	32	58	142	126	78	97	55
0	0	0	0	0	0	0	0	0	0	0	0	0	0	0	0	0	0	0	0	0	0	0	0	0	0	0	0	0	0	0	0	0	0	0	0	0	0	0	0	0	0	0	0	0	0	0	0	0	0	0	0	0	0	0	0	0	0	0	0	0	0	0	0	0	0	0	0	0	0	0	0	0	0	166	117	6	141	73	132	41	143	125	155	69	55	172	152	51	104	106	82	147	121	155	106	102	178	97	129	59	31	68	137	39	118	65	84	176	80	133	103	100	27	136	101	108	142	156	150	130	84	124	84	101	163	123	60
0	0	0	0	0	0	0	0	0	0	0	0	0	0	0	0	0	0	0	0	0	0	0	0	0	0	0	0	0	0	0	0	0	0	0	0	0	0	0	0	0	0	0	0	0	0	0	0	0	0	0	0	0	0	0	0	0	0	0	0	0	0	0	0	0	0	0	0	0	0	0	0	0	0	0	133	147	121	98	133	66	74	156	98	101	141	143	101	54	162	68	107	138	138	146	117	105	58	78	115	113	177	160	178	123	132	101	39	158	121	58	155	110	88	138	55	23	64	81	108	42	115	48	139	164	60	76	139
0	0	0	0	0	0	0	0	0	0	0	0	0	0	0	0	0	0	0	0	0	0	0	0	0	0	0	0	0	0	0	0	0	0	0	0	0	0	0	0	0	0	0	0	0	0	0	0	0	0	0	0	0	0	0	0	0	0	0	0	0	0	0	0	0	0	0	0	0	0	0	0	0	0	0	0	154	39	168	92	39	123	120	97	69	173	132	108	170	170	72	95	79	72	65	96	76	122	138	83	145	138	162	44	146	33	67	13	169	127	137	64	83	15	37	68	138	168	174	81	152	134	101	64	66	141	91	154
0	0	0	0	0	0	0	0	0	0	0	0	0	0	0	0	0	0	0	0	0	0	0	0	0	0	0	0	0	0	0	0	0	0	0	0	0	0	0	0	0	0	0	0	0	0	0	0	0	0	0	0	0	0	0	0	0	0	0	0	0	0	0	0	0	0	0	0	0	0	0	0	0	0	0	0	0	86	116	62	62	73	73	51	152	171	154	150	60	64	50	144	85	80	159	58	117	156	116	96	133	165	113	128	170	169	110	58	89	110	45	81	107	190	162	67	61	70	136	102	138	85	88	118	154	101	132	145
0	0	0	0	0	0	0	0	0	0	0	0	0	0	0	0	0	0	0	0	0	0	0	0	0	0	0	0	0	0	0	0	0	0	0	0	0	0	0	0	0	0	0	0	0	0	0	0	0	0	0	0	0	0	0	0	0	0	0	0	0	0	0	0	0	0	0	0	0	0	0	0	0	0	0	0	0	0	94	52	71	148	43	150	43	38	166	109	58	96	98	115	69	122	105	100	158	43	100	144	113	152	108	171	36	90	145	16	22	27	92	75	109	168	173	61	72	133	67	62	159	132	59	64	138	126	98	150
0	0	0	0	0	0	0	0	0	0	0	0	0	0	0	0	0	0	0	0	0	0	0	0	0	0	0	0	0	0	0	0	0	0	0	0	0	0	0	0	0	0	0	0	0	0	0	0	0	0	0	0	0	0	0	0	0	0	0	0	0	0	0	0	0	0	0	0	0	0	0	0	0	0	0	0	0	0	0	54	71	94	73	116	85	72	80	112	133	63	197	31	62	172	72	91	96	119	29	143	159	89	47	52	43	74	113	6	40	90	113	121	67	66	161	34	29	76	39	137	173	182	53	141	132	51	41	166
0	0	0	0	0	0	0	0	0	0	0	0	0	0	0	0	0	0	0	0	0	0	0	0	0	0	0	0	0	0	0	0	0	0	0	0	0	0	0	0	0	0	0	0	0	0	0	0	0	0	0	0	0	0	0	0	0	0	0	0	0	0	0	0	0	0	0	0	0	0	0	0	0	0	0	0	0	0	0	0	87	40	147	142	88	138	167	70	53	42	176	172	118	125	114	140	90	48	75	99	135	177	85	130	135	180	135	110	124	57	46	69	72	142	74	88	118	72	121	133	34	125	146	47	175	147	113	171
0	0	0	0	0	0	0	0	0	0	0	0	0	0	0	0	0	0	0	0	0	0	0	0	0	0	0	0	0	0	0	0	0	0	0	0	0	0	0	0	0	0	0	0	0	0	0	0	0	0	0	0	0	0	0	0	0	0	0	0	0	0	0	0	0	0	0	0	0	0	0	0	0	0	0	0	0	0	0	0	0	103	154	123	151	30	62	73	165	108	145	65	103	63	120	56	152	154	68	158	139	63	92	128	60	47	31	84	56	74	54	84	99	117	34	103	104	101	49	44	54	35	173	188	98	144	171	69
0	0	0	0	0	0	0	0	0	0	0	0	0	0	0	0	0	0	0	0	0	0	0	0	0	0	0	0	0	0	0	0	0	0	0	0	0	0	0	0	0	0	0	0	0	0	0	0	0	0	0	0	0	0	0	0	0	0	0	0	0	0	0	0	0	0	0	0	0	0	0	0	0	0	0	0	0	0	0	0	0	0	66	82	63	153	129	76	172	85	82	40	23	60	64	191	86	133	92	152	132	172	182	71	112	99	79	89	75	64	99	161	170	85	160	126	189	65	195	28	134	115	201	127	36	157	101	55
0	0	0	0	0	0	0	0	0	0	0	0	0	0	0	0	0	0	0	0	0	0	0	0	0	0	0	0	0	0	0	0	0	0	0	0	0	0	0	0	0	0	0	0	0	0	0	0	0	0	0	0	0	0	0	0	0	0	0	0	0	0	0	0	0	0	0	0	0	0	0	0	0	0	0	0	0	0	0	0	0	0	0	138	107	12	109	77	100	152	139	88	39	176	108	27	66	29	165	142	85	151	73	120	37	41	179	98	61	172	71	143	50	16	86	157	46	125	118	81	38	147	169	31	185	86	81	16
0	0	0	0	0	0	0	0	0	0	0	0	0	0	0	0	0	0	0	0	0	0	0	0	0	0	0	0	0	0	0	0	0	0	0	0	0	0	0	0	0	0	0	0	0	0	0	0	0	0	0	0	0	0	0	0	0	0	0	0	0	0	0	0	0	0	0	0	0	0	0	0	0	0	0	0	0	0	0	0	0	0	0	0	162	120	63	99	107	135	158	187	157	153	117	57	192	94	77	169	126	82	103	115	17	83	93	143	55	142	125	178	108	124	41	188	57	66	153	100	92	157	79	81	153	133	109	144
0	0	0	0	0	0	0	0	0	0	0	0	0	0	0	0	0	0	0	0	0	0	0	0	0	0	0	0	0	0	0	0	0	0	0	0	0	0	0	0	0	0	0	0	0	0	0	0	0	0	0	0	0	0	0	0	0	0	0	0	0	0	0	0	0	0	0	0	0	0	0	0	0	0	0	0	0	0	0	0	0	0	0	0	0	63	70	93	132	172	190	115	88	175	166	51	48	113	107	145	79	70	62	189	141	121	32	138	31	100	115	100	169	201	14	88	135	98	118	49	81	59	123	74	119	71	63	82
0	0	0	0	0	0	0	0	0	0	0	0	0	0	0	0	0	0	0	0	0	0	0	0	0	0	0	0	0	0	0	0	0	0	0	0	0	0	0	0	0	0	0	0	0	0	0	0	0	0	0	0	0	0	0	0	0	0	0	0	0	0	0	0	0	0	0	0	0	0	0	0	0	0	0	0	0	0	0	0	0	0	0	0	0	0	115	136	185	117	55	168	37	115	118	130	198	52	111	53	154	46	84	150	68	21	24	82	98	73	79	175	138	138	33	65	25	118	161	160	20	214	70	110	113	85	119	163
0	0	0	0	0	0	0	0	0	0	0	0	0	0	0	0	0	0	0	0	0	0	0	0	0	0	0	0	0	0	0	0	0	0	0	0	0	0	0	0	0	0	0	0	0	0	0	0	0	0	0	0	0	0	0	0	0	0	0	0	0	0	0	0	0	0	0	0	0	0	0	0	0	0	0	0	0	0	0	0	0	0	0	0	0	0	0	103	86	164	168	130	82	85	126	83	36	61	100	96	86	187	87	93	159	145	95	125	99	134	149	146	99	129	128	86	131	141	92	111	190	140	179	61	87	30	122	153
0	0	0	0	0	0	0	0	0	0	0	0	0	0	0	0	0	0	0	0	0	0	0	0	0	0	0	0	0	0	0	0	0	0	0	0	0	0	0	0	0	0	0	0	0	0	0	0	0	0	0	0	0	0	0	0	0	0	0	0	0	0	0	0	0	0	0	0	0	0	0	0	0	0	0	0	0	0	0	0	0	0	0	0	0	0	0	0	36	130	132	73	65	142	127	159	55	108	33	70	87	150	126	58	73	114	140	25	117	49	87	67	75	100	141	84	39	101	176	131	83	171	108	124	202	81	77	59
0	0	0	0	0	0	0	0	0	0	0	0	0	0	0	0	0	0	0	0	0	0	0	0	0	0	0	0	0	0	0	0	0	0	0	0	0	0	0	0	0	0	0	0	0	0	0	0	0	0	0	0	0	0	0	0	0	0	0	0	0	0	0	0	0	0	0	0	0	0	0	0	0	0	0	0	0	0	0	0	0	0	0	0	0	0	0	0	0	54	79	136	134	112	129	98	59	144	168	135	158	96	137	56	136	66	74	74	66	120	14	176	64	146	69	119	57	146	122	86	180	133	67	107	117	103	161	33
0	0	0	0	0	0	0	0	0	0	0	0	0	0	0	0	0	0	0	0	0	0	0	0	0	0	0	0	0	0	0	0	0	0	0	0	0	0	0	0	0	0	0	0	0	0	0	0	0	0	0	0	0	0	0	0	0	0	0	0	0	0	0	0	0	0	0	0	0	0	0	0	0	0	0	0	0	0	0	0	0	0	0	0	0	0	0	0	0	0	116	120	193	90	44	111	131	112	61	174	134	136	198	45	106	87	154	180	64	77	113	89	122	122	161	119	84	70	63	172	104	61	122	171	26	119	67	45
0	0	0	0	0	0	0	0	0	0	0	0	0	0	0	0	0	0	0	0	0	0	0	0	0	0	0	0	0	0	0	0	0	0	0	0	0	0	0	0	0	0	0	0	0	0	0	0	0	0	0	0	0	0	0	0	0	0	0	0	0	0	0	0	0	0	0	0	0	0	0	0	0	0	0	0	0	0	0	0	0	0	0	0	0	0	0	0	0	0	0	160	24	67	46	90	58	147	140	186	140	142	98	126	125	67	158	173	158	48	151	110	90	80	123	62	189	166	161	150	150	89	136	182	92	140	111	69
0	0	0	0	0	0	0	0	0	0	0	0	0	0	0	0	0	0	0	0	0	0	0	0	0	0	0	0	0	0	0	0	0	0	0	0	0	0	0	0	0	0	0	0	0	0	0	0	0	0	0	0	0	0	0	0	0	0	0	0	0	0	0	0	0	0	0	0	0	0	0	0	0	0	0	0	0	0	0	0	0	0	0	0	0	0	0	0	0	0	0	0	139	136	29	168	190	61	174	211	94	125	65	110	123	60	135	48	64	125	153	66	107	80	113	83	162	99	129	135	83	51	19	127	159	124	97	80
0	0	0	0	0	0	0	0	0	0	0	0	0	0	0	0	0	0	0	0	0	0	0	0	0	0	0	0	0	0	0	0	0	0	0	0	0	0	0	0	0	0	0	0	0	0	0	0	0	0	0	0	0	0	0	0	0	0	0	0	0	0	0	0	0	0	0	0	0	0	0	0	0	0	0	0	0	0	0	0	0	0	0	0	0	0	0	0	0	0	0	0	0	86	102	158	142	96	110	176	86	174	123	70	160	77	38	98	55	143	70	83	96	76	47	76	85	100	94	173	88	184	30	59	207	111	106	165
0	0	0	0	0	0	0	0	0	0	0	0	0	0	0	0	0	0	0	0	0	0	0	0	0	0	0	0	0	0	0	0	0	0	0	0	0	0	0	0	0	0	0	0	0	0	0	0	0	0	0	0	0	0	0	0	0	0	0	0	0	0	0	0	0	0	0	0	0	0	0	0	0	0	0	0	0	0	0	0	0	0	0	0	0	0	0	0	0	0	0	0	0	0	117	122	52	101	27	110	128	142	139	182	184	81	169	109	136	72	162	32	64	143	90	75	113	181	168	51	150	93	167	88	67	150	98	168
0	0	0	0	0	0	0	0	0	0	0	0	0	0	0	0	0	0	0	0	0	0	0	0	0	0	0	0	0	0	0	0	0	0	0	0	0	0	0	0	0	0	0	0	0	0	0	0	0	0	0	0	0	0	0	0	0	0	0	0	0	0	0	0	0	0	0	0	0	0	0	0	0	0	0	0	0	0	0	0	0	0	0	0	0	0	0	0	0	0	0	0	0	0	0	70	222	71	155	111	123	96	94	172	110	98	103	146	112	18	139	54	181	123	138	142	142	114	91	181	117	130	100	205	167	117	54	143
0	0	0	0	0	0	0	0	0	0	0	0	0	0	0	0	0	0	0	0	0	0	0	0	0	0	0	0	0	0	0	0	0	0	0	0	0	0	0	0	0	0	0	0	0	0	0	0	0	0	0	0	0	0	0	0	0	0	0	0	0	0	0	0	0	0	0	0	0	0	0	0	0	0	0	0	0	0	0	0	0	0	0	0	0	0	0	0	0	0	0	0	0	0	0	0	150	21	120	120	48	204	14	150	121	163	82	53	183	98	42	126	104	137	124	126	87	79	87	127	81	174	45	175	46	90	25	125
0	0	0	0	0	0	0	0	0	0	0	0	0	0	0	0	0	0	0	0	0	0	0	0	0	0	0	0	0	0	0	0	0	0	0	0	0	0	0	0	0	0	0	0	0	0	0	0	0	0	0	0	0	0	0	0	0	0	0	0	0	0	0	0	0	0	0	0	0	0	0	0	0	0	0	0	0	0	0	0	0	0	0	0	0	0	0	0	0	0	0	0	0	0	0	0	0	101	42	123	90	147	127	121	149	26	49	36	80	182	143	84	137	127	105	171	85	148	124	89	71	114	25	97	100	112	140	148
0	0	0	0	0	0	0	0	0	0	0	0	0	0	0	0	0	0	0	0	0	0	0	0	0	0	0	0	0	0	0	0	0	0	0	0	0	0	0	0	0	0	0	0	0	0	0	0	0	0	0	0	0	0	0	0	0	0	0	0	0	0	0	0	0	0	0	0	0	0	0	0	0	0	0	0	0	0	0	0	0	0	0	0	0	0	0	0	0	0	0	0	0	0	0	0	0	0	149	154	63	127	57	113	184	102	129	133	151	115	55	136	110	78	53	149	85	59	191	174	123	122	82	73	122	90	106	166
0	0	0	0	0	0	0	0	0	0	0	0	0	0	0	0	0	0	0	0	0	0	0	0	0	0	0	0	0	0	0	0	0	0	0	0	0	0	0	0	0	0	0	0	0	0	0	0	0	0	0	0	0	0	0	0	0	0	0	0	0	0	0	0	0	0	0	0	0	0	0	0	0	0	0	0	0	0	0	0	0	0	0	0	0	0	0	0	0	0	0	0	0	0	0	0	0	0	0	87	61	112	59	108	156	210	56	106	91	139	138	117	64	37	119	100	115	131	170	108	134	158	98	47	104	159	74	86
0	0	0	0	0	0	0	0	0	0	0	0	0	0	0	0	0	0	0	0	0	0	0	0	0	0	0	0	0	0	0	0	0	0	0	0	0	0	0	0	0	0	0	0	0	0	0	0	0	0	0	0	0	0	0	0	0	0	0	0	0	0	0	0	0	0	0	0	0	0	0	0	0	0	0	0	0	0	0	0	0	0	0	0	0	0	0	0	0	0	0	0	0	0	0	0	0	0	0	0	189	81	92	117	151	74	99	71	162	95	139	169	154	113	144	71	16	40	138	95	120	133	52	101	144	138	214	79
0	0	0	0	0	0	0	0	0	0	0	0	0	0	0	0	0	0	0	0	0	0	0	0	0	0	0	0	0	0	0	0	0	0	0	0	0	0	0	0	0	0	0	0	0	0	0	0	0	0	0	0	0	0	0	0	0	0	0	0	0	0	0	0	0	0	0	0	0	0	0	0	0	0	0	0	0	0	0	0	0	0	0	0	0	0	0	0	0	0	0	0	0	0	0	0	0	0	0	0	0	24	162	116	61	153	38	127	92	90	63	143	58	171	99	108	93	101	136	47	66	167	151	72	49	132	23	98
0	0	0	0	0	0	0	0	0	0	0	0	0	0	0	0	0	0	0	0	0	0	0	0	0	0	0	0	0	0	0	0	0	0	0	0	0	0	0	0	0	0	0	0	0	0	0	0	0	0	0	0	0	0	0	0	0	0	0	0	0	0	0	0	0	0	0	0	0	0	0	0	0	0	0	0	0	0	0	0	0	0	0	0	0	0	0	0	0	0	0	0	0	0	0	0	0	0	0	0	0	0	103	95	141	86	176	127	140	209	139	131	129	96	128	54	166	173	96	99	10	49	107	134	205	115	108	85
0	0	0	0	0	0	0	0	0	0	0	0	0	0	0	0	0	0	0	0	0	0	0	0	0	0	0	0	0	0	0	0	0	0	0	0	0	0	0	0	0	0	0	0	0	0	0	0	0	0	0	0	0	0	0	0	0	0	0	0	0	0	0	0	0	0	0	0	0	0	0	0	0	0	0	0	0	0	0	0	0	0	0	0	0	0	0	0	0	0	0	0	0	0	0	0	0	0	0	0	0	0	0	80	87	26	70	133	93	206	93	21	124	117	155	162	138	70	100	129	67	93	56	87	66	167	107	90
0	0	0	0	0	0	0	0	0	0	0	0	0	0	0	0	0	0	0	0	0	0	0	0	0	0	0	0	0	0	0	0	0	0	0	0	0	0	0	0	0	0	0	0	0	0	0	0	0	0	0	0	0	0	0	0	0	0	0	0	0	0	0	0	0	0	0	0	0	0	0	0	0	0	0	0	0	0	0	0	0	0	0	0	0	0	0	0	0	0	0	0	0	0	0	0	0	0	0	0	0	0	0	0	72	69	101	175	163	128	168	63	106	81	144	86	139	126	83	88	58	92	33	57	152	192	42	173
0	0	0	0	0	0	0	0	0	0	0	0	0	0	0	0	0	0	0	0	0	0	0	0	0	0	0	0	0	0	0	0	0	0	0	0	0	0	0	0	0	0	0	0	0	0	0	0	0	0	0	0	0	0	0	0	0	0	0	0	0	0	0	0	0	0	0	0	0	0	0	0	0	0	0	0	0	0	0	0	0	0	0	0	0	0	0	0	0	0	0	0	0	0	0	0	0	0	0	0	0	0	0	0	0	89	185	89	102	110	5	107	40	159	37	147	108	154	116	60	163	107	158	106	183	91	129	186
0	0	0	0	0	0	0	0	0	0	0	0	0	0	0	0	0	0	0	0	0	0	0	0	0	0	0	0	0	0	0	0	0	0	0	0	0	0	0	0	0	0	0	0	0	0	0	0	0	0	0	0	0	0	0	0	0	0	0	0	0	0	0	0	0	0	0	0	0	0	0	0	0	0	0	0	0	0	0	0	0	0	0	0	0	0	0	0	0	0	0	0	0	0	0	0	0	0	0	0	0	0	0	0	0	0	20	180	113	105	64	60	131	93	163	88	99	97	95	65	81	147	109	144	125	88	54	87
0	0	0	0	0	0	0	0	0	0	0	0	0	0	0	0	0	0	0	0	0	0	0	0	0	0	0	0	0	0	0	0	0	0	0	0	0	0	0	0	0	0	0	0	0	0	0	0	0	0	0	0	0	0	0	0	0	0	0	0	0	0	0	0	0	0	0	0	0	0	0	0	0	0	0	0	0	0	0	0	0	0	0	0	0	0	0	0	0	0	0	0	0	0	0	0	0	0	0	0	0	0	0	0	0	0	0	118	79	155	71	157	131	53	126	157	137	30	69	111	141	167	206	63	173	146	118	88
0	0	0	0	0	0	0	0	0	0	0	0	0	0	0	0	0	0	0	0	0	0	0	0	0	0	0	0	0	0	0	0	0	0	0	0	0	0	0	0	0	0	0	0	0	0	0	0	0	0	0	0	0	0	0	0	0	0	0	0	0	0	0	0	0	0	0	0	0	0	0	0	0	0	0	0	0	0	0	0	0	0	0	0	0	0	0	0	0	0	0	0	0	0	0	0	0	0	0	0	0	0	0	0	0	0	0	0	59	123	94	116	67	171	52	65	121	229	107	141	166	84	35	225	132	206	100	60
0	0	0	0	0	0	0	0	0	0	0	0	0	0	0	0	0	0	0	0	0	0	0	0	0	0	0	0	0	0	0	0	0	0	0	0	0	0	0	0	0	0	0	0	0	0	0	0	0	0	0	0	0	0	0	0	0	0	0	0	0	0	0	0	0	0	0	0	0	0	0	0	0	0	0	0	0	0	0	0	0	0	0	0	0	0	0	0	0	0	0	0	0	0	0	0	0	0	0	0	0	0	0	0	0	0	0	0	0	186	174	122	75	175	151	166	76	130	111	34	51	69	38	122	154	146	80	151
0	0	0	0	0	0	0	0	0	0	0	0	0	0	0	0	0	0	0	0	0	0	0	0	0	0	0	0	0	0	0	0	0	0	0	0	0	0	0	0	0	0	0	0	0	0	0	0	0	0	0	0	0	0	0	0	0	0	0	0	0	0	0	0	0	0	0	0	0	0	0	0	0	0	0	0	0	0	0	0	0	0	0	0	0	0	0	0	0	0	0	0	0	0	0	0	0	0	0	0	0	0	0	0	0	0	0	0	0	0	128	111	153	103	158	161	174	104	103	76	154	126	72	123	103	189	114	46
0	0	0	0	0	0	0	0	0	0	0	0	0	0	0	0	0	0	0	0	0	0	0	0	0	0	0	0	0	0	0	0	0	0	0	0	0	0	0	0	0	0	0	0	0	0	0	0	0	0	0	0	0	0	0	0	0	0	0	0	0	0	0	0	0	0	0	0	0	0	0	0	0	0	0	0	0	0	0	0	0	0	0	0	0	0	0	0	0	0	0	0	0	0	0	0	0	0	0	0	0	0	0	0	0	0	0	0	0	0	0	97	153	97	85	141	225	184	197	145	195	140	107	102	56	22	40	92
0	0	0	0	0	0	0	0	0	0	0	0	0	0	0	0	0	0	0	0	0	0	0	0	0	0	0	0	0	0	0	0	0	0	0	0	0	0	0	0	0	0	0	0	0	0	0	0	0	0	0	0	0	0	0	0	0	0	0	0	0	0	0	0	0	0	0	0	0	0	0	0	0	0	0	0	0	0	0	0	0	0	0	0	0	0	0	0	0	0	0	0	0	0	0	0	0	0	0	0	0	0	0	0	0	0	0	0	0	0	0	0	44	98	86	162	138	54	197	189	226	167	203	192	87	91	137	58
0	0	0	0	0	0	0	0	0	0	0	0	0	0	0	0	0	0	0	0	0	0	0	0	0	0	0	0	0	0	0	0	0	0	0	0	0	0	0	0	0	0	0	0	0	0	0	0	0	0	0	0	0	0	0	0	0	0	0	0	0	0	0	0	0	0	0	0	0	0	0	0	0	0	0	0	0	0	0	0	0	0	0	0	0	0	0	0	0	0	0	0	0	0	0	0	0	0	0	0	0	0	0	0	0	0	0	0	0	0	0	0	0	124	102	189	120	166	101	79	83	46	8	187	170	180	200	67
0	0	0	0	0	0	0	0	0	0	0	0	0	0	0	0	0	0	0	0	0	0	0	0	0	0	0	0	0	0	0	0	0	0	0	0	0	0	0	0	0	0	0	0	0	0	0	0	0	0	0	0	0	0	0	0	0	0	0	0	0	0	0	0	0	0	0	0	0	0	0	0	0	0	0	0	0	0	0	0	0	0	0	0	0	0	0	0	0	0	0	0	0	0	0	0	0	0	0	0	0	0	0	0	0	0	0	0	0	0	0	0	0	0	38	71	14	133	150	86	106	179	141	133	123	61	26	123
0	0	0	0	0	0	0	0	0	0	0	0	0	0	0	0	0	0	0	0	0	0	0	0	0	0	0	0	0	0	0	0	0	0	0	0	0	0	0	0	0	0	0	0	0	0	0	0	0	0	0	0	0	0	0	0	0	0	0	0	0	0	0	0	0	0	0	0	0	0	0	0	0	0	0	0	0	0	0	0	0	0	0	0	0	0	0	0	0	0	0	0	0	0	0	0	0	0	0	0	0	0	0	0	0	0	0	0	0	0	0	0	0	0	0	49	44	83	103	93	32	141	35	122	16	141	196	187
0	0	0	0	0	0	0	0	0	0	0	0	0	0	0	0	0	0	0	0	0	0	0	0	0	0	0	0	0	0	0	0	0	0	0	0	0	0	0	0	0	0	0	0	0	0	0	0	0	0	0	0	0	0	0	0	0	0	0	0	0	0	0	0	0	0	0	0	0	0	0	0	0	0	0	0	0	0	0	0	0	0	0	0	0	0	0	0	0	0	0	0	0	0	0	0	0	0	0	0	0	0	0	0	0	0	0	0	0	0	0	0	0	0	0	0	130	114	141	101	209	135	81	51	142	156	191	112
0	0	0	0	0	0	0	0	0	0	0	0	0	0	0	0	0	0	0	0	0	0	0	0	0	0	0	0	0	0	0	0	0	0	0	0	0	0	0	0	0	0	0	0	0	0	0	0	0	0	0	0	0	0	0	0	0	0	0	0	0	0	0	0	0	0	0	0	0	0	0	0	0	0	0	0	0	0	0	0	0	0	0	0	0	0	0	0	0	0	0	0	0	0	0	0	0	0	0	0	0	0	0	0	0	0	0	0	0	0	0	0	0	0	0	0	0	199	68	27	122	221	185	85	55	178	30	192
0	0	0	0	0	0	0	0	0	0	0	0	0	0	0	0	0	0	0	0	0	0	0	0	0	0	0	0	0	0	0	0	0	0	0	0	0	0	0	0	0	0	0	0	0	0	0	0	0	0	0	0	0	0	0	0	0	0	0	0	0	0	0	0	0	0	0	0	0	0	0	0	0	0	0	0	0	0	0	0	0	0	0	0	0	0	0	0	0	0	0	0	0	0	0	0	0	0	0	0	0	0	0	0	0	0	0	0	0	0	0	0	0	0	0	0	0	0	96	212	87	121	217	235	147	170	198	54
0	0	0	0	0	0	0	0	0	0	0	0	0	0	0	0	0	0	0	0	0	0	0	0	0	0	0	0	0	0	0	0	0	0	0	0	0	0	0	0	0	0	0	0	0	0	0	0	0	0	0	0	0	0	0	0	0	0	0	0	0	0	0	0	0	0	0	0	0	0	0	0	0	0	0	0	0	0	0	0	0	0	0	0	0	0	0	0	0	0	0	0	0	0	0	0	0	0	0	0	0	0	0	0	0	0	0	0	0	0	0	0	0	0	0	0	0	0	0	191	163	221	52	190	82	104	193	141
0	0	0	0	0	0	0	0	0	0	0	0	0	0	0	0	0	0	0	0	0	0	0	0	0	0	0	0	0	0	0	0	0	0	0	0	0	0	0	0	0	0	0	0	0	0	0	0	0	0	0	0	0	0	0	0	0	0	0	0	0	0	0	0	0	0	0	0	0	0	0	0	0	0	0	0	0	0	0	0	0	0	0	0	0	0	0	0	0	0	0	0	0	0	0	0	0	0	0	0	0	0	0	0	0	0	0	0	0	0	0	0	0	0	0	0	0	0	0	0	52	177	76	74	152	72	149	100
0	0	0	0	0	0	0	0	0	0	0	0	0	0	0	0	0	0	0	0	0	0	0	0	0	0	0	0	0	0	0	0	0	0	0	0	0	0	0	0	0	0	0	0	0	0	0	0	0	0	0	0	0	0	0	0	0	0	0	0	0	0	0	0	0	0	0	0	0	0	0	0	0	0	0	0	0	0	0	0	0	0	0	0	0	0	0	0	0	0	0	0	0	0	0	0	0	0	0	0	0	0	0	0	0	0	0	0	0	0	0	0	0	0	0	0	0	0	0	0	0	55	166	82	176	108	63	220
0	0	0	0	0	0	0	0	0	0	0	0	0	0	0	0	0	0	0	0	0	0	0	0	0	0	0	0	0	0	0	0	0	0	0	0	0	0	0	0	0	0	0	0	0	0	0	0	0	0	0	0	0	0	0	0	0	0	0	0	0	0	0	0	0	0	0	0	0	0	0	0	0	0	0	0	0	0	0	0	0	0	0	0	0	0	0	0	0	0	0	0	0	0	0	0	0	0	0	0	0	0	0	0	0	0	0	0	0	0	0	0	0	0	0	0	0	0	0	0	0	0	47	135	146	181	117	80
0	0	0	0	0	0	0	0	0	0	0	0	0	0	0	0	0	0	0	0	0	0	0	0	0	0	0	0	0	0	0	0	0	0	0	0	0	0	0	0	0	0	0	0	0	0	0	0	0	0	0	0	0	0	0	0	0	0	0	0	0	0	0	0	0	0	0	0	0	0	0	0	0	0	0	0	0	0	0	0	0	0	0	0	0	0	0	0	0	0	0	0	0	0	0	0	0	0	0	0	0	0	0	0	0	0	0	0	0	0	0	0	0	0	0	0	0	0	0	0	0	0	0	123	235	153	217	169
0	0	0	0	0	0	0	0	0	0	0	0	0	0	0	0	0	0	0	0	0	0	0	0	0	0	0	0	0	0	0	0	0	0	0	0	0	0	0	0	0	0	0	0	0	0	0	0	0	0	0	0	0	0	0	0	0	0	0	0	0	0	0	0	0	0	0	0	0	0	0	0	0	0	0	0	0	0	0	0	0	0	0	0	0	0	0	0	0	0	0	0	0	0	0	0	0	0	0	0	0	0	0	0	0	0	0	0	0	0	0	0	0	0	0	0	0	0	0	0	0	0	0	0	136	187	139	107
0	0	0	0	0	0	0	0	0	0	0	0	0	0	0	0	0	0	0	0	0	0	0	0	0	0	0	0	0	0	0	0	0	0	0	0	0	0	0	0	0	0	0	0	0	0	0	0	0	0	0	0	0	0	0	0	0	0	0	0	0	0	0	0	0	0	0	0	0	0	0	0	0	0	0	0	0	0	0	0	0	0	0	0	0	0	0	0	0	0	0	0	0	0	0	0	0	0	0	0	0	0	0	0	0	0	0	0	0	0	0	0	0	0	0	0	0	0	0	0	0	0	0	0	0	200	208	146
0	0	0	0	0	0	0	0	0	0	0	0	0	0	0	0	0	0	0	0	0	0	0	0	0	0	0	0	0	0	0	0	0	0	0	0	0	0	0	0	0	0	0	0	0	0	0	0	0	0	0	0	0	0	0	0	0	0	0	0	0	0	0	0	0	0	0	0	0	0	0	0	0	0	0	0	0	0	0	0	0	0	0	0	0	0	0	0	0	0	0	0	0	0	0	0	0	0	0	0	0	0	0	0	0	0	0	0	0	0	0	0	0	0	0	0	0	0	0	0	0	0	0	0	0	0	58	19
0	0	0	0	0	0	0	0	0	0	0	0	0	0	0	0	0	0	0	0	0	0	0	0	0	0	0	0	0	0	0	0	0	0	0	0	0	0	0	0	0	0	0	0	0	0	0	0	0	0	0	0	0	0	0	0	0	0	0	0	0	0	0	0	0	0	0	0	0	0	0	0	0	0	0	0	0	0	0	0	0	0	0	0	0	0	0	0	0	0	0	0	0	0	0	0	0	0	0	0	0	0	0	0	0	0	0	0	0	0	0	0	0	0	0	0	0	0	0	0	0	0	0	0	0	0	0	78
0	0	0	0	0	0	0	0	0	0	0	0	0	0	0	0	0	0	0	0	0	0	0	0	0	0	0	0	0	0	0	0	0	0	0	0	0	0	0	0	0	0	0	0	0	0	0	0	0	0	0	0	0	0	0	0	0	0	0	0	0	0	0	0	0	0	0	0	0	0	0	0	0	0	0	0	0	0	0	0	0	0	0	0	0	0	0	0	0	0	0	0	0	0	0	0	0	0	0	0	0	0	0	0	0	0	0	0	0	0	0	0	0	0	0	0	0	0	0	0	0	0	0	0	0	0	0	0