0	5	127	45	68	25	128	116	65	25	40	52	101	92	38	9	126	62	77	74	61	49	74	37	102	39	82	88	67	16	98	58	57	115	45	12	11	114	101	27	117	43	91	108	32	29	37	125	69	45	21	51	88	57	31	68	27	93	8	10	24	125	7	85	80	70	69	37	58	83	75	88	114	71	97	24	30	95	78	38	23	96	11	3	29	55	68	127	52	39	2	73	36	77	95	111	119	40	82	88	102	3	10	31	22	83	70	59	99	13	44	70	4	69	69	79	13	129	121	48	13	57	70	84	3	124	76	56
0	0	90	118	19	127	14	29	92	129	101	118	14	31	109	27	49	20	110	23	122	22	125	12	113	123	95	50	103	64	46	44	75	30	77	3	61	18	91	114	84	119	81	103	64	83	85	4	30	100	91	15	16	91	19	66	20	100	57	59	78	77	51	44	52	89	71	53	43	115	55	120	129	12	72	41	69	71	25	97	50	7	19	97	6	106	100	102	91	29	40	84	60	49	12	103	57	33	128	128	41	103	90	52	42	22	92	36	113	105	114	46	51	39	72	10	39	68	120	20	63	31	27	43	128	73	42	90
0	0	0	31	53	111	80	30	94	99	86	58	70	40	92	118	76	61	28	85	11	94	5	29	71	111	8	63	82	59	101	103	90	23	42	79	17	122	24	8	61	17	42	47	38	77	73	26	57	35	67	86	70	107	97	50	116	47	120	27	46	19	100	27	90	68	43	25	60	31	86	117	52	120	35	5	60	72	93	32	126	15	84	16	10	71	83	123	104	115	46	127	4	118	25	52	89	84	120	105	130	31	77	72	115	13	87	25	114	61	107	124	124	70	91	59	23	36	106	105	32	92	36	87	44	71	28	100
0	0	0	0	75	105	77	55	89	57	123	120	20	32	75	111	12	7	112	124	107	123	74	71	27	80	33	8	19	127	74	99	63	36	49	19	92	112	116	89	76	109	10	129	23	47	103	73	17	13	111	110	85	91	32	97	9	113	81	31	23	110	125	29	89	33	121	35	54	63	63	25	63	123	116	76	73	31	113	88	21	116	127	6	45	87	41	78	47	19	23	47	80	80	66	119	8	11	78	86	39	26	48	119	53	124	98	54	85	71	110	8	119	66	34	72	42	109	97	33	95	100	5	70	51	116	77	67
0	0	0	0	0	4	34	29	54	54	89	128	20	26	29	53	131	50	63	4	99	25	20	72	39	41	64	62	56	14	84	77	11	2	76	124	58	108	94	49	8	59	72	124	32	35	123	90	28	93	77	108	85	111	43	87	109	29	100	20	23	77	28	112	25	99	8	111	102	32	123	62	56	52	109	77	23	101	3	31	68	127	64	30	124	15	25	49	20	96	65	77	95	42	127	29	97	59	22	35	122	51	46	62	110	16	55	42	6	130	115	93	125	27	66	116	77	100	53	3	62	18	43	91	12	15	100	107
0	0	0	0	0	0	126	60	88	106	115	43	13	125	6	117	11	126	66	132	97	7	128	45	128	99	89	86	33	90	31	130	20	2	102	16	116	56	54	37	49	113	58	31	110	75	27	4	99	51	117	124	84	25	91	8	85	132	3	112	41	62	72	66	121	111	131	101	91	28	42	93	12	57	33	36	34	58	122	100	42	23	49	58	19	126	95	105	17	19	75	26	116	62	51	25	52	123	49	56	12	13	83	31	8	63	7	100	130	62	48	23	97	97	116	46	78	69	85	131	134	50	74	114	74	75	23	58
0	0	0	0	0	0	0	80	22	61	132	85	101	66	122	97	116	71	14	19	116	36	21	123	62	43	104	41	85	65	35	85	39	118	128	132	120	68	95	31	43	60	86	122	104	67	108	24	81	85	40	120	72	78	15	78	112	107	89	52	13	128	82	86	78	39	67	54	109	47	11	71	8	116	13	91	17	128	71	30	89	55	82	104	28	31	52	6	118	129	3	67	36	126	80	78	79	105	109	10	85	122	96	80	26	114	50	40	94	48	99	34	131	96	26	31	52	113	73	70	17	124	44	93	61	52	82	83
0	0	0	0	0	0	0	0	34	118	131	73	27	49	86	69	113	86	104	102	71	119	87	52	80	67	60	33	57	101	67	67	102	45	20	71	17	55	36	61	9	28	75	16	37	88	17	57	47	55	133	108	11	23	119	91	26	79	56	60	75	69	124	109	83	28	9	14	56	103	19	85	77	66	75	55	67	73	83	102	124	73	59	57	9	13	10	67	118	79	39	58	36	77	100	79	16	57	94	76	126	37	75	19	28	70	21	16	20	29	57	21	75	61	49	112	80	22	67	103	19	42	62	112	131	33	126	32
0	0	0	0	0	0	0	0	0	114	65	78	105	101	16	68	37	96	66	28	42	20	114	118	125	114	24	104	112	96	73	85	74	115	71	37	21	59	65	67	67	59	122	33	107	103	43	53	56	125	68	130	105	84	50	63	35	49	88	96	52	93	53	130	86	26	82	81	109	77	82	84	43	46	98	109	52	125	81	97	56	76	41	54	36	42	90	9	5	106	101	19	63	6	88	127	98	126	70	102	106	18	21	53	94	112	28	128	67	42	49	130	13	92	100	94	47	67	15	17	98	55	18	69	88	48	24	100
0	0	0	0	0	0	0	0	0	0	124	22	93	10	69	51	118	127	49	90	38	10	78	92	37	111	60	27	88	102	28	18	43	50	44	18	69	86	73	13	85	93	93	8	16	63	10	99	120	99	90	99	6	92	68	82	69	85	115	56	66	75	54	92	11	114	58	72	91	88	107	75	23	127	53	55	17	23	66	21	17	80	127	62	57	63	79	131	95	95	126	103	100	58	92	127	114	32	128	17	128	124	53	31	42	79	65	38	126	97	30	74	52	63	12	129	60	94	48	56	107	78	20	131	136	29	72	116
0	0	0	0	0	0	0	0	0	0	0	123	46	29	47	61	89	91	44	3	40	82	114	131	65	77	23	27	71	131	96	43	131	95	44	61	67	63	42	27	23	37	126	53	129	97	69	65	125	96	69	99	82	20	20	60	90	118	44	9	4	102	69	109	80	126	9	70	120	117	95	59	30	100	81	134	101	37	72	98	18	89	94	111	90	35	95	69	32	51	83	18	44	125	35	23	101	71	39	30	12	11	52	46	9	73	25	95	32	94	130	57	23	64	30	7	116	31	114	77	35	73	113	109	29	88	12	14
0	0	0	0	0	0	0	0	0	0	0	0	84	23	14	73	116	59	126	98	74	51	86	92	73	23	71	49	85	32	15	93	135	100	86	128	114	74	84	31	135	128	57	78	110	2	25	73	67	108	30	97	65	98	41	11	115	28	20	64	89	18	15	44	60	107	115	97	106	59	37	107	30	42	39	72	116	6	55	15	19	83	26	18	44	101	132	17	46	86	112	30	57	50	36	37	114	123	3	26	55	28	115	15	88	60	79	55	103	44	18	59	73	73	109	40	87	53	111	95	66	64	36	120	102	119	41	67
0	0	0	0	0	0	0	0	0	0	0	0	0	97	114	59	80	21	13	38	105	21	127	76	122	36	93	33	111	122	78	59	54	76	9	95	41	38	15	64	114	53	69	71	84	101	44	93	61	31	119	23	104	107	45	72	104	61	42	54	50	78	91	118	132	58	25	94	36	91	84	125	120	122	83	43	68	89	33	74	28	69	28	10	22	76	24	38	44	39	5	98	70	127	71	85	51	125	57	108	31	14	35	105	28	90	61	24	64	71	94	87	48	13	99	36	40	32	69	105	87	112	5	97	48	44	40	100
0	0	0	0	0	0	0	0	0	0	0	0	0	0	52	20	32	66	123	108	111	24	17	25	47	58	125	56	91	123	32	121	126	84	92	47	110	56	29	7	122	132	41	65	129	48	33	100	128	129	93	28	99	18	20	109	111	76	69	70	67	108	120	17	113	107	54	63	97	107	114	123	123	85	55	64	21	130	37	12	14	41	120	47	45	58	114	111	79	26	94	10	86	43	56	77	89	94	133	74	44	30	24	127	88	135	124	99	94	13	81	121	15	46	76	116	128	6	35	12	128	44	98	78	119	108	108	57
0	0	0	0	0	0	0	0	0	0	0	0	0	0	0	78	15	113	40	87	14	91	18	79	44	37	75	56	115	73	64	120	97	123	60	77	23	13	59	16	137	22	37	23	108	80	40	113	112	64	56	51	45	112	98	38	58	74	56	11	15	77	20	99	116	117	70	71	70	6	67	17	126	134	55	24	90	119	30	40	138	49	38	105	129	59	79	127	124	134	117	80	9	14	87	23	34	62	71	69	66	27	109	29	59	32	29	112	37	84	87	36	99	60	84	126	67	109	26	110	121	88	22	50	129	87	48	84
0	0	0	0	0	0	0	0	0	0	0	0	0	0	0	0	86	112	28	125	39	40	17	25	134	95	57	11	48	75	61	34	21	65	13	130	72	80	71	82	139	81	64	37	30	60	17	23	109	120	54	42	51	116	125	27	119	110	132	123	98	59	31	15	15	103	48	34	80	38	126	35	130	92	102	126	31	126	95	56	30	87	105	114	55	40	34	119	54	115	21	77	136	109	56	133	72	100	36	20	81	87	108	110	89	35	119	69	62	134	30	77	73	34	99	61	15	26	55	133	61	118	75	64	56	93	86	132
0	0	0	0	0	0	0	0	0	0	0	0	0	0	0	0	0	107	18	15	99	17	39	6	79	19	71	26	70	51	53	105	61	118	19	71	69	88	116	97	141	119	60	99	82	91	18	122	60	58	131	52	72	76	79	122	123	14	94	106	83	101	63	119	22	123	65	104	122	102	120	36	68	93	130	82	92	79	63	18	43	67	85	105	41	15	66	70	39	106	65	82	137	40	80	23	71	23	39	65	123	37	53	26	25	95	51	23	45	51	62	32	20	26	55	17	118	95	10	120	30	13	30	91	122	70	75	101
0	0	0	0	0	0	0	0	0	0	0	0	0	0	0	0	0	0	83	58	65	58	9	94	81	63	54	92	16	134	107	76	92	19	70	88	55	131	6	38	66	130	136	99	32	113	117	58	138	134	102	24	90	91	101	47	86	116	28	20	83	28	127	96	60	125	112	98	126	62	75	33	60	91	51	51	85	28	121	38	83	40	115	121	107	65	114	86	88	121	121	79	25	70	42	78	76	99	115	105	58	42	100	111	51	69	104	81	91	18	126	106	80	41	30	85	54	100	74	66	104	23	45	40	103	124	133	91
0	0	0	0	0	0	0	0	0	0	0	0	0	0	0	0	0	0	0	60	121	45	67	111	25	45	102	68	122	85	59	95	84	47	58	129	115	59	123	86	86	112	36	62	67	88	133	39	86	114	39	5	51	36	80	75	76	115	124	58	35	116	110	25	13	7	50	37	121	135	72	104	22	82	104	56	86	34	110	102	91	55	115	126	5	24	53	104	72	117	23	131	90	128	62	92	58	75	57	51	98	19	59	127	88	125	132	92	135	21	18	37	93	46	48	129	26	119	115	143	41	68	103	80	44	112	67	96
0	0	0	0	0	0	0	0	0	0	0	0	0	0	0	0	0	0	0	0	105	42	113	69	74	128	37	10	34	22	134	89	111	73	141	102	74	45	49	58	23	57	102	65	58	107	51	52	59	59	103	26	79	43	19	126	116	31	109	43	108	113	61	49	130	67	43	38	20	28	123	70	91	57	116	118	100	62	43	24	60	89	78	95	87	6	125	101	41	139	66	92	145	82	100	68	107	108	94	53	13	29	118	72	26	58	37	76	124	57	46	39	75	95	100	141	73	64	24	31	36	117	70	104	126	109	39	35
0	0	0	0	0	0	0	0	0	0	0	0	0	0	0	0	0	0	0	0	0	69	144	85	104	28	13	94	9	83	135	110	65	79	29	98	70	58	30	97	80	59	118	62	88	98	13	96	57	28	53	84	52	117	23	51	29	79	25	126	56	20	9	37	127	22	143	100	63	48	27	21	70	105	16	62	12	28	107	74	69	79	117	33	115	60	10	41	16	85	102	121	115	103	115	42	42	130	11	19	145	14	142	57	116	126	43	16	59	112	75	139	47	19	92	93	19	44	12	56	117	63	85	74	91	63	113	67
0	0	0	0	0	0	0	0	0	0	0	0	0	0	0	0	0	0	0	0	0	0	22	108	104	33	116	29	126	100	29	90	133	11	38	122	133	99	110	51	128	64	42	65	106	109	19	68	73	30	71	105	72	42	77	104	108	50	11	69	113	112	115	29	121	103	38	114	83	76	75	40	15	26	126	141	121	128	64	40	83	68	39	116	119	147	91	16	48	45	116	47	121	53	49	107	32	38	125	45	103	42	129	42	89	38	17	22	22	109	36	131	77	34	98	70	136	79	121	34	8	105	68	141	66	138	129	95
0	0	0	0	0	0	0	0	0	0	0	0	0	0	0	0	0	0	0	0	0	0	0	102	36	85	118	116	22	26	123	123	100	137	48	17	127	119	79	22	61	57	61	141	75	23	143	111	131	67	81	46	15	31	117	29	20	73	22	25	41	118	40	110	75	45	108	141	83	132	133	70	133	48	35	43	56	129	50	116	136	22	92	54	110	87	135	128	36	105	87	28	132	109	122	50	67	130	9	141	21	84	31	34	73	72	110	132	69	109	88	72	117	140	60	121	67	41	48	122	59	78	25	38	34	65	52	16
0	0	0	0	0	0	0	0	0	0	0	0	0	0	0	0	0	0	0	0	0	0	0	0	86	89	126	22	98	124	29	119	105	55	89	95	50	25	36	44	83	81	128	87	66	68	82	60	28	137	74	133	99	143	42	33	13	119	48	126	27	53	116	135	99	42	50	47	108	65	16	124	85	41	121	139	149	72	39	44	62	33	131	59	34	104	19	51	133	76	134	41	23	87	25	29	85	48	18	98	45	35	42	105	67	31	55	15	102	73	79	41	69	147	89	79	48	21	98	76	76	54	133	40	74	126	108	82
0	0	0	0	0	0	0	0	0	0	0	0	0	0	0	0	0	0	0	0	0	0	0	0	0	108	26	95	38	99	92	65	115	82	37	122	86	127	95	85	143	111	142	33	152	91	94	4	131	28	28	48	19	94	77	24	124	55	111	58	79	105	111	120	106	11	127	90	148	62	115	113	120	91	85	118	109	75	46	55	96	119	97	144	139	56	49	119	2	36	43	49	59	149	63	81	66	129	29	51	133	96	33	144	112	46	82	47	49	72	88	130	89	135	112	84	19	53	73	70	36	31	27	119	118	13	101	72
0	0	0	0	0	0	0	0	0	0	0	0	0	0	0	0	0	0	0	0	0	0	0	0	0	0	73	102	143	147	87	136	146	109	36	87	79	106	133	90	110	112	138	101	149	107	96	65	26	48	110	90	93	55	90	44	87	56	45	106	79	29	113	72	68	95	79	84	44	55	73	128	59	106	143	28	72	48	140	39	149	80	103	132	125	145	107	148	63	142	96	25	70	124	127	64	104	93	74	126	109	111	47	92	76	131	67	108	110	137	41	36	94	86	18	76	47	53	16	136	11	106	22	18	124	118	71	48
0	0	0	0	0	0	0	0	0	0	0	0	0	0	0	0	0	0	0	0	0	0	0	0	0	0	0	15	69	19	109	123	53	104	58	84	83	79	56	33	71	103	105	71	113	105	98	96	54	62	11	88	41	44	98	62	88	130	121	18	133	49	92	95	110	95	106	99	145	80	104	43	59	125	102	93	100	60	92	99	92	115	56	45	108	33	146	45	79	45	85	99	103	64	135	14	87	130	118	131	60	23	94	122	31	135	127	80	47	35	47	29	58	35	44	42	85	117	27	111	101	19	66	103	110	33	60	33
0	0	0	0	0	0	0	0	0	0	0	0	0	0	0	0	0	0	0	0	0	0	0	0	0	0	0	0	134	64	58	50	142	58	58	89	64	56	36	12	34	136	132	113	147	41	150	64	86	46	68	64	128	133	74	132	66	36	73	120	146	127	81	55	53	18	127	16	68	66	46	111	130	73	136	92	57	104	71	115	85	150	65	63	132	81	125	66	77	103	117	112	74	33	17	90	110	51	140	123	65	102	117	83	122	35	17	101	30	148	59	68	34	59	120	124	54	139	67	141	133	126	49	101	45	6	122	70
0	0	0	0	0	0	0	0	0	0	0	0	0	0	0	0	0	0	0	0	0	0	0	0	0	0	0	0	0	140	76	65	54	33	86	125	129	25	91	67	92	137	71	87	109	139	67	79	94	72	101	110	87	59	81	64	133	34	78	110	29	118	42	52	68	72	95	145	30	59	91	105	131	94	69	82	92	146	31	87	28	20	34	127	131	137	29	82	79	94	61	100	97	18	137	139	126	130	23	139	96	23	30	65	19	138	54	66	118	48	106	144	83	132	121	60	29	69	54	117	76	125	87	143	33	95	91	106
0	0	0	0	0	0	0	0	0	0	0	0	0	0	0	0	0	0	0	0	0	0	0	0	0	0	0	0	0	0	99	32	68	26	108	23	85	58	151	98	53	33	36	83	151	7	131	117	142	83	118	140	28	58	45	96	123	74	149	133	120	136	57	121	92	129	152	31	59	27	144	91	124	11	108	89	41	110	116	59	81	3	24	140	125	69	8	32	69	131	75	89	83	56	14	67	72	107	33	18	90	51	67	33	135	89	58	87	125	49	74	127	60	140	32	91	26	108	35	128	96	143	29	50	106	28	74	34
0	0	0	0	0	0	0	0	0	0	0	0	0	0	0	0	0	0	0	0	0	0	0	0	0	0	0	0	0	0	0	100	148	106	142	91	41	57	86	98	126	95	139	129	24	92	62	132	108	75	46	72	41	76	83	98	47	56	115	103	107	89	49	43	131	69	121	31	14	56	116	80	94	59	136	16	125	43	118	44	94	108	39	111	44	96	118	129	156	87	133	133	135	54	65	119	105	129	39	50	32	119	80	52	61	96	116	117	109	146	132	114	52	120	127	30	57	83	146	125	108	58	100	47	19	30	96	126
0	0	0	0	0	0	0	0	0	0	0	0	0	0	0	0	0	0	0	0	0	0	0	0	0	0	0	0	0	0	0	0	8	39	34	118	42	110	87	45	124	113	84	101	127	105	110	47	80	73	145	28	60	31	40	103	78	43	67	54	131	112	116	96	95	133	140	80	74	74	119	108	93	99	110	83	17	116	127	132	76	104	38	105	112	38	93	60	64	110	14	129	82	93	48	67	48	97	87	24	62	87	86	118	22	89	9	57	72	99	19	69	134	55	11	30	89	117	51	99	142	36	44	102	136	93	76	107
0	0	0	0	0	0	0	0	0	0	0	0	0	0	0	0	0	0	0	0	0	0	0	0	0	0	0	0	0	0	0	0	0	36	97	54	73	107	138	121	39	154	77	18	125	29	106	25	113	107	95	102	86	63	85	93	35	49	87	96	94	41	29	44	71	129	116	114	153	84	156	68	19	114	58	68	55	155	66	41	156	62	28	108	99	41	92	22	70	110	57	130	32	123	114	114	14	105	42	109	44	129	48	92	106	61	26	31	114	110	41	130	46	99	69	105	153	105	92	29	43	22	65	80	28	76	26	36
0	0	0	0	0	0	0	0	0	0	0	0	0	0	0	0	0	0	0	0	0	0	0	0	0	0	0	0	0	0	0	0	0	0	58	100	37	8	43	69	66	46	114	149	135	61	77	113	33	99	111	152	48	100	138	69	138	61	136	132	140	24	65	50	126	46	53	61	29	33	121	108	77	20	63	24	78	28	148	42	118	37	56	114	28	67	18	50	104	134	66	60	127	115	121	66	155	49	42	53	38	42	93	69	56	38	120	56	15	54	159	85	35	40	24	52	14	13	27	101	111	42	83	78	15	46	98	37
0	0	0	0	0	0	0	0	0	0	0	0	0	0	0	0	0	0	0	0	0	0	0	0	0	0	0	0	0	0	0	0	0	0	0	148	69	79	67	93	81	28	48	125	84	116	95	107	94	127	88	104	107	52	19	85	81	110	98	43	115	114	57	47	135	140	128	157	21	73	121	18	57	48	111	14	44	146	26	82	36	125	138	156	44	113	38	37	144	40	36	64	61	90	123	126	41	83	122	43	12	59	18	67	10	30	53	119	132	90	55	125	141	115	127	145	127	20	146	35	83	135	87	87	56	127	16	143
0	0	0	0	0	0	0	0	0	0	0	0	0	0	0	0	0	0	0	0	0	0	0	0	0	0	0	0	0	0	0	0	0	0	0	0	122	145	53	133	91	40	89	119	75	52	53	16	44	60	32	33	49	134	97	82	55	55	91	29	135	69	41	39	75	113	44	70	139	134	159	70	47	77	59	64	116	35	77	119	32	89	18	40	75	103	153	36	93	138	49	72	47	87	99	16	153	26	63	120	65	78	118	108	135	27	109	117	51	56	65	18	145	22	90	125	136	62	61	14	30	41	70	84	152	112	122	123
0	0	0	0	0	0	0	0	0	0	0	0	0	0	0	0	0	0	0	0	0	0	0	0	0	0	0	0	0	0	0	0	0	0	0	0	0	95	90	92	28	111	122	54	90	59	76	50	62	159	120	66	33	103	59	33	31	122	137	48	94	106	101	137	120	10	51	127	42	74	43	109	116	77	56	12	65	90	100	101	130	37	106	98	88	102	34	122	57	147	75	101	39	30	49	122	73	53	104	52	84	114	51	122	110	93	57	62	68	67	48	10	38	28	137	44	110	66	75	66	138	119	128	123	53	85	147	59
0	0	0	0	0	0	0	0	0	0	0	0	0	0	0	0	0	0	0	0	0	0	0	0	0	0	0	0	0	0	0	0	0	0	0	0	0	0	11	74	72	127	99	43	60	57	34	110	36	38	64	119	35	53	57	154	75	108	131	79	39	59	48	58	107	141	126	78	30	38	59	20	43	128	92	153	86	16	53	61	48	25	54	15	77	76	22	117	125	18	37	135	47	93	80	134	81	35	61	52	34	83	44	11	18	124	75	134	38	30	91	60	50	137	115	39	31	146	120	154	97	69	84	16	57	57	78	21
0	0	0	0	0	0	0	0	0	0	0	0	0	0	0	0	0	0	0	0	0	0	0	0	0	0	0	0	0	0	0	0	0	0	0	0	0	0	0	21	56	21	137	69	162	115	133	39	123	123	137	58	54	69	64	113	51	103	144	46	76	163	51	67	55	79	137	79	76	112	131	25	19	136	22	82	97	85	60	131	66	78	127	128	118	34	149	133	132	89	5	20	134	99	110	95	143	155	91	147	62	68	101	113	36	84	99	47	133	46	16	74	129	19	98	123	80	127	131	48	46	130	42	55	126	35	120	70
0	0	0	0	0	0	0	0	0	0	0	0	0	0	0	0	0	0	0	0	0	0	0	0	0	0	0	0	0	0	0	0	0	0	0	0	0	0	0	0	91	115	124	101	132	67	139	97	118	132	62	79	31	31	54	64	85	142	143	65	69	135	110	110	41	87	5	91	132	129	102	20	73	113	163	105	51	62	66	132	34	98	77	147	53	30	81	19	52	127	156	158	27	157	140	47	32	65	73	57	28	94	135	146	160	65	107	124	105	84	113	57	128	53	97	133	63	25	73	45	47	97	17	43	24	108	96	127
0	0	0	0	0	0	0	0	0	0	0	0	0	0	0	0	0	0	0	0	0	0	0	0	0	0	0	0	0	0	0	0	0	0	0	0	0	0	0	0	0	41	82	21	66	12	90	131	30	120	124	104	30	78	57	101	127	152	143	11	117	140	73	147	129	92	52	49	35	167	51	65	85	95	101	143	59	102	138	130	141	125	115	162	49	84	94	76	91	82	23	22	155	91	81	26	134	84	66	62	51	62	90	66	96	111	121	56	78	115	112	139	112	30	94	97	87	106	152	51	56	82	125	145	128	128	146	18
0	0	0	0	0	0	0	0	0	0	0	0	0	0	0	0	0	0	0	0	0	0	0	0	0	0	0	0	0	0	0	0	0	0	0	0	0	0	0	0	0	0	93	39	154	93	144	119	102	124	51	110	28	105	98	127	84	166	108	126	94	110	101	49	133	117	119	98	36	64	120	140	131	127	127	61	35	53	60	44	130	123	135	40	87	102	142	60	61	44	49	35	141	137	44	136	127	11	118	110	63	98	52	39	125	134	59	69	119	48	72	67	134	143	32	136	90	149	116	112	58	37	131	36	89	141	63	21
0	0	0	0	0	0	0	0	0	0	0	0	0	0	0	0	0	0	0	0	0	0	0	0	0	0	0	0	0	0	0	0	0	0	0	0	0	0	0	0	0	0	0	113	119	116	80	91	124	74	125	158	105	106	74	136	40	110	122	132	99	67	23	68	83	42	88	134	112	78	112	133	88	155	110	94	47	22	70	65	131	82	24	53	111	99	91	70	116	97	123	81	59	82	105	41	105	109	125	52	160	114	86	113	104	138	62	120	106	73	109	61	77	137	122	47	34	29	65	80	99	67	95	86	105	113	56	36
0	0	0	0	0	0	0	0	0	0	0	0	0	0	0	0	0	0	0	0	0	0	0	0	0	0	0	0	0	0	0	0	0	0	0	0	0	0	0	0	0	0	0	0	146	138	64	86	61	99	91	87	35	120	158	51	73	81	136	19	95	123	97	91	108	161	149	15	137	146	54	87	94	131	40	24	98	64	95	124	135	72	57	93	105	39	133	102	98	130	119	45	68	55	21	70	49	80	71	79	136	106	89	53	39	133	103	111	87	116	67	65	151	130	93	70	80	86	53	126	117	65	95	74	38	36	113	97
0	0	0	0	0	0	0	0	0	0	0	0	0	0	0	0	0	0	0	0	0	0	0	0	0	0	0	0	0	0	0	0	0	0	0	0	0	0	0	0	0	0	0	0	0	137	97	107	121	129	140	47	71	144	70	124	134	104	145	120	90	131	46	88	12	83	80	115	122	22	41	81	109	42	155	52	42	119	8	87	115	26	107	113	160	71	74	36	105	72	122	69	17	88	160	122	170	135	89	95	126	111	47	64	136	92	147	163	83	52	153	82	80	73	74	152	72	16	102	47	98	31	63	20	42	136	114	112
0	0	0	0	0	0	0	0	0	0	0	0	0	0	0	0	0	0	0	0	0	0	0	0	0	0	0	0	0	0	0	0	0	0	0	0	0	0	0	0	0	0	0	0	0	0	50	73	122	87	63	57	39	146	29	66	89	79	30	78	110	85	137	155	112	65	132	118	80	137	30	137	73	74	98	49	62	110	159	58	87	120	4	160	150	23	116	25	68	48	93	111	131	153	80	116	107	84	103	11	110	117	35	21	135	89	130	40	147	117	148	135	60	83	112	112	92	35	103	62	3	128	76	97	62	68	98	74
0	0	0	0	0	0	0	0	0	0	0	0	0	0	0	0	0	0	0	0	0	0	0	0	0	0	0	0	0	0	0	0	0	0	0	0	0	0	0	0	0	0	0	0	0	0	0	19	98	117	30	106	6	136	110	114	129	104	110	109	57	87	57	89	105	52	118	138	148	85	31	78	110	42	135	173	88	128	119	74	113	105	77	40	134	56	56	80	124	101	147	99	158	144	64	68	62	115	52	57	115	45	74	149	69	103	82	162	58	82	51	143	117	109	114	107	81	74	112	119	106	34	114	143	51	130	47	56
0	0	0	0	0	0	0	0	0	0	0	0	0	0	0	0	0	0	0	0	0	0	0	0	0	0	0	0	0	0	0	0	0	0	0	0	0	0	0	0	0	0	0	0	0	0	0	0	14	130	16	55	76	11	40	163	109	134	64	113	60	100	62	102	146	121	53	112	81	140	112	82	131	119	58	58	105	100	111	114	156	74	147	27	92	121	128	43	8	82	123	41	114	71	82	145	138	84	43	26	83	36	54	71	135	65	135	78	64	69	102	159	113	52	42	63	151	42	90	32	95	121	127	137	128	125	43	141
0	0	0	0	0	0	0	0	0	0	0	0	0	0	0	0	0	0	0	0	0	0	0	0	0	0	0	0	0	0	0	0	0	0	0	0	0	0	0	0	0	0	0	0	0	0	0	0	0	144	60	35	85	145	138	42	90	125	43	136	147	41	101	102	135	49	57	83	62	75	117	134	24	96	163	157	140	152	141	65	81	36	86	143	72	89	141	51	91	46	51	73	93	138	60	106	38	48	75	23	61	157	120	124	134	81	54	63	129	125	94	138	127	64	58	152	49	119	126	145	36	61	166	113	170	134	118	84
0	0	0	0	0	0	0	0	0	0	0	0	0	0	0	0	0	0	0	0	0	0	0	0	0	0	0	0	0	0	0	0	0	0	0	0	0	0	0	0	0	0	0	0	0	0	0	0	0	0	136	60	132	43	98	82	117	118	79	55	43	100	126	138	97	82	26	139	99	142	57	148	31	74	48	106	72	125	100	120	83	136	72	111	176	122	146	126	45	89	112	57	108	46	75	75	42	60	64	73	38	130	72	81	129	114	103	58	54	110	67	85	126	99	137	56	47	73	90	52	90	100	131	147	27	117	37	122
0	0	0	0	0	0	0	0	0	0	0	0	0	0	0	0	0	0	0	0	0	0	0	0	0	0	0	0	0	0	0	0	0	0	0	0	0	0	0	0	0	0	0	0	0	0	0	0	0	0	0	43	50	23	62	138	14	161	127	158	83	156	53	139	54	124	32	55	61	57	53	54	169	120	62	124	80	109	56	58	106	114	43	145	100	131	83	163	118	41	80	104	139	20	134	85	91	35	134	91	53	15	103	98	138	134	142	101	40	101	147	138	49	76	102	76	75	128	151	41	79	31	95	165	33	51	31	39
0	0	0	0	0	0	0	0	0	0	0	0	0	0	0	0	0	0	0	0	0	0	0	0	0	0	0	0	0	0	0	0	0	0	0	0	0	0	0	0	0	0	0	0	0	0	0	0	0	0	0	0	98	59	83	40	119	63	40	88	93	66	30	41	70	84	113	85	96	67	104	64	99	31	118	124	161	79	71	110	35	104	131	77	139	142	15	11	109	160	39	106	61	85	33	149	95	56	76	96	126	63	45	122	38	93	68	87	68	22	141	147	132	52	128	38	48	126	108	49	126	73	145	145	112	143	171	133
0	0	0	0	0	0	0	0	0	0	0	0	0	0	0	0	0	0	0	0	0	0	0	0	0	0	0	0	0	0	0	0	0	0	0	0	0	0	0	0	0	0	0	0	0	0	0	0	0	0	0	0	0	16	69	104	120	136	60	129	76	92	95	157	78	63	62	34	85	90	66	122	160	169	94	129	121	109	142	79	95	89	43	131	57	120	97	95	87	135	112	87	24	29	104	128	151	108	37	124	161	133	82	93	169	91	31	165	135	72	66	37	125	89	132	123	100	111	54	160	175	70	120	104	67	126	120	44
0	0	0	0	0	0	0	0	0	0	0	0	0	0	0	0	0	0	0	0	0	0	0	0	0	0	0	0	0	0	0	0	0	0	0	0	0	0	0	0	0	0	0	0	0	0	0	0	0	0	0	0	0	0	64	130	99	165	72	93	86	99	88	170	115	37	133	135	76	95	117	82	97	35	106	160	54	166	60	30	174	105	29	132	88	77	141	76	57	41	17	150	124	109	67	84	107	37	92	128	54	128	85	57	119	136	96	56	131	101	36	126	109	51	51	92	62	49	136	138	52	89	55	58	92	141	149	99
0	0	0	0	0	0	0	0	0	0	0	0	0	0	0	0	0	0	0	0	0	0	0	0	0	0	0	0	0	0	0	0	0	0	0	0	0	0	0	0	0	0	0	0	0	0	0	0	0	0	0	0	0	0	0	84	66	104	128	26	41	74	45	67	29	145	55	142	129	74	138	59	32	158	71	47	53	132	81	53	124	19	96	67	131	16	42	141	111	63	80	93	58	173	92	46	124	96	82	143	155	129	137	89	88	61	84	135	93	112	106	138	120	108	70	39	138	123	84	50	95	61	50	158	69	164	53	55
0	0	0	0	0	0	0	0	0	0	0	0	0	0	0	0	0	0	0	0	0	0	0	0	0	0	0	0	0	0	0	0	0	0	0	0	0	0	0	0	0	0	0	0	0	0	0	0	0	0	0	0	0	0	0	0	66	120	149	88	94	111	48	86	68	109	35	53	161	147	78	80	114	106	81	76	70	74	131	139	108	124	95	103	100	78	92	156	74	171	71	39	173	121	122	85	121	114	105	99	100	156	68	84	69	62	52	135	148	21	60	149	113	87	131	155	36	56	12	130	95	34	150	102	76	112	54	45
0	0	0	0	0	0	0	0	0	0	0	0	0	0	0	0	0	0	0	0	0	0	0	0	0	0	0	0	0	0	0	0	0	0	0	0	0	0	0	0	0	0	0	0	0	0	0	0	0	0	0	0	0	0	0	0	0	50	63	158	59	180	39	65	128	140	108	100	55	30	94	58	107	98	60	146	57	115	59	39	122	137	119	54	69	54	130	166	33	149	88	43	51	155	121	68	57	135	73	62	82	99	128	125	117	57	113	169	110	49	152	157	132	146	73	13	109	26	116	138	58	108	68	139	132	140	70	122
0	0	0	0	0	0	0	0	0	0	0	0	0	0	0	0	0	0	0	0	0	0	0	0	0	0	0	0	0	0	0	0	0	0	0	0	0	0	0	0	0	0	0	0	0	0	0	0	0	0	0	0	0	0	0	0	0	0	40	59	135	175	55	62	66	163	105	144	43	84	166	159	35	153	99	66	106	54	83	104	78	98	92	71	90	66	20	150	55	31	51	103	85	118	66	148	83	66	163	88	87	73	14	106	90	114	69	34	86	139	127	131	117	98	141	88	156	91	135	62	156	38	118	86	57	119	63	160
0	0	0	0	0	0	0	0	0	0	0	0	0	0	0	0	0	0	0	0	0	0	0	0	0	0	0	0	0	0	0	0	0	0	0	0	0	0	0	0	0	0	0	0	0	0	0	0	0	0	0	0	0	0	0	0	0	0	0	83	109	39	84	22	41	150	161	28	53	120	49	103	94	124	41	134	59	77	77	105	29	57	150	113	84	89	58	156	67	107	84	106	64	141	78	85	159	45	117	46	22	116	121	151	144	73	117	27	42	49	106	52	62	113	94	80	67	22	91	145	130	139	66	64	122	38	97	100
0	0	0	0	0	0	0	0	0	0	0	0	0	0	0	0	0	0	0	0	0	0	0	0	0	0	0	0	0	0	0	0	0	0	0	0	0	0	0	0	0	0	0	0	0	0	0	0	0	0	0	0	0	0	0	0	0	0	0	0	156	58	132	59	158	126	135	110	54	122	38	49	75	62	96	139	53	46	91	89	56	84	97	75	132	56	117	128	14	171	38	119	110	59	68	28	128	143	173	124	150	43	123	150	62	93	101	92	50	103	53	29	125	79	47	118	108	78	127	72	50	127	63	102	48	90	60	70
0	0	0	0	0	0	0	0	0	0	0	0	0	0	0	0	0	0	0	0	0	0	0	0	0	0	0	0	0	0	0	0	0	0	0	0	0	0	0	0	0	0	0	0	0	0	0	0	0	0	0	0	0	0	0	0	0	0	0	0	0	137	137	123	81	27	43	41	55	60	16	63	110	74	84	96	50	165	82	86	91	54	82	113	136	55	107	92	33	53	113	119	105	65	76	130	46	157	104	92	176	82	106	128	35	119	59	73	48	56	126	119	105	12	149	7	12	48	112	138	123	85	58	126	16	92	58	133
0	0	0	0	0	0	0	0	0	0	0	0	0	0	0	0	0	0	0	0	0	0	0	0	0	0	0	0	0	0	0	0	0	0	0	0	0	0	0	0	0	0	0	0	0	0	0	0	0	0	0	0	0	0	0	0	0	0	0	0	0	0	165	66	138	141	56	105	166	81	66	98	62	63	85	74	102	107	57	52	132	78	135	98	95	61	82	98	144	132	128	42	44	70	84	102	133	41	112	153	122	156	71	63	103	71	102	90	50	55	59	97	168	89	131	83	139	125	72	61	34	26	46	38	82	140	119	165
0	0	0	0	0	0	0	0	0	0	0	0	0	0	0	0	0	0	0	0	0	0	0	0	0	0	0	0	0	0	0	0	0	0	0	0	0	0	0	0	0	0	0	0	0	0	0	0	0	0	0	0	0	0	0	0	0	0	0	0	0	0	0	102	70	136	69	76	90	150	105	24	109	51	36	82	97	45	25	103	80	64	124	58	23	86	76	172	116	144	107	87	168	29	76	121	134	126	95	130	109	150	153	138	132	104	104	165	100	59	140	101	140	71	92	150	50	132	132	134	171	35	182	105	136	76	71	62
0	0	0	0	0	0	0	0	0	0	0	0	0	0	0	0	0	0	0	0	0	0	0	0	0	0	0	0	0	0	0	0	0	0	0	0	0	0	0	0	0	0	0	0	0	0	0	0	0	0	0	0	0	0	0	0	0	0	0	0	0	0	0	0	107	73	74	52	23	108	126	126	34	86	41	69	110	73	60	90	181	139	85	91	73	43	126	143	39	26	21	22	105	97	59	88	63	27	155	108	160	113	111	55	119	148	50	170	74	91	152	95	139	102	139	147	48	82	24	30	137	118	72	146	72	61	121	30
0	0	0	0	0	0	0	0	0	0	0	0	0	0	0	0	0	0	0	0	0	0	0	0	0	0	0	0	0	0	0	0	0	0	0	0	0	0	0	0	0	0	0	0	0	0	0	0	0	0	0	0	0	0	0	0	0	0	0	0	0	0	0	0	0	80	125	37	131	115	100	8	165	73	102	66	37	149	124	92	79	127	55	42	148	80	114	56	34	115	62	153	151	77	61	13	55	147	105	104	88	111	93	96	155	147	46	73	128	97	23	60	93	68	132	88	145	44	139	90	186	78	104	102	80	68	4	136
0	0	0	0	0	0	0	0	0	0	0	0	0	0	0	0	0	0	0	0	0	0	0	0	0	0	0	0	0	0	0	0	0	0	0	0	0	0	0	0	0	0	0	0	0	0	0	0	0	0	0	0	0	0	0	0	0	0	0	0	0	0	0	0	0	0	67	132	157	83	105	161	67	106	120	118	41	14	119	116	65	98	141	150	59	122	69	78	137	152	130	67	144	74	170	174	101	76	34	96	37	139	89	116	106	63	59	178	123	119	130	155	110	138	106	66	114	35	121	100	21	52	137	18	84	161	77	32
0	0	0	0	0	0	0	0	0	0	0	0	0	0	0	0	0	0	0	0	0	0	0	0	0	0	0	0	0	0	0	0	0	0	0	0	0	0	0	0	0	0	0	0	0	0	0	0	0	0	0	0	0	0	0	0	0	0	0	0	0	0	0	0	0	0	0	113	169	137	90	72	176	111	43	133	77	152	107	164	88	53	53	140	167	89	128	100	49	75	96	49	81	50	43	92	26	62	84	75	104	130	80	82	60	76	79	150	151	100	26	57	73	169	125	151	120	51	44	109	113	104	72	31	136	75	157	32
0	0	0	0	0	0	0	0	0	0	0	0	0	0	0	0	0	0	0	0	0	0	0	0	0	0	0	0	0	0	0	0	0	0	0	0	0	0	0	0	0	0	0	0	0	0	0	0	0	0	0	0	0	0	0	0	0	0	0	0	0	0	0	0	0	0	0	0	106	55	107	160	159	143	84	38	32	95	144	133	22	37	167	97	29	129	82	122	65	64	93	41	86	159	35	65	61	157	78	126	70	160	143	83	109	110	138	10	132	107	103	185	160	112	107	118	82	122	179	123	77	10	24	133	33	145	10	88
0	0	0	0	0	0	0	0	0	0	0	0	0	0	0	0	0	0	0	0	0	0	0	0	0	0	0	0	0	0	0	0	0	0	0	0	0	0	0	0	0	0	0	0	0	0	0	0	0	0	0	0	0	0	0	0	0	0	0	0	0	0	0	0	0	0	0	0	0	29	109	190	46	116	15	52	124	45	112	117	144	69	101	97	66	108	146	149	9	167	101	185	148	32	112	130	142	113	88	55	114	127	92	143	99	121	67	89	52	36	97	110	97	60	21	194	80	157	74	81	50	177	98	90	46	104	41	106
0	0	0	0	0	0	0	0	0	0	0	0	0	0	0	0	0	0	0	0	0	0	0	0	0	0	0	0	0	0	0	0	0	0	0	0	0	0	0	0	0	0	0	0	0	0	0	0	0	0	0	0	0	0	0	0	0	0	0	0	0	0	0	0	0	0	0	0	0	0	143	144	125	60	43	99	94	69	92	116	80	49	161	24	83	86	88	143	91	68	79	93	87	176	44	22	25	117	46	22	179	129	120	51	69	99	118	66	173	39	87	62	114	39	84	162	73	18	99	126	123	14	99	131	162	87	140	100
0	0	0	0	0	0	0	0	0	0	0	0	0	0	0	0	0	0	0	0	0	0	0	0	0	0	0	0	0	0	0	0	0	0	0	0	0	0	0	0	0	0	0	0	0	0	0	0	0	0	0	0	0	0	0	0	0	0	0	0	0	0	0	0	0	0	0	0	0	0	0	38	136	66	125	94	118	127	87	139	130	50	161	115	88	102	142	115	158	165	52	85	130	144	124	80	113	67	163	49	83	143	65	77	55	87	185	44	41	131	77	108	157	114	161	115	97	147	143	112	25	75	64	74	140	93	112	95
0	0	0	0	0	0	0	0	0	0	0	0	0	0	0	0	0	0	0	0	0	0	0	0	0	0	0	0	0	0	0	0	0	0	0	0	0	0	0	0	0	0	0	0	0	0	0	0	0	0	0	0	0	0	0	0	0	0	0	0	0	0	0	0	0	0	0	0	0	0	0	0	110	114	169	129	129	107	103	35	56	72	107	26	183	81	77	117	30	113	141	120	86	85	167	115	14	122	105	117	134	100	81	85	162	162	78	125	105	48	70	17	51	155	173	67	102	125	177	154	139	66	81	142	149	133	86	73
0	0	0	0	0	0	0	0	0	0	0	0	0	0	0	0	0	0	0	0	0	0	0	0	0	0	0	0	0	0	0	0	0	0	0	0	0	0	0	0	0	0	0	0	0	0	0	0	0	0	0	0	0	0	0	0	0	0	0	0	0	0	0	0	0	0	0	0	0	0	0	0	0	127	148	95	92	167	174	54	32	51	96	81	111	112	75	90	109	99	185	35	59	113	129	111	146	133	149	70	42	95	45	135	38	64	33	103	82	28	126	66	127	156	36	138	99	168	47	35	90	93	61	115	81	149	10	41
0	0	0	0	0	0	0	0	0	0	0	0	0	0	0	0	0	0	0	0	0	0	0	0	0	0	0	0	0	0	0	0	0	0	0	0	0	0	0	0	0	0	0	0	0	0	0	0	0	0	0	0	0	0	0	0	0	0	0	0	0	0	0	0	0	0	0	0	0	0	0	0	0	0	31	127	124	137	174	163	92	60	142	83	29	39	129	48	186	143	122	46	60	179	38	98	155	124	88	61	105	58	139	113	158	100	75	133	42	33	65	41	126	127	131	110	37	79	139	112	129	88	61	100	99	118	149	124
0	0	0	0	0	0	0	0	0	0	0	0	0	0	0	0	0	0	0	0	0	0	0	0	0	0	0	0	0	0	0	0	0	0	0	0	0	0	0	0	0	0	0	0	0	0	0	0	0	0	0	0	0	0	0	0	0	0	0	0	0	0	0	0	0	0	0	0	0	0	0	0	0	0	0	60	132	185	76	177	105	140	74	173	74	132	124	129	77	44	81	143	39	69	177	70	157	159	41	87	113	154	122	88	58	70	127	45	67	34	179	169	174	110	119	99	111	136	109	113	122	107	125	170	117	138	172	129
0	0	0	0	0	0	0	0	0	0	0	0	0	0	0	0	0	0	0	0	0	0	0	0	0	0	0	0	0	0	0	0	0	0	0	0	0	0	0	0	0	0	0	0	0	0	0	0	0	0	0	0	0	0	0	0	0	0	0	0	0	0	0	0	0	0	0	0	0	0	0	0	0	0	0	0	42	77	114	56	78	109	82	145	166	91	65	66	174	44	133	120	45	49	135	49	97	148	99	84	94	172	139	91	114	93	176	112	61	118	18	137	98	36	41	49	154	93	153	135	170	65	157	42	74	185	47	63
0	0	0	0	0	0	0	0	0	0	0	0	0	0	0	0	0	0	0	0	0	0	0	0	0	0	0	0	0	0	0	0	0	0	0	0	0	0	0	0	0	0	0	0	0	0	0	0	0	0	0	0	0	0	0	0	0	0	0	0	0	0	0	0	0	0	0	0	0	0	0	0	0	0	0	0	0	26	118	158	156	113	108	57	104	105	105	139	12	41	42	134	105	44	132	157	132	119	166	96	132	25	160	94	96	167	86	124	132	77	148	91	159	111	98	102	72	97	158	93	133	108	146	88	56	117	98	75
0	0	0	0	0	0	0	0	0	0	0	0	0	0	0	0	0	0	0	0	0	0	0	0	0	0	0	0	0	0	0	0	0	0	0	0	0	0	0	0	0	0	0	0	0	0	0	0	0	0	0	0	0	0	0	0	0	0	0	0	0	0	0	0	0	0	0	0	0	0	0	0	0	0	0	0	0	0	138	178	121	27	128	38	79	49	81	72	26	124	66	63	94	99	155	116	121	156	52	158	117	152	178	32	160	86	178	154	111	141	83	190	84	72	128	135	36	110	85	145	122	105	168	165	90	51	116	34
0	0	0	0	0	0	0	0	0	0	0	0	0	0	0	0	0	0	0	0	0	0	0	0	0	0	0	0	0	0	0	0	0	0	0	0	0	0	0	0	0	0	0	0	0	0	0	0	0	0	0	0	0	0	0	0	0	0	0	0	0	0	0	0	0	0	0	0	0	0	0	0	0	0	0	0	0	0	0	131	118	190	57	108	171	147	61	113	71	133	129	54	101	85	120	122	80	58	143	126	69	86	81	137	63	152	197	72	115	33	63	144	43	111	142	121	78	135	135	126	131	181	34	192	97	38	137	139
0	0	0	0	0	0	0	0	0	0	0	0	0	0	0	0	0	0	0	0	0	0	0	0	0	0	0	0	0	0	0	0	0	0	0	0	0	0	0	0	0	0	0	0	0	0	0	0	0	0	0	0	0	0	0	0	0	0	0	0	0	0	0	0	0	0	0	0	0	0	0	0	0	0	0	0	0	0	0	0	82	175	190	86	103	51	102	77	72	95	126	133	31	98	129	91	46	156	92	160	56	168	135	45	104	92	153	166	96	162	51	107	72	155	138	44	191	116	120	101	167	68	191	109	93	94	165	58
0	0	0	0	0	0	0	0	0	0	0	0	0	0	0	0	0	0	0	0	0	0	0	0	0	0	0	0	0	0	0	0	0	0	0	0	0	0	0	0	0	0	0	0	0	0	0	0	0	0	0	0	0	0	0	0	0	0	0	0	0	0	0	0	0	0	0	0	0	0	0	0	0	0	0	0	0	0	0	0	0	172	126	9	107	30	134	59	36	130	92	86	134	91	78	49	126	60	72	37	114	90	193	71	71	152	80	159	131	63	140	149	40	124	151	156	101	104	56	59	133	54	142	161	116	111	59	131
0	0	0	0	0	0	0	0	0	0	0	0	0	0	0	0	0	0	0	0	0	0	0	0	0	0	0	0	0	0	0	0	0	0	0	0	0	0	0	0	0	0	0	0	0	0	0	0	0	0	0	0	0	0	0	0	0	0	0	0	0	0	0	0	0	0	0	0	0	0	0	0	0	0	0	0	0	0	0	0	0	0	111	101	56	51	151	3	106	203	174	107	50	69	92	118	54	172	166	71	108	40	114	122	195	159	80	165	172	41	89	89	147	67	113	76	135	161	107	89	139	66	70	150	96	60	139	163
0	0	0	0	0	0	0	0	0	0	0	0	0	0	0	0	0	0	0	0	0	0	0	0	0	0	0	0	0	0	0	0	0	0	0	0	0	0	0	0	0	0	0	0	0	0	0	0	0	0	0	0	0	0	0	0	0	0	0	0	0	0	0	0	0	0	0	0	0	0	0	0	0	0	0	0	0	0	0	0	0	0	0	79	170	96	156	46	7	181	180	119	112	113	60	143	40	11	62	108	86	97	114	158	127	137	64	120	150	135	71	83	205	144	140	109	140	90	143	38	166	78	163	103	171	154	68	125
0	0	0	0	0	0	0	0	0	0	0	0	0	0	0	0	0	0	0	0	0	0	0	0	0	0	0	0	0	0	0	0	0	0	0	0	0	0	0	0	0	0	0	0	0	0	0	0	0	0	0	0	0	0	0	0	0	0	0	0	0	0	0	0	0	0	0	0	0	0	0	0	0	0	0	0	0	0	0	0	0	0	0	0	82	49	134	80	167	164	149	189	106	110	145	119	98	91	193	126	47	76	163	94	101	87	114	115	175	160	47	118	42	72	69	46	130	66	197	74	103	154	125	172	128	126	125	110
0	0	0	0	0	0	0	0	0	0	0	0	0	0	0	0	0	0	0	0	0	0	0	0	0	0	0	0	0	0	0	0	0	0	0	0	0	0	0	0	0	0	0	0	0	0	0	0	0	0	0	0	0	0	0	0	0	0	0	0	0	0	0	0	0	0	0	0	0	0	0	0	0	0	0	0	0	0	0	0	0	0	0	0	0	75	126	172	99	56	130	38	59	72	77	189	111	138	76	110	84	61	85	117	129	68	41	61	138	77	119	131	86	118	92	159	42	138	131	203	138	37	130	80	89	127	74	207
0	0	0	0	0	0	0	0	0	0	0	0	0	0	0	0	0	0	0	0	0	0	0	0	0	0	0	0	0	0	0	0	0	0	0	0	0	0	0	0	0	0	0	0	0	0	0	0	0	0	0	0	0	0	0	0	0	0	0	0	0	0	0	0	0	0	0	0	0	0	0	0	0	0	0	0	0	0	0	0	0	0	0	0	0	0	102	115	160	169	82	152	54	162	100	168	173	106	146	146	60	127	122	104	196	51	96	38	21	177	47	43	88	111	25	112	126	48	173	176	63	116	89	35	77	156	214	150
0	0	0	0	0	0	0	0	0	0	0	0	0	0	0	0	0	0	0	0	0	0	0	0	0	0	0	0	0	0	0	0	0	0	0	0	0	0	0	0	0	0	0	0	0	0	0	0	0	0	0	0	0	0	0	0	0	0	0	0	0	0	0	0	0	0	0	0	0	0	0	0	0	0	0	0	0	0	0	0	0	0	0	0	0	0	0	76	92	133	97	105	136	87	95	37	113	42	98	86	107	37	98	147	71	65	170	199	73	185	37	155	104	100	105	121	70	162	109	150	130	123	79	101	201	186	103	72
0	0	0	0	0	0	0	0	0	0	0	0	0	0	0	0	0	0	0	0	0	0	0	0	0	0	0	0	0	0	0	0	0	0	0	0	0	0	0	0	0	0	0	0	0	0	0	0	0	0	0	0	0	0	0	0	0	0	0	0	0	0	0	0	0	0	0	0	0	0	0	0	0	0	0	0	0	0	0	0	0	0	0	0	0	0	0	0	70	7	196	166	113	181	133	182	153	95	75	173	97	114	72	86	51	28	112	11	195	95	101	115	30	25	94	75	52	62	16	63	122	19	78	136	156	207	82	104
0	0	0	0	0	0	0	0	0	0	0	0	0	0	0	0	0	0	0	0	0	0	0	0	0	0	0	0	0	0	0	0	0	0	0	0	0	0	0	0	0	0	0	0	0	0	0	0	0	0	0	0	0	0	0	0	0	0	0	0	0	0	0	0	0	0	0	0	0	0	0	0	0	0	0	0	0	0	0	0	0	0	0	0	0	0	0	0	0	186	113	32	107	86	92	95	151	102	65	144	95	40	133	96	165	150	183	59	124	193	191	135	109	139	124	133	153	38	197	167	134	129	91	157	57	117	36	139
0	0	0	0	0	0	0	0	0	0	0	0	0	0	0	0	0	0	0	0	0	0	0	0	0	0	0	0	0	0	0	0	0	0	0	0	0	0	0	0	0	0	0	0	0	0	0	0	0	0	0	0	0	0	0	0	0	0	0	0	0	0	0	0	0	0	0	0	0	0	0	0	0	0	0	0	0	0	0	0	0	0	0	0	0	0	0	0	0	0	142	161	65	80	175	148	77	119	84	48	125	89	51	21	124	65	179	17	44	133	93	101	165	138	73	87	67	138	145	112	15	20	75	146	48	62	181	158
0	0	0	0	0	0	0	0	0	0	0	0	0	0	0	0	0	0	0	0	0	0	0	0	0	0	0	0	0	0	0	0	0	0	0	0	0	0	0	0	0	0	0	0	0	0	0	0	0	0	0	0	0	0	0	0	0	0	0	0	0	0	0	0	0	0	0	0	0	0	0	0	0	0	0	0	0	0	0	0	0	0	0	0	0	0	0	0	0	0	0	72	101	78	154	71	191	144	128	142	140	130	137	84	41	77	63	103	78	146	41	111	121	136	113	46	169	94	95	193	113	135	82	91	73	197	133	37
0	0	0	0	0	0	0	0	0	0	0	0	0	0	0	0	0	0	0	0	0	0	0	0	0	0	0	0	0	0	0	0	0	0	0	0	0	0	0	0	0	0	0	0	0	0	0	0	0	0	0	0	0	0	0	0	0	0	0	0	0	0	0	0	0	0	0	0	0	0	0	0	0	0	0	0	0	0	0	0	0	0	0	0	0	0	0	0	0	0	0	0	71	144	69	47	44	165	56	99	112	64	142	147	103	34	48	88	185	108	137	95	163	169	77	169	166	100	148	106	151	46	68	193	116	138	132	49
0	0	0	0	0	0	0	0	0	0	0	0	0	0	0	0	0	0	0	0	0	0	0	0	0	0	0	0	0	0	0	0	0	0	0	0	0	0	0	0	0	0	0	0	0	0	0	0	0	0	0	0	0	0	0	0	0	0	0	0	0	0	0	0	0	0	0	0	0	0	0	0	0	0	0	0	0	0	0	0	0	0	0	0	0	0	0	0	0	0	0	0	0	62	106	36	86	83	74	90	149	114	147	130	138	158	150	110	60	100	146	131	64	48	164	152	160	76	63	93	169	35	138	71	118	91	166	75
0	0	0	0	0	0	0	0	0	0	0	0	0	0	0	0	0	0	0	0	0	0	0	0	0	0	0	0	0	0	0	0	0	0	0	0	0	0	0	0	0	0	0	0	0	0	0	0	0	0	0	0	0	0	0	0	0	0	0	0	0	0	0	0	0	0	0	0	0	0	0	0	0	0	0	0	0	0	0	0	0	0	0	0	0	0	0	0	0	0	0	0	0	0	81	144	29	40	79	87	52	154	65	150	30	107	76	149	83	81	137	112	113	86	38	140	96	100	128	138	143	3	155	70	120	157	87	59
0	0	0	0	0	0	0	0	0	0	0	0	0	0	0	0	0	0	0	0	0	0	0	0	0	0	0	0	0	0	0	0	0	0	0	0	0	0	0	0	0	0	0	0	0	0	0	0	0	0	0	0	0	0	0	0	0	0	0	0	0	0	0	0	0	0	0	0	0	0	0	0	0	0	0	0	0	0	0	0	0	0	0	0	0	0	0	0	0	0	0	0	0	0	0	110	94	35	113	155	126	159	72	152	176	146	147	94	183	103	45	100	95	114	149	48	213	78	96	185	137	77	30	30	157	162	58	172
0	0	0	0	0	0	0	0	0	0	0	0	0	0	0	0	0	0	0	0	0	0	0	0	0	0	0	0	0	0	0	0	0	0	0	0	0	0	0	0	0	0	0	0	0	0	0	0	0	0	0	0	0	0	0	0	0	0	0	0	0	0	0	0	0	0	0	0	0	0	0	0	0	0	0	0	0	0	0	0	0	0	0	0	0	0	0	0	0	0	0	0	0	0	0	0	137	109	130	174	27	212	99	120	166	125	150	178	85	209	91	72	93	94	92	125	84	73	46	108	119	117	119	120	93	105	39	111
0	0	0	0	0	0	0	0	0	0	0	0	0	0	0	0	0	0	0	0	0	0	0	0	0	0	0	0	0	0	0	0	0	0	0	0	0	0	0	0	0	0	0	0	0	0	0	0	0	0	0	0	0	0	0	0	0	0	0	0	0	0	0	0	0	0	0	0	0	0	0	0	0	0	0	0	0	0	0	0	0	0	0	0	0	0	0	0	0	0	0	0	0	0	0	0	0	18	89	40	160	84	138	103	73	96	121	122	112	169	53	168	143	120	130	165	13	81	88	101	181	149	171	149	115	142	92	112
0	0	0	0	0	0	0	0	0	0	0	0	0	0	0	0	0	0	0	0	0	0	0	0	0	0	0	0	0	0	0	0	0	0	0	0	0	0	0	0	0	0	0	0	0	0	0	0	0	0	0	0	0	0	0	0	0	0	0	0	0	0	0	0	0	0	0	0	0	0	0	0	0	0	0	0	0	0	0	0	0	0	0	0	0	0	0	0	0	0	0	0	0	0	0	0	0	0	153	97	70	107	53	19	87	149	54	170	126	42	126	137	120	137	65	70	83	141	34	104	117	87	76	121	36	215	177	73
0	0	0	0	0	0	0	0	0	0	0	0	0	0	0	0	0	0	0	0	0	0	0	0	0	0	0	0	0	0	0	0	0	0	0	0	0	0	0	0	0	0	0	0	0	0	0	0	0	0	0	0	0	0	0	0	0	0	0	0	0	0	0	0	0	0	0	0	0	0	0	0	0	0	0	0	0	0	0	0	0	0	0	0	0	0	0	0	0	0	0	0	0	0	0	0	0	0	0	72	86	65	155	173	119	90	111	204	131	68	56	57	158	132	193	96	135	170	179	134	162	85	54	116	104	158	109	71
0	0	0	0	0	0	0	0	0	0	0	0	0	0	0	0	0	0	0	0	0	0	0	0	0	0	0	0	0	0	0	0	0	0	0	0	0	0	0	0	0	0	0	0	0	0	0	0	0	0	0	0	0	0	0	0	0	0	0	0	0	0	0	0	0	0	0	0	0	0	0	0	0	0	0	0	0	0	0	0	0	0	0	0	0	0	0	0	0	0	0	0	0	0	0	0	0	0	0	0	134	88	61	123	134	107	89	163	115	108	142	87	156	170	57	124	88	151	156	198	62	63	52	67	55	107	183	92
0	0	0	0	0	0	0	0	0	0	0	0	0	0	0	0	0	0	0	0	0	0	0	0	0	0	0	0	0	0	0	0	0	0	0	0	0	0	0	0	0	0	0	0	0	0	0	0	0	0	0	0	0	0	0	0	0	0	0	0	0	0	0	0	0	0	0	0	0	0	0	0	0	0	0	0	0	0	0	0	0	0	0	0	0	0	0	0	0	0	0	0	0	0	0	0	0	0	0	0	0	143	103	80	124	185	95	52	52	55	182	84	102	215	135	73	91	41	105	103	141	92	160	118	74	125	136	75
0	0	0	0	0	0	0	0	0	0	0	0	0	0	0	0	0	0	0	0	0	0	0	0	0	0	0	0	0	0	0	0	0	0	0	0	0	0	0	0	0	0	0	0	0	0	0	0	0	0	0	0	0	0	0	0	0	0	0	0	0	0	0	0	0	0	0	0	0	0	0	0	0	0	0	0	0	0	0	0	0	0	0	0	0	0	0	0	0	0	0	0	0	0	0	0	0	0	0	0	0	0	97	79	127	20	68	36	87	78	139	110	92	36	153	186	145	192	128	97	73	191	149	82	134	138	116	191
0	0	0	0	0	0	0	0	0	0	0	0	0	0	0	0	0	0	0	0	0	0	0	0	0	0	0	0	0	0	0	0	0	0	0	0	0	0	0	0	0	0	0	0	0	0	0	0	0	0	0	0	0	0	0	0	0	0	0	0	0	0	0	0	0	0	0	0	0	0	0	0	0	0	0	0	0	0	0	0	0	0	0	0	0	0	0	0	0	0	0	0	0	0	0	0	0	0	0	0	0	0	0	78	108	172	193	57	114	81	22	106	221	101	130	25	84	118	102	139	213	193	73	90	184	80	99	97
0	0	0	0	0	0	0	0	0	0	0	0	0	0	0	0	0	0	0	0	0	0	0	0	0	0	0	0	0	0	0	0	0	0	0	0	0	0	0	0	0	0	0	0	0	0	0	0	0	0	0	0	0	0	0	0	0	0	0	0	0	0	0	0	0	0	0	0	0	0	0	0	0	0	0	0	0	0	0	0	0	0	0	0	0	0	0	0	0	0	0	0	0	0	0	0	0	0	0	0	0	0	0	0	117	141	213	210	151	214	143	53	168	144	143	142	129	107	71	183	57	193	69	102	158	84	115	224
0	0	0	0	0	0	0	0	0	0	0	0	0	0	0	0	0	0	0	0	0	0	0	0	0	0	0	0	0	0	0	0	0	0	0	0	0	0	0	0	0	0	0	0	0	0	0	0	0	0	0	0	0	0	0	0	0	0	0	0	0	0	0	0	0	0	0	0	0	0	0	0	0	0	0	0	0	0	0	0	0	0	0	0	0	0	0	0	0	0	0	0	0	0	0	0	0	0	0	0	0	0	0	0	0	41	141	118	64	135	132	88	153	35	44	119	198	123	150	138	125	107	86	76	6	145	134	107
0	0	0	0	0	0	0	0	0	0	0	0	0	0	0	0	0	0	0	0	0	0	0	0	0	0	0	0	0	0	0	0	0	0	0	0	0	0	0	0	0	0	0	0	0	0	0	0	0	0	0	0	0	0	0	0	0	0	0	0	0	0	0	0	0	0	0	0	0	0	0	0	0	0	0	0	0	0	0	0	0	0	0	0	0	0	0	0	0	0	0	0	0	0	0	0	0	0	0	0	0	0	0	0	0	0	211	131	89	108	126	113	159	88	190	180	89	130	158	155	151	93	105	180	157	138	133	125
0	0	0	0	0	0	0	0	0	0	0	0	0	0	0	0	0	0	0	0	0	0	0	0	0	0	0	0	0	0	0	0	0	0	0	0	0	0	0	0	0	0	0	0	0	0	0	0	0	0	0	0	0	0	0	0	0	0	0	0	0	0	0	0	0	0	0	0	0	0	0	0	0	0	0	0	0	0	0	0	0	0	0	0	0	0	0	0	0	0	0	0	0	0	0	0	0	0	0	0	0	0	0	0	0	0	0	171	206	69	154	164	53	107	124	203	176	232	82	63	66	104	80	163	110	137	71	130
0	0	0	0	0	0	0	0	0	0	0	0	0	0	0	0	0	0	0	0	0	0	0	0	0	0	0	0	0	0	0	0	0	0	0	0	0	0	0	0	0	0	0	0	0	0	0	0	0	0	0	0	0	0	0	0	0	0	0	0	0	0	0	0	0	0	0	0	0	0	0	0	0	0	0	0	0	0	0	0	0	0	0	0	0	0	0	0	0	0	0	0	0	0	0	0	0	0	0	0	0	0	0	0	0	0	0	0	182	124	52	157	67	132	82	36	193	143	133	101	82	72	53	172	28	85	105	185
0	0	0	0	0	0	0	0	0	0	0	0	0	0	0	0	0	0	0	0	0	0	0	0	0	0	0	0	0	0	0	0	0	0	0	0	0	0	0	0	0	0	0	0	0	0	0	0	0	0	0	0	0	0	0	0	0	0	0	0	0	0	0	0	0	0	0	0	0	0	0	0	0	0	0	0	0	0	0	0	0	0	0	0	0	0	0	0	0	0	0	0	0	0	0	0	0	0	0	0	0	0	0	0	0	0	0	0	0	176	129	73	148	172	77	156	166	140	221	176	30	83	49	56	100	143	166	62
0	0	0	0	0	0	0	0	0	0	0	0	0	0	0	0	0	0	0	0	0	0	0	0	0	0	0	0	0	0	0	0	0	0	0	0	0	0	0	0	0	0	0	0	0	0	0	0	0	0	0	0	0	0	0	0	0	0	0	0	0	0	0	0	0	0	0	0	0	0	0	0	0	0	0	0	0	0	0	0	0	0	0	0	0	0	0	0	0	0	0	0	0	0	0	0	0	0	0	0	0	0	0	0	0	0	0	0	0	0	187	68	61	38	101	90	21	150	81	233	83	164	68	122	122	8	166	67
0	0	0	0	0	0	0	0	0	0	0	0	0	0	0	0	0	0	0	0	0	0	0	0	0	0	0	0	0	0	0	0	0	0	0	0	0	0	0	0	0	0	0	0	0	0	0	0	0	0	0	0	0	0	0	0	0	0	0	0	0	0	0	0	0	0	0	0	0	0	0	0	0	0	0	0	0	0	0	0	0	0	0	0	0	0	0	0	0	0	0	0	0	0	0	0	0	0	0	0	0	0	0	0	0	0	0	0	0	0	0	196	108	211	127	72	97	156	94	166	138	145	197	24	173	92	157	82
0	0	0	0	0	0	0	0	0	0	0	0	0	0	0	0	0	0	0	0	0	0	0	0	0	0	0	0	0	0	0	0	0	0	0	0	0	0	0	0	0	0	0	0	0	0	0	0	0	0	0	0	0	0	0	0	0	0	0	0	0	0	0	0	0	0	0	0	0	0	0	0	0	0	0	0	0	0	0	0	0	0	0	0	0	0	0	0	0	0	0	0	0	0	0	0	0	0	0	0	0	0	0	0	0	0	0	0	0	0	0	0	78	222	152	160	116	143	166	57	125	177	128	211	149	43	42	72
0	0	0	0	0	0	0	0	0	0	0	0	0	0	0	0	0	0	0	0	0	0	0	0	0	0	0	0	0	0	0	0	0	0	0	0	0	0	0	0	0	0	0	0	0	0	0	0	0	0	0	0	0	0	0	0	0	0	0	0	0	0	0	0	0	0	0	0	0	0	0	0	0	0	0	0	0	0	0	0	0	0	0	0	0	0	0	0	0	0	0	0	0	0	0	0	0	0	0	0	0	0	0	0	0	0	0	0	0	0	0	0	0	54	123	96	123	53	138	174	115	128	174	160	32	117	58	116
0	0	0	0	0	0	0	0	0	0	0	0	0	0	0	0	0	0	0	0	0	0	0	0	0	0	0	0	0	0	0	0	0	0	0	0	0	0	0	0	0	0	0	0	0	0	0	0	0	0	0	0	0	0	0	0	0	0	0	0	0	0	0	0	0	0	0	0	0	0	0	0	0	0	0	0	0	0	0	0	0	0	0	0	0	0	0	0	0	0	0	0	0	0	0	0	0	0	0	0	0	0	0	0	0	0	0	0	0	0	0	0	0	0	161	87	157	71	182	111	117	122	148	118	183	78	70	191
0	0	0	0	0	0	0	0	0	0	0	0	0	0	0	0	0	0	0	0	0	0	0	0	0	0	0	0	0	0	0	0	0	0	0	0	0	0	0	0	0	0	0	0	0	0	0	0	0	0	0	0	0	0	0	0	0	0	0	0	0	0	0	0	0	0	0	0	0	0	0	0	0	0	0	0	0	0	0	0	0	0	0	0	0	0	0	0	0	0	0	0	0	0	0	0	0	0	0	0	0	0	0	0	0	0	0	0	0	0	0	0	0	0	0	105	26	134	80	124	157	211	27	119	196	154	186	157
0	0	0	0	0	0	0	0	0	0	0	0	0	0	0	0	0	0	0	0	0	0	0	0	0	0	0	0	0	0	0	0	0	0	0	0	0	0	0	0	0	0	0	0	0	0	0	0	0	0	0	0	0	0	0	0	0	0	0	0	0	0	0	0	0	0	0	0	0	0	0	0	0	0	0	0	0	0	0	0	0	0	0	0	0	0	0	0	0	0	0	0	0	0	0	0	0	0	0	0	0	0	0	0	0	0	0	0	0	0	0	0	0	0	0	0	158	161	97	115	49	133	91	95	112	121	190	195
0	0	0	0	0	0	0	0	0	0	0	0	0	0	0	0	0	0	0	0	0	0	0	0	0	0	0	0	0	0	0	0	0	0	0	0	0	0	0	0	0	0	0	0	0	0	0	0	0	0	0	0	0	0	0	0	0	0	0	0	0	0	0	0	0	0	0	0	0	0	0	0	0	0	0	0	0	0	0	0	0	0	0	0	0	0	0	0	0	0	0	0	0	0	0	0	0	0	0	0	0	0	0	0	0	0	0	0	0	0	0	0	0	0	0	0	0	152	106	106	155	30	82	115	57	203	171	63
0	0	0	0	0	0	0	0	0	0	0	0	0	0	0	0	0	0	0	0	0	0	0	0	0	0	0	0	0	0	0	0	0	0	0	0	0	0	0	0	0	0	0	0	0	0	0	0	0	0	0	0	0	0	0	0	0	0	0	0	0	0	0	0	0	0	0	0	0	0	0	0	0	0	0	0	0	0	0	0	0	0	0	0	0	0	0	0	0	0	0	0	0	0	0	0	0	0	0	0	0	0	0	0	0	0	0	0	0	0	0	0	0	0	0	0	0	0	127	116	156	37	76	189	65	158	106	177
0	0	0	0	0	0	0	0	0	0	0	0	0	0	0	0	0	0	0	0	0	0	0	0	0	0	0	0	0	0	0	0	0	0	0	0	0	0	0	0	0	0	0	0	0	0	0	0	0	0	0	0	0	0	0	0	0	0	0	0	0	0	0	0	0	0	0	0	0	0	0	0	0	0	0	0	0	0	0	0	0	0	0	0	0	0	0	0	0	0	0	0	0	0	0	0	0	0	0	0	0	0	0	0	0	0	0	0	0	0	0	0	0	0	0	0	0	0	0	120	159	59	203	197	85	102	152	220
0	0	0	0	0	0	0	0	0	0	0	0	0	0	0	0	0	0	0	0	0	0	0	0	0	0	0	0	0	0	0	0	0	0	0	0	0	0	0	0	0	0	0	0	0	0	0	0	0	0	0	0	0	0	0	0	0	0	0	0	0	0	0	0	0	0	0	0	0	0	0	0	0	0	0	0	0	0	0	0	0	0	0	0	0	0	0	0	0	0	0	0	0	0	0	0	0	0	0	0	0	0	0	0	0	0	0	0	0	0	0	0	0	0	0	0	0	0	0	0	76	63	19	100	110	153	208	102
0	0	0	0	0	0	0	0	0	0	0	0	0	0	0	0	0	0	0	0	0	0	0	0	0	0	0	0	0	0	0	0	0	0	0	0	0	0	0	0	0	0	0	0	0	0	0	0	0	0	0	0	0	0	0	0	0	0	0	0	0	0	0	0	0	0	0	0	0	0	0	0	0	0	0	0	0	0	0	0	0	0	0	0	0	0	0	0	0	0	0	0	0	0	0	0	0	0	0	0	0	0	0	0	0	0	0	0	0	0	0	0	0	0	0	0	0	0	0	0	0	187	42	12	238	164	138	236
0	0	0	0	0	0	0	0	0	0	0	0	0	0	0	0	0	0	0	0	0	0	0	0	0	0	0	0	0	0	0	0	0	0	0	0	0	0	0	0	0	0	0	0	0	0	0	0	0	0	0	0	0	0	0	0	0	0	0	0	0	0	0	0	0	0	0	0	0	0	0	0	0	0	0	0	0	0	0	0	0	0	0	0	0	0	0	0	0	0	0	0	0	0	0	0	0	0	0	0	0	0	0	0	0	0	0	0	0	0	0	0	0	0	0	0	0	0	0	0	0	0	124	166	161	128	81	165
0	0	0	0	0	0	0	0	0	0	0	0	0	0	0	0	0	0	0	0	0	0	0	0	0	0	0	0	0	0	0	0	0	0	0	0	0	0	0	0	0	0	0	0	0	0	0	0	0	0	0	0	0	0	0	0	0	0	0	0	0	0	0	0	0	0	0	0	0	0	0	0	0	0	0	0	0	0	0	0	0	0	0	0	0	0	0	0	0	0	0	0	0	0	0	0	0	0	0	0	0	0	0	0	0	0	0	0	0	0	0	0	0	0	0	0	0	0	0	0	0	0	0	138	110	105	187	167
0	0	0	0	0	0	0	0	0	0	0	0	0	0	0	0	0	0	0	0	0	0	0	0	0	0	0	0	0	0	0	0	0	0	0	0	0	0	0	0	0	0	0	0	0	0	0	0	0	0	0	0	0	0	0	0	0	0	0	0	0	0	0	0	0	0	0	0	0	0	0	0	0	0	0	0	0	0	0	0	0	0	0	0	0	0	0	0	0	0	0	0	0	0	0	0	0	0	0	0	0	0	0	0	0	0	0	0	0	0	0	0	0	0	0	0	0	0	0	0	0	0	0	0	38	113	214	62
0	0	0	0	0	0	0	0	0	0	0	0	0	0	0	0	0	0	0	0	0	0	0	0	0	0	0	0	0	0	0	0	0	0	0	0	0	0	0	0	0	0	0	0	0	0	0	0	0	0	0	0	0	0	0	0	0	0	0	0	0	0	0	0	0	0	0	0	0	0	0	0	0	0	0	0	0	0	0	0	0	0	0	0	0	0	0	0	0	0	0	0	0	0	0	0	0	0	0	0	0	0	0	0	0	0	0	0	0	0	0	0	0	0	0	0	0	0	0	0	0	0	0	0	0	54	126	142
0	0	0	0	0	0	0	0	0	0	0	0	0	0	0	0	0	0	0	0	0	0	0	0	0	0	0	0	0	0	0	0	0	0	0	0	0	0	0	0	0	0	0	0	0	0	0	0	0	0	0	0	0	0	0	0	0	0	0	0	0	0	0	0	0	0	0	0	0	0	0	0	0	0	0	0	0	0	0	0	0	0	0	0	0	0	0	0	0	0	0	0	0	0	0	0	0	0	0	0	0	0	0	0	0	0	0	0	0	0	0	0	0	0	0	0	0	0	0	0	0	0	0	0	0	0	64	232
0	0	0	0	0	0	0	0	0	0	0	0	0	0	0	0	0	0	0	0	0	0	0	0	0	0	0	0	0	0	0	0	0	0	0	0	0	0	0	0	0	0	0	0	0	0	0	0	0	0	0	0	0	0	0	0	0	0	0	0	0	0	0	0	0	0	0	0	0	0	0	0	0	0	0	0	0	0	0	0	0	0	0	0	0	0	0	0	0	0	0	0	0	0	0	0	0	0	0	0	0	0	0	0	0	0	0	0	0	0	0	0	0	0	0	0	0	0	0	0	0	0	0	0	0	0	0	70
0	0	0	0	0	0	0	0	0	0	0	0	0	0	0	0	0	0	0	0	0	0	0	0	0	0	0	0	0	0	0	0	0	0	0	0	0	0	0	0	0	0	0	0	0	0	0	0	0	0	0	0	0	0	0	0	0	0	0	0	0	0	0	0	0	0	0	0	0	0	0	0	0	0	0	0	0	0	0	0	0	0	0	0	0	0	0	0	0	0	0	0	0	0	0	0	0	0	0	0	0	0	0	0	0	0	0	0	0	0	0	0	0	0	0	0	0	0	0	0	0	0	0	0	0	0	0	0