0	116	127	75	124	109	58	95	13	86	108	67	59	44	105	94	74	100	44	64	101	83	33	73	15	81	58	23	45	88	117	25	44	3	50	13	26	110	74	33	117	67	108	80	8	74	46	13	13	106	67	115	9	39	103	73	82	63	117	24	49	31	78	69	12	38	116	49	80	61	8	14	109	10	117	101	47	46	43	50	52	83	76	48	85	3	23	50	81	124	84	96	32	18	99	79	41	71	47	40	53	53	89	60	119	85	90	72	82	110	19	26	62	62	122	24	120	48	5	13	87	101	129	9	108	66	7	33
0	0	73	9	118	47	127	33	120	113	61	42	78	67	129	86	43	20	33	3	4	47	83	94	64	89	105	126	95	13	16	92	125	43	13	111	120	53	92	50	91	43	54	96	38	44	73	87	31	68	106	48	86	67	100	21	104	29	77	99	10	113	130	65	74	41	77	95	128	127	91	6	124	61	56	129	76	70	50	9	86	30	16	25	46	39	57	15	101	39	57	105	51	80	59	25	5	82	124	82	69	21	85	49	91	83	22	23	50	61	81	56	91	110	32	122	72	7	79	122	62	75	88	82	127	53	20	39
0	0	0	52	51	19	7	125	9	84	7	67	74	115	118	57	110	109	96	46	48	95	128	125	126	52	9	74	87	107	61	78	19	121	20	60	24	89	100	88	65	35	57	66	4	112	37	3	72	29	116	57	115	95	94	115	66	58	44	15	2	49	44	41	65	63	106	19	55	115	30	99	4	10	40	84	23	21	103	46	8	108	27	98	116	48	4	83	76	18	110	22	72	71	75	22	94	77	36	76	4	115	18	126	114	80	53	83	45	7	7	21	38	104	60	98	57	68	31	12	84	6	113	120	121	107	5	78
0	0	0	0	59	104	99	92	30	93	52	38	27	2	120	125	19	75	122	47	86	57	121	42	41	118	83	132	67	88	108	96	124	109	122	117	92	111	67	55	79	102	93	7	24	100	127	121	97	122	56	98	103	25	123	32	36	24	77	89	8	11	37	126	87	10	63	37	87	9	60	75	36	75	108	12	90	46	63	101	118	20	86	16	63	48	16	28	72	126	85	97	56	31	93	6	35	89	59	90	70	118	119	102	86	115	78	5	32	126	117	114	7	97	76	61	105	87	30	99	41	107	124	23	58	54	89	76
0	0	0	0	0	51	41	34	120	26	13	91	79	42	24	46	65	45	16	106	130	89	64	92	107	70	68	44	91	123	129	128	85	107	128	40	39	129	32	68	4	25	22	15	67	67	121	11	82	108	87	77	70	35	83	33	18	39	68	21	42	64	33	123	36	36	79	67	104	70	109	83	132	28	39	56	121	78	35	79	94	24	87	111	26	104	35	70	100	42	81	56	13	112	114	77	59	97	105	123	14	66	110	95	124	54	72	61	81	112	58	105	52	101	56	16	31	105	60	8	34	14	40	30	21	120	51	90
0	0	0	0	0	0	10	30	40	85	61	79	55	47	102	81	119	120	73	117	49	21	49	112	123	55	26	88	100	60	101	34	68	25	75	10	125	62	38	129	104	38	69	83	9	34	44	113	52	124	75	70	107	61	11	130	14	23	26	2	38	17	58	103	13	32	108	115	40	102	62	9	103	27	68	115	42	40	62	124	93	10	55	122	86	79	74	7	30	116	113	118	36	53	73	132	44	45	18	90	110	26	127	50	71	49	84	30	63	39	57	98	18	25	87	11	7	68	73	90	111	98	25	81	91	63	106	124
0	0	0	0	0	0	0	19	15	38	128	2	13	67	79	106	18	54	91	97	51	82	43	3	131	85	12	59	12	126	72	85	75	16	48	20	117	24	98	97	15	113	132	18	66	111	90	12	8	89	59	26	70	46	117	22	65	59	16	32	111	50	90	30	86	127	84	75	84	8	72	52	126	65	128	133	68	17	12	74	11	8	82	107	124	108	21	87	24	90	34	128	85	19	80	89	25	6	54	57	77	64	69	32	113	116	98	117	92	104	52	110	60	115	90	123	117	94	32	129	105	119	56	83	37	78	66	17
0	0	0	0	0	0	0	0	33	60	114	23	120	53	19	27	85	26	96	108	88	108	18	135	106	18	46	83	121	71	27	42	42	8	58	6	12	100	12	49	63	51	85	48	18	37	92	110	120	135	96	27	6	86	95	75	116	103	61	63	84	26	29	63	123	63	128	30	66	17	12	109	125	114	94	21	41	122	118	81	79	32	73	47	106	13	79	97	71	39	17	88	77	10	82	68	107	15	70	56	4	35	86	97	112	103	45	47	76	87	63	87	49	114	70	83	66	69	62	112	23	127	85	62	98	80	18	27
0	0	0	0	0	0	0	0	0	25	136	100	21	126	115	85	101	10	22	95	65	112	21	37	124	14	122	39	119	30	26	17	34	34	127	16	46	3	74	131	9	53	72	21	128	78	58	127	88	31	74	52	133	13	82	52	54	88	66	26	19	134	69	111	65	111	20	96	13	22	100	38	41	75	104	14	113	20	6	128	90	105	105	57	85	108	37	35	82	17	123	88	122	91	23	58	2	103	52	46	116	101	91	53	37	114	123	16	71	105	118	84	115	122	77	28	65	65	25	28	70	85	37	92	47	131	10	100
0	0	0	0	0	0	0	0	0	0	58	62	125	55	127	69	39	91	6	25	87	4	136	89	124	57	92	93	64	95	71	127	55	56	61	92	68	18	40	33	36	55	35	122	122	83	29	99	68	10	130	103	5	58	133	33	41	122	95	99	73	20	109	54	31	61	135	52	112	98	77	14	26	28	64	117	108	51	99	15	89	82	122	68	85	79	8	118	87	113	112	135	124	79	115	19	64	98	88	59	85	59	43	126	116	50	131	104	99	132	109	86	114	114	22	14	43	98	55	60	28	37	113	76	104	84	82	83
0	0	0	0	0	0	0	0	0	0	0	125	90	116	121	15	112	59	64	37	12	96	85	82	104	85	29	28	14	91	51	39	78	105	125	118	79	95	30	26	95	56	106	18	117	49	93	57	10	7	43	35	58	110	28	85	92	41	105	128	96	19	31	11	136	75	86	100	44	90	73	47	125	94	85	82	84	34	124	50	77	46	117	16	112	37	101	17	110	17	59	48	43	105	53	53	83	108	97	108	116	50	57	9	71	65	75	103	106	123	104	78	101	116	85	46	94	107	50	61	108	24	55	53	93	109	98	130
0	0	0	0	0	0	0	0	0	0	0	0	122	115	7	87	18	73	111	129	16	29	48	36	53	111	100	111	93	31	16	110	10	80	52	17	127	22	103	98	55	12	131	138	115	117	125	82	30	70	100	137	87	80	112	75	40	35	67	70	9	40	14	105	56	91	30	89	104	34	75	40	36	69	58	29	108	28	80	130	41	130	62	125	108	18	36	137	135	41	73	38	32	102	90	25	81	20	15	129	119	50	122	121	110	99	61	51	109	102	96	51	37	42	77	118	47	3	47	125	115	107	91	106	81	70	69	58
0	0	0	0	0	0	0	0	0	0	0	0	0	29	79	51	55	80	39	43	57	90	73	112	81	81	10	104	16	24	35	72	34	50	64	69	126	75	47	43	86	107	70	23	103	29	82	117	111	101	71	22	56	40	121	118	64	71	107	96	59	63	75	87	42	117	74	32	126	38	56	82	30	4	27	15	46	27	69	27	114	112	135	19	126	101	77	42	131	61	30	97	70	29	14	102	78	63	114	90	119	126	80	12	41	40	79	54	94	56	82	98	113	21	97	101	134	136	112	126	46	4	110	25	118	56	115	39
0	0	0	0	0	0	0	0	0	0	0	0	0	0	75	63	67	61	134	68	16	129	122	107	27	25	130	33	67	105	71	59	45	68	72	29	19	110	120	111	51	112	129	26	52	77	111	70	92	91	128	67	88	33	48	76	21	76	90	101	92	49	76	17	105	63	93	56	41	54	69	26	117	25	79	16	29	96	116	28	71	105	108	75	76	97	27	119	35	52	66	88	40	124	71	44	134	31	54	42	33	42	97	29	31	124	106	110	63	120	40	36	62	68	36	88	81	99	106	119	85	35	100	19	43	33	36	25
0	0	0	0	0	0	0	0	0	0	0	0	0	0	0	52	72	90	31	110	77	7	100	38	9	128	117	14	5	61	46	27	123	26	22	80	80	49	60	50	128	19	32	53	128	87	21	94	85	116	71	140	16	137	49	127	127	125	18	143	29	37	132	125	137	98	96	51	65	39	83	42	21	123	96	30	27	39	107	43	97	39	6	34	44	70	123	129	137	91	125	60	45	14	86	56	100	123	97	127	16	116	53	21	132	50	23	15	39	17	64	107	108	19	117	103	114	25	38	47	89	61	52	30	131	82	85	108
0	0	0	0	0	0	0	0	0	0	0	0	0	0	0	0	96	29	134	130	71	114	124	25	76	109	140	38	97	123	16	128	101	136	87	108	47	106	119	59	12	94	83	18	125	78	45	85	49	19	70	29	91	93	51	116	52	134	27	91	47	19	29	62	127	103	97	12	22	40	91	21	65	79	32	18	86	54	63	112	16	73	107	36	85	61	56	13	134	127	124	130	115	83	52	119	45	126	104	78	122	71	52	89	57	42	77	59	68	131	133	94	67	32	24	29	96	98	110	58	43	91	94	19	90	64	132	65
0	0	0	0	0	0	0	0	0	0	0	0	0	0	0	0	0	129	122	87	34	89	107	106	79	122	32	67	34	119	52	130	32	14	38	98	61	80	124	97	80	129	68	127	103	105	28	101	46	119	70	99	73	56	91	46	23	28	91	25	116	10	70	73	30	129	14	57	142	38	31	78	43	82	65	80	114	7	50	17	55	54	129	32	59	109	44	95	115	58	72	82	121	58	69	100	103	74	13	35	38	15	130	66	42	80	61	70	125	10	22	61	115	24	123	117	134	30	50	86	116	89	89	131	99	76	62	61
0	0	0	0	0	0	0	0	0	0	0	0	0	0	0	0	0	0	132	127	90	24	117	26	84	46	7	142	100	121	22	36	82	43	120	41	81	78	93	30	132	23	134	38	81	90	19	135	33	142	126	65	104	76	124	22	104	56	7	2	126	62	125	89	105	11	120	51	75	107	67	58	58	125	76	130	44	106	101	57	60	28	53	15	73	50	15	91	28	124	126	110	141	32	104	52	66	79	73	110	118	38	60	37	84	136	124	124	74	90	21	98	72	19	91	120	50	66	120	22	113	127	122	51	139	131	115	30
0	0	0	0	0	0	0	0	0	0	0	0	0	0	0	0	0	0	0	14	37	40	62	51	74	61	40	128	43	16	19	27	46	74	18	114	45	112	49	35	92	34	72	40	107	17	103	125	11	87	92	44	25	79	61	81	80	98	57	85	21	126	20	22	80	39	31	48	25	95	34	94	67	12	16	104	57	121	78	52	96	87	131	39	98	66	100	28	124	119	100	139	104	51	28	92	113	118	4	129	64	124	74	8	73	107	101	68	52	17	62	54	36	130	48	127	80	28	135	77	81	116	42	103	91	48	69	40
0	0	0	0	0	0	0	0	0	0	0	0	0	0	0	0	0	0	0	0	108	123	41	74	47	94	109	129	49	128	40	43	127	126	122	44	66	50	136	139	38	60	29	50	81	51	64	112	63	105	103	104	98	27	119	134	37	130	102	57	80	75	115	98	25	129	31	26	143	100	93	36	68	110	60	59	97	65	12	105	65	16	52	71	104	92	86	127	34	14	60	48	16	73	43	108	111	21	75	118	61	18	21	109	136	86	119	122	74	131	67	137	131	105	51	32	43	111	113	129	115	31	56	118	129	11	54	34
0	0	0	0	0	0	0	0	0	0	0	0	0	0	0	0	0	0	0	0	0	57	29	106	110	54	24	57	32	94	8	126	90	23	19	80	81	9	91	65	109	16	60	34	64	40	14	55	88	36	113	96	78	91	94	129	90	20	36	19	97	129	81	118	80	109	115	71	89	130	71	121	127	87	138	12	52	70	40	97	69	92	124	42	16	35	71	111	109	108	112	133	92	113	40	70	121	24	51	72	112	122	130	57	66	83	40	38	55	58	65	39	143	131	147	62	77	109	96	37	127	87	67	68	126	108	90	28
0	0	0	0	0	0	0	0	0	0	0	0	0	0	0	0	0	0	0	0	0	0	134	61	66	62	48	59	144	106	36	73	41	101	92	78	61	51	38	139	98	98	73	22	59	22	116	103	123	67	107	16	133	128	13	116	102	95	114	54	49	76	39	33	45	62	94	44	124	29	106	12	125	21	109	125	40	20	40	47	22	8	108	76	54	50	42	102	81	60	94	25	11	115	27	36	95	6	114	87	124	4	110	26	104	127	69	115	23	8	137	65	21	87	48	29	91	18	146	95	30	61	39	66	109	120	45	75
0	0	0	0	0	0	0	0	0	0	0	0	0	0	0	0	0	0	0	0	0	0	0	89	126	78	101	66	87	86	52	136	129	55	73	77	35	31	81	51	131	135	72	69	125	7	141	67	59	116	81	69	56	125	107	85	115	79	139	58	7	110	61	51	111	33	139	57	40	36	72	74	72	110	16	118	105	101	57	30	49	124	121	61	9	83	4	56	11	79	99	15	112	69	94	64	22	115	43	46	63	102	69	122	141	75	79	51	122	118	131	129	37	110	101	42	51	23	86	49	147	48	134	103	130	25	128	128
0	0	0	0	0	0	0	0	0	0	0	0	0	0	0	0	0	0	0	0	0	0	0	0	113	47	32	58	51	71	133	79	30	126	20	121	35	124	74	58	47	13	44	107	64	139	86	9	92	49	46	116	118	74	78	111	29	18	110	51	17	77	67	34	23	29	103	53	33	54	55	45	46	12	82	58	102	98	94	57	97	146	35	44	48	45	102	66	110	123	58	63	88	42	42	10	103	39	62	24	53	111	39	78	139	123	98	114	63	70	53	112	113	85	112	102	128	112	82	103	117	22	5	121	117	5	14	75
0	0	0	0	0	0	0	0	0	0	0	0	0	0	0	0	0	0	0	0	0	0	0	0	0	75	67	84	52	89	87	92	27	47	19	134	115	108	93	80	127	56	61	111	62	86	70	17	80	123	54	134	113	128	84	83	124	79	34	144	70	57	76	141	137	131	53	20	101	130	77	13	46	129	40	85	56	62	131	10	62	42	25	15	110	120	120	137	133	21	33	107	91	119	22	12	141	29	132	129	10	58	142	14	59	86	135	100	52	12	121	123	83	107	83	65	50	44	71	131	76	37	119	24	63	80	137	62
0	0	0	0	0	0	0	0	0	0	0	0	0	0	0	0	0	0	0	0	0	0	0	0	0	0	68	94	32	39	103	95	104	103	10	63	72	98	127	149	26	94	14	97	16	136	58	40	100	25	111	90	96	86	37	109	87	102	50	100	129	90	137	90	77	48	91	85	92	67	130	50	90	53	129	26	40	48	36	17	105	57	141	38	74	69	117	18	57	94	29	48	23	26	61	136	70	38	133	121	109	14	42	87	18	148	34	60	24	28	130	25	71	107	102	141	49	52	126	90	93	113	131	29	23	111	22	126
0	0	0	0	0	0	0	0	0	0	0	0	0	0	0	0	0	0	0	0	0	0	0	0	0	0	0	32	142	100	78	99	93	104	122	137	29	104	95	94	123	122	38	82	82	144	148	118	25	49	43	90	72	12	96	105	25	79	65	82	59	69	10	23	20	94	144	118	63	28	25	118	63	24	112	127	58	114	127	144	106	113	24	108	122	116	13	138	95	76	88	58	121	129	57	98	78	54	77	59	52	113	140	51	67	92	64	32	75	66	33	82	125	65	127	61	48	100	20	101	10	51	19	95	38	86	68	49
0	0	0	0	0	0	0	0	0	0	0	0	0	0	0	0	0	0	0	0	0	0	0	0	0	0	0	0	96	49	139	64	106	58	112	52	27	38	32	15	106	131	24	59	68	60	25	26	124	90	130	39	47	136	40	88	60	6	47	96	135	58	83	111	83	67	113	6	93	87	116	89	79	58	88	48	118	23	84	72	65	59	88	134	113	87	145	72	11	119	39	142	80	62	103	153	63	140	80	87	65	74	115	112	19	54	86	52	34	44	38	40	148	20	98	31	36	50	110	38	74	85	105	72	87	78	68	64
0	0	0	0	0	0	0	0	0	0	0	0	0	0	0	0	0	0	0	0	0	0	0	0	0	0	0	0	0	50	129	25	137	47	141	131	74	90	43	106	123	95	56	99	71	105	99	95	74	66	41	113	73	32	129	100	35	42	115	123	119	96	35	126	35	58	121	70	61	45	29	34	54	123	68	16	123	92	131	29	69	59	97	66	88	16	85	17	71	57	60	19	137	91	117	120	16	20	92	145	89	44	75	84	76	76	21	64	62	71	78	29	149	39	45	138	135	134	78	99	139	79	14	56	137	68	115	20
0	0	0	0	0	0	0	0	0	0	0	0	0	0	0	0	0	0	0	0	0	0	0	0	0	0	0	0	0	0	62	122	102	121	102	84	122	80	117	57	108	52	91	24	142	40	77	59	115	56	94	38	64	101	51	74	50	92	140	152	109	56	117	22	125	20	139	133	81	73	28	84	89	121	62	93	89	59	133	77	105	145	53	129	37	83	90	20	90	44	124	59	137	42	108	44	89	113	68	136	46	81	70	110	101	56	76	39	133	22	37	68	40	89	54	117	104	146	17	55	31	22	53	114	38	124	102	14
0	0	0	0	0	0	0	0	0	0	0	0	0	0	0	0	0	0	0	0	0	0	0	0	0	0	0	0	0	0	0	17	51	106	105	117	139	58	45	77	76	44	141	131	75	28	48	118	48	88	78	29	88	63	118	92	88	30	13	32	124	50	154	27	72	143	139	76	119	34	14	85	9	96	34	86	11	64	85	72	33	33	115	95	81	138	57	68	118	31	80	31	51	60	93	71	25	132	66	30	87	102	63	131	84	109	109	85	70	68	74	80	105	95	45	8	76	73	59	122	69	43	141	97	21	116	122	41
0	0	0	0	0	0	0	0	0	0	0	0	0	0	0	0	0	0	0	0	0	0	0	0	0	0	0	0	0	0	0	0	68	125	37	21	97	11	77	22	143	113	105	138	82	85	118	141	68	79	117	111	88	95	106	97	20	41	22	86	3	29	64	130	95	57	48	42	109	29	122	15	130	17	101	87	85	69	16	33	63	117	85	72	97	47	115	78	84	111	96	137	61	28	116	56	84	79	29	21	31	46	61	29	142	105	52	145	75	87	110	51	81	114	77	61	49	71	131	105	29	62	113	149	49	33	143	14
0	0	0	0	0	0	0	0	0	0	0	0	0	0	0	0	0	0	0	0	0	0	0	0	0	0	0	0	0	0	0	0	0	11	50	124	64	47	67	133	124	121	145	67	82	78	26	46	33	112	53	147	66	93	115	35	31	24	42	76	92	115	101	131	134	24	72	25	87	47	106	72	91	140	68	107	71	130	115	63	93	58	128	50	109	5	34	92	81	48	71	69	128	15	138	43	117	121	28	141	68	114	33	130	57	65	73	13	85	119	73	101	26	86	65	138	55	23	117	115	44	67	148	68	116	38	28	106
0	0	0	0	0	0	0	0	0	0	0	0	0	0	0	0	0	0	0	0	0	0	0	0	0	0	0	0	0	0	0	0	0	0	56	96	33	44	118	130	57	94	108	121	86	128	35	93	117	96	104	89	34	79	131	92	147	113	112	46	49	38	109	18	139	81	105	111	47	127	55	96	61	96	18	109	99	40	149	28	19	21	101	119	49	44	90	93	139	120	56	85	67	112	113	31	105	41	41	120	105	19	27	115	44	41	75	110	134	121	137	32	105	124	118	41	35	30	98	114	86	33	73	106	129	34	78	84
0	0	0	0	0	0	0	0	0	0	0	0	0	0	0	0	0	0	0	0	0	0	0	0	0	0	0	0	0	0	0	0	0	0	0	77	22	72	90	110	41	117	95	92	153	31	83	78	139	71	110	61	141	26	43	72	97	37	87	59	91	93	116	71	75	105	118	49	30	84	67	136	140	76	18	94	93	108	57	126	118	136	31	88	114	50	53	118	90	102	72	115	125	122	24	147	39	38	46	155	31	54	107	51	133	20	39	75	85	24	28	35	127	67	8	90	74	143	59	71	107	44	61	69	37	110	119	124
0	0	0	0	0	0	0	0	0	0	0	0	0	0	0	0	0	0	0	0	0	0	0	0	0	0	0	0	0	0	0	0	0	0	0	0	129	95	109	60	25	34	74	25	92	88	32	129	117	128	78	71	117	113	31	150	85	40	100	16	59	143	48	58	92	65	35	122	65	21	115	36	135	36	43	121	55	106	104	87	126	50	69	128	33	75	116	118	104	67	49	105	69	42	117	100	44	136	132	89	144	33	150	55	102	98	124	83	122	116	40	114	133	47	127	32	116	81	92	35	146	103	126	128	94	43	70	107
0	0	0	0	0	0	0	0	0	0	0	0	0	0	0	0	0	0	0	0	0	0	0	0	0	0	0	0	0	0	0	0	0	0	0	0	0	102	115	131	132	136	47	110	90	57	28	132	21	89	152	136	110	31	91	127	29	154	114	52	104	83	54	39	111	131	73	55	26	85	56	76	39	30	79	152	154	93	132	86	93	10	139	126	95	24	141	91	38	48	17	100	49	47	132	70	141	57	71	56	104	96	36	85	127	130	110	82	94	104	118	121	91	55	133	19	155	53	96	138	61	115	92	26	135	46	59	94
0	0	0	0	0	0	0	0	0	0	0	0	0	0	0	0	0	0	0	0	0	0	0	0	0	0	0	0	0	0	0	0	0	0	0	0	0	0	156	125	102	58	95	138	87	141	80	76	10	107	86	74	139	116	93	53	66	95	55	106	27	59	103	113	96	77	32	111	153	102	91	19	127	112	87	142	123	37	92	41	45	81	68	93	132	116	144	89	101	107	132	46	105	106	124	36	47	75	131	106	41	130	18	139	72	124	24	21	112	91	48	60	57	81	37	78	87	128	43	130	63	141	31	141	126	58	129	33
0	0	0	0	0	0	0	0	0	0	0	0	0	0	0	0	0	0	0	0	0	0	0	0	0	0	0	0	0	0	0	0	0	0	0	0	0	0	0	120	111	129	64	52	40	90	39	58	55	107	167	118	90	63	150	127	36	106	57	29	83	111	140	62	34	154	59	77	82	147	29	117	53	76	90	148	103	29	121	52	29	46	79	83	42	17	121	122	80	129	44	55	73	111	74	74	78	125	55	117	124	126	98	126	118	41	77	62	68	35	133	148	61	50	40	87	67	72	14	97	61	126	126	43	80	123	28	100
0	0	0	0	0	0	0	0	0	0	0	0	0	0	0	0	0	0	0	0	0	0	0	0	0	0	0	0	0	0	0	0	0	0	0	0	0	0	0	0	70	139	54	72	125	129	40	26	97	118	47	50	132	83	77	21	144	64	41	71	141	27	63	114	91	40	139	90	64	70	154	96	74	44	105	94	47	81	95	37	70	150	113	121	143	97	68	61	81	39	42	103	25	39	70	41	110	68	87	62	53	42	124	104	88	74	96	122	58	150	22	132	64	121	35	83	51	141	137	135	104	85	73	142	31	124	67	148
0	0	0	0	0	0	0	0	0	0	0	0	0	0	0	0	0	0	0	0	0	0	0	0	0	0	0	0	0	0	0	0	0	0	0	0	0	0	0	0	0	153	122	34	21	77	8	21	52	23	34	124	30	32	110	28	138	106	75	40	47	17	46	129	68	43	118	118	94	68	33	143	164	121	64	122	47	21	117	115	148	69	115	108	109	130	53	121	67	93	112	126	123	135	70	65	121	60	98	137	35	89	113	153	73	78	133	106	93	62	36	148	87	101	163	126	136	109	65	92	109	120	90	137	22	125	115	88
0	0	0	0	0	0	0	0	0	0	0	0	0	0	0	0	0	0	0	0	0	0	0	0	0	0	0	0	0	0	0	0	0	0	0	0	0	0	0	0	0	0	109	123	154	52	72	81	52	130	141	41	42	82	113	92	91	61	44	162	118	113	33	30	8	73	13	136	63	30	100	77	49	88	116	63	47	137	108	27	140	78	117	146	66	130	45	126	56	101	95	70	120	47	51	44	33	37	85	135	65	67	116	51	30	130	85	116	71	40	76	115	21	144	131	37	30	135	152	81	75	93	21	115	47	42	71	118
0	0	0	0	0	0	0	0	0	0	0	0	0	0	0	0	0	0	0	0	0	0	0	0	0	0	0	0	0	0	0	0	0	0	0	0	0	0	0	0	0	0	0	148	105	96	61	84	131	116	141	76	98	111	68	43	38	45	63	87	71	81	65	88	144	124	62	37	81	118	72	125	16	87	22	18	46	18	100	139	167	124	52	64	130	144	113	69	147	54	111	118	97	124	54	43	115	67	144	72	17	36	125	122	67	95	116	13	51	63	44	89	61	115	117	91	12	134	81	122	62	48	129	64	154	88	31	152
0	0	0	0	0	0	0	0	0	0	0	0	0	0	0	0	0	0	0	0	0	0	0	0	0	0	0	0	0	0	0	0	0	0	0	0	0	0	0	0	0	0	0	0	140	106	142	52	39	129	144	131	136	89	59	79	23	118	61	74	125	56	59	85	67	10	7	127	97	102	102	89	128	152	32	107	47	48	120	103	70	101	83	106	7	48	127	77	54	35	62	14	32	119	75	112	163	116	38	18	132	19	80	52	26	85	97	110	61	72	69	120	87	82	123	151	81	18	112	70	31	64	90	134	41	90	95	50
0	0	0	0	0	0	0	0	0	0	0	0	0	0	0	0	0	0	0	0	0	0	0	0	0	0	0	0	0	0	0	0	0	0	0	0	0	0	0	0	0	0	0	0	0	79	129	123	98	58	53	139	95	42	73	95	141	120	128	90	100	75	37	56	148	108	60	68	78	36	55	53	47	141	63	122	41	44	97	132	113	141	152	18	83	119	122	26	60	75	87	99	65	48	53	152	15	66	11	150	42	97	109	95	152	71	51	23	74	52	121	42	85	165	127	106	120	94	64	102	83	95	28	94	41	145	110	133
0	0	0	0	0	0	0	0	0	0	0	0	0	0	0	0	0	0	0	0	0	0	0	0	0	0	0	0	0	0	0	0	0	0	0	0	0	0	0	0	0	0	0	0	0	0	105	92	74	107	29	68	95	121	132	97	109	98	139	51	117	131	76	90	66	33	52	110	84	102	114	41	49	109	37	103	92	2	64	123	120	78	120	40	85	121	128	80	111	56	128	29	12	50	111	64	122	146	93	51	118	152	40	41	151	114	78	73	53	68	125	83	102	67	142	48	86	103	30	110	116	151	126	120	92	13	111	45
0	0	0	0	0	0	0	0	0	0	0	0	0	0	0	0	0	0	0	0	0	0	0	0	0	0	0	0	0	0	0	0	0	0	0	0	0	0	0	0	0	0	0	0	0	0	0	34	140	135	15	37	24	98	144	60	60	157	50	96	27	73	126	99	138	103	43	106	32	108	106	117	46	62	72	103	84	154	125	130	111	17	130	110	102	118	77	82	130	140	132	28	92	87	124	98	19	144	113	136	70	45	75	81	71	38	69	99	117	145	96	102	85	40	16	128	149	137	130	63	125	138	71	53	155	42	162	54
0	0	0	0	0	0	0	0	0	0	0	0	0	0	0	0	0	0	0	0	0	0	0	0	0	0	0	0	0	0	0	0	0	0	0	0	0	0	0	0	0	0	0	0	0	0	0	0	143	99	104	82	116	164	74	58	139	143	65	57	72	113	96	47	148	133	54	32	60	63	101	116	147	97	52	114	60	136	61	149	76	57	158	75	48	78	122	86	96	108	96	72	126	40	80	78	126	64	133	89	84	109	133	68	116	61	102	94	133	37	150	72	137	56	63	84	47	107	86	78	138	142	90	118	133	94	63	71
0	0	0	0	0	0	0	0	0	0	0	0	0	0	0	0	0	0	0	0	0	0	0	0	0	0	0	0	0	0	0	0	0	0	0	0	0	0	0	0	0	0	0	0	0	0	0	0	0	152	50	134	68	152	77	70	121	118	48	122	126	72	95	65	91	87	48	84	88	120	116	116	36	106	46	105	159	24	99	103	111	69	121	103	29	62	43	154	67	20	127	81	91	122	65	136	36	46	56	120	124	82	135	108	52	151	51	6	72	40	135	69	142	111	53	63	53	77	98	48	93	164	103	160	153	52	71	147
0	0	0	0	0	0	0	0	0	0	0	0	0	0	0	0	0	0	0	0	0	0	0	0	0	0	0	0	0	0	0	0	0	0	0	0	0	0	0	0	0	0	0	0	0	0	0	0	0	0	69	42	106	109	130	35	105	102	15	94	12	78	48	127	33	86	87	98	52	128	101	101	38	175	55	124	169	60	142	48	120	91	71	66	101	132	89	140	115	90	82	20	78	124	94	79	47	69	96	68	68	159	49	42	127	141	105	70	50	35	106	119	110	129	94	36	105	128	135	49	109	71	132	159	102	127	143	97
0	0	0	0	0	0	0	0	0	0	0	0	0	0	0	0	0	0	0	0	0	0	0	0	0	0	0	0	0	0	0	0	0	0	0	0	0	0	0	0	0	0	0	0	0	0	0	0	0	0	0	91	52	106	129	118	158	59	111	27	130	13	77	77	84	61	115	147	43	170	154	147	82	121	164	7	72	121	96	174	124	100	103	121	92	38	146	52	77	53	48	72	23	16	113	102	121	33	127	57	82	36	157	74	32	149	117	65	43	152	62	101	48	44	141	118	67	54	39	107	118	117	62	131	145	119	40	139
0	0	0	0	0	0	0	0	0	0	0	0	0	0	0	0	0	0	0	0	0	0	0	0	0	0	0	0	0	0	0	0	0	0	0	0	0	0	0	0	0	0	0	0	0	0	0	0	0	0	0	0	35	74	51	129	88	105	75	138	96	127	76	37	85	89	95	118	64	91	63	129	137	124	22	138	147	169	82	101	138	137	89	94	97	60	88	100	150	21	68	84	49	109	127	35	69	108	83	57	54	141	125	128	163	128	21	69	47	99	150	75	109	105	135	5	113	169	158	89	113	105	140	58	50	98	132	67
0	0	0	0	0	0	0	0	0	0	0	0	0	0	0	0	0	0	0	0	0	0	0	0	0	0	0	0	0	0	0	0	0	0	0	0	0	0	0	0	0	0	0	0	0	0	0	0	0	0	0	0	0	113	159	8	58	115	92	71	114	36	57	142	137	64	126	43	53	74	110	122	124	122	143	64	103	62	59	74	21	88	155	128	95	51	37	116	142	56	48	121	86	103	77	99	97	120	99	43	85	57	101	120	166	100	36	112	54	124	157	135	77	80	149	55	74	57	86	120	120	149	96	147	21	158	135	131
0	0	0	0	0	0	0	0	0	0	0	0	0	0	0	0	0	0	0	0	0	0	0	0	0	0	0	0	0	0	0	0	0	0	0	0	0	0	0	0	0	0	0	0	0	0	0	0	0	0	0	0	0	0	92	54	64	74	94	22	84	27	86	152	61	98	61	147	149	119	137	7	31	60	64	57	146	25	22	45	89	70	150	77	31	142	161	66	23	84	57	84	115	115	106	130	62	141	97	76	119	16	38	102	69	21	111	106	134	163	77	60	93	66	15	112	73	66	37	7	75	135	54	48	130	99	24	96
0	0	0	0	0	0	0	0	0	0	0	0	0	0	0	0	0	0	0	0	0	0	0	0	0	0	0	0	0	0	0	0	0	0	0	0	0	0	0	0	0	0	0	0	0	0	0	0	0	0	0	0	0	0	0	80	136	93	63	130	94	20	88	96	68	109	115	174	93	148	40	113	117	94	64	60	28	117	120	111	135	49	88	55	29	131	155	126	100	158	105	83	36	67	84	104	105	123	33	52	109	50	108	97	135	127	23	137	99	105	62	26	97	102	112	93	133	126	149	102	126	93	127	130	92	126	128	112
0	0	0	0	0	0	0	0	0	0	0	0	0	0	0	0	0	0	0	0	0	0	0	0	0	0	0	0	0	0	0	0	0	0	0	0	0	0	0	0	0	0	0	0	0	0	0	0	0	0	0	0	0	0	0	0	58	20	60	97	110	70	105	73	126	124	77	91	163	16	63	59	174	108	52	56	35	164	91	178	88	102	101	24	110	119	40	51	149	60	79	125	34	104	60	18	68	146	20	136	117	159	36	105	106	117	93	92	90	86	75	19	90	135	103	60	107	32	44	90	118	85	48	116	139	49	102	57
0	0	0	0	0	0	0	0	0	0	0	0	0	0	0	0	0	0	0	0	0	0	0	0	0	0	0	0	0	0	0	0	0	0	0	0	0	0	0	0	0	0	0	0	0	0	0	0	0	0	0	0	0	0	0	0	0	107	95	176	55	96	53	115	73	130	31	146	97	14	124	97	86	154	38	78	152	138	95	19	96	18	135	24	150	147	91	145	127	65	75	70	28	21	25	54	122	83	149	128	158	161	53	103	141	30	127	123	80	64	119	32	124	132	126	25	159	49	124	136	84	164	50	43	94	87	62	48
0	0	0	0	0	0	0	0	0	0	0	0	0	0	0	0	0	0	0	0	0	0	0	0	0	0	0	0	0	0	0	0	0	0	0	0	0	0	0	0	0	0	0	0	0	0	0	0	0	0	0	0	0	0	0	0	0	0	127	134	37	21	53	128	123	63	37	86	70	101	45	185	140	112	5	173	111	73	88	126	77	60	72	90	47	102	133	82	66	153	62	143	67	90	92	159	108	68	117	86	129	167	76	55	106	39	92	63	64	112	104	44	64	127	79	72	61	69	84	159	117	28	181	28	27	101	46	49
0	0	0	0	0	0	0	0	0	0	0	0	0	0	0	0	0	0	0	0	0	0	0	0	0	0	0	0	0	0	0	0	0	0	0	0	0	0	0	0	0	0	0	0	0	0	0	0	0	0	0	0	0	0	0	0	0	0	0	71	49	53	136	68	74	97	52	75	62	144	146	98	65	35	111	136	65	88	139	68	28	88	60	59	125	122	133	150	77	44	80	170	126	141	32	51	82	84	112	55	83	48	125	95	54	72	55	64	57	115	177	71	59	94	35	29	177	29	129	115	119	62	149	53	108	130	48	105
0	0	0	0	0	0	0	0	0	0	0	0	0	0	0	0	0	0	0	0	0	0	0	0	0	0	0	0	0	0	0	0	0	0	0	0	0	0	0	0	0	0	0	0	0	0	0	0	0	0	0	0	0	0	0	0	0	0	0	0	138	113	53	70	51	113	123	25	51	129	183	87	178	149	69	47	44	141	69	124	36	57	109	158	99	131	147	36	99	104	91	66	44	79	63	140	42	42	82	116	147	87	138	168	143	66	87	142	140	106	94	84	41	26	29	116	61	97	123	49	118	57	78	12	106	119	62	136
0	0	0	0	0	0	0	0	0	0	0	0	0	0	0	0	0	0	0	0	0	0	0	0	0	0	0	0	0	0	0	0	0	0	0	0	0	0	0	0	0	0	0	0	0	0	0	0	0	0	0	0	0	0	0	0	0	0	0	0	0	89	87	150	125	68	140	91	117	44	127	36	133	145	69	92	73	159	22	132	112	78	144	49	167	74	104	103	125	137	162	80	161	94	72	132	139	105	98	136	141	171	140	22	141	55	60	7	94	79	73	112	100	128	93	60	36	177	97	137	118	78	44	71	54	146	118	55
0	0	0	0	0	0	0	0	0	0	0	0	0	0	0	0	0	0	0	0	0	0	0	0	0	0	0	0	0	0	0	0	0	0	0	0	0	0	0	0	0	0	0	0	0	0	0	0	0	0	0	0	0	0	0	0	0	0	0	0	0	0	54	28	70	62	140	73	123	55	95	86	119	170	54	61	157	124	167	26	71	62	45	148	77	105	93	77	115	95	99	93	93	104	60	157	69	100	28	40	123	150	101	94	60	42	108	169	105	187	78	82	84	131	80	130	87	131	146	57	63	159	34	112	107	76	168	107
0	0	0	0	0	0	0	0	0	0	0	0	0	0	0	0	0	0	0	0	0	0	0	0	0	0	0	0	0	0	0	0	0	0	0	0	0	0	0	0	0	0	0	0	0	0	0	0	0	0	0	0	0	0	0	0	0	0	0	0	0	0	0	144	83	118	180	177	57	116	150	124	69	35	56	142	135	91	73	113	170	29	140	52	99	68	116	49	127	83	48	70	18	48	38	120	116	147	143	104	76	166	105	130	57	45	162	34	43	146	175	124	140	164	150	84	76	57	40	116	107	119	121	29	169	90	87	90
0	0	0	0	0	0	0	0	0	0	0	0	0	0	0	0	0	0	0	0	0	0	0	0	0	0	0	0	0	0	0	0	0	0	0	0	0	0	0	0	0	0	0	0	0	0	0	0	0	0	0	0	0	0	0	0	0	0	0	0	0	0	0	0	99	123	46	91	142	80	48	159	139	179	75	73	46	149	76	96	161	138	159	75	15	105	55	150	101	51	93	25	84	65	58	71	24	142	115	138	26	139	37	26	43	90	70	135	27	160	86	66	68	64	106	118	124	179	58	79	124	67	118	65	46	166	46	147
0	0	0	0	0	0	0	0	0	0	0	0	0	0	0	0	0	0	0	0	0	0	0	0	0	0	0	0	0	0	0	0	0	0	0	0	0	0	0	0	0	0	0	0	0	0	0	0	0	0	0	0	0	0	0	0	0	0	0	0	0	0	0	0	0	91	130	138	173	121	156	70	168	32	29	98	127	140	142	74	31	66	72	101	62	171	79	27	143	23	118	15	105	72	68	145	182	92	89	124	67	107	53	143	117	100	41	119	139	102	35	162	79	146	95	130	128	108	164	80	84	140	90	72	127	62	112	63
0	0	0	0	0	0	0	0	0	0	0	0	0	0	0	0	0	0	0	0	0	0	0	0	0	0	0	0	0	0	0	0	0	0	0	0	0	0	0	0	0	0	0	0	0	0	0	0	0	0	0	0	0	0	0	0	0	0	0	0	0	0	0	0	0	0	46	29	46	134	149	85	29	134	20	51	72	49	107	99	101	25	40	71	102	149	125	143	75	170	150	54	106	146	50	59	79	131	174	113	172	124	52	144	119	76	115	139	66	95	146	140	124	26	147	43	83	157	52	123	49	112	34	58	42	140	25	68
0	0	0	0	0	0	0	0	0	0	0	0	0	0	0	0	0	0	0	0	0	0	0	0	0	0	0	0	0	0	0	0	0	0	0	0	0	0	0	0	0	0	0	0	0	0	0	0	0	0	0	0	0	0	0	0	0	0	0	0	0	0	0	0	0	0	0	147	123	137	67	118	136	102	134	130	95	188	55	86	112	71	108	93	119	15	29	70	169	5	135	78	176	98	66	56	94	70	139	140	83	89	121	119	25	156	108	127	95	136	30	59	81	52	54	50	70	169	54	47	135	90	98	15	116	114	93	95
0	0	0	0	0	0	0	0	0	0	0	0	0	0	0	0	0	0	0	0	0	0	0	0	0	0	0	0	0	0	0	0	0	0	0	0	0	0	0	0	0	0	0	0	0	0	0	0	0	0	0	0	0	0	0	0	0	0	0	0	0	0	0	0	0	0	0	0	68	68	12	75	43	88	85	36	42	152	82	72	140	123	133	160	31	104	82	48	124	159	134	167	149	166	144	129	55	147	81	149	20	86	80	96	40	103	55	51	21	55	157	51	109	85	34	118	25	42	140	69	129	55	86	66	123	154	119	42
0	0	0	0	0	0	0	0	0	0	0	0	0	0	0	0	0	0	0	0	0	0	0	0	0	0	0	0	0	0	0	0	0	0	0	0	0	0	0	0	0	0	0	0	0	0	0	0	0	0	0	0	0	0	0	0	0	0	0	0	0	0	0	0	0	0	0	0	0	92	76	150	56	82	74	130	106	90	89	70	89	57	147	76	139	91	135	54	34	135	40	136	80	125	72	10	125	149	113	82	64	149	137	158	75	122	52	58	148	153	83	63	43	148	96	82	85	126	50	27	150	64	187	115	155	142	147	117
0	0	0	0	0	0	0	0	0	0	0	0	0	0	0	0	0	0	0	0	0	0	0	0	0	0	0	0	0	0	0	0	0	0	0	0	0	0	0	0	0	0	0	0	0	0	0	0	0	0	0	0	0	0	0	0	0	0	0	0	0	0	0	0	0	0	0	0	0	0	56	117	64	136	92	164	33	88	93	108	109	80	126	137	145	162	62	39	88	109	108	57	148	13	54	41	169	150	136	61	175	32	113	169	117	82	123	73	42	107	90	139	77	124	110	127	164	95	133	109	117	32	142	163	47	129	111	71
0	0	0	0	0	0	0	0	0	0	0	0	0	0	0	0	0	0	0	0	0	0	0	0	0	0	0	0	0	0	0	0	0	0	0	0	0	0	0	0	0	0	0	0	0	0	0	0	0	0	0	0	0	0	0	0	0	0	0	0	0	0	0	0	0	0	0	0	0	0	0	106	99	166	154	117	57	110	128	129	125	39	164	71	79	28	79	137	149	129	32	73	117	133	43	9	190	58	77	87	151	123	97	146	51	116	86	99	40	126	76	58	127	142	122	115	115	180	92	145	102	67	48	100	103	144	184	73
0	0	0	0	0	0	0	0	0	0	0	0	0	0	0	0	0	0	0	0	0	0	0	0	0	0	0	0	0	0	0	0	0	0	0	0	0	0	0	0	0	0	0	0	0	0	0	0	0	0	0	0	0	0	0	0	0	0	0	0	0	0	0	0	0	0	0	0	0	0	0	0	36	108	91	133	99	34	161	183	104	152	100	85	82	109	144	145	121	178	66	97	77	114	128	140	107	152	129	90	123	52	64	86	91	117	98	39	117	48	78	127	48	35	91	75	169	169	75	70	136	111	100	183	158	40	140	46
0	0	0	0	0	0	0	0	0	0	0	0	0	0	0	0	0	0	0	0	0	0	0	0	0	0	0	0	0	0	0	0	0	0	0	0	0	0	0	0	0	0	0	0	0	0	0	0	0	0	0	0	0	0	0	0	0	0	0	0	0	0	0	0	0	0	0	0	0	0	0	0	0	133	120	60	173	80	105	79	123	65	65	115	92	93	103	88	145	142	73	95	146	39	80	21	72	96	137	109	23	122	96	150	108	125	52	119	99	84	71	6	84	159	125	116	144	111	148	52	97	87	89	181	42	93	129	163
0	0	0	0	0	0	0	0	0	0	0	0	0	0	0	0	0	0	0	0	0	0	0	0	0	0	0	0	0	0	0	0	0	0	0	0	0	0	0	0	0	0	0	0	0	0	0	0	0	0	0	0	0	0	0	0	0	0	0	0	0	0	0	0	0	0	0	0	0	0	0	0	0	0	181	183	129	182	114	69	186	89	66	74	99	63	135	112	82	168	121	142	29	71	96	49	75	180	12	148	149	107	142	40	90	88	127	95	134	32	113	174	78	76	92	150	199	111	109	61	43	81	143	126	123	85	70	104
0	0	0	0	0	0	0	0	0	0	0	0	0	0	0	0	0	0	0	0	0	0	0	0	0	0	0	0	0	0	0	0	0	0	0	0	0	0	0	0	0	0	0	0	0	0	0	0	0	0	0	0	0	0	0	0	0	0	0	0	0	0	0	0	0	0	0	0	0	0	0	0	0	0	0	125	106	42	85	139	177	157	189	30	162	124	32	153	111	71	58	58	142	75	118	75	100	70	123	119	78	28	99	169	125	94	187	58	38	45	65	93	155	98	136	123	57	74	110	87	125	93	68	110	104	68	164	104
0	0	0	0	0	0	0	0	0	0	0	0	0	0	0	0	0	0	0	0	0	0	0	0	0	0	0	0	0	0	0	0	0	0	0	0	0	0	0	0	0	0	0	0	0	0	0	0	0	0	0	0	0	0	0	0	0	0	0	0	0	0	0	0	0	0	0	0	0	0	0	0	0	0	0	0	143	174	155	140	159	43	85	137	91	172	138	79	149	56	170	78	52	86	115	79	133	82	141	57	131	43	132	155	72	167	123	137	102	134	88	102	127	159	40	40	96	101	124	173	32	79	76	35	59	105	117	69
0	0	0	0	0	0	0	0	0	0	0	0	0	0	0	0	0	0	0	0	0	0	0	0	0	0	0	0	0	0	0	0	0	0	0	0	0	0	0	0	0	0	0	0	0	0	0	0	0	0	0	0	0	0	0	0	0	0	0	0	0	0	0	0	0	0	0	0	0	0	0	0	0	0	0	0	0	117	157	126	103	47	66	72	174	103	120	112	114	53	33	109	130	8	126	172	156	71	59	50	111	136	59	134	92	116	101	145	65	48	111	141	114	131	123	114	90	102	85	83	127	66	166	123	54	79	118	94
0	0	0	0	0	0	0	0	0	0	0	0	0	0	0	0	0	0	0	0	0	0	0	0	0	0	0	0	0	0	0	0	0	0	0	0	0	0	0	0	0	0	0	0	0	0	0	0	0	0	0	0	0	0	0	0	0	0	0	0	0	0	0	0	0	0	0	0	0	0	0	0	0	0	0	0	0	0	104	41	133	114	68	121	77	99	157	45	104	72	78	97	109	102	87	118	119	98	101	122	67	63	134	57	70	71	101	42	64	106	186	103	57	107	164	46	112	19	134	27	173	164	65	147	112	49	83	116
0	0	0	0	0	0	0	0	0	0	0	0	0	0	0	0	0	0	0	0	0	0	0	0	0	0	0	0	0	0	0	0	0	0	0	0	0	0	0	0	0	0	0	0	0	0	0	0	0	0	0	0	0	0	0	0	0	0	0	0	0	0	0	0	0	0	0	0	0	0	0	0	0	0	0	0	0	0	0	80	93	67	142	29	82	110	125	44	105	82	141	109	111	151	145	90	194	134	62	115	64	33	156	111	46	123	110	159	116	76	185	35	74	123	150	85	55	185	68	119	144	56	125	107	36	101	47	89
0	0	0	0	0	0	0	0	0	0	0	0	0	0	0	0	0	0	0	0	0	0	0	0	0	0	0	0	0	0	0	0	0	0	0	0	0	0	0	0	0	0	0	0	0	0	0	0	0	0	0	0	0	0	0	0	0	0	0	0	0	0	0	0	0	0	0	0	0	0	0	0	0	0	0	0	0	0	0	0	73	139	88	121	149	169	94	41	90	146	103	83	180	131	197	105	187	50	122	103	68	184	64	156	141	101	84	140	109	100	113	142	92	58	85	87	105	157	83	90	81	167	41	130	160	81	98	32
0	0	0	0	0	0	0	0	0	0	0	0	0	0	0	0	0	0	0	0	0	0	0	0	0	0	0	0	0	0	0	0	0	0	0	0	0	0	0	0	0	0	0	0	0	0	0	0	0	0	0	0	0	0	0	0	0	0	0	0	0	0	0	0	0	0	0	0	0	0	0	0	0	0	0	0	0	0	0	0	0	137	134	25	101	95	167	11	97	173	145	53	129	35	100	109	165	200	132	111	66	165	182	131	88	136	162	57	87	80	136	129	88	126	166	139	69	26	177	122	137	104	75	76	76	173	157	59
0	0	0	0	0	0	0	0	0	0	0	0	0	0	0	0	0	0	0	0	0	0	0	0	0	0	0	0	0	0	0	0	0	0	0	0	0	0	0	0	0	0	0	0	0	0	0	0	0	0	0	0	0	0	0	0	0	0	0	0	0	0	0	0	0	0	0	0	0	0	0	0	0	0	0	0	0	0	0	0	0	0	55	153	79	141	99	156	156	129	78	60	77	60	130	116	42	108	147	117	106	76	128	154	127	146	173	95	81	29	142	74	83	77	129	134	148	78	154	176	71	153	35	58	138	107	138	130
0	0	0	0	0	0	0	0	0	0	0	0	0	0	0	0	0	0	0	0	0	0	0	0	0	0	0	0	0	0	0	0	0	0	0	0	0	0	0	0	0	0	0	0	0	0	0	0	0	0	0	0	0	0	0	0	0	0	0	0	0	0	0	0	0	0	0	0	0	0	0	0	0	0	0	0	0	0	0	0	0	0	0	201	73	25	164	136	27	136	137	72	110	127	24	38	157	126	56	125	114	45	73	33	159	137	146	173	86	128	144	27	185	166	109	174	11	177	92	96	58	125	175	140	132	39	152	131
0	0	0	0	0	0	0	0	0	0	0	0	0	0	0	0	0	0	0	0	0	0	0	0	0	0	0	0	0	0	0	0	0	0	0	0	0	0	0	0	0	0	0	0	0	0	0	0	0	0	0	0	0	0	0	0	0	0	0	0	0	0	0	0	0	0	0	0	0	0	0	0	0	0	0	0	0	0	0	0	0	0	0	0	146	164	167	161	73	113	16	200	52	90	136	120	137	23	146	165	145	101	135	48	131	148	105	86	161	113	86	132	161	28	167	107	145	148	86	89	188	40	112	88	117	35	120	85
0	0	0	0	0	0	0	0	0	0	0	0	0	0	0	0	0	0	0	0	0	0	0	0	0	0	0	0	0	0	0	0	0	0	0	0	0	0	0	0	0	0	0	0	0	0	0	0	0	0	0	0	0	0	0	0	0	0	0	0	0	0	0	0	0	0	0	0	0	0	0	0	0	0	0	0	0	0	0	0	0	0	0	0	0	91	146	90	168	124	64	70	166	43	103	102	60	84	158	68	118	127	189	54	153	110	105	27	139	100	60	105	191	120	103	100	124	32	82	96	136	60	122	127	150	146	120	65
0	0	0	0	0	0	0	0	0	0	0	0	0	0	0	0	0	0	0	0	0	0	0	0	0	0	0	0	0	0	0	0	0	0	0	0	0	0	0	0	0	0	0	0	0	0	0	0	0	0	0	0	0	0	0	0	0	0	0	0	0	0	0	0	0	0	0	0	0	0	0	0	0	0	0	0	0	0	0	0	0	0	0	0	0	0	127	184	13	36	66	163	75	73	101	75	51	81	68	72	107	208	61	117	93	110	146	116	65	88	120	58	92	75	92	134	71	87	187	169	112	60	89	89	182	202	88	127
0	0	0	0	0	0	0	0	0	0	0	0	0	0	0	0	0	0	0	0	0	0	0	0	0	0	0	0	0	0	0	0	0	0	0	0	0	0	0	0	0	0	0	0	0	0	0	0	0	0	0	0	0	0	0	0	0	0	0	0	0	0	0	0	0	0	0	0	0	0	0	0	0	0	0	0	0	0	0	0	0	0	0	0	0	0	0	101	115	167	147	148	142	51	131	188	122	74	85	112	137	148	72	96	77	85	98	175	105	19	87	65	164	150	123	120	76	99	114	112	84	65	61	145	51	93	117	183
0	0	0	0	0	0	0	0	0	0	0	0	0	0	0	0	0	0	0	0	0	0	0	0	0	0	0	0	0	0	0	0	0	0	0	0	0	0	0	0	0	0	0	0	0	0	0	0	0	0	0	0	0	0	0	0	0	0	0	0	0	0	0	0	0	0	0	0	0	0	0	0	0	0	0	0	0	0	0	0	0	0	0	0	0	0	0	0	76	108	120	171	202	76	98	99	143	56	65	117	62	48	85	113	114	174	77	172	152	42	48	185	18	82	69	80	139	124	123	113	64	70	92	62	77	163	153	166
0	0	0	0	0	0	0	0	0	0	0	0	0	0	0	0	0	0	0	0	0	0	0	0	0	0	0	0	0	0	0	0	0	0	0	0	0	0	0	0	0	0	0	0	0	0	0	0	0	0	0	0	0	0	0	0	0	0	0	0	0	0	0	0	0	0	0	0	0	0	0	0	0	0	0	0	0	0	0	0	0	0	0	0	0	0	0	0	0	117	58	24	161	126	173	64	100	111	135	54	67	163	89	83	172	89	82	152	194	184	150	177	27	125	176	152	95	193	122	55	197	200	135	154	76	146	123	113
0	0	0	0	0	0	0	0	0	0	0	0	0	0	0	0	0	0	0	0	0	0	0	0	0	0	0	0	0	0	0	0	0	0	0	0	0	0	0	0	0	0	0	0	0	0	0	0	0	0	0	0	0	0	0	0	0	0	0	0	0	0	0	0	0	0	0	0	0	0	0	0	0	0	0	0	0	0	0	0	0	0	0	0	0	0	0	0	0	0	39	142	22	80	198	16	23	25	30	23	109	81	37	164	93	139	148	155	55	167	112	170	73	130	144	38	190	128	139	192	89	32	75	14	163	90	142	137
0	0	0	0	0	0	0	0	0	0	0	0	0	0	0	0	0	0	0	0	0	0	0	0	0	0	0	0	0	0	0	0	0	0	0	0	0	0	0	0	0	0	0	0	0	0	0	0	0	0	0	0	0	0	0	0	0	0	0	0	0	0	0	0	0	0	0	0	0	0	0	0	0	0	0	0	0	0	0	0	0	0	0	0	0	0	0	0	0	0	0	127	113	185	144	125	137	62	48	131	111	134	109	138	87	142	59	126	132	115	128	144	114	89	89	106	86	131	97	47	62	152	191	92	162	59	176	117
0	0	0	0	0	0	0	0	0	0	0	0	0	0	0	0	0	0	0	0	0	0	0	0	0	0	0	0	0	0	0	0	0	0	0	0	0	0	0	0	0	0	0	0	0	0	0	0	0	0	0	0	0	0	0	0	0	0	0	0	0	0	0	0	0	0	0	0	0	0	0	0	0	0	0	0	0	0	0	0	0	0	0	0	0	0	0	0	0	0	0	0	73	97	76	131	89	137	90	130	110	123	170	103	75	124	55	126	169	94	113	107	110	92	147	195	90	32	122	89	133	157	65	141	90	122	38	116
0	0	0	0	0	0	0	0	0	0	0	0	0	0	0	0	0	0	0	0	0	0	0	0	0	0	0	0	0	0	0	0	0	0	0	0	0	0	0	0	0	0	0	0	0	0	0	0	0	0	0	0	0	0	0	0	0	0	0	0	0	0	0	0	0	0	0	0	0	0	0	0	0	0	0	0	0	0	0	0	0	0	0	0	0	0	0	0	0	0	0	0	0	117	192	123	96	70	107	42	107	118	212	80	98	98	65	173	107	122	112	161	124	172	54	105	159	132	109	79	160	205	122	72	104	85	123	77
0	0	0	0	0	0	0	0	0	0	0	0	0	0	0	0	0	0	0	0	0	0	0	0	0	0	0	0	0	0	0	0	0	0	0	0	0	0	0	0	0	0	0	0	0	0	0	0	0	0	0	0	0	0	0	0	0	0	0	0	0	0	0	0	0	0	0	0	0	0	0	0	0	0	0	0	0	0	0	0	0	0	0	0	0	0	0	0	0	0	0	0	0	0	129	99	92	201	196	158	112	27	38	104	134	75	78	112	150	77	100	98	11	123	101	141	188	111	102	172	120	162	187	84	154	203	161	147
0	0	0	0	0	0	0	0	0	0	0	0	0	0	0	0	0	0	0	0	0	0	0	0	0	0	0	0	0	0	0	0	0	0	0	0	0	0	0	0	0	0	0	0	0	0	0	0	0	0	0	0	0	0	0	0	0	0	0	0	0	0	0	0	0	0	0	0	0	0	0	0	0	0	0	0	0	0	0	0	0	0	0	0	0	0	0	0	0	0	0	0	0	0	0	96	131	191	126	21	173	95	185	72	209	136	17	88	75	43	149	89	140	126	56	160	113	147	206	97	114	194	95	143	153	84	108	25
0	0	0	0	0	0	0	0	0	0	0	0	0	0	0	0	0	0	0	0	0	0	0	0	0	0	0	0	0	0	0	0	0	0	0	0	0	0	0	0	0	0	0	0	0	0	0	0	0	0	0	0	0	0	0	0	0	0	0	0	0	0	0	0	0	0	0	0	0	0	0	0	0	0	0	0	0	0	0	0	0	0	0	0	0	0	0	0	0	0	0	0	0	0	0	0	47	114	115	112	142	97	65	107	136	192	197	97	97	199	167	57	113	119	108	73	193	166	127	149	137	55	191	44	130	152	106	101
0	0	0	0	0	0	0	0	0	0	0	0	0	0	0	0	0	0	0	0	0	0	0	0	0	0	0	0	0	0	0	0	0	0	0	0	0	0	0	0	0	0	0	0	0	0	0	0	0	0	0	0	0	0	0	0	0	0	0	0	0	0	0	0	0	0	0	0	0	0	0	0	0	0	0	0	0	0	0	0	0	0	0	0	0	0	0	0	0	0	0	0	0	0	0	0	0	141	165	119	87	88	161	150	118	113	110	180	165	92	58	103	76	155	102	33	6	127	45	63	108	119	79	61	77	113	77	82
0	0	0	0	0	0	0	0	0	0	0	0	0	0	0	0	0	0	0	0	0	0	0	0	0	0	0	0	0	0	0	0	0	0	0	0	0	0	0	0	0	0	0	0	0	0	0	0	0	0	0	0	0	0	0	0	0	0	0	0	0	0	0	0	0	0	0	0	0	0	0	0	0	0	0	0	0	0	0	0	0	0	0	0	0	0	0	0	0	0	0	0	0	0	0	0	0	0	95	104	160	69	158	86	72	127	165	162	61	73	53	146	84	122	49	106	127	96	154	130	166	85	201	151	144	8	208	45
0	0	0	0	0	0	0	0	0	0	0	0	0	0	0	0	0	0	0	0	0	0	0	0	0	0	0	0	0	0	0	0	0	0	0	0	0	0	0	0	0	0	0	0	0	0	0	0	0	0	0	0	0	0	0	0	0	0	0	0	0	0	0	0	0	0	0	0	0	0	0	0	0	0	0	0	0	0	0	0	0	0	0	0	0	0	0	0	0	0	0	0	0	0	0	0	0	0	0	72	63	154	165	115	80	48	153	84	126	98	175	169	161	54	97	95	90	145	81	106	219	136	136	65	128	135	53	132
0	0	0	0	0	0	0	0	0	0	0	0	0	0	0	0	0	0	0	0	0	0	0	0	0	0	0	0	0	0	0	0	0	0	0	0	0	0	0	0	0	0	0	0	0	0	0	0	0	0	0	0	0	0	0	0	0	0	0	0	0	0	0	0	0	0	0	0	0	0	0	0	0	0	0	0	0	0	0	0	0	0	0	0	0	0	0	0	0	0	0	0	0	0	0	0	0	0	0	0	31	130	67	116	137	83	35	92	210	86	75	29	89	26	54	205	132	140	137	89	147	112	80	187	113	199	60	99
0	0	0	0	0	0	0	0	0	0	0	0	0	0	0	0	0	0	0	0	0	0	0	0	0	0	0	0	0	0	0	0	0	0	0	0	0	0	0	0	0	0	0	0	0	0	0	0	0	0	0	0	0	0	0	0	0	0	0	0	0	0	0	0	0	0	0	0	0	0	0	0	0	0	0	0	0	0	0	0	0	0	0	0	0	0	0	0	0	0	0	0	0	0	0	0	0	0	0	0	0	121	74	16	104	124	63	36	112	97	89	177	125	140	158	49	118	169	81	163	118	14	116	91	64	126	146	158
0	0	0	0	0	0	0	0	0	0	0	0	0	0	0	0	0	0	0	0	0	0	0	0	0	0	0	0	0	0	0	0	0	0	0	0	0	0	0	0	0	0	0	0	0	0	0	0	0	0	0	0	0	0	0	0	0	0	0	0	0	0	0	0	0	0	0	0	0	0	0	0	0	0	0	0	0	0	0	0	0	0	0	0	0	0	0	0	0	0	0	0	0	0	0	0	0	0	0	0	0	0	86	140	103	95	132	137	65	63	154	163	65	134	103	137	61	119	182	168	180	57	121	187	126	106	59	120
0	0	0	0	0	0	0	0	0	0	0	0	0	0	0	0	0	0	0	0	0	0	0	0	0	0	0	0	0	0	0	0	0	0	0	0	0	0	0	0	0	0	0	0	0	0	0	0	0	0	0	0	0	0	0	0	0	0	0	0	0	0	0	0	0	0	0	0	0	0	0	0	0	0	0	0	0	0	0	0	0	0	0	0	0	0	0	0	0	0	0	0	0	0	0	0	0	0	0	0	0	0	0	122	123	168	165	145	122	159	141	57	146	47	214	25	207	188	37	106	143	158	96	141	27	175	34	52
0	0	0	0	0	0	0	0	0	0	0	0	0	0	0	0	0	0	0	0	0	0	0	0	0	0	0	0	0	0	0	0	0	0	0	0	0	0	0	0	0	0	0	0	0	0	0	0	0	0	0	0	0	0	0	0	0	0	0	0	0	0	0	0	0	0	0	0	0	0	0	0	0	0	0	0	0	0	0	0	0	0	0	0	0	0	0	0	0	0	0	0	0	0	0	0	0	0	0	0	0	0	0	0	114	40	169	33	110	53	188	123	22	128	137	165	148	86	107	55	139	151	136	164	158	45	98	52
0	0	0	0	0	0	0	0	0	0	0	0	0	0	0	0	0	0	0	0	0	0	0	0	0	0	0	0	0	0	0	0	0	0	0	0	0	0	0	0	0	0	0	0	0	0	0	0	0	0	0	0	0	0	0	0	0	0	0	0	0	0	0	0	0	0	0	0	0	0	0	0	0	0	0	0	0	0	0	0	0	0	0	0	0	0	0	0	0	0	0	0	0	0	0	0	0	0	0	0	0	0	0	0	0	221	90	156	144	116	108	133	183	194	173	93	170	94	88	72	94	139	48	97	111	183	155	123
0	0	0	0	0	0	0	0	0	0	0	0	0	0	0	0	0	0	0	0	0	0	0	0	0	0	0	0	0	0	0	0	0	0	0	0	0	0	0	0	0	0	0	0	0	0	0	0	0	0	0	0	0	0	0	0	0	0	0	0	0	0	0	0	0	0	0	0	0	0	0	0	0	0	0	0	0	0	0	0	0	0	0	0	0	0	0	0	0	0	0	0	0	0	0	0	0	0	0	0	0	0	0	0	0	0	96	148	153	81	187	113	178	33	224	153	128	138	71	112	184	143	106	71	146	149	90	136
0	0	0	0	0	0	0	0	0	0	0	0	0	0	0	0	0	0	0	0	0	0	0	0	0	0	0	0	0	0	0	0	0	0	0	0	0	0	0	0	0	0	0	0	0	0	0	0	0	0	0	0	0	0	0	0	0	0	0	0	0	0	0	0	0	0	0	0	0	0	0	0	0	0	0	0	0	0	0	0	0	0	0	0	0	0	0	0	0	0	0	0	0	0	0	0	0	0	0	0	0	0	0	0	0	0	0	164	174	152	85	101	134	104	161	99	74	152	178	66	160	107	204	218	127	135	77	90
0	0	0	0	0	0	0	0	0	0	0	0	0	0	0	0	0	0	0	0	0	0	0	0	0	0	0	0	0	0	0	0	0	0	0	0	0	0	0	0	0	0	0	0	0	0	0	0	0	0	0	0	0	0	0	0	0	0	0	0	0	0	0	0	0	0	0	0	0	0	0	0	0	0	0	0	0	0	0	0	0	0	0	0	0	0	0	0	0	0	0	0	0	0	0	0	0	0	0	0	0	0	0	0	0	0	0	0	46	169	202	203	229	82	148	171	55	19	218	108	101	95	42	80	71	64	94	192
0	0	0	0	0	0	0	0	0	0	0	0	0	0	0	0	0	0	0	0	0	0	0	0	0	0	0	0	0	0	0	0	0	0	0	0	0	0	0	0	0	0	0	0	0	0	0	0	0	0	0	0	0	0	0	0	0	0	0	0	0	0	0	0	0	0	0	0	0	0	0	0	0	0	0	0	0	0	0	0	0	0	0	0	0	0	0	0	0	0	0	0	0	0	0	0	0	0	0	0	0	0	0	0	0	0	0	0	0	15	202	158	152	104	108	201	168	105	88	123	145	138	71	160	153	174	118	128
0	0	0	0	0	0	0	0	0	0	0	0	0	0	0	0	0	0	0	0	0	0	0	0	0	0	0	0	0	0	0	0	0	0	0	0	0	0	0	0	0	0	0	0	0	0	0	0	0	0	0	0	0	0	0	0	0	0	0	0	0	0	0	0	0	0	0	0	0	0	0	0	0	0	0	0	0	0	0	0	0	0	0	0	0	0	0	0	0	0	0	0	0	0	0	0	0	0	0	0	0	0	0	0	0	0	0	0	0	0	90	172	128	98	28	27	166	148	155	91	216	57	116	173	76	67	175	29
0	0	0	0	0	0	0	0	0	0	0	0	0	0	0	0	0	0	0	0	0	0	0	0	0	0	0	0	0	0	0	0	0	0	0	0	0	0	0	0	0	0	0	0	0	0	0	0	0	0	0	0	0	0	0	0	0	0	0	0	0	0	0	0	0	0	0	0	0	0	0	0	0	0	0	0	0	0	0	0	0	0	0	0	0	0	0	0	0	0	0	0	0	0	0	0	0	0	0	0	0	0	0	0	0	0	0	0	0	0	0	81	134	69	147	104	67	187	110	105	136	63	121	191	100	77	190	156
0	0	0	0	0	0	0	0	0	0	0	0	0	0	0	0	0	0	0	0	0	0	0	0	0	0	0	0	0	0	0	0	0	0	0	0	0	0	0	0	0	0	0	0	0	0	0	0	0	0	0	0	0	0	0	0	0	0	0	0	0	0	0	0	0	0	0	0	0	0	0	0	0	0	0	0	0	0	0	0	0	0	0	0	0	0	0	0	0	0	0	0	0	0	0	0	0	0	0	0	0	0	0	0	0	0	0	0	0	0	0	0	40	140	20	121	110	138	65	110	119	105	76	138	133	84	127	103
0	0	0	0	0	0	0	0	0	0	0	0	0	0	0	0	0	0	0	0	0	0	0	0	0	0	0	0	0	0	0	0	0	0	0	0	0	0	0	0	0	0	0	0	0	0	0	0	0	0	0	0	0	0	0	0	0	0	0	0	0	0	0	0	0	0	0	0	0	0	0	0	0	0	0	0	0	0	0	0	0	0	0	0	0	0	0	0	0	0	0	0	0	0	0	0	0	0	0	0	0	0	0	0	0	0	0	0	0	0	0	0	0	106	141	171	74	48	88	154	166	153	202	98	132	172	153	21
0	0	0	0	0	0	0	0	0	0	0	0	0	0	0	0	0	0	0	0	0	0	0	0	0	0	0	0	0	0	0	0	0	0	0	0	0	0	0	0	0	0	0	0	0	0	0	0	0	0	0	0	0	0	0	0	0	0	0	0	0	0	0	0	0	0	0	0	0	0	0	0	0	0	0	0	0	0	0	0	0	0	0	0	0	0	0	0	0	0	0	0	0	0	0	0	0	0	0	0	0	0	0	0	0	0	0	0	0	0	0	0	0	0	197	14	97	119	100	112	209	109	136	58	231	132	175	101
0	0	0	0	0	0	0	0	0	0	0	0	0	0	0	0	0	0	0	0	0	0	0	0	0	0	0	0	0	0	0	0	0	0	0	0	0	0	0	0	0	0	0	0	0	0	0	0	0	0	0	0	0	0	0	0	0	0	0	0	0	0	0	0	0	0	0	0	0	0	0	0	0	0	0	0	0	0	0	0	0	0	0	0	0	0	0	0	0	0	0	0	0	0	0	0	0	0	0	0	0	0	0	0	0	0	0	0	0	0	0	0	0	0	0	141	188	158	136	106	106	217	178	93	109	167	54	200
0	0	0	0	0	0	0	0	0	0	0	0	0	0	0	0	0	0	0	0	0	0	0	0	0	0	0	0	0	0	0	0	0	0	0	0	0	0	0	0	0	0	0	0	0	0	0	0	0	0	0	0	0	0	0	0	0	0	0	0	0	0	0	0	0	0	0	0	0	0	0	0	0	0	0	0	0	0	0	0	0	0	0	0	0	0	0	0	0	0	0	0	0	0	0	0	0	0	0	0	0	0	0	0	0	0	0	0	0	0	0	0	0	0	0	0	179	121	214	154	82	78	108	102	133	119	133	156
0	0	0	0	0	0	0	0	0	0	0	0	0	0	0	0	0	0	0	0	0	0	0	0	0	0	0	0	0	0	0	0	0	0	0	0	0	0	0	0	0	0	0	0	0	0	0	0	0	0	0	0	0	0	0	0	0	0	0	0	0	0	0	0	0	0	0	0	0	0	0	0	0	0	0	0	0	0	0	0	0	0	0	0	0	0	0	0	0	0	0	0	0	0	0	0	0	0	0	0	0	0	0	0	0	0	0	0	0	0	0	0	0	0	0	0	0	41	133	132	114	81	139	132	91	69	71	191
0	0	0	0	0	0	0	0	0	0	0	0	0	0	0	0	0	0	0	0	0	0	0	0	0	0	0	0	0	0	0	0	0	0	0	0	0	0	0	0	0	0	0	0	0	0	0	0	0	0	0	0	0	0	0	0	0	0	0	0	0	0	0	0	0	0	0	0	0	0	0	0	0	0	0	0	0	0	0	0	0	0	0	0	0	0	0	0	0	0	0	0	0	0	0	0	0	0	0	0	0	0	0	0	0	0	0	0	0	0	0	0	0	0	0	0	0	0	98	97	170	150	126	109	121	137	165	107
0	0	0	0	0	0	0	0	0	0	0	0	0	0	0	0	0	0	0	0	0	0	0	0	0	0	0	0	0	0	0	0	0	0	0	0	0	0	0	0	0	0	0	0	0	0	0	0	0	0	0	0	0	0	0	0	0	0	0	0	0	0	0	0	0	0	0	0	0	0	0	0	0	0	0	0	0	0	0	0	0	0	0	0	0	0	0	0	0	0	0	0	0	0	0	0	0	0	0	0	0	0	0	0	0	0	0	0	0	0	0	0	0	0	0	0	0	0	0	22	162	120	212	184	183	99	140	180
0	0	0	0	0	0	0	0	0	0	0	0	0	0	0	0	0	0	0	0	0	0	0	0	0	0	0	0	0	0	0	0	0	0	0	0	0	0	0	0	0	0	0	0	0	0	0	0	0	0	0	0	0	0	0	0	0	0	0	0	0	0	0	0	0	0	0	0	0	0	0	0	0	0	0	0	0	0	0	0	0	0	0	0	0	0	0	0	0	0	0	0	0	0	0	0	0	0	0	0	0	0	0	0	0	0	0	0	0	0	0	0	0	0	0	0	0	0	0	0	34	80	114	119	160	37	82	93
0	0	0	0	0	0	0	0	0	0	0	0	0	0	0	0	0	0	0	0	0	0	0	0	0	0	0	0	0	0	0	0	0	0	0	0	0	0	0	0	0	0	0	0	0	0	0	0	0	0	0	0	0	0	0	0	0	0	0	0	0	0	0	0	0	0	0	0	0	0	0	0	0	0	0	0	0	0	0	0	0	0	0	0	0	0	0	0	0	0	0	0	0	0	0	0	0	0	0	0	0	0	0	0	0	0	0	0	0	0	0	0	0	0	0	0	0	0	0	0	0	130	60	41	211	42	110	154
0	0	0	0	0	0	0	0	0	0	0	0	0	0	0	0	0	0	0	0	0	0	0	0	0	0	0	0	0	0	0	0	0	0	0	0	0	0	0	0	0	0	0	0	0	0	0	0	0	0	0	0	0	0	0	0	0	0	0	0	0	0	0	0	0	0	0	0	0	0	0	0	0	0	0	0	0	0	0	0	0	0	0	0	0	0	0	0	0	0	0	0	0	0	0	0	0	0	0	0	0	0	0	0	0	0	0	0	0	0	0	0	0	0	0	0	0	0	0	0	0	0	156	75	103	87	114	155
0	0	0	0	0	0	0	0	0	0	0	0	0	0	0	0	0	0	0	0	0	0	0	0	0	0	0	0	0	0	0	0	0	0	0	0	0	0	0	0	0	0	0	0	0	0	0	0	0	0	0	0	0	0	0	0	0	0	0	0	0	0	0	0	0	0	0	0	0	0	0	0	0	0	0	0	0	0	0	0	0	0	0	0	0	0	0	0	0	0	0	0	0	0	0	0	0	0	0	0	0	0	0	0	0	0	0	0	0	0	0	0	0	0	0	0	0	0	0	0	0	0	0	146	166	43	72	64
0	0	0	0	0	0	0	0	0	0	0	0	0	0	0	0	0	0	0	0	0	0	0	0	0	0	0	0	0	0	0	0	0	0	0	0	0	0	0	0	0	0	0	0	0	0	0	0	0	0	0	0	0	0	0	0	0	0	0	0	0	0	0	0	0	0	0	0	0	0	0	0	0	0	0	0	0	0	0	0	0	0	0	0	0	0	0	0	0	0	0	0	0	0	0	0	0	0	0	0	0	0	0	0	0	0	0	0	0	0	0	0	0	0	0	0	0	0	0	0	0	0	0	0	125	147	143	220
0	0	0	0	0	0	0	0	0	0	0	0	0	0	0	0	0	0	0	0	0	0	0	0	0	0	0	0	0	0	0	0	0	0	0	0	0	0	0	0	0	0	0	0	0	0	0	0	0	0	0	0	0	0	0	0	0	0	0	0	0	0	0	0	0	0	0	0	0	0	0	0	0	0	0	0	0	0	0	0	0	0	0	0	0	0	0	0	0	0	0	0	0	0	0	0	0	0	0	0	0	0	0	0	0	0	0	0	0	0	0	0	0	0	0	0	0	0	0	0	0	0	0	0	0	52	134	163
0	0	0	0	0	0	0	0	0	0	0	0	0	0	0	0	0	0	0	0	0	0	0	0	0	0	0	0	0	0	0	0	0	0	0	0	0	0	0	0	0	0	0	0	0	0	0	0	0	0	0	0	0	0	0	0	0	0	0	0	0	0	0	0	0	0	0	0	0	0	0	0	0	0	0	0	0	0	0	0	0	0	0	0	0	0	0	0	0	0	0	0	0	0	0	0	0	0	0	0	0	0	0	0	0	0	0	0	0	0	0	0	0	0	0	0	0	0	0	0	0	0	0	0	0	0	177	86
0	0	0	0	0	0	0	0	0	0	0	0	0	0	0	0	0	0	0	0	0	0	0	0	0	0	0	0	0	0	0	0	0	0	0	0	0	0	0	0	0	0	0	0	0	0	0	0	0	0	0	0	0	0	0	0	0	0	0	0	0	0	0	0	0	0	0	0	0	0	0	0	0	0	0	0	0	0	0	0	0	0	0	0	0	0	0	0	0	0	0	0	0	0	0	0	0	0	0	0	0	0	0	0	0	0	0	0	0	0	0	0	0	0	0	0	0	0	0	0	0	0	0	0	0	0	0	136
0	0	0	0	0	0	0	0	0	0	0	0	0	0	0	0	0	0	0	0	0	0	0	0	0	0	0	0	0	0	0	0	0	0	0	0	0	0	0	0	0	0	0	0	0	0	0	0	0	0	0	0	0	0	0	0	0	0	0	0	0	0	0	0	0	0	0	0	0	0	0	0	0	0	0	0	0	0	0	0	0	0	0	0	0	0	0	0	0	0	0	0	0	0	0	0	0	0	0	0	0	0	0	0	0	0	0	0	0	0	0	0	0	0	0	0	0	0	0	0	0	0	0	0	0	0	0	0