0	103	29	129	54	79	100	5	61	31	54	43	34	2	39	87	91	20	71	50	66	118	101	97	13	73	33	92	108	108	102	6	57	122	127	3	3	120	56	60	85	73	94	70	49	29	84	63	106	45	102	103	84	53	3	41	75	7	128	116	83	65	44	70	17	19	47	80	102	14	110	77	92	54	112	65	41	113	84	6	101	72	59	63	104	26	36	121	44	83	31	67	38	103	21	75	33	59	128	125	63	11	60	89	27	14	74	3	50	93	77	53	49	89	81	9	67	61	88	38	32	62	94	54	58	56	76	107
0	0	89	80	49	24	89	123	57	84	100	13	17	86	16	56	126	114	110	114	70	98	89	126	75	74	111	80	71	5	45	128	12	71	69	96	103	48	8	55	40	47	72	51	81	17	109	22	45	53	107	43	64	122	10	37	7	31	53	80	11	103	113	79	43	27	11	129	19	69	25	85	85	41	60	16	87	71	67	71	32	103	101	63	26	47	21	117	74	21	24	49	116	3	13	84	11	32	124	94	46	106	107	23	59	124	125	58	64	93	32	130	86	120	51	10	85	77	16	113	30	35	112	29	20	123	109	115
0	0	0	33	85	116	60	51	40	122	65	7	15	70	11	120	130	126	113	26	14	36	83	16	102	107	48	116	41	25	11	91	40	10	98	95	21	94	109	119	123	130	128	111	63	100	109	47	28	29	119	36	6	36	66	101	80	111	68	34	65	53	64	72	80	31	25	126	120	69	31	16	12	91	38	87	52	103	58	27	100	111	99	4	87	5	105	127	68	111	72	94	19	55	22	37	33	43	63	94	101	61	90	91	29	93	22	125	30	97	56	110	5	50	67	41	95	75	74	120	90	37	30	27	80	31	32	31
0	0	0	0	86	79	123	44	45	15	33	52	22	80	35	32	12	58	44	48	83	116	123	109	37	96	97	59	72	107	118	74	23	39	117	30	102	105	117	75	84	21	28	56	11	29	93	111	81	9	115	55	72	127	85	115	120	117	50	61	85	53	10	24	26	129	112	63	68	35	16	73	4	110	115	50	46	79	107	87	100	50	128	34	59	105	118	108	113	34	61	22	74	25	23	126	65	108	71	42	85	128	106	50	91	59	44	101	41	103	69	14	122	50	21	93	32	38	51	6	69	3	21	57	76	100	80	6
0	0	0	0	0	60	121	112	79	50	79	8	9	21	74	131	85	63	117	129	120	9	64	59	112	86	111	127	76	36	53	101	12	109	128	44	3	28	49	9	2	97	108	15	127	78	50	99	64	27	103	129	90	5	59	16	102	96	106	81	87	56	14	87	111	100	85	103	91	30	82	21	127	51	99	57	36	44	69	19	43	53	30	88	70	60	93	85	120	45	70	45	67	70	131	106	76	111	111	126	42	126	51	33	125	39	39	43	114	80	93	14	117	55	8	28	10	114	76	94	47	54	111	26	57	115	46	110
0	0	0	0	0	0	68	121	24	57	57	24	101	90	73	82	106	53	124	38	49	71	108	107	113	70	72	95	120	16	31	32	102	13	60	90	29	5	72	106	87	50	27	35	57	16	112	54	119	14	35	100	26	89	69	66	84	45	45	49	94	43	122	22	97	10	10	121	115	115	89	31	119	14	29	127	121	6	79	19	100	48	39	41	33	123	68	117	112	23	132	81	93	65	62	130	52	82	71	62	131	98	73	114	24	76	55	7	6	124	32	93	112	71	65	16	90	117	112	70	16	79	66	65	19	109	101	8
0	0	0	0	0	0	0	94	41	116	100	128	125	75	21	116	28	68	47	81	110	63	105	100	88	58	37	88	30	128	84	10	16	44	128	13	121	131	30	52	48	57	10	102	38	112	84	129	68	64	29	45	62	120	123	43	48	123	65	117	20	92	32	96	111	15	29	112	45	93	48	85	50	67	90	8	83	92	41	101	35	35	22	55	14	57	92	109	45	56	29	34	74	103	59	7	40	55	55	81	95	48	60	36	117	118	76	66	3	114	49	127	125	13	112	62	131	37	76	77	39	57	109	126	89	75	88	46
0	0	0	0	0	0	0	0	29	42	119	63	13	89	30	72	59	125	38	20	95	34	64	42	34	68	4	19	43	47	80	34	90	105	134	88	90	65	117	95	81	4	35	51	10	64	108	128	121	105	59	57	11	65	55	90	31	129	106	7	93	93	80	21	107	51	73	116	79	16	26	135	118	16	60	69	43	124	106	120	128	94	49	93	46	114	127	29	109	111	19	48	113	135	28	6	76	91	82	80	38	40	80	64	56	123	60	71	67	78	102	47	38	119	46	123	40	48	123	70	8	61	35	25	26	59	19	42
0	0	0	0	0	0	0	0	0	14	13	51	4	65	34	101	32	79	65	132	23	73	9	28	29	87	66	116	60	99	128	113	42	6	12	81	55	17	117	58	42	98	78	90	95	109	135	117	81	61	119	43	116	42	89	98	69	69	88	87	90	103	55	119	129	107	81	101	129	78	74	81	66	9	107	30	13	18	103	114	41	17	6	70	70	31	66	38	94	107	28	60	57	21	127	14	104	57	88	47	23	86	32	17	119	30	94	86	16	121	93	90	28	75	56	40	130	110	112	31	82	6	31	125	89	98	67	114
0	0	0	0	0	0	0	0	0	0	108	78	111	27	51	12	96	79	111	28	29	33	109	126	121	59	96	48	63	123	118	85	8	76	28	60	19	18	15	13	48	11	103	61	25	115	16	97	110	56	91	115	16	13	109	91	101	88	50	70	27	112	78	32	54	84	21	103	98	31	102	36	33	15	96	14	57	15	73	64	80	124	47	39	90	85	45	50	27	118	100	72	83	64	37	67	121	97	21	72	59	127	15	85	86	37	128	40	72	82	65	72	66	15	127	90	114	35	128	54	70	34	101	15	76	7	114	103
0	0	0	0	0	0	0	0	0	0	0	16	112	59	17	135	104	34	111	73	59	121	18	35	71	114	93	33	41	24	83	74	128	6	18	54	56	37	69	115	130	92	31	81	79	39	36	96	45	101	123	87	120	67	63	130	136	122	33	124	94	131	27	52	19	83	12	19	100	9	97	39	49	83	50	81	31	55	98	90	57	92	63	26	63	61	59	102	101	6	29	122	62	41	110	71	28	132	62	80	96	48	114	13	16	51	70	88	58	78	70	28	84	85	126	58	82	76	80	115	131	124	125	11	65	24	27	76
0	0	0	0	0	0	0	0	0	0	0	0	15	128	33	29	109	41	81	106	54	8	73	75	95	118	78	130	56	124	46	109	10	85	76	84	82	126	75	82	50	131	64	74	13	86	50	114	66	73	77	25	75	78	82	116	118	72	30	39	113	71	122	116	50	130	109	3	101	39	74	76	55	56	63	109	65	58	13	128	25	64	95	87	13	71	55	45	56	58	69	19	60	97	80	122	95	70	134	91	121	28	101	85	82	21	18	14	54	26	128	117	69	45	31	85	57	76	73	20	83	126	90	87	101	29	52	103
0	0	0	0	0	0	0	0	0	0	0	0	0	26	106	69	57	122	104	54	52	119	101	132	100	19	86	52	133	134	70	25	31	8	81	60	58	20	41	14	42	81	55	47	93	48	114	54	52	85	123	72	88	3	56	42	59	23	44	94	3	78	89	57	94	20	111	71	85	103	28	107	34	14	24	109	92	47	124	123	78	52	12	78	56	76	93	47	82	83	132	110	73	14	115	35	11	37	127	129	95	107	128	87	24	55	19	64	72	80	48	112	112	17	124	51	103	18	111	51	55	46	51	26	105	36	28	96
0	0	0	0	0	0	0	0	0	0	0	0	0	0	44	59	116	88	68	139	22	13	103	29	18	51	66	9	120	66	80	109	66	118	66	31	118	19	86	21	69	39	66	108	102	37	89	32	8	104	87	102	124	22	101	129	23	49	69	93	27	20	49	77	41	55	54	106	115	30	41	80	25	105	117	29	39	119	40	124	105	22	77	91	108	18	67	28	33	64	53	123	88	111	122	34	129	131	119	28	14	8	124	48	22	134	19	41	114	31	47	132	98	15	30	123	64	55	57	79	135	17	19	125	59	14	37	64
0	0	0	0	0	0	0	0	0	0	0	0	0	0	0	111	125	63	85	94	85	128	45	25	105	95	13	75	130	123	51	46	68	49	34	139	128	67	94	64	65	40	40	70	44	48	33	70	122	23	10	91	38	81	35	19	51	51	101	133	32	71	114	100	66	79	126	26	130	134	16	29	113	40	38	72	71	87	57	93	120	101	136	99	74	11	8	93	39	53	113	129	80	28	14	102	71	94	81	54	129	21	26	89	63	110	30	128	46	113	44	9	73	135	45	142	63	19	93	133	103	98	89	99	19	108	76	27
0	0	0	0	0	0	0	0	0	0	0	0	0	0	0	0	40	32	132	140	35	115	49	51	126	68	101	18	20	108	123	14	35	120	127	53	68	108	34	88	125	107	104	112	6	38	67	98	33	140	54	83	11	73	107	111	50	75	54	111	92	94	109	80	30	117	111	86	56	33	124	80	33	39	8	64	77	109	133	76	129	118	71	69	65	77	81	109	24	68	73	84	25	91	127	63	15	87	70	88	131	23	29	121	29	56	107	42	91	71	15	93	36	91	72	53	129	83	130	98	90	139	54	108	62	95	84	73
0	0	0	0	0	0	0	0	0	0	0	0	0	0	0	0	0	89	118	80	78	75	89	45	136	13	58	129	34	70	79	115	56	17	83	122	119	29	41	30	7	109	113	27	91	60	60	22	53	67	93	19	17	101	32	46	122	66	34	98	59	31	35	34	71	52	88	30	111	121	96	43	133	51	83	95	14	35	25	42	124	23	63	130	44	27	113	94	64	76	122	41	106	119	93	37	8	102	51	28	124	33	125	140	98	128	69	85	80	62	11	63	118	43	80	129	42	38	75	32	69	91	42	61	96	56	91	126
0	0	0	0	0	0	0	0	0	0	0	0	0	0	0	0	0	0	11	127	11	84	64	23	49	10	65	137	117	120	108	131	135	83	101	40	99	85	130	129	129	102	48	106	31	112	111	69	45	64	10	120	103	33	128	13	124	122	89	109	67	17	120	85	70	77	45	86	62	44	18	78	97	80	57	100	90	107	99	76	45	131	111	129	89	117	131	102	39	117	37	82	38	66	73	48	94	137	24	110	57	124	93	62	66	71	132	99	53	45	47	107	36	128	27	43	92	90	140	25	116	14	26	86	98	112	86	49
0	0	0	0	0	0	0	0	0	0	0	0	0	0	0	0	0	0	0	107	61	91	121	114	14	76	37	6	55	30	132	95	39	95	130	107	31	22	52	123	84	108	100	80	134	99	106	36	21	53	16	114	114	132	114	19	61	121	95	127	118	108	106	89	14	23	20	110	115	64	134	79	68	56	38	40	49	110	63	24	36	138	129	100	126	31	113	67	28	52	91	57	95	104	112	99	77	77	102	48	94	26	121	26	127	65	88	82	24	38	17	75	24	137	68	89	120	123	137	144	20	32	75	73	64	128	47	57
0	0	0	0	0	0	0	0	0	0	0	0	0	0	0	0	0	0	0	0	27	113	97	34	64	85	56	147	53	27	44	128	21	71	71	42	68	97	11	60	28	106	82	35	69	26	46	82	88	121	39	83	33	105	40	83	32	11	26	113	56	60	79	124	96	120	26	40	99	55	110	139	24	113	124	90	134	133	118	80	92	83	68	71	68	106	45	91	49	23	46	78	68	111	115	63	90	116	84	63	118	120	27	106	24	98	73	118	83	36	20	136	118	54	76	69	101	123	45	86	65	70	27	62	66	67	50	19
0	0	0	0	0	0	0	0	0	0	0	0	0	0	0	0	0	0	0	0	0	129	59	130	35	109	54	58	115	93	89	36	131	45	59	119	121	63	47	35	146	27	55	130	55	15	97	44	126	85	118	64	11	54	135	49	110	97	81	128	129	37	112	38	107	38	49	65	45	79	47	35	35	93	58	110	99	75	64	110	96	96	73	46	118	18	20	114	54	89	121	99	25	76	108	103	38	35	67	116	134	90	81	87	70	132	53	28	9	42	107	128	91	106	87	43	33	116	63	26	38	40	86	128	91	28	108	71
0	0	0	0	0	0	0	0	0	0	0	0	0	0	0	0	0	0	0	0	0	0	136	15	101	87	94	101	29	48	107	68	80	105	59	28	115	56	27	18	62	130	71	39	110	144	96	40	123	54	133	76	135	89	51	24	78	131	55	124	126	34	64	80	111	52	46	81	68	117	133	120	98	49	147	108	91	10	38	39	108	47	134	29	58	81	87	116	28	63	14	28	62	55	53	67	45	27	60	27	36	82	55	36	109	22	40	116	82	127	28	13	25	124	92	50	133	30	26	97	123	118	32	94	137	70	44	71
0	0	0	0	0	0	0	0	0	0	0	0	0	0	0	0	0	0	0	0	0	0	0	104	28	79	128	128	101	80	101	100	114	119	94	127	93	140	108	5	83	31	31	114	105	84	110	89	71	33	112	89	45	120	32	112	64	134	130	128	113	105	87	140	99	114	103	113	32	48	124	98	111	58	34	34	116	136	37	19	83	28	52	23	110	111	50	67	133	48	27	106	22	89	124	53	114	86	75	55	49	35	128	138	104	18	98	21	16	85	24	131	49	146	112	85	68	59	127	42	122	89	143	60	39	13	43	115
0	0	0	0	0	0	0	0	0	0	0	0	0	0	0	0	0	0	0	0	0	0	0	0	66	128	139	107	94	122	93	30	18	102	113	60	43	133	25	85	76	98	100	105	57	10	81	131	71	37	96	142	127	96	143	77	55	37	32	140	95	127	22	61	114	54	82	136	69	48	60	124	57	47	148	29	117	112	96	65	105	44	55	139	39	39	123	45	127	94	113	60	24	95	68	83	85	133	123	34	42	82	20	126	21	120	77	82	108	58	33	113	11	51	53	120	76	118	48	19	67	92	71	37	44	100	95	21
0	0	0	0	0	0	0	0	0	0	0	0	0	0	0	0	0	0	0	0	0	0	0	0	0	32	145	61	122	126	115	135	67	36	9	51	139	59	57	114	124	97	119	48	109	40	134	41	91	96	42	36	62	91	53	129	140	88	105	36	20	36	100	100	29	77	118	134	111	65	72	29	30	8	35	112	24	108	152	97	21	79	118	18	67	78	21	114	37	52	111	40	48	115	87	85	86	69	113	113	38	41	54	59	58	147	50	30	101	46	51	84	127	18	78	90	128	14	112	116	69	86	37	33	17	46	99	121
0	0	0	0	0	0	0	0	0	0	0	0	0	0	0	0	0	0	0	0	0	0	0	0	0	0	35	102	34	105	67	89	128	105	18	76	139	93	23	143	47	121	27	116	58	111	151	43	17	93	87	73	115	62	29	39	67	68	45	84	49	43	28	83	89	23	92	130	79	25	98	107	142	43	81	80	125	99	72	58	129	87	114	32	126	99	96	12	102	130	48	120	49	126	74	105	95	121	123	143	59	95	72	132	77	94	74	56	43	8	71	98	117	115	95	63	95	102	100	51	64	144	14	84	64	141	64	63
0	0	0	0	0	0	0	0	0	0	0	0	0	0	0	0	0	0	0	0	0	0	0	0	0	0	0	33	75	127	56	113	62	125	29	95	141	126	41	75	86	58	43	63	106	61	23	127	84	127	101	58	73	99	46	133	103	45	50	54	33	136	95	65	48	77	53	111	77	61	10	24	34	153	123	43	34	111	130	145	39	58	77	130	89	35	46	13	95	50	41	43	68	87	63	80	87	66	36	83	33	36	117	84	117	74	101	128	128	98	37	118	109	60	113	80	90	40	21	120	40	124	103	4	120	57	28	104
0	0	0	0	0	0	0	0	0	0	0	0	0	0	0	0	0	0	0	0	0	0	0	0	0	0	0	0	128	99	116	80	80	71	73	16	23	103	29	62	120	116	28	71	72	24	36	75	88	53	66	130	128	125	147	63	67	116	79	24	44	46	20	18	40	101	16	117	116	32	127	42	58	24	76	34	18	84	79	20	135	144	27	92	116	84	105	36	13	80	63	61	145	134	21	40	22	26	23	110	114	26	113	88	41	74	106	115	107	103	58	55	69	102	92	16	60	120	70	80	81	99	28	66	32	17	31	130
0	0	0	0	0	0	0	0	0	0	0	0	0	0	0	0	0	0	0	0	0	0	0	0	0	0	0	0	0	77	38	92	129	9	27	116	139	130	134	69	91	31	77	120	52	46	94	76	100	98	97	32	54	73	55	86	95	77	36	120	90	121	10	103	111	118	122	126	32	61	132	145	142	118	111	114	42	96	77	30	71	120	42	45	52	80	105	66	63	59	87	84	73	111	62	106	119	117	131	80	14	32	127	99	85	146	115	122	128	36	75	75	17	52	68	61	85	98	43	128	91	131	86	80	141	72	90	113
0	0	0	0	0	0	0	0	0	0	0	0	0	0	0	0	0	0	0	0	0	0	0	0	0	0	0	0	0	0	33	19	44	29	25	145	133	48	137	79	129	122	51	57	84	27	109	80	94	82	79	50	26	107	70	118	52	89	92	76	76	56	8	80	87	79	31	54	67	104	72	28	107	93	131	125	131	85	54	67	153	133	96	129	93	73	106	48	99	86	103	117	96	34	49	98	57	140	86	52	40	154	149	135	71	24	40	28	120	124	63	47	117	24	39	102	92	18	97	141	61	30	51	103	17	118	60	124
0	0	0	0	0	0	0	0	0	0	0	0	0	0	0	0	0	0	0	0	0	0	0	0	0	0	0	0	0	0	0	41	95	119	5	70	125	49	117	37	119	31	21	135	90	26	60	104	14	36	86	111	53	9	130	133	109	110	156	115	60	55	101	114	136	73	110	136	95	127	147	48	146	46	78	69	37	95	76	3	95	85	71	137	74	53	118	133	126	127	23	97	23	140	18	121	124	96	89	39	58	112	87	120	33	31	83	36	120	107	28	119	62	58	144	52	82	53	41	118	20	81	61	69	120	27	132	123
0	0	0	0	0	0	0	0	0	0	0	0	0	0	0	0	0	0	0	0	0	0	0	0	0	0	0	0	0	0	0	0	10	127	86	144	149	56	101	109	69	134	36	13	44	43	147	131	34	86	136	122	53	50	82	49	92	118	46	40	53	134	46	100	108	33	116	57	41	94	29	134	123	46	69	55	16	32	54	84	39	105	37	31	101	67	141	139	123	95	48	114	14	114	116	138	81	41	26	63	128	11	112	82	77	133	75	71	65	54	52	95	46	83	118	118	21	66	23	56	47	39	52	48	85	95	49	106
0	0	0	0	0	0	0	0	0	0	0	0	0	0	0	0	0	0	0	0	0	0	0	0	0	0	0	0	0	0	0	0	0	75	44	121	141	48	127	48	133	64	6	73	132	121	129	128	47	44	88	68	81	42	53	27	131	73	46	108	21	29	57	73	112	121	60	139	29	90	133	72	142	107	56	52	101	39	144	49	40	78	87	94	124	133	101	31	116	98	34	119	121	85	130	52	28	45	59	76	115	114	34	23	125	48	146	117	71	103	47	95	130	68	69	52	126	145	103	21	58	31	99	53	97	104	105	56
0	0	0	0	0	0	0	0	0	0	0	0	0	0	0	0	0	0	0	0	0	0	0	0	0	0	0	0	0	0	0	0	0	0	63	32	135	89	58	77	64	26	35	70	79	29	102	69	24	44	54	34	129	114	15	108	97	95	31	97	58	83	90	147	115	134	81	104	107	32	114	61	86	53	87	153	129	108	101	15	48	34	56	69	151	96	90	47	54	118	150	86	85	93	151	134	54	63	81	79	109	89	34	4	108	52	63	147	42	63	129	37	68	33	24	65	30	106	45	30	23	66	127	140	99	71	21	77
0	0	0	0	0	0	0	0	0	0	0	0	0	0	0	0	0	0	0	0	0	0	0	0	0	0	0	0	0	0	0	0	0	0	0	47	39	65	65	133	43	118	96	122	85	26	155	119	124	122	59	109	103	19	62	30	123	136	35	50	133	149	139	84	99	137	119	108	44	124	116	142	43	138	39	112	15	101	138	98	93	113	119	105	126	89	87	9	114	103	35	15	67	112	121	124	113	29	64	104	106	92	27	101	14	113	88	36	118	139	53	11	58	111	105	27	138	89	49	65	87	92	38	118	31	61	28	28
0	0	0	0	0	0	0	0	0	0	0	0	0	0	0	0	0	0	0	0	0	0	0	0	0	0	0	0	0	0	0	0	0	0	0	0	49	88	76	10	25	35	39	62	33	70	111	95	132	42	109	75	9	6	61	148	88	154	127	35	130	30	21	18	60	65	104	127	17	51	40	53	58	148	86	57	58	25	96	76	152	75	28	50	15	126	75	44	130	56	66	107	26	69	47	133	39	84	76	94	33	148	118	58	70	124	33	128	61	77	140	60	92	82	139	99	100	45	101	37	136	95	45	33	102	89	61	103
0	0	0	0	0	0	0	0	0	0	0	0	0	0	0	0	0	0	0	0	0	0	0	0	0	0	0	0	0	0	0	0	0	0	0	0	0	123	73	26	153	21	21	77	145	48	135	88	41	106	39	116	125	52	117	116	14	66	75	56	23	53	95	40	144	53	49	87	94	138	7	110	17	105	70	21	104	50	92	78	32	107	115	40	53	78	110	50	73	8	134	39	57	29	104	37	127	31	40	20	103	126	66	113	113	134	35	105	112	153	76	127	79	57	135	84	38	46	92	145	53	42	33	146	37	63	70	110
0	0	0	0	0	0	0	0	0	0	0	0	0	0	0	0	0	0	0	0	0	0	0	0	0	0	0	0	0	0	0	0	0	0	0	0	0	0	53	28	140	56	99	51	91	79	138	89	70	144	72	111	49	74	69	66	40	124	64	15	47	95	88	84	91	85	37	43	35	128	154	91	163	134	122	68	15	133	109	115	110	148	135	101	89	111	67	86	113	40	41	52	139	123	61	108	49	51	120	71	35	65	39	70	80	111	96	50	139	115	52	47	40	76	40	142	116	101	58	116	79	113	143	131	8	143	48	3
0	0	0	0	0	0	0	0	0	0	0	0	0	0	0	0	0	0	0	0	0	0	0	0	0	0	0	0	0	0	0	0	0	0	0	0	0	0	0	116	39	98	119	53	146	66	76	93	151	105	130	39	47	129	118	43	154	49	97	56	106	39	122	36	44	41	58	104	84	33	40	117	111	103	49	52	60	115	116	52	73	46	99	17	17	85	67	58	36	49	128	54	119	11	46	136	35	32	120	39	108	113	33	113	41	117	134	61	93	101	89	28	56	26	145	62	100	107	60	49	87	123	43	8	48	67	73	158
0	0	0	0	0	0	0	0	0	0	0	0	0	0	0	0	0	0	0	0	0	0	0	0	0	0	0	0	0	0	0	0	0	0	0	0	0	0	0	0	109	60	32	52	147	88	38	84	65	33	71	120	110	128	101	21	126	119	23	136	66	88	129	29	57	158	148	49	42	122	150	161	80	140	47	65	145	58	135	125	44	130	112	70	153	158	91	80	132	34	138	64	102	58	157	88	93	58	26	90	34	51	110	160	115	53	88	75	22	153	107	73	51	78	130	25	112	105	82	96	36	140	48	147	117	29	93	133
0	0	0	0	0	0	0	0	0	0	0	0	0	0	0	0	0	0	0	0	0	0	0	0	0	0	0	0	0	0	0	0	0	0	0	0	0	0	0	0	0	154	84	135	49	33	46	118	38	41	74	154	71	46	34	10	42	73	65	21	87	51	130	8	54	77	90	140	115	32	27	82	65	46	76	58	92	85	36	41	140	134	35	84	25	29	63	125	77	122	126	141	107	72	144	82	69	118	67	89	86	10	89	50	39	76	26	84	85	25	12	77	39	140	133	127	20	38	94	111	89	144	31	67	29	54	110	60
0	0	0	0	0	0	0	0	0	0	0	0	0	0	0	0	0	0	0	0	0	0	0	0	0	0	0	0	0	0	0	0	0	0	0	0	0	0	0	0	0	0	56	54	147	146	133	99	53	55	115	85	119	93	73	44	54	30	97	84	102	60	118	117	21	56	66	138	102	132	119	91	83	68	59	45	130	114	63	25	108	142	135	109	58	85	29	76	95	126	79	148	86	53	69	154	120	55	85	128	130	112	93	61	87	88	111	137	127	76	114	93	43	64	115	111	58	135	127	53	28	81	38	50	58	73	36	142
0	0	0	0	0	0	0	0	0	0	0	0	0	0	0	0	0	0	0	0	0	0	0	0	0	0	0	0	0	0	0	0	0	0	0	0	0	0	0	0	0	0	0	77	32	57	134	100	76	12	120	120	100	147	100	124	59	68	73	56	125	100	7	155	81	85	128	128	141	36	68	115	128	114	117	115	141	26	40	62	64	7	51	56	71	72	68	69	79	113	119	130	61	63	89	121	57	95	141	84	96	76	23	16	108	156	49	134	33	117	57	132	89	125	87	115	54	111	72	70	81	27	94	122	23	145	58	31
0	0	0	0	0	0	0	0	0	0	0	0	0	0	0	0	0	0	0	0	0	0	0	0	0	0	0	0	0	0	0	0	0	0	0	0	0	0	0	0	0	0	0	0	78	93	53	11	151	78	92	111	52	56	78	28	129	106	125	119	102	42	48	50	37	106	59	100	93	114	119	142	112	52	128	47	7	86	46	43	159	57	112	147	92	48	53	63	86	111	71	99	43	69	28	39	89	153	47	54	127	88	94	106	134	123	120	100	82	86	92	121	51	88	115	124	78	5	55	26	72	68	161	135	27	31	49	108
0	0	0	0	0	0	0	0	0	0	0	0	0	0	0	0	0	0	0	0	0	0	0	0	0	0	0	0	0	0	0	0	0	0	0	0	0	0	0	0	0	0	0	0	0	36	112	62	60	115	98	43	142	139	132	52	16	49	146	33	122	115	117	41	125	48	66	34	117	60	77	142	136	145	111	56	77	156	94	90	83	81	130	87	99	119	96	130	75	87	136	74	105	124	73	51	60	98	139	140	71	43	127	145	50	55	112	117	57	12	47	108	67	100	45	45	114	130	75	79	42	77	79	44	110	46	52	140
0	0	0	0	0	0	0	0	0	0	0	0	0	0	0	0	0	0	0	0	0	0	0	0	0	0	0	0	0	0	0	0	0	0	0	0	0	0	0	0	0	0	0	0	0	0	128	86	52	127	144	131	146	138	115	153	44	57	113	102	50	122	110	31	136	23	65	102	67	73	64	16	149	118	87	127	73	151	120	59	77	130	128	77	47	131	125	47	130	111	148	40	150	160	140	108	133	104	76	105	38	105	130	118	119	44	67	62	149	42	81	53	91	109	31	147	71	68	113	92	86	9	124	131	77	110	83	145
0	0	0	0	0	0	0	0	0	0	0	0	0	0	0	0	0	0	0	0	0	0	0	0	0	0	0	0	0	0	0	0	0	0	0	0	0	0	0	0	0	0	0	0	0	0	0	59	68	153	145	84	70	78	90	105	80	58	84	58	60	68	136	141	17	47	118	150	102	56	41	35	20	41	113	130	86	131	58	125	132	72	69	86	144	76	53	89	96	124	136	67	127	41	93	166	98	109	100	41	108	94	154	28	103	121	43	41	61	42	22	134	148	21	131	109	79	43	92	133	65	36	65	131	125	125	135	105
0	0	0	0	0	0	0	0	0	0	0	0	0	0	0	0	0	0	0	0	0	0	0	0	0	0	0	0	0	0	0	0	0	0	0	0	0	0	0	0	0	0	0	0	0	0	0	0	43	70	123	129	122	93	104	151	68	47	63	123	86	47	149	145	126	41	67	107	129	108	50	60	158	23	92	36	28	158	125	152	132	108	20	133	142	167	94	122	165	103	118	66	51	70	103	106	74	40	64	96	107	150	99	100	146	105	144	68	53	92	90	165	141	135	54	82	147	31	126	90	153	151	34	156	141	99	21	58
0	0	0	0	0	0	0	0	0	0	0	0	0	0	0	0	0	0	0	0	0	0	0	0	0	0	0	0	0	0	0	0	0	0	0	0	0	0	0	0	0	0	0	0	0	0	0	0	0	140	48	87	127	82	66	106	68	96	135	97	127	78	84	99	112	79	131	107	27	68	134	38	77	59	78	132	124	42	96	128	129	67	109	159	146	86	102	102	49	81	99	27	81	44	122	84	64	93	103	140	78	128	131	82	73	76	112	78	112	12	107	157	78	68	73	50	85	121	60	140	125	69	118	130	103	127	30	150
0	0	0	0	0	0	0	0	0	0	0	0	0	0	0	0	0	0	0	0	0	0	0	0	0	0	0	0	0	0	0	0	0	0	0	0	0	0	0	0	0	0	0	0	0	0	0	0	0	0	112	121	110	20	49	123	124	148	92	145	144	101	55	68	96	30	74	144	103	46	143	88	90	72	68	54	67	158	143	127	14	25	83	127	48	154	23	151	121	64	129	34	113	111	62	139	63	143	80	56	58	138	54	122	122	79	83	130	124	80	39	111	15	72	81	96	71	120	94	101	124	118	119	129	25	53	125	61
0	0	0	0	0	0	0	0	0	0	0	0	0	0	0	0	0	0	0	0	0	0	0	0	0	0	0	0	0	0	0	0	0	0	0	0	0	0	0	0	0	0	0	0	0	0	0	0	0	0	0	108	159	118	77	134	50	96	66	64	129	20	133	141	151	106	125	66	163	98	80	71	31	90	147	133	51	41	122	92	88	66	36	124	43	133	36	137	119	132	103	75	74	77	139	114	147	130	43	73	80	64	120	108	32	85	119	81	131	45	75	99	48	31	35	34	78	88	107	139	106	9	145	118	106	77	98	105
0	0	0	0	0	0	0	0	0	0	0	0	0	0	0	0	0	0	0	0	0	0	0	0	0	0	0	0	0	0	0	0	0	0	0	0	0	0	0	0	0	0	0	0	0	0	0	0	0	0	0	0	120	111	133	70	34	23	60	59	64	158	59	4	110	123	132	116	54	23	78	41	130	67	151	61	148	44	48	31	118	113	79	102	168	35	144	45	62	108	120	127	141	91	118	134	109	108	23	70	82	68	27	73	80	52	40	35	126	71	37	49	35	29	74	102	143	98	164	63	127	84	95	121	144	96	85	59
0	0	0	0	0	0	0	0	0	0	0	0	0	0	0	0	0	0	0	0	0	0	0	0	0	0	0	0	0	0	0	0	0	0	0	0	0	0	0	0	0	0	0	0	0	0	0	0	0	0	0	0	0	113	142	164	73	64	18	74	67	106	108	77	40	132	14	145	54	55	60	109	99	124	6	82	108	96	144	98	79	160	109	51	117	142	80	160	100	126	114	23	146	73	41	74	108	166	172	79	52	75	49	59	23	85	59	32	54	29	86	131	50	39	46	152	73	52	45	112	80	147	171	93	93	58	93	155
0	0	0	0	0	0	0	0	0	0	0	0	0	0	0	0	0	0	0	0	0	0	0	0	0	0	0	0	0	0	0	0	0	0	0	0	0	0	0	0	0	0	0	0	0	0	0	0	0	0	0	0	0	0	41	89	134	119	79	103	49	49	54	65	109	130	107	37	55	155	137	71	49	61	155	167	14	112	31	94	137	31	57	149	143	66	89	147	150	161	113	72	129	135	32	57	130	55	116	35	46	85	82	106	109	115	105	100	95	107	33	135	146	100	128	132	51	54	90	21	80	77	111	30	75	140	107	123
0	0	0	0	0	0	0	0	0	0	0	0	0	0	0	0	0	0	0	0	0	0	0	0	0	0	0	0	0	0	0	0	0	0	0	0	0	0	0	0	0	0	0	0	0	0	0	0	0	0	0	0	0	0	0	69	95	140	32	90	85	61	22	108	27	94	106	89	56	104	53	41	111	128	76	172	36	73	47	61	115	133	122	87	42	138	28	84	60	59	111	59	15	133	51	64	45	85	13	83	75	70	85	140	84	53	37	82	112	145	114	118	156	122	164	156	93	46	61	139	59	105	96	151	153	42	75	133
0	0	0	0	0	0	0	0	0	0	0	0	0	0	0	0	0	0	0	0	0	0	0	0	0	0	0	0	0	0	0	0	0	0	0	0	0	0	0	0	0	0	0	0	0	0	0	0	0	0	0	0	0	0	0	0	95	125	60	155	170	101	53	132	76	101	153	72	159	39	31	158	161	59	76	151	80	94	51	35	29	15	137	10	119	105	107	49	110	53	25	75	90	168	80	38	135	95	113	86	63	173	120	31	57	44	110	126	59	166	43	81	125	92	43	147	114	170	44	88	18	106	64	46	84	145	87	76
0	0	0	0	0	0	0	0	0	0	0	0	0	0	0	0	0	0	0	0	0	0	0	0	0	0	0	0	0	0	0	0	0	0	0	0	0	0	0	0	0	0	0	0	0	0	0	0	0	0	0	0	0	0	0	0	0	49	108	31	69	73	20	36	149	156	94	76	107	107	130	31	73	96	93	134	123	60	80	94	53	127	65	89	156	114	107	83	90	119	32	135	87	70	117	118	132	124	127	99	148	134	60	43	43	70	126	41	85	156	106	162	84	94	63	52	86	69	53	50	168	67	98	109	143	120	78	95
0	0	0	0	0	0	0	0	0	0	0	0	0	0	0	0	0	0	0	0	0	0	0	0	0	0	0	0	0	0	0	0	0	0	0	0	0	0	0	0	0	0	0	0	0	0	0	0	0	0	0	0	0	0	0	0	0	0	57	78	116	16	42	107	110	173	67	135	54	128	132	123	134	55	79	179	167	67	10	139	131	131	31	57	59	78	89	110	68	103	74	72	130	138	124	114	49	22	61	89	91	78	90	33	100	75	94	155	57	91	75	97	82	23	79	83	72	67	70	72	17	37	32	80	149	68	47	156
0	0	0	0	0	0	0	0	0	0	0	0	0	0	0	0	0	0	0	0	0	0	0	0	0	0	0	0	0	0	0	0	0	0	0	0	0	0	0	0	0	0	0	0	0	0	0	0	0	0	0	0	0	0	0	0	0	0	0	128	75	114	65	137	17	155	142	86	166	143	73	95	75	53	73	91	104	48	30	56	42	71	43	114	72	39	78	46	115	56	116	135	104	152	33	11	129	44	69	66	62	83	107	79	23	66	149	90	42	112	69	121	92	20	89	130	156	46	57	80	40	138	107	71	65	110	160	119
0	0	0	0	0	0	0	0	0	0	0	0	0	0	0	0	0	0	0	0	0	0	0	0	0	0	0	0	0	0	0	0	0	0	0	0	0	0	0	0	0	0	0	0	0	0	0	0	0	0	0	0	0	0	0	0	0	0	0	0	123	116	124	137	72	153	77	107	131	171	84	65	156	124	57	90	51	140	35	145	82	69	124	111	89	106	65	99	55	55	94	69	35	48	41	41	34	130	103	110	166	138	138	75	89	54	163	115	76	124	179	106	74	146	142	83	163	47	116	163	53	64	152	107	172	59	125	83
0	0	0	0	0	0	0	0	0	0	0	0	0	0	0	0	0	0	0	0	0	0	0	0	0	0	0	0	0	0	0	0	0	0	0	0	0	0	0	0	0	0	0	0	0	0	0	0	0	0	0	0	0	0	0	0	0	0	0	0	0	90	109	37	110	24	102	178	95	92	127	57	162	75	29	89	151	76	80	139	178	29	46	122	78	54	65	62	87	107	85	55	96	85	70	62	34	51	18	114	74	63	110	41	35	113	105	98	89	90	36	117	16	86	108	170	46	113	91	57	94	134	131	83	146	55	135	115
0	0	0	0	0	0	0	0	0	0	0	0	0	0	0	0	0	0	0	0	0	0	0	0	0	0	0	0	0	0	0	0	0	0	0	0	0	0	0	0	0	0	0	0	0	0	0	0	0	0	0	0	0	0	0	0	0	0	0	0	0	0	118	51	43	134	64	107	119	17	22	169	72	159	150	128	162	34	109	66	83	130	126	101	35	36	101	61	164	140	156	87	71	159	135	180	73	90	98	111	54	96	154	55	135	49	63	166	179	59	74	137	70	142	68	101	125	72	98	157	117	83	139	169	79	139	98	112
0	0	0	0	0	0	0	0	0	0	0	0	0	0	0	0	0	0	0	0	0	0	0	0	0	0	0	0	0	0	0	0	0	0	0	0	0	0	0	0	0	0	0	0	0	0	0	0	0	0	0	0	0	0	0	0	0	0	0	0	0	0	0	137	180	45	14	102	43	90	45	106	85	98	22	130	134	98	83	141	55	72	11	40	139	115	87	38	168	70	27	83	75	61	61	36	59	13	65	65	61	121	72	101	160	61	71	110	80	79	111	142	125	127	101	140	44	47	57	74	91	12	121	161	129	147	85	66
0	0	0	0	0	0	0	0	0	0	0	0	0	0	0	0	0	0	0	0	0	0	0	0	0	0	0	0	0	0	0	0	0	0	0	0	0	0	0	0	0	0	0	0	0	0	0	0	0	0	0	0	0	0	0	0	0	0	0	0	0	0	0	0	20	121	89	39	88	69	101	72	58	92	92	92	131	120	70	56	72	92	103	94	49	59	93	126	137	104	138	54	60	152	161	114	159	65	96	59	87	96	156	61	162	152	29	96	25	80	107	72	91	76	87	49	75	122	130	87	69	178	71	89	85	133	136	95
0	0	0	0	0	0	0	0	0	0	0	0	0	0	0	0	0	0	0	0	0	0	0	0	0	0	0	0	0	0	0	0	0	0	0	0	0	0	0	0	0	0	0	0	0	0	0	0	0	0	0	0	0	0	0	0	0	0	0	0	0	0	0	0	0	44	136	70	170	30	156	122	82	62	52	48	147	152	41	101	104	145	70	47	62	131	153	88	47	142	49	127	79	57	70	63	141	164	184	94	127	82	42	168	54	135	61	129	124	27	84	133	44	113	114	113	59	163	103	105	67	161	61	129	179	112	124	83
0	0	0	0	0	0	0	0	0	0	0	0	0	0	0	0	0	0	0	0	0	0	0	0	0	0	0	0	0	0	0	0	0	0	0	0	0	0	0	0	0	0	0	0	0	0	0	0	0	0	0	0	0	0	0	0	0	0	0	0	0	0	0	0	0	0	156	103	115	61	56	100	105	84	137	127	156	80	57	66	80	64	98	61	94	169	131	19	109	86	132	105	84	60	168	70	109	39	72	113	108	158	21	51	66	32	163	141	39	162	82	112	167	130	69	139	51	57	60	140	82	50	124	79	124	144	91	126
0	0	0	0	0	0	0	0	0	0	0	0	0	0	0	0	0	0	0	0	0	0	0	0	0	0	0	0	0	0	0	0	0	0	0	0	0	0	0	0	0	0	0	0	0	0	0	0	0	0	0	0	0	0	0	0	0	0	0	0	0	0	0	0	0	0	0	61	132	78	101	152	125	113	65	117	28	129	80	188	94	124	141	80	138	56	35	135	83	176	153	78	179	43	49	66	69	103	143	89	147	72	76	150	87	101	108	80	161	114	70	68	106	89	153	116	131	130	72	113	138	171	98	35	144	83	118	89
0	0	0	0	0	0	0	0	0	0	0	0	0	0	0	0	0	0	0	0	0	0	0	0	0	0	0	0	0	0	0	0	0	0	0	0	0	0	0	0	0	0	0	0	0	0	0	0	0	0	0	0	0	0	0	0	0	0	0	0	0	0	0	0	0	0	0	0	73	105	64	115	26	23	169	143	96	152	69	107	150	43	76	101	172	116	168	54	117	148	139	164	124	85	98	117	24	132	81	104	111	26	90	95	121	86	126	137	161	52	112	10	80	127	90	71	124	108	76	50	145	84	115	145	31	185	104	147
0	0	0	0	0	0	0	0	0	0	0	0	0	0	0	0	0	0	0	0	0	0	0	0	0	0	0	0	0	0	0	0	0	0	0	0	0	0	0	0	0	0	0	0	0	0	0	0	0	0	0	0	0	0	0	0	0	0	0	0	0	0	0	0	0	0	0	0	0	15	125	48	119	37	148	113	7	90	164	117	158	134	124	168	130	98	154	45	169	75	78	91	170	117	91	44	19	119	172	156	50	86	81	81	131	108	106	102	23	151	44	181	144	106	173	155	47	13	82	179	112	147	162	141	37	69	109	117
0	0	0	0	0	0	0	0	0	0	0	0	0	0	0	0	0	0	0	0	0	0	0	0	0	0	0	0	0	0	0	0	0	0	0	0	0	0	0	0	0	0	0	0	0	0	0	0	0	0	0	0	0	0	0	0	0	0	0	0	0	0	0	0	0	0	0	0	0	0	37	46	125	35	47	16	29	23	153	134	127	120	82	109	19	79	103	114	66	111	117	133	68	60	119	167	145	61	106	124	66	92	125	22	68	82	57	153	49	116	97	75	101	107	82	93	41	145	122	126	113	108	50	38	122	70	70	80
0	0	0	0	0	0	0	0	0	0	0	0	0	0	0	0	0	0	0	0	0	0	0	0	0	0	0	0	0	0	0	0	0	0	0	0	0	0	0	0	0	0	0	0	0	0	0	0	0	0	0	0	0	0	0	0	0	0	0	0	0	0	0	0	0	0	0	0	0	0	0	115	143	90	54	190	88	150	89	62	97	109	91	54	175	105	153	148	82	103	68	86	26	128	139	103	84	53	113	41	50	143	84	91	148	88	11	159	32	182	99	117	139	106	149	45	62	149	159	116	172	132	134	62	55	76	76	97
0	0	0	0	0	0	0	0	0	0	0	0	0	0	0	0	0	0	0	0	0	0	0	0	0	0	0	0	0	0	0	0	0	0	0	0	0	0	0	0	0	0	0	0	0	0	0	0	0	0	0	0	0	0	0	0	0	0	0	0	0	0	0	0	0	0	0	0	0	0	0	0	116	118	184	144	90	139	63	134	37	150	45	67	161	74	112	52	180	110	160	92	140	133	138	84	101	56	180	134	27	136	54	40	45	74	106	75	175	14	112	125	160	82	37	152	122	194	128	159	134	24	69	143	168	115	110	106
0	0	0	0	0	0	0	0	0	0	0	0	0	0	0	0	0	0	0	0	0	0	0	0	0	0	0	0	0	0	0	0	0	0	0	0	0	0	0	0	0	0	0	0	0	0	0	0	0	0	0	0	0	0	0	0	0	0	0	0	0	0	0	0	0	0	0	0	0	0	0	0	0	48	51	75	104	108	160	149	152	137	88	55	190	50	162	22	184	92	90	107	115	88	74	146	121	24	165	20	70	73	85	83	84	161	57	67	117	52	68	62	125	106	92	195	37	84	54	85	153	103	93	51	100	111	131	34
0	0	0	0	0	0	0	0	0	0	0	0	0	0	0	0	0	0	0	0	0	0	0	0	0	0	0	0	0	0	0	0	0	0	0	0	0	0	0	0	0	0	0	0	0	0	0	0	0	0	0	0	0	0	0	0	0	0	0	0	0	0	0	0	0	0	0	0	0	0	0	0	0	0	107	66	75	115	115	18	85	85	168	150	112	107	100	142	176	116	80	80	63	40	57	58	64	20	35	111	68	50	139	70	19	189	96	112	84	135	166	157	155	65	98	183	42	131	68	118	111	43	127	24	121	160	151	89
0	0	0	0	0	0	0	0	0	0	0	0	0	0	0	0	0	0	0	0	0	0	0	0	0	0	0	0	0	0	0	0	0	0	0	0	0	0	0	0	0	0	0	0	0	0	0	0	0	0	0	0	0	0	0	0	0	0	0	0	0	0	0	0	0	0	0	0	0	0	0	0	0	0	0	164	75	49	47	174	27	162	80	107	117	111	124	175	59	48	31	173	138	202	183	114	42	141	150	77	171	122	186	133	88	44	139	66	51	157	40	107	63	62	83	105	54	123	126	137	68	58	128	51	53	160	83	130
0	0	0	0	0	0	0	0	0	0	0	0	0	0	0	0	0	0	0	0	0	0	0	0	0	0	0	0	0	0	0	0	0	0	0	0	0	0	0	0	0	0	0	0	0	0	0	0	0	0	0	0	0	0	0	0	0	0	0	0	0	0	0	0	0	0	0	0	0	0	0	0	0	0	0	0	45	15	151	33	127	76	114	69	109	83	86	93	56	101	45	64	135	93	148	89	109	60	114	103	155	159	35	80	106	152	83	106	72	75	72	182	176	118	185	156	71	95	103	25	104	92	138	64	69	84	136	37
0	0	0	0	0	0	0	0	0	0	0	0	0	0	0	0	0	0	0	0	0	0	0	0	0	0	0	0	0	0	0	0	0	0	0	0	0	0	0	0	0	0	0	0	0	0	0	0	0	0	0	0	0	0	0	0	0	0	0	0	0	0	0	0	0	0	0	0	0	0	0	0	0	0	0	0	0	127	157	59	131	127	83	30	57	98	112	67	42	49	91	19	26	134	149	48	60	116	52	190	99	106	82	89	82	122	143	123	72	81	143	61	47	50	116	161	136	84	97	106	126	140	91	94	70	187	101	124
0	0	0	0	0	0	0	0	0	0	0	0	0	0	0	0	0	0	0	0	0	0	0	0	0	0	0	0	0	0	0	0	0	0	0	0	0	0	0	0	0	0	0	0	0	0	0	0	0	0	0	0	0	0	0	0	0	0	0	0	0	0	0	0	0	0	0	0	0	0	0	0	0	0	0	0	0	0	90	89	88	188	13	71	25	73	151	140	77	124	132	147	120	68	56	82	127	86	88	94	105	131	132	103	33	118	121	157	14	109	50	133	190	79	25	88	57	99	123	60	105	141	121	170	92	48	161	84
0	0	0	0	0	0	0	0	0	0	0	0	0	0	0	0	0	0	0	0	0	0	0	0	0	0	0	0	0	0	0	0	0	0	0	0	0	0	0	0	0	0	0	0	0	0	0	0	0	0	0	0	0	0	0	0	0	0	0	0	0	0	0	0	0	0	0	0	0	0	0	0	0	0	0	0	0	0	0	151	87	105	147	142	94	14	137	116	102	73	174	92	104	122	82	142	143	72	69	55	54	140	93	136	123	135	85	138	8	149	108	87	80	161	121	83	156	51	137	65	57	150	66	125	176	60	27	28
0	0	0	0	0	0	0	0	0	0	0	0	0	0	0	0	0	0	0	0	0	0	0	0	0	0	0	0	0	0	0	0	0	0	0	0	0	0	0	0	0	0	0	0	0	0	0	0	0	0	0	0	0	0	0	0	0	0	0	0	0	0	0	0	0	0	0	0	0	0	0	0	0	0	0	0	0	0	0	0	119	17	147	196	152	103	134	101	99	16	145	70	108	62	68	90	87	74	103	51	53	75	150	85	152	72	176	76	129	165	84	129	31	127	85	61	145	63	77	31	111	29	105	131	145	157	47	53
0	0	0	0	0	0	0	0	0	0	0	0	0	0	0	0	0	0	0	0	0	0	0	0	0	0	0	0	0	0	0	0	0	0	0	0	0	0	0	0	0	0	0	0	0	0	0	0	0	0	0	0	0	0	0	0	0	0	0	0	0	0	0	0	0	0	0	0	0	0	0	0	0	0	0	0	0	0	0	0	0	140	138	78	64	130	97	70	111	196	103	109	100	63	126	102	31	130	145	94	138	183	112	120	109	132	47	144	136	45	97	107	174	124	150	135	105	18	154	116	85	121	110	110	180	90	94	155
0	0	0	0	0	0	0	0	0	0	0	0	0	0	0	0	0	0	0	0	0	0	0	0	0	0	0	0	0	0	0	0	0	0	0	0	0	0	0	0	0	0	0	0	0	0	0	0	0	0	0	0	0	0	0	0	0	0	0	0	0	0	0	0	0	0	0	0	0	0	0	0	0	0	0	0	0	0	0	0	0	0	85	86	56	84	126	117	61	156	126	18	105	174	201	118	35	55	53	60	200	78	29	134	139	177	128	133	129	113	106	154	196	90	81	81	179	132	131	169	151	121	62	74	110	127	133	179
0	0	0	0	0	0	0	0	0	0	0	0	0	0	0	0	0	0	0	0	0	0	0	0	0	0	0	0	0	0	0	0	0	0	0	0	0	0	0	0	0	0	0	0	0	0	0	0	0	0	0	0	0	0	0	0	0	0	0	0	0	0	0	0	0	0	0	0	0	0	0	0	0	0	0	0	0	0	0	0	0	0	0	22	181	140	114	33	54	157	132	132	164	101	81	186	124	104	77	70	163	143	60	159	116	61	80	127	169	67	135	129	149	110	133	155	158	140	122	67	66	135	91	90	89	151	66	104
0	0	0	0	0	0	0	0	0	0	0	0	0	0	0	0	0	0	0	0	0	0	0	0	0	0	0	0	0	0	0	0	0	0	0	0	0	0	0	0	0	0	0	0	0	0	0	0	0	0	0	0	0	0	0	0	0	0	0	0	0	0	0	0	0	0	0	0	0	0	0	0	0	0	0	0	0	0	0	0	0	0	0	0	84	116	77	50	133	57	148	137	201	55	90	65	101	134	146	99	116	97	126	181	39	118	176	120	133	174	75	184	60	86	168	141	96	69	148	92	73	112	83	72	118	140	81	101
0	0	0	0	0	0	0	0	0	0	0	0	0	0	0	0	0	0	0	0	0	0	0	0	0	0	0	0	0	0	0	0	0	0	0	0	0	0	0	0	0	0	0	0	0	0	0	0	0	0	0	0	0	0	0	0	0	0	0	0	0	0	0	0	0	0	0	0	0	0	0	0	0	0	0	0	0	0	0	0	0	0	0	0	0	194	114	98	73	92	18	162	96	164	48	93	149	190	51	178	91	120	119	160	138	101	60	94	90	199	149	37	111	101	97	156	17	129	127	167	98	128	72	70	78	152	186	80
0	0	0	0	0	0	0	0	0	0	0	0	0	0	0	0	0	0	0	0	0	0	0	0	0	0	0	0	0	0	0	0	0	0	0	0	0	0	0	0	0	0	0	0	0	0	0	0	0	0	0	0	0	0	0	0	0	0	0	0	0	0	0	0	0	0	0	0	0	0	0	0	0	0	0	0	0	0	0	0	0	0	0	0	0	0	184	27	46	76	131	96	53	118	169	57	98	100	151	145	121	33	29	97	132	124	130	151	86	87	161	97	107	136	76	148	163	74	161	79	127	92	136	162	150	67	116	131
0	0	0	0	0	0	0	0	0	0	0	0	0	0	0	0	0	0	0	0	0	0	0	0	0	0	0	0	0	0	0	0	0	0	0	0	0	0	0	0	0	0	0	0	0	0	0	0	0	0	0	0	0	0	0	0	0	0	0	0	0	0	0	0	0	0	0	0	0	0	0	0	0	0	0	0	0	0	0	0	0	0	0	0	0	0	0	105	62	152	67	133	176	21	158	108	129	144	133	167	148	78	125	127	96	73	83	26	170	110	71	96	147	50	170	93	75	109	41	22	86	92	76	157	77	103	12	122
0	0	0	0	0	0	0	0	0	0	0	0	0	0	0	0	0	0	0	0	0	0	0	0	0	0	0	0	0	0	0	0	0	0	0	0	0	0	0	0	0	0	0	0	0	0	0	0	0	0	0	0	0	0	0	0	0	0	0	0	0	0	0	0	0	0	0	0	0	0	0	0	0	0	0	0	0	0	0	0	0	0	0	0	0	0	0	0	68	142	47	98	82	164	168	110	79	151	146	37	90	41	21	62	178	110	167	79	128	46	113	31	76	146	154	188	92	134	61	143	114	132	188	66	95	142	169	90
0	0	0	0	0	0	0	0	0	0	0	0	0	0	0	0	0	0	0	0	0	0	0	0	0	0	0	0	0	0	0	0	0	0	0	0	0	0	0	0	0	0	0	0	0	0	0	0	0	0	0	0	0	0	0	0	0	0	0	0	0	0	0	0	0	0	0	0	0	0	0	0	0	0	0	0	0	0	0	0	0	0	0	0	0	0	0	0	0	90	149	191	111	127	100	59	114	165	83	86	170	45	120	86	46	65	77	175	116	162	137	90	149	61	128	108	48	46	67	142	135	150	123	108	191	102	162	121
0	0	0	0	0	0	0	0	0	0	0	0	0	0	0	0	0	0	0	0	0	0	0	0	0	0	0	0	0	0	0	0	0	0	0	0	0	0	0	0	0	0	0	0	0	0	0	0	0	0	0	0	0	0	0	0	0	0	0	0	0	0	0	0	0	0	0	0	0	0	0	0	0	0	0	0	0	0	0	0	0	0	0	0	0	0	0	0	0	0	33	146	136	91	74	103	116	86	119	142	51	138	93	153	97	97	169	180	54	167	138	124	154	147	118	141	49	175	139	86	112	98	214	70	55	63	80	91
0	0	0	0	0	0	0	0	0	0	0	0	0	0	0	0	0	0	0	0	0	0	0	0	0	0	0	0	0	0	0	0	0	0	0	0	0	0	0	0	0	0	0	0	0	0	0	0	0	0	0	0	0	0	0	0	0	0	0	0	0	0	0	0	0	0	0	0	0	0	0	0	0	0	0	0	0	0	0	0	0	0	0	0	0	0	0	0	0	0	0	35	126	116	97	18	83	89	124	166	87	124	42	40	92	215	177	55	188	125	162	85	81	91	56	183	129	67	195	83	135	119	75	118	167	89	44	91
0	0	0	0	0	0	0	0	0	0	0	0	0	0	0	0	0	0	0	0	0	0	0	0	0	0	0	0	0	0	0	0	0	0	0	0	0	0	0	0	0	0	0	0	0	0	0	0	0	0	0	0	0	0	0	0	0	0	0	0	0	0	0	0	0	0	0	0	0	0	0	0	0	0	0	0	0	0	0	0	0	0	0	0	0	0	0	0	0	0	0	0	42	122	150	23	97	97	154	112	141	120	66	137	151	149	108	101	55	132	47	84	26	64	194	70	156	136	47	146	67	198	116	95	97	41	18	77
0	0	0	0	0	0	0	0	0	0	0	0	0	0	0	0	0	0	0	0	0	0	0	0	0	0	0	0	0	0	0	0	0	0	0	0	0	0	0	0	0	0	0	0	0	0	0	0	0	0	0	0	0	0	0	0	0	0	0	0	0	0	0	0	0	0	0	0	0	0	0	0	0	0	0	0	0	0	0	0	0	0	0	0	0	0	0	0	0	0	0	0	0	127	128	75	111	114	15	159	185	112	117	67	40	163	147	74	68	180	147	128	95	204	106	79	158	146	156	93	52	182	95	99	94	42	92	108
0	0	0	0	0	0	0	0	0	0	0	0	0	0	0	0	0	0	0	0	0	0	0	0	0	0	0	0	0	0	0	0	0	0	0	0	0	0	0	0	0	0	0	0	0	0	0	0	0	0	0	0	0	0	0	0	0	0	0	0	0	0	0	0	0	0	0	0	0	0	0	0	0	0	0	0	0	0	0	0	0	0	0	0	0	0	0	0	0	0	0	0	0	0	100	47	214	38	122	82	74	74	141	114	143	85	114	39	101	136	100	96	107	147	71	119	145	148	155	143	100	120	143	138	110	97	88	124
0	0	0	0	0	0	0	0	0	0	0	0	0	0	0	0	0	0	0	0	0	0	0	0	0	0	0	0	0	0	0	0	0	0	0	0	0	0	0	0	0	0	0	0	0	0	0	0	0	0	0	0	0	0	0	0	0	0	0	0	0	0	0	0	0	0	0	0	0	0	0	0	0	0	0	0	0	0	0	0	0	0	0	0	0	0	0	0	0	0	0	0	0	0	0	58	85	146	149	95	144	161	188	4	100	86	182	103	82	132	64	86	149	67	107	109	126	134	178	96	115	107	105	58	157	127	92	157
0	0	0	0	0	0	0	0	0	0	0	0	0	0	0	0	0	0	0	0	0	0	0	0	0	0	0	0	0	0	0	0	0	0	0	0	0	0	0	0	0	0	0	0	0	0	0	0	0	0	0	0	0	0	0	0	0	0	0	0	0	0	0	0	0	0	0	0	0	0	0	0	0	0	0	0	0	0	0	0	0	0	0	0	0	0	0	0	0	0	0	0	0	0	0	0	67	130	98	147	86	78	182	80	105	84	131	90	115	54	149	149	147	63	144	130	192	193	57	50	107	152	109	85	74	110	165	131
0	0	0	0	0	0	0	0	0	0	0	0	0	0	0	0	0	0	0	0	0	0	0	0	0	0	0	0	0	0	0	0	0	0	0	0	0	0	0	0	0	0	0	0	0	0	0	0	0	0	0	0	0	0	0	0	0	0	0	0	0	0	0	0	0	0	0	0	0	0	0	0	0	0	0	0	0	0	0	0	0	0	0	0	0	0	0	0	0	0	0	0	0	0	0	0	0	164	76	81	137	79	68	18	150	184	197	25	216	160	155	168	75	78	120	119	121	105	169	47	9	81	175	151	113	155	54	74
0	0	0	0	0	0	0	0	0	0	0	0	0	0	0	0	0	0	0	0	0	0	0	0	0	0	0	0	0	0	0	0	0	0	0	0	0	0	0	0	0	0	0	0	0	0	0	0	0	0	0	0	0	0	0	0	0	0	0	0	0	0	0	0	0	0	0	0	0	0	0	0	0	0	0	0	0	0	0	0	0	0	0	0	0	0	0	0	0	0	0	0	0	0	0	0	0	0	146	147	137	88	91	111	112	145	147	199	28	138	120	27	89	138	76	119	147	86	59	15	155	163	36	136	159	176	222	146
0	0	0	0	0	0	0	0	0	0	0	0	0	0	0	0	0	0	0	0	0	0	0	0	0	0	0	0	0	0	0	0	0	0	0	0	0	0	0	0	0	0	0	0	0	0	0	0	0	0	0	0	0	0	0	0	0	0	0	0	0	0	0	0	0	0	0	0	0	0	0	0	0	0	0	0	0	0	0	0	0	0	0	0	0	0	0	0	0	0	0	0	0	0	0	0	0	0	0	127	148	105	111	131	130	84	113	78	186	107	73	52	101	97	80	117	221	169	117	164	117	12	119	123	183	86	162	225
0	0	0	0	0	0	0	0	0	0	0	0	0	0	0	0	0	0	0	0	0	0	0	0	0	0	0	0	0	0	0	0	0	0	0	0	0	0	0	0	0	0	0	0	0	0	0	0	0	0	0	0	0	0	0	0	0	0	0	0	0	0	0	0	0	0	0	0	0	0	0	0	0	0	0	0	0	0	0	0	0	0	0	0	0	0	0	0	0	0	0	0	0	0	0	0	0	0	0	0	140	179	42	110	167	66	32	155	177	137	178	76	37	110	128	71	9	208	130	39	58	139	144	127	190	47	93	115
0	0	0	0	0	0	0	0	0	0	0	0	0	0	0	0	0	0	0	0	0	0	0	0	0	0	0	0	0	0	0	0	0	0	0	0	0	0	0	0	0	0	0	0	0	0	0	0	0	0	0	0	0	0	0	0	0	0	0	0	0	0	0	0	0	0	0	0	0	0	0	0	0	0	0	0	0	0	0	0	0	0	0	0	0	0	0	0	0	0	0	0	0	0	0	0	0	0	0	0	0	159	95	72	41	124	211	106	71	58	111	139	36	100	88	94	81	146	129	100	44	121	69	143	135	127	103	163
0	0	0	0	0	0	0	0	0	0	0	0	0	0	0	0	0	0	0	0	0	0	0	0	0	0	0	0	0	0	0	0	0	0	0	0	0	0	0	0	0	0	0	0	0	0	0	0	0	0	0	0	0	0	0	0	0	0	0	0	0	0	0	0	0	0	0	0	0	0	0	0	0	0	0	0	0	0	0	0	0	0	0	0	0	0	0	0	0	0	0	0	0	0	0	0	0	0	0	0	0	0	180	85	132	119	132	117	117	124	192	149	122	146	39	104	164	103	125	113	139	129	145	135	27	36	171	138
0	0	0	0	0	0	0	0	0	0	0	0	0	0	0	0	0	0	0	0	0	0	0	0	0	0	0	0	0	0	0	0	0	0	0	0	0	0	0	0	0	0	0	0	0	0	0	0	0	0	0	0	0	0	0	0	0	0	0	0	0	0	0	0	0	0	0	0	0	0	0	0	0	0	0	0	0	0	0	0	0	0	0	0	0	0	0	0	0	0	0	0	0	0	0	0	0	0	0	0	0	0	0	183	62	97	113	134	121	133	95	44	92	129	82	102	94	164	103	165	44	198	123	98	179	149	119	170
0	0	0	0	0	0	0	0	0	0	0	0	0	0	0	0	0	0	0	0	0	0	0	0	0	0	0	0	0	0	0	0	0	0	0	0	0	0	0	0	0	0	0	0	0	0	0	0	0	0	0	0	0	0	0	0	0	0	0	0	0	0	0	0	0	0	0	0	0	0	0	0	0	0	0	0	0	0	0	0	0	0	0	0	0	0	0	0	0	0	0	0	0	0	0	0	0	0	0	0	0	0	0	0	129	56	78	78	107	41	172	197	79	96	87	152	190	146	93	135	61	136	93	66	103	162	118	160
0	0	0	0	0	0	0	0	0	0	0	0	0	0	0	0	0	0	0	0	0	0	0	0	0	0	0	0	0	0	0	0	0	0	0	0	0	0	0	0	0	0	0	0	0	0	0	0	0	0	0	0	0	0	0	0	0	0	0	0	0	0	0	0	0	0	0	0	0	0	0	0	0	0	0	0	0	0	0	0	0	0	0	0	0	0	0	0	0	0	0	0	0	0	0	0	0	0	0	0	0	0	0	0	0	89	131	98	123	76	169	105	145	155	63	38	179	118	158	139	78	9	108	107	137	70	126	100
0	0	0	0	0	0	0	0	0	0	0	0	0	0	0	0	0	0	0	0	0	0	0	0	0	0	0	0	0	0	0	0	0	0	0	0	0	0	0	0	0	0	0	0	0	0	0	0	0	0	0	0	0	0	0	0	0	0	0	0	0	0	0	0	0	0	0	0	0	0	0	0	0	0	0	0	0	0	0	0	0	0	0	0	0	0	0	0	0	0	0	0	0	0	0	0	0	0	0	0	0	0	0	0	0	0	169	126	60	154	108	108	119	90	144	160	49	127	179	35	96	108	76	86	97	174	126	95
0	0	0	0	0	0	0	0	0	0	0	0	0	0	0	0	0	0	0	0	0	0	0	0	0	0	0	0	0	0	0	0	0	0	0	0	0	0	0	0	0	0	0	0	0	0	0	0	0	0	0	0	0	0	0	0	0	0	0	0	0	0	0	0	0	0	0	0	0	0	0	0	0	0	0	0	0	0	0	0	0	0	0	0	0	0	0	0	0	0	0	0	0	0	0	0	0	0	0	0	0	0	0	0	0	0	0	47	127	110	69	51	142	22	168	105	135	76	86	113	72	83	131	82	27	16	114	92
0	0	0	0	0	0	0	0	0	0	0	0	0	0	0	0	0	0	0	0	0	0	0	0	0	0	0	0	0	0	0	0	0	0	0	0	0	0	0	0	0	0	0	0	0	0	0	0	0	0	0	0	0	0	0	0	0	0	0	0	0	0	0	0	0	0	0	0	0	0	0	0	0	0	0	0	0	0	0	0	0	0	0	0	0	0	0	0	0	0	0	0	0	0	0	0	0	0	0	0	0	0	0	0	0	0	0	0	190	111	91	128	130	172	110	71	133	175	63	91	84	107	177	108	73	119	99	54
0	0	0	0	0	0	0	0	0	0	0	0	0	0	0	0	0	0	0	0	0	0	0	0	0	0	0	0	0	0	0	0	0	0	0	0	0	0	0	0	0	0	0	0	0	0	0	0	0	0	0	0	0	0	0	0	0	0	0	0	0	0	0	0	0	0	0	0	0	0	0	0	0	0	0	0	0	0	0	0	0	0	0	0	0	0	0	0	0	0	0	0	0	0	0	0	0	0	0	0	0	0	0	0	0	0	0	0	0	42	116	179	51	222	117	140	97	121	153	179	80	114	215	184	184	14	136	84
0	0	0	0	0	0	0	0	0	0	0	0	0	0	0	0	0	0	0	0	0	0	0	0	0	0	0	0	0	0	0	0	0	0	0	0	0	0	0	0	0	0	0	0	0	0	0	0	0	0	0	0	0	0	0	0	0	0	0	0	0	0	0	0	0	0	0	0	0	0	0	0	0	0	0	0	0	0	0	0	0	0	0	0	0	0	0	0	0	0	0	0	0	0	0	0	0	0	0	0	0	0	0	0	0	0	0	0	0	0	93	75	101	132	142	102	113	161	91	111	90	68	155	80	202	51	43	126
0	0	0	0	0	0	0	0	0	0	0	0	0	0	0	0	0	0	0	0	0	0	0	0	0	0	0	0	0	0	0	0	0	0	0	0	0	0	0	0	0	0	0	0	0	0	0	0	0	0	0	0	0	0	0	0	0	0	0	0	0	0	0	0	0	0	0	0	0	0	0	0	0	0	0	0	0	0	0	0	0	0	0	0	0	0	0	0	0	0	0	0	0	0	0	0	0	0	0	0	0	0	0	0	0	0	0	0	0	0	0	135	131	102	147	140	137	176	32	116	82	237	83	98	77	182	103	76
0	0	0	0	0	0	0	0	0	0	0	0	0	0	0	0	0	0	0	0	0	0	0	0	0	0	0	0	0	0	0	0	0	0	0	0	0	0	0	0	0	0	0	0	0	0	0	0	0	0	0	0	0	0	0	0	0	0	0	0	0	0	0	0	0	0	0	0	0	0	0	0	0	0	0	0	0	0	0	0	0	0	0	0	0	0	0	0	0	0	0	0	0	0	0	0	0	0	0	0	0	0	0	0	0	0	0	0	0	0	0	0	98	79	149	74	144	108	91	124	113	195	206	97	92	42	122	76
0	0	0	0	0	0	0	0	0	0	0	0	0	0	0	0	0	0	0	0	0	0	0	0	0	0	0	0	0	0	0	0	0	0	0	0	0	0	0	0	0	0	0	0	0	0	0	0	0	0	0	0	0	0	0	0	0	0	0	0	0	0	0	0	0	0	0	0	0	0	0	0	0	0	0	0	0	0	0	0	0	0	0	0	0	0	0	0	0	0	0	0	0	0	0	0	0	0	0	0	0	0	0	0	0	0	0	0	0	0	0	0	0	119	71	130	71	200	108	154	91	166	211	82	116	70	87	219
0	0	0	0	0	0	0	0	0	0	0	0	0	0	0	0	0	0	0	0	0	0	0	0	0	0	0	0	0	0	0	0	0	0	0	0	0	0	0	0	0	0	0	0	0	0	0	0	0	0	0	0	0	0	0	0	0	0	0	0	0	0	0	0	0	0	0	0	0	0	0	0	0	0	0	0	0	0	0	0	0	0	0	0	0	0	0	0	0	0	0	0	0	0	0	0	0	0	0	0	0	0	0	0	0	0	0	0	0	0	0	0	0	0	86	117	16	84	98	228	58	135	88	72	28	144	138	122
0	0	0	0	0	0	0	0	0	0	0	0	0	0	0	0	0	0	0	0	0	0	0	0	0	0	0	0	0	0	0	0	0	0	0	0	0	0	0	0	0	0	0	0	0	0	0	0	0	0	0	0	0	0	0	0	0	0	0	0	0	0	0	0	0	0	0	0	0	0	0	0	0	0	0	0	0	0	0	0	0	0	0	0	0	0	0	0	0	0	0	0	0	0	0	0	0	0	0	0	0	0	0	0	0	0	0	0	0	0	0	0	0	0	0	46	190	90	76	115	191	133	105	115	73	148	91	11
0	0	0	0	0	0	0	0	0	0	0	0	0	0	0	0	0	0	0	0	0	0	0	0	0	0	0	0	0	0	0	0	0	0	0	0	0	0	0	0	0	0	0	0	0	0	0	0	0	0	0	0	0	0	0	0	0	0	0	0	0	0	0	0	0	0	0	0	0	0	0	0	0	0	0	0	0	0	0	0	0	0	0	0	0	0	0	0	0	0	0	0	0	0	0	0	0	0	0	0	0	0	0	0	0	0	0	0	0	0	0	0	0	0	0	0	128	194	161	84	153	116	90	88	208	120	163	94
0	0	0	0	0	0	0	0	0	0	0	0	0	0	0	0	0	0	0	0	0	0	0	0	0	0	0	0	0	0	0	0	0	0	0	0	0	0	0	0	0	0	0	0	0	0	0	0	0	0	0	0	0	0	0	0	0	0	0	0	0	0	0	0	0	0	0	0	0	0	0	0	0	0	0	0	0	0	0	0	0	0	0	0	0	0	0	0	0	0	0	0	0	0	0	0	0	0	0	0	0	0	0	0	0	0	0	0	0	0	0	0	0	0	0	0	0	151	128	145	32	154	133	107	206	210	102	44
0	0	0	0	0	0	0	0	0	0	0	0	0	0	0	0	0	0	0	0	0	0	0	0	0	0	0	0	0	0	0	0	0	0	0	0	0	0	0	0	0	0	0	0	0	0	0	0	0	0	0	0	0	0	0	0	0	0	0	0	0	0	0	0	0	0	0	0	0	0	0	0	0	0	0	0	0	0	0	0	0	0	0	0	0	0	0	0	0	0	0	0	0	0	0	0	0	0	0	0	0	0	0	0	0	0	0	0	0	0	0	0	0	0	0	0	0	0	96	74	125	197	119	116	163	162	235	208
0	0	0	0	0	0	0	0	0	0	0	0	0	0	0	0	0	0	0	0	0	0	0	0	0	0	0	0	0	0	0	0	0	0	0	0	0	0	0	0	0	0	0	0	0	0	0	0	0	0	0	0	0	0	0	0	0	0	0	0	0	0	0	0	0	0	0	0	0	0	0	0	0	0	0	0	0	0	0	0	0	0	0	0	0	0	0	0	0	0	0	0	0	0	0	0	0	0	0	0	0	0	0	0	0	0	0	0	0	0	0	0	0	0	0	0	0	0	0	60	207	149	150	104	168	130	167	41
0	0	0	0	0	0	0	0	0	0	0	0	0	0	0	0	0	0	0	0	0	0	0	0	0	0	0	0	0	0	0	0	0	0	0	0	0	0	0	0	0	0	0	0	0	0	0	0	0	0	0	0	0	0	0	0	0	0	0	0	0	0	0	0	0	0	0	0	0	0	0	0	0	0	0	0	0	0	0	0	0	0	0	0	0	0	0	0	0	0	0	0	0	0	0	0	0	0	0	0	0	0	0	0	0	0	0	0	0	0	0	0	0	0	0	0	0	0	0	0	118	130	164	147	40	45	147	151
0	0	0	0	0	0	0	0	0	0	0	0	0	0	0	0	0	0	0	0	0	0	0	0	0	0	0	0	0	0	0	0	0	0	0	0	0	0	0	0	0	0	0	0	0	0	0	0	0	0	0	0	0	0	0	0	0	0	0	0	0	0	0	0	0	0	0	0	0	0	0	0	0	0	0	0	0	0	0	0	0	0	0	0	0	0	0	0	0	0	0	0	0	0	0	0	0	0	0	0	0	0	0	0	0	0	0	0	0	0	0	0	0	0	0	0	0	0	0	0	0	150	209	87	36	172	80	66
0	0	0	0	0	0	0	0	0	0	0	0	0	0	0	0	0	0	0	0	0	0	0	0	0	0	0	0	0	0	0	0	0	0	0	0	0	0	0	0	0	0	0	0	0	0	0	0	0	0	0	0	0	0	0	0	0	0	0	0	0	0	0	0	0	0	0	0	0	0	0	0	0	0	0	0	0	0	0	0	0	0	0	0	0	0	0	0	0	0	0	0	0	0	0	0	0	0	0	0	0	0	0	0	0	0	0	0	0	0	0	0	0	0	0	0	0	0	0	0	0	0	185	90	192	87	153	140
0	0	0	0	0	0	0	0	0	0	0	0	0	0	0	0	0	0	0	0	0	0	0	0	0	0	0	0	0	0	0	0	0	0	0	0	0	0	0	0	0	0	0	0	0	0	0	0	0	0	0	0	0	0	0	0	0	0	0	0	0	0	0	0	0	0	0	0	0	0	0	0	0	0	0	0	0	0	0	0	0	0	0	0	0	0	0	0	0	0	0	0	0	0	0	0	0	0	0	0	0	0	0	0	0	0	0	0	0	0	0	0	0	0	0	0	0	0	0	0	0	0	0	166	225	138	126	107
0	0	0	0	0	0	0	0	0	0	0	0	0	0	0	0	0	0	0	0	0	0	0	0	0	0	0	0	0	0	0	0	0	0	0	0	0	0	0	0	0	0	0	0	0	0	0	0	0	0	0	0	0	0	0	0	0	0	0	0	0	0	0	0	0	0	0	0	0	0	0	0	0	0	0	0	0	0	0	0	0	0	0	0	0	0	0	0	0	0	0	0	0	0	0	0	0	0	0	0	0	0	0	0	0	0	0	0	0	0	0	0	0	0	0	0	0	0	0	0	0	0	0	0	171	115	96	56
0	0	0	0	0	0	0	0	0	0	0	0	0	0	0	0	0	0	0	0	0	0	0	0	0	0	0	0	0	0	0	0	0	0	0	0	0	0	0	0	0	0	0	0	0	0	0	0	0	0	0	0	0	0	0	0	0	0	0	0	0	0	0	0	0	0	0	0	0	0	0	0	0	0	0	0	0	0	0	0	0	0	0	0	0	0	0	0	0	0	0	0	0	0	0	0	0	0	0	0	0	0	0	0	0	0	0	0	0	0	0	0	0	0	0	0	0	0	0	0	0	0	0	0	0	32	192	62
0	0	0	0	0	0	0	0	0	0	0	0	0	0	0	0	0	0	0	0	0	0	0	0	0	0	0	0	0	0	0	0	0	0	0	0	0	0	0	0	0	0	0	0	0	0	0	0	0	0	0	0	0	0	0	0	0	0	0	0	0	0	0	0	0	0	0	0	0	0	0	0	0	0	0	0	0	0	0	0	0	0	0	0	0	0	0	0	0	0	0	0	0	0	0	0	0	0	0	0	0	0	0	0	0	0	0	0	0	0	0	0	0	0	0	0	0	0	0	0	0	0	0	0	0	0	177	115
0	0	0	0	0	0	0	0	0	0	0	0	0	0	0	0	0	0	0	0	0	0	0	0	0	0	0	0	0	0	0	0	0	0	0	0	0	0	0	0	0	0	0	0	0	0	0	0	0	0	0	0	0	0	0	0	0	0	0	0	0	0	0	0	0	0	0	0	0	0	0	0	0	0	0	0	0	0	0	0	0	0	0	0	0	0	0	0	0	0	0	0	0	0	0	0	0	0	0	0	0	0	0	0	0	0	0	0	0	0	0	0	0	0	0	0	0	0	0	0	0	0	0	0	0	0	0	150
0	0	0	0	0	0	0	0	0	0	0	0	0	0	0	0	0	0	0	0	0	0	0	0	0	0	0	0	0	0	0	0	0	0	0	0	0	0	0	0	0	0	0	0	0	0	0	0	0	0	0	0	0	0	0	0	0	0	0	0	0	0	0	0	0	0	0	0	0	0	0	0	0	0	0	0	0	0	0	0	0	0	0	0	0	0	0	0	0	0	0	0	0	0	0	0	0	0	0	0	0	0	0	0	0	0	0	0	0	0	0	0	0	0	0	0	0	0	0	0	0	0	0	0	0	0	0	0