0	4	63	22	11	32	62	85	36	69	20	49	112	28	11	40	100	3	35	56	86	46	43	2	14	29	93	76	116	113	48	117	17	105	113	125	115	23	116	4	57	104	102	59	17	118	83	6	116	93	40	60	9	38	52	63	82	88	28	13	111	73	125	118	103	6	57	122	84	37	45	127	25	89	74	2	67	99	3	22	34	122	16	96	4	80	82	44	16	102	89	44	65	120	13	7	21	97	15	58	32	118	54	38	111	41	43	118	22	51	16	25	11	11	74	112	92	63	104	55	41	74	21	110	62	104	43	49
0	0	69	114	46	11	52	62	49	18	104	84	115	107	46	54	24	3	65	104	71	46	24	4	124	27	26	64	33	22	25	121	114	54	78	8	69	79	20	93	13	48	69	128	117	83	104	5	56	122	121	41	126	31	5	105	110	45	107	71	115	63	16	93	68	56	48	46	55	44	42	89	71	82	101	7	58	50	77	23	12	29	115	12	50	33	119	120	27	109	44	106	104	60	30	80	13	3	73	55	44	24	63	14	48	81	13	87	102	8	33	52	17	130	108	125	127	43	19	105	106	64	4	11	61	95	15	103
0	0	0	33	88	83	36	16	56	125	122	11	66	21	32	60	85	51	53	27	94	114	109	27	127	95	16	61	36	38	10	109	109	41	24	108	102	53	106	31	73	24	79	131	73	38	80	15	49	75	81	117	10	93	83	81	32	47	123	39	29	51	107	37	49	77	49	11	89	115	70	13	129	109	93	112	43	4	5	18	50	72	54	109	94	128	73	62	104	109	32	7	56	25	20	91	76	53	56	78	129	13	91	111	35	90	61	4	7	57	85	58	9	103	115	104	96	118	41	20	90	122	95	52	4	56	22	31
0	0	0	0	52	81	48	48	91	36	22	120	83	64	37	89	37	112	131	105	14	103	47	121	27	23	27	41	42	16	32	66	19	103	96	46	84	86	55	115	120	23	118	85	55	73	91	27	112	120	24	116	78	98	76	53	120	102	27	93	89	44	39	40	97	119	64	69	94	110	127	108	77	78	19	70	83	58	32	12	15	93	91	46	126	72	33	12	79	74	47	16	84	8	79	113	111	7	22	8	88	20	63	15	29	50	19	24	92	52	30	52	83	31	127	12	123	88	39	132	126	18	130	57	115	34	15	112
0	0	0	0	0	23	44	61	67	16	17	92	12	45	110	80	108	83	118	6	105	4	38	15	24	130	86	32	96	53	60	42	37	72	88	124	80	75	61	48	34	116	71	39	7	11	40	128	86	59	89	92	38	80	103	4	41	121	71	41	66	26	57	114	73	119	31	41	32	79	86	90	116	111	91	73	59	29	102	101	123	101	64	29	47	59	86	115	52	81	60	112	65	48	127	19	28	78	71	122	117	112	68	123	21	97	67	38	93	20	39	115	120	121	119	63	116	128	16	79	60	128	36	41	32	47	22	70
0	0	0	0	0	0	89	87	104	29	68	118	6	24	62	81	12	65	24	70	128	86	74	124	28	12	9	83	10	86	117	65	47	36	94	80	129	76	86	55	70	93	131	105	14	112	122	5	69	109	101	102	47	113	32	15	57	30	106	94	127	48	13	46	79	72	84	38	44	125	122	69	56	16	81	112	103	54	50	93	100	62	44	88	80	17	73	105	51	43	51	40	123	60	121	57	28	109	61	73	28	78	34	22	51	9	45	123	38	75	12	130	38	58	91	79	73	84	26	62	22	78	48	88	13	6	122	8
0	0	0	0	0	0	0	14	46	113	20	79	127	82	109	132	21	33	45	117	66	62	117	29	60	50	119	86	108	112	40	35	99	120	25	17	111	50	35	51	91	129	43	23	74	71	92	6	86	118	127	12	129	116	94	129	40	64	7	112	129	47	88	113	112	15	103	25	20	91	88	55	40	14	87	65	72	48	58	4	116	119	56	57	44	39	24	18	58	85	3	89	39	24	92	23	64	76	107	102	13	103	85	47	101	29	78	73	130	85	12	7	71	28	26	49	118	22	32	12	105	131	116	116	38	119	48	32
0	0	0	0	0	0	0	0	63	50	24	64	52	70	78	86	93	11	50	71	43	82	10	120	48	30	73	33	82	124	18	97	60	84	55	90	129	99	5	57	26	39	11	11	53	100	126	95	13	23	67	127	103	132	49	31	64	93	17	94	79	96	121	39	45	65	88	42	60	78	92	76	90	55	54	79	78	121	109	126	109	72	65	94	93	128	36	52	86	42	131	90	63	94	26	130	13	91	75	29	38	6	81	106	28	91	25	80	38	92	74	81	8	38	27	20	47	98	40	83	103	89	40	73	45	74	6	95
0	0	0	0	0	0	0	0	0	23	88	12	39	18	59	7	96	87	134	11	103	77	7	102	135	34	12	131	40	76	24	84	61	59	25	48	83	130	80	16	121	55	56	89	106	86	76	50	113	82	128	77	9	70	104	50	35	40	129	12	103	110	40	89	18	54	16	77	19	41	80	116	94	105	50	74	103	67	57	101	81	40	34	64	55	42	64	101	18	105	35	48	5	135	81	130	65	101	65	62	29	75	12	11	53	26	32	28	110	35	55	110	132	15	93	103	81	116	41	122	33	29	19	41	32	58	122	98
0	0	0	0	0	0	0	0	0	0	32	33	27	52	125	95	74	49	46	117	38	127	80	132	78	101	112	96	101	75	58	100	39	91	129	93	118	34	95	35	129	90	37	44	82	123	61	102	62	106	107	26	106	112	25	78	111	126	55	67	14	113	90	117	103	28	115	60	96	86	24	130	57	59	37	102	48	106	109	11	78	30	55	27	53	114	8	83	59	68	110	6	72	66	44	114	93	28	35	84	109	11	90	136	104	121	19	64	58	109	5	13	18	11	99	116	73	137	106	83	61	51	6	52	23	33	102	88
0	0	0	0	0	0	0	0	0	0	0	17	101	26	26	113	128	30	105	73	129	64	107	73	35	44	108	12	33	56	133	131	97	55	12	105	125	101	33	96	47	74	77	86	62	31	48	12	76	15	127	62	35	101	52	22	99	10	85	50	121	54	57	65	23	31	103	115	87	103	23	70	126	6	111	117	94	104	11	128	80	58	59	102	101	107	115	106	94	36	30	107	136	15	50	117	77	118	51	49	33	27	128	84	127	114	138	43	37	120	41	55	112	40	52	51	84	39	21	86	23	117	88	132	136	12	22	100
0	0	0	0	0	0	0	0	0	0	0	0	66	105	84	61	41	112	47	52	85	116	58	47	113	67	119	58	112	91	82	27	36	95	37	19	85	68	23	85	63	70	35	132	88	117	11	9	71	102	19	125	72	128	58	117	118	25	19	96	89	11	14	32	20	43	56	75	14	119	32	130	92	38	118	47	132	102	34	25	69	86	51	139	22	114	75	132	124	131	35	107	74	41	135	17	131	117	66	5	59	101	21	80	119	25	117	118	65	38	113	66	123	123	66	28	79	34	61	50	50	96	48	73	56	39	93	138
0	0	0	0	0	0	0	0	0	0	0	0	0	95	62	81	82	70	92	95	20	23	16	92	27	45	135	47	14	85	95	71	74	75	38	85	130	40	72	105	130	36	102	62	29	55	26	53	107	105	50	9	135	21	7	54	14	114	95	118	139	129	111	21	64	77	64	54	26	106	59	83	137	76	35	124	107	49	106	87	63	58	19	88	98	103	95	88	16	7	57	44	62	125	47	57	55	92	16	51	24	113	80	85	44	112	37	24	107	58	97	62	127	93	48	137	118	84	104	82	35	96	67	117	65	40	99	80
0	0	0	0	0	0	0	0	0	0	0	0	0	0	54	8	132	53	85	86	61	83	35	36	30	54	5	65	8	127	25	100	119	25	68	108	120	82	47	61	73	116	23	8	84	128	25	98	133	29	70	106	49	42	129	104	120	12	105	132	74	95	114	96	9	49	81	43	30	62	73	83	128	85	19	61	60	70	33	108	82	27	7	24	122	112	115	68	128	65	121	55	87	57	41	106	47	90	132	84	34	4	27	36	46	98	76	112	92	82	67	123	108	17	100	115	106	83	98	94	132	42	136	107	96	51	54	87
0	0	0	0	0	0	0	0	0	0	0	0	0	0	0	65	90	21	125	110	34	27	34	90	74	105	71	19	36	36	33	79	17	127	93	29	129	36	50	98	93	86	46	86	86	67	136	134	103	120	106	53	102	82	29	122	23	23	97	76	105	37	23	55	47	129	23	46	109	29	14	119	82	43	21	40	101	132	120	111	40	9	21	71	11	14	48	119	78	65	50	72	92	41	113	18	74	133	67	85	9	139	84	122	34	25	71	52	14	33	78	74	72	105	108	30	126	39	54	69	46	73	133	60	140	12	127	83
0	0	0	0	0	0	0	0	0	0	0	0	0	0	0	0	127	29	124	84	32	113	109	51	99	81	55	88	78	130	54	17	54	81	32	94	115	137	74	115	125	63	123	95	52	129	41	116	40	21	52	101	36	22	98	32	49	134	114	5	113	72	79	25	15	36	92	50	81	112	33	45	121	86	97	27	27	64	97	129	81	72	35	124	51	83	51	125	42	117	55	89	132	126	70	70	60	52	104	96	73	64	67	87	130	25	30	111	93	26	95	15	61	102	66	121	21	114	101	7	53	79	64	105	80	92	65	116
0	0	0	0	0	0	0	0	0	0	0	0	0	0	0	0	0	27	92	98	104	113	103	125	102	52	118	9	94	109	13	34	70	105	109	91	86	52	48	22	33	73	39	49	38	37	20	117	101	122	19	99	29	86	67	21	134	104	134	79	119	34	20	73	118	29	56	101	36	11	114	39	88	27	79	121	19	101	61	131	72	90	20	126	12	19	16	43	114	95	115	84	60	133	102	53	76	107	118	40	95	117	25	50	55	8	129	138	106	32	63	46	110	65	129	136	41	120	74	84	130	79	57	120	77	23	84	119
0	0	0	0	0	0	0	0	0	0	0	0	0	0	0	0	0	0	80	84	136	19	43	39	34	130	39	137	62	118	82	56	101	49	16	132	27	10	101	106	127	72	48	30	68	75	16	22	48	27	44	94	39	39	116	142	37	18	30	104	107	107	86	135	67	73	66	80	113	41	73	129	130	44	123	85	41	103	123	33	132	92	94	110	41	50	87	117	57	130	62	79	107	15	36	75	30	79	32	114	58	97	123	31	131	16	79	76	119	86	39	114	120	78	102	41	122	90	123	50	100	134	41	90	69	48	23	61
0	0	0	0	0	0	0	0	0	0	0	0	0	0	0	0	0	0	0	88	16	87	132	18	72	102	31	128	47	46	85	59	133	98	117	31	111	107	68	98	99	83	86	42	68	122	115	26	21	94	116	56	112	104	44	47	103	60	69	20	76	85	36	73	24	18	138	141	77	107	94	67	43	74	98	103	25	9	75	71	124	83	39	94	115	66	20	111	126	90	16	39	121	27	8	75	70	138	121	104	87	102	5	24	97	62	115	96	126	24	44	59	55	39	123	64	30	114	52	41	43	59	10	96	80	117	113	63
0	0	0	0	0	0	0	0	0	0	0	0	0	0	0	0	0	0	0	0	99	83	117	23	29	32	140	64	122	55	70	130	132	21	66	126	126	109	13	83	31	112	37	27	14	44	17	103	105	137	88	81	24	68	20	52	29	121	81	29	52	55	41	108	118	99	91	38	126	126	135	63	108	127	113	20	106	45	101	21	28	50	127	38	131	81	133	49	77	85	58	126	138	70	45	47	29	23	13	69	39	52	100	98	117	48	60	38	68	58	33	60	84	46	95	115	83	36	93	7	37	58	62	134	66	35	94	110
0	0	0	0	0	0	0	0	0	0	0	0	0	0	0	0	0	0	0	0	0	134	119	5	102	87	9	59	102	63	134	32	12	92	71	58	137	104	80	124	100	73	55	94	51	89	126	83	72	32	39	75	67	108	99	37	34	114	88	37	107	32	49	65	121	23	94	9	72	90	128	76	135	95	118	20	64	75	26	118	100	99	104	127	14	89	123	25	106	126	12	84	107	7	83	27	98	45	32	66	72	130	22	30	106	17	130	37	51	56	62	133	36	68	132	41	136	139	38	58	77	32	107	10	52	42	21	83
0	0	0	0	0	0	0	0	0	0	0	0	0	0	0	0	0	0	0	0	0	0	66	96	23	59	105	57	49	87	133	105	75	141	81	103	35	111	112	69	103	91	25	8	122	61	60	42	62	106	78	118	138	64	98	19	92	60	137	48	108	120	63	84	53	67	39	79	116	111	7	129	37	60	92	138	81	122	28	127	130	136	86	106	83	115	64	69	45	32	50	88	67	34	79	59	12	26	71	144	46	31	30	30	10	61	122	38	119	43	96	131	30	29	133	109	101	92	68	39	109	144	129	127	131	133	67	133
0	0	0	0	0	0	0	0	0	0	0	0	0	0	0	0	0	0	0	0	0	0	0	78	123	126	41	44	71	67	73	90	58	124	62	117	29	28	115	36	41	68	107	89	55	122	51	53	82	131	110	133	147	116	114	110	121	111	59	75	119	107	129	76	7	24	66	40	99	60	118	83	109	10	32	15	61	91	116	111	43	120	85	53	105	90	128	67	36	95	47	102	43	77	88	62	98	19	112	50	52	48	101	118	133	35	34	79	125	50	52	18	106	105	28	32	98	51	49	61	38	6	81	35	52	24	47	23
0	0	0	0	0	0	0	0	0	0	0	0	0	0	0	0	0	0	0	0	0	0	0	0	47	73	105	120	19	92	66	97	58	106	55	79	27	55	29	64	86	143	25	118	90	94	37	72	44	76	87	82	24	32	123	77	128	62	84	34	96	53	117	105	96	41	79	40	60	127	62	91	126	133	55	115	123	27	120	101	81	107	86	71	50	69	74	91	94	19	43	73	130	18	113	52	23	93	114	56	21	50	4	102	71	97	27	6	97	117	53	90	25	68	55	68	22	38	145	51	129	139	86	17	70	68	87	87
0	0	0	0	0	0	0	0	0	0	0	0	0	0	0	0	0	0	0	0	0	0	0	0	0	70	128	99	61	115	15	106	124	60	50	36	36	18	89	11	121	129	17	28	76	83	109	68	32	47	142	35	107	112	82	39	137	123	128	93	53	37	46	93	76	73	104	81	141	127	103	31	40	130	102	116	106	120	127	89	84	95	79	150	106	81	81	115	45	10	15	98	126	55	32	121	99	124	75	45	36	38	28	72	87	138	73	87	16	110	96	29	134	80	67	80	141	137	132	126	61	65	76	111	125	69	104	146
0	0	0	0	0	0	0	0	0	0	0	0	0	0	0	0	0	0	0	0	0	0	0	0	0	0	67	27	103	124	58	82	87	73	100	148	71	74	12	22	38	127	47	31	24	127	38	30	141	142	80	129	133	39	83	6	64	44	35	133	115	71	77	80	65	76	105	27	61	106	79	51	120	17	82	84	30	139	20	9	15	42	36	50	133	50	87	28	109	97	96	124	37	116	78	47	111	55	25	61	153	75	123	90	55	72	88	123	142	116	68	54	55	91	101	135	124	37	143	30	97	98	91	106	38	133	59	49
0	0	0	0	0	0	0	0	0	0	0	0	0	0	0	0	0	0	0	0	0	0	0	0	0	0	0	113	105	22	132	21	68	114	127	131	137	34	87	83	59	129	139	18	86	110	100	34	23	55	11	54	40	101	35	106	122	112	64	103	135	24	73	17	67	100	87	52	24	84	72	30	34	23	86	82	125	38	70	74	126	51	130	26	96	83	92	9	29	30	67	49	42	123	48	48	84	71	45	78	96	113	62	93	38	36	143	79	49	25	118	26	77	96	19	66	46	98	149	23	69	106	112	123	95	77	46	69
0	0	0	0	0	0	0	0	0	0	0	0	0	0	0	0	0	0	0	0	0	0	0	0	0	0	0	0	110	71	106	43	78	32	24	92	135	16	138	66	89	114	65	81	103	95	48	96	52	46	38	31	69	148	114	34	49	19	96	29	64	40	137	77	61	44	49	89	75	73	82	29	57	88	63	70	135	89	58	64	126	91	100	80	79	62	30	89	83	41	130	52	146	34	111	99	55	25	15	122	34	77	105	27	18	76	39	131	62	101	60	84	86	85	114	96	46	37	97	56	15	61	119	32	103	15	129	28
0	0	0	0	0	0	0	0	0	0	0	0	0	0	0	0	0	0	0	0	0	0	0	0	0	0	0	0	0	54	140	31	128	44	79	145	87	122	73	27	33	83	141	126	26	49	108	110	146	117	120	9	83	127	44	96	22	95	153	102	77	81	128	61	25	102	127	86	28	101	130	134	48	108	82	68	22	24	108	41	23	146	83	129	40	53	44	140	98	139	117	31	18	104	127	21	70	103	105	50	16	120	45	11	84	91	21	116	33	35	48	121	128	37	50	33	127	16	75	71	130	88	139	137	137	32	85	117
0	0	0	0	0	0	0	0	0	0	0	0	0	0	0	0	0	0	0	0	0	0	0	0	0	0	0	0	0	0	50	56	88	134	60	47	69	72	79	52	120	25	35	72	90	53	102	53	70	144	89	46	92	62	58	102	45	78	152	104	73	91	69	140	56	43	39	37	97	76	73	33	81	100	58	23	83	59	120	80	92	120	39	145	82	39	42	107	146	59	99	103	55	80	88	53	31	15	55	21	48	82	24	93	133	102	122	21	146	146	83	63	65	17	11	59	10	80	73	127	22	94	110	43	41	133	18	38
0	0	0	0	0	0	0	0	0	0	0	0	0	0	0	0	0	0	0	0	0	0	0	0	0	0	0	0	0	0	0	20	30	82	9	130	20	37	139	98	98	84	21	122	110	42	129	51	54	102	17	99	90	8	33	103	126	57	26	102	31	130	77	49	22	107	84	116	80	102	21	108	154	109	119	112	84	79	43	89	124	44	119	105	154	44	132	79	67	93	137	145	107	80	109	12	60	102	131	141	34	62	118	41	24	68	102	71	94	60	44	84	133	98	57	65	50	22	116	112	89	53	83	113	31	133	71	118
0	0	0	0	0	0	0	0	0	0	0	0	0	0	0	0	0	0	0	0	0	0	0	0	0	0	0	0	0	0	0	0	79	127	117	55	121	89	121	67	6	101	122	112	16	142	100	110	146	136	104	108	135	70	151	51	72	44	151	91	56	81	26	112	33	84	105	129	41	108	44	141	69	96	94	71	84	84	133	105	119	52	135	113	126	61	62	89	59	71	117	96	72	86	60	96	75	58	141	33	129	97	105	121	91	79	40	14	25	100	124	18	143	96	36	103	133	74	123	98	64	135	33	133	122	76	61	66
0	0	0	0	0	0	0	0	0	0	0	0	0	0	0	0	0	0	0	0	0	0	0	0	0	0	0	0	0	0	0	0	0	117	19	125	53	140	100	60	147	54	124	64	118	16	23	113	47	137	127	139	40	66	41	29	123	136	127	85	94	49	110	27	53	13	22	75	139	118	115	75	47	19	146	123	30	67	27	28	102	116	40	136	30	90	155	19	20	40	85	90	124	37	120	143	14	78	12	73	33	146	37	69	110	123	125	21	51	117	45	117	20	104	110	147	53	8	34	110	34	123	101	45	139	141	106	91
0	0	0	0	0	0	0	0	0	0	0	0	0	0	0	0	0	0	0	0	0	0	0	0	0	0	0	0	0	0	0	0	0	0	74	11	73	119	69	53	125	31	39	139	30	29	35	131	147	47	84	37	77	124	23	9	128	50	45	66	26	106	143	86	137	67	87	60	95	125	73	30	87	132	92	71	30	41	77	76	151	93	15	22	76	72	54	41	122	50	25	87	67	84	89	67	42	73	100	44	28	64	70	94	12	110	106	74	144	14	102	121	101	71	61	134	53	92	83	98	24	30	28	42	84	15	22	96
0	0	0	0	0	0	0	0	0	0	0	0	0	0	0	0	0	0	0	0	0	0	0	0	0	0	0	0	0	0	0	0	0	0	0	34	146	114	99	42	93	39	136	35	78	126	122	134	109	95	89	109	79	95	112	118	70	66	106	35	118	104	14	151	153	104	115	45	128	38	52	148	97	51	4	28	41	83	48	107	102	149	110	112	52	100	132	58	143	128	113	127	48	122	80	113	92	107	68	68	33	119	79	60	140	97	132	143	52	40	146	62	127	89	97	96	114	93	61	45	79	54	80	91	14	145	108	105
0	0	0	0	0	0	0	0	0	0	0	0	0	0	0	0	0	0	0	0	0	0	0	0	0	0	0	0	0	0	0	0	0	0	0	0	46	15	116	64	103	144	121	104	122	112	59	52	49	66	153	142	31	60	65	20	118	113	66	39	142	161	84	87	105	71	119	2	93	129	52	45	39	78	63	59	101	134	27	120	71	10	86	38	62	55	31	115	77	109	124	127	11	140	145	135	85	115	52	43	73	23	34	143	142	84	155	81	61	35	79	135	111	152	17	40	143	80	125	129	81	55	50	59	132	123	143	41
0	0	0	0	0	0	0	0	0	0	0	0	0	0	0	0	0	0	0	0	0	0	0	0	0	0	0	0	0	0	0	0	0	0	0	0	0	120	87	87	28	126	60	76	76	34	67	93	51	57	139	50	68	152	96	87	91	60	88	24	139	69	111	36	110	48	125	69	135	49	14	127	130	106	59	116	100	68	47	116	14	138	73	36	7	99	122	79	14	147	105	131	133	50	97	86	85	34	42	41	131	88	145	49	163	96	105	109	75	97	50	152	67	138	90	130	123	28	115	70	77	68	153	34	115	107	12	89
0	0	0	0	0	0	0	0	0	0	0	0	0	0	0	0	0	0	0	0	0	0	0	0	0	0	0	0	0	0	0	0	0	0	0	0	0	0	71	73	107	81	144	89	66	97	128	113	97	70	42	127	70	83	54	38	85	54	132	127	89	26	39	72	113	79	46	127	123	47	151	95	113	40	100	102	107	115	66	80	120	58	67	33	76	135	36	61	108	99	77	133	45	117	80	10	163	141	86	18	102	115	17	70	108	126	36	149	3	74	120	58	24	112	66	60	107	60	81	141	58	38	56	116	78	39	62	91
0	0	0	0	0	0	0	0	0	0	0	0	0	0	0	0	0	0	0	0	0	0	0	0	0	0	0	0	0	0	0	0	0	0	0	0	0	0	0	47	140	85	50	107	33	124	119	94	65	151	78	105	12	60	68	91	70	79	50	75	104	79	108	66	95	82	18	90	84	105	56	86	128	8	41	45	52	45	31	45	134	126	53	86	76	56	66	49	56	109	60	120	89	61	136	94	112	132	108	147	27	146	60	74	120	52	72	132	123	117	117	58	161	140	114	72	57	33	117	62	125	71	95	58	73	113	98	84
0	0	0	0	0	0	0	0	0	0	0	0	0	0	0	0	0	0	0	0	0	0	0	0	0	0	0	0	0	0	0	0	0	0	0	0	0	0	0	0	58	99	46	137	153	139	76	90	97	144	25	106	143	47	81	86	107	134	113	46	54	55	77	19	136	50	28	149	99	70	49	131	57	106	91	96	24	124	157	59	94	128	70	117	97	12	61	33	109	144	51	76	107	142	68	114	84	53	160	97	59	61	104	151	51	71	61	65	74	110	93	116	49	86	35	48	33	114	125	122	100	101	145	61	88	35	41	48
0	0	0	0	0	0	0	0	0	0	0	0	0	0	0	0	0	0	0	0	0	0	0	0	0	0	0	0	0	0	0	0	0	0	0	0	0	0	0	0	0	57	116	96	128	118	91	43	138	52	56	90	159	30	158	12	130	117	74	109	131	105	109	141	110	114	103	92	155	23	61	106	58	79	14	114	39	53	35	43	121	58	74	19	105	40	33	162	69	65	40	77	45	96	32	98	65	42	81	134	62	144	41	111	112	119	125	132	86	128	41	71	40	48	146	90	81	126	120	41	125	20	138	96	123	41	141	85
0	0	0	0	0	0	0	0	0	0	0	0	0	0	0	0	0	0	0	0	0	0	0	0	0	0	0	0	0	0	0	0	0	0	0	0	0	0	0	0	0	0	140	75	30	62	79	76	53	126	51	109	120	152	120	53	38	129	91	23	133	106	125	163	84	69	148	135	98	34	140	111	140	103	70	82	94	113	136	95	140	83	143	27	65	105	22	110	53	104	55	131	129	52	98	10	143	93	90	69	8	5	59	56	128	32	77	40	156	96	88	93	80	150	36	58	55	108	46	127	93	67	130	99	101	31	59	63
0	0	0	0	0	0	0	0	0	0	0	0	0	0	0	0	0	0	0	0	0	0	0	0	0	0	0	0	0	0	0	0	0	0	0	0	0	0	0	0	0	0	0	43	38	89	57	112	79	130	113	84	51	112	36	123	53	24	139	126	120	49	62	130	147	65	127	117	137	67	95	28	24	62	125	84	54	75	20	48	130	104	137	134	118	90	135	116	64	136	79	70	38	101	164	117	87	80	149	81	140	59	124	79	54	27	81	40	86	146	92	42	131	19	104	141	65	55	43	119	144	28	31	115	95	94	15	72
0	0	0	0	0	0	0	0	0	0	0	0	0	0	0	0	0	0	0	0	0	0	0	0	0	0	0	0	0	0	0	0	0	0	0	0	0	0	0	0	0	0	0	0	79	59	41	103	44	88	64	93	81	138	43	102	32	61	103	154	71	42	104	46	73	97	121	100	151	37	148	51	86	105	82	109	155	113	113	107	56	16	35	52	47	102	151	100	104	101	81	89	146	84	117	135	138	101	93	50	121	80	100	109	90	40	96	104	58	93	91	86	96	140	51	92	139	115	51	49	90	157	83	133	156	75	124	125
0	0	0	0	0	0	0	0	0	0	0	0	0	0	0	0	0	0	0	0	0	0	0	0	0	0	0	0	0	0	0	0	0	0	0	0	0	0	0	0	0	0	0	0	0	92	76	61	146	142	121	121	92	129	68	120	30	78	156	111	120	131	121	45	15	82	105	96	73	30	63	113	29	58	158	55	144	75	28	53	150	111	70	24	93	141	149	84	107	67	131	139	33	86	127	85	41	139	137	120	48	146	65	56	120	147	131	33	92	38	48	34	91	121	49	124	105	108	105	117	91	155	83	36	30	98	152	112
0	0	0	0	0	0	0	0	0	0	0	0	0	0	0	0	0	0	0	0	0	0	0	0	0	0	0	0	0	0	0	0	0	0	0	0	0	0	0	0	0	0	0	0	0	0	139	138	28	63	98	88	66	63	103	137	99	129	138	123	53	93	118	146	150	16	89	147	35	102	79	46	103	72	112	143	74	51	71	17	147	43	129	75	63	119	64	93	140	53	116	29	89	93	153	126	72	94	12	129	85	96	86	80	64	79	78	27	129	43	52	71	35	95	158	16	32	109	130	71	126	30	43	41	159	84	90	71
0	0	0	0	0	0	0	0	0	0	0	0	0	0	0	0	0	0	0	0	0	0	0	0	0	0	0	0	0	0	0	0	0	0	0	0	0	0	0	0	0	0	0	0	0	0	0	66	65	58	124	112	58	20	128	34	141	108	136	46	14	115	29	24	157	68	19	59	89	108	65	63	154	140	99	134	109	129	23	89	81	75	63	104	66	93	82	18	166	52	123	96	90	69	54	70	135	78	90	102	37	103	54	140	43	167	138	85	61	119	133	138	145	58	104	23	71	68	72	49	126	144	66	111	40	148	142	139
0	0	0	0	0	0	0	0	0	0	0	0	0	0	0	0	0	0	0	0	0	0	0	0	0	0	0	0	0	0	0	0	0	0	0	0	0	0	0	0	0	0	0	0	0	0	0	0	72	10	115	8	100	108	90	105	51	48	160	85	82	93	143	61	118	8	87	144	47	95	152	113	129	58	155	55	18	93	116	69	97	81	104	86	132	87	44	94	138	55	117	83	69	118	138	61	70	48	28	116	123	49	95	77	26	79	165	100	125	56	121	94	84	66	113	27	139	34	81	77	80	32	88	43	74	81	106	48
0	0	0	0	0	0	0	0	0	0	0	0	0	0	0	0	0	0	0	0	0	0	0	0	0	0	0	0	0	0	0	0	0	0	0	0	0	0	0	0	0	0	0	0	0	0	0	0	0	163	68	151	65	102	133	69	156	108	56	56	90	76	80	42	52	61	65	91	80	122	92	118	101	126	18	145	40	12	80	137	49	68	90	165	124	34	53	169	81	151	144	75	25	140	123	123	77	136	103	132	134	97	145	52	117	87	148	110	156	142	92	73	19	70	50	94	103	70	51	58	134	103	110	30	54	86	74	106
0	0	0	0	0	0	0	0	0	0	0	0	0	0	0	0	0	0	0	0	0	0	0	0	0	0	0	0	0	0	0	0	0	0	0	0	0	0	0	0	0	0	0	0	0	0	0	0	0	0	35	127	88	95	111	84	93	55	99	67	66	59	59	36	104	142	79	79	131	116	170	87	98	62	62	50	128	148	166	79	61	70	91	28	59	121	149	81	89	128	31	124	61	60	52	159	122	137	82	113	132	45	77	40	35	124	143	33	62	114	33	152	76	60	76	81	136	58	66	143	66	119	94	80	69	98	22	121
0	0	0	0	0	0	0	0	0	0	0	0	0	0	0	0	0	0	0	0	0	0	0	0	0	0	0	0	0	0	0	0	0	0	0	0	0	0	0	0	0	0	0	0	0	0	0	0	0	0	0	105	103	145	148	55	127	73	30	114	84	28	117	50	115	130	71	83	75	27	138	112	157	160	20	19	111	150	145	124	18	151	126	57	57	86	55	28	111	76	146	116	127	11	52	57	118	43	76	118	46	18	46	168	102	148	90	81	111	44	73	147	105	127	44	60	97	131	117	92	53	97	91	71	120	79	67	58
0	0	0	0	0	0	0	0	0	0	0	0	0	0	0	0	0	0	0	0	0	0	0	0	0	0	0	0	0	0	0	0	0	0	0	0	0	0	0	0	0	0	0	0	0	0	0	0	0	0	0	0	88	97	141	117	99	66	119	122	162	139	110	98	129	83	91	109	121	121	81	31	81	61	66	50	71	85	134	48	137	59	111	95	34	137	107	13	89	121	130	107	155	79	143	121	140	48	75	111	62	154	65	88	113	43	6	27	134	31	119	157	92	155	94	150	52	103	47	31	33	122	16	41	39	26	103	65
0	0	0	0	0	0	0	0	0	0	0	0	0	0	0	0	0	0	0	0	0	0	0	0	0	0	0	0	0	0	0	0	0	0	0	0	0	0	0	0	0	0	0	0	0	0	0	0	0	0	0	0	0	27	105	144	94	173	22	92	101	126	83	84	47	31	82	5	73	105	121	49	100	110	52	93	145	69	137	61	69	60	86	47	130	47	50	109	38	63	107	51	66	154	150	126	93	161	78	78	90	145	124	103	105	60	39	60	71	162	69	61	141	19	14	134	57	17	78	124	94	57	101	118	118	164	104	130
0	0	0	0	0	0	0	0	0	0	0	0	0	0	0	0	0	0	0	0	0	0	0	0	0	0	0	0	0	0	0	0	0	0	0	0	0	0	0	0	0	0	0	0	0	0	0	0	0	0	0	0	0	0	110	48	39	112	44	19	74	137	90	43	51	93	36	105	120	13	47	112	128	64	74	140	62	25	65	116	131	74	104	43	113	97	171	27	88	127	88	57	122	61	133	121	69	97	52	107	27	48	95	151	129	131	47	41	129	108	68	140	140	27	50	138	139	99	36	63	156	53	33	129	58	78	74	75
0	0	0	0	0	0	0	0	0	0	0	0	0	0	0	0	0	0	0	0	0	0	0	0	0	0	0	0	0	0	0	0	0	0	0	0	0	0	0	0	0	0	0	0	0	0	0	0	0	0	0	0	0	0	0	116	80	154	81	28	123	86	122	49	93	61	48	125	49	132	138	125	137	137	85	79	76	115	67	111	26	155	141	38	165	134	33	124	75	21	125	104	126	117	130	63	117	102	50	120	90	71	126	144	117	72	128	13	103	109	82	90	13	92	167	14	57	47	73	83	80	48	49	84	147	89	11	57
0	0	0	0	0	0	0	0	0	0	0	0	0	0	0	0	0	0	0	0	0	0	0	0	0	0	0	0	0	0	0	0	0	0	0	0	0	0	0	0	0	0	0	0	0	0	0	0	0	0	0	0	0	0	0	0	54	41	119	169	117	9	86	154	37	64	132	131	154	41	149	117	59	71	57	144	41	83	56	104	99	60	88	133	128	55	124	39	92	79	97	163	121	114	128	53	73	157	46	76	56	59	136	51	94	118	92	57	74	130	126	48	141	78	28	115	71	70	113	109	66	146	86	101	103	82	50	124
0	0	0	0	0	0	0	0	0	0	0	0	0	0	0	0	0	0	0	0	0	0	0	0	0	0	0	0	0	0	0	0	0	0	0	0	0	0	0	0	0	0	0	0	0	0	0	0	0	0	0	0	0	0	0	0	0	63	132	88	168	76	70	22	87	79	95	175	37	132	71	62	67	136	52	90	121	104	98	33	70	78	64	113	77	130	110	34	131	167	28	63	128	32	70	66	155	58	98	118	21	78	47	140	92	47	54	34	59	76	123	137	127	59	131	95	69	62	94	59	139	78	144	67	110	122	98	47
0	0	0	0	0	0	0	0	0	0	0	0	0	0	0	0	0	0	0	0	0	0	0	0	0	0	0	0	0	0	0	0	0	0	0	0	0	0	0	0	0	0	0	0	0	0	0	0	0	0	0	0	0	0	0	0	0	0	27	60	124	147	44	119	64	26	107	48	107	121	66	148	173	103	146	64	110	34	53	79	52	102	104	175	129	56	101	56	19	27	183	89	91	74	113	123	115	106	144	71	50	18	76	82	151	25	88	102	85	82	114	84	71	113	95	53	40	81	47	126	67	24	108	44	64	112	120	44
0	0	0	0	0	0	0	0	0	0	0	0	0	0	0	0	0	0	0	0	0	0	0	0	0	0	0	0	0	0	0	0	0	0	0	0	0	0	0	0	0	0	0	0	0	0	0	0	0	0	0	0	0	0	0	0	0	0	0	156	70	117	110	125	81	93	146	87	127	97	151	85	150	60	96	79	35	149	38	89	57	45	85	107	90	124	74	114	93	90	79	106	79	94	49	36	90	53	173	95	152	122	84	36	138	70	132	50	102	108	32	30	110	98	13	51	107	86	64	83	62	100	125	79	62	34	119	118
0	0	0	0	0	0	0	0	0	0	0	0	0	0	0	0	0	0	0	0	0	0	0	0	0	0	0	0	0	0	0	0	0	0	0	0	0	0	0	0	0	0	0	0	0	0	0	0	0	0	0	0	0	0	0	0	0	0	0	0	161	97	108	141	59	51	152	69	105	25	103	43	87	118	114	87	132	87	128	161	62	49	83	111	130	129	100	30	44	116	106	105	94	100	48	76	77	133	49	41	46	123	103	76	125	24	93	113	90	82	58	73	41	117	100	115	59	32	106	114	67	38	101	96	32	83	61	68
0	0	0	0	0	0	0	0	0	0	0	0	0	0	0	0	0	0	0	0	0	0	0	0	0	0	0	0	0	0	0	0	0	0	0	0	0	0	0	0	0	0	0	0	0	0	0	0	0	0	0	0	0	0	0	0	0	0	0	0	0	40	35	96	84	53	130	29	112	24	143	166	152	99	37	58	137	89	116	106	50	64	132	112	80	162	68	159	134	109	116	104	73	105	48	83	66	131	62	77	41	21	175	125	94	85	84	97	170	82	34	93	18	87	167	166	118	38	24	137	86	41	159	71	32	131	114	106
0	0	0	0	0	0	0	0	0	0	0	0	0	0	0	0	0	0	0	0	0	0	0	0	0	0	0	0	0	0	0	0	0	0	0	0	0	0	0	0	0	0	0	0	0	0	0	0	0	0	0	0	0	0	0	0	0	0	0	0	0	0	111	119	7	118	137	177	157	67	110	160	46	93	37	63	110	49	108	34	81	29	90	176	121	112	94	88	56	134	125	122	73	143	115	164	133	82	94	145	80	115	103	78	75	58	112	124	31	46	62	121	81	52	81	143	72	141	126	61	100	63	56	119	47	42	73	181
0	0	0	0	0	0	0	0	0	0	0	0	0	0	0	0	0	0	0	0	0	0	0	0	0	0	0	0	0	0	0	0	0	0	0	0	0	0	0	0	0	0	0	0	0	0	0	0	0	0	0	0	0	0	0	0	0	0	0	0	0	0	0	128	135	89	146	43	166	127	142	52	105	135	112	34	107	85	154	85	174	27	79	142	22	80	69	91	53	114	102	116	116	39	49	78	81	180	88	85	52	82	77	66	45	103	103	54	134	184	89	72	162	31	107	124	117	93	29	71	149	110	77	76	188	70	56	135
0	0	0	0	0	0	0	0	0	0	0	0	0	0	0	0	0	0	0	0	0	0	0	0	0	0	0	0	0	0	0	0	0	0	0	0	0	0	0	0	0	0	0	0	0	0	0	0	0	0	0	0	0	0	0	0	0	0	0	0	0	0	0	0	115	126	158	112	119	62	70	120	175	45	151	108	93	141	95	158	111	92	131	44	120	51	5	101	144	129	177	92	110	157	169	86	133	37	120	160	134	120	12	96	82	126	96	93	77	76	40	153	74	82	30	73	94	85	62	116	104	48	53	67	127	122	85	120
0	0	0	0	0	0	0	0	0	0	0	0	0	0	0	0	0	0	0	0	0	0	0	0	0	0	0	0	0	0	0	0	0	0	0	0	0	0	0	0	0	0	0	0	0	0	0	0	0	0	0	0	0	0	0	0	0	0	0	0	0	0	0	0	0	70	44	127	111	116	96	81	72	42	43	185	123	148	121	110	88	111	146	58	139	121	116	55	43	112	160	144	119	71	178	138	180	89	98	135	31	161	48	147	67	130	60	59	62	65	38	18	57	172	167	99	127	141	66	56	18	30	59	140	113	68	90	133
0	0	0	0	0	0	0	0	0	0	0	0	0	0	0	0	0	0	0	0	0	0	0	0	0	0	0	0	0	0	0	0	0	0	0	0	0	0	0	0	0	0	0	0	0	0	0	0	0	0	0	0	0	0	0	0	0	0	0	0	0	0	0	0	0	0	143	154	90	130	92	69	60	44	86	37	102	105	85	94	158	117	97	88	148	110	85	139	126	95	55	10	99	63	76	146	110	64	44	94	88	136	117	111	99	33	153	110	69	24	111	96	119	115	47	144	68	90	74	134	88	71	71	92	113	158	71	172
0	0	0	0	0	0	0	0	0	0	0	0	0	0	0	0	0	0	0	0	0	0	0	0	0	0	0	0	0	0	0	0	0	0	0	0	0	0	0	0	0	0	0	0	0	0	0	0	0	0	0	0	0	0	0	0	0	0	0	0	0	0	0	0	0	0	0	176	54	41	138	136	87	142	16	18	160	114	150	136	88	24	73	88	81	147	85	121	92	87	129	96	59	47	72	80	61	105	77	81	123	102	34	129	140	115	171	43	34	57	139	101	168	65	139	130	156	61	94	102	183	97	61	147	13	133	189	54
0	0	0	0	0	0	0	0	0	0	0	0	0	0	0	0	0	0	0	0	0	0	0	0	0	0	0	0	0	0	0	0	0	0	0	0	0	0	0	0	0	0	0	0	0	0	0	0	0	0	0	0	0	0	0	0	0	0	0	0	0	0	0	0	0	0	0	0	95	130	114	73	111	65	94	98	105	88	67	163	148	192	130	109	127	41	176	125	94	73	171	128	24	93	114	142	28	150	112	77	121	132	71	87	48	135	20	139	74	138	144	158	96	67	88	100	140	141	49	122	35	123	117	93	30	155	129	30
0	0	0	0	0	0	0	0	0	0	0	0	0	0	0	0	0	0	0	0	0	0	0	0	0	0	0	0	0	0	0	0	0	0	0	0	0	0	0	0	0	0	0	0	0	0	0	0	0	0	0	0	0	0	0	0	0	0	0	0	0	0	0	0	0	0	0	0	0	126	41	173	117	40	98	71	31	113	131	57	94	104	113	126	119	18	104	163	74	128	96	29	4	134	80	30	60	170	79	71	119	106	85	132	93	63	108	51	186	86	163	112	120	69	96	92	131	107	140	102	84	101	48	166	98	132	67	42
0	0	0	0	0	0	0	0	0	0	0	0	0	0	0	0	0	0	0	0	0	0	0	0	0	0	0	0	0	0	0	0	0	0	0	0	0	0	0	0	0	0	0	0	0	0	0	0	0	0	0	0	0	0	0	0	0	0	0	0	0	0	0	0	0	0	0	0	0	0	157	112	92	39	180	161	93	86	178	135	161	148	161	146	62	67	100	156	167	116	119	34	180	47	55	145	179	135	185	114	157	113	153	67	105	176	123	52	135	81	107	63	150	99	120	28	36	79	121	38	107	173	29	127	80	84	32	121
0	0	0	0	0	0	0	0	0	0	0	0	0	0	0	0	0	0	0	0	0	0	0	0	0	0	0	0	0	0	0	0	0	0	0	0	0	0	0	0	0	0	0	0	0	0	0	0	0	0	0	0	0	0	0	0	0	0	0	0	0	0	0	0	0	0	0	0	0	0	0	138	47	50	173	106	160	150	117	48	46	125	184	40	164	126	79	147	53	136	163	39	112	89	46	28	43	149	58	147	50	174	87	19	68	15	64	131	163	121	63	123	123	66	171	128	95	72	105	158	78	108	70	122	165	142	87	39
0	0	0	0	0	0	0	0	0	0	0	0	0	0	0	0	0	0	0	0	0	0	0	0	0	0	0	0	0	0	0	0	0	0	0	0	0	0	0	0	0	0	0	0	0	0	0	0	0	0	0	0	0	0	0	0	0	0	0	0	0	0	0	0	0	0	0	0	0	0	0	0	100	109	172	106	94	91	116	173	85	56	124	130	53	41	33	138	100	48	58	42	77	79	127	145	117	185	190	106	24	59	171	86	132	140	56	88	38	96	21	139	151	95	118	27	103	95	55	86	156	114	151	108	129	137	38	41
0	0	0	0	0	0	0	0	0	0	0	0	0	0	0	0	0	0	0	0	0	0	0	0	0	0	0	0	0	0	0	0	0	0	0	0	0	0	0	0	0	0	0	0	0	0	0	0	0	0	0	0	0	0	0	0	0	0	0	0	0	0	0	0	0	0	0	0	0	0	0	0	0	86	94	23	156	103	166	149	84	72	53	102	142	49	94	142	106	52	68	71	120	64	138	55	22	91	181	133	147	33	91	146	113	136	73	161	145	150	49	5	98	153	122	58	51	140	115	155	115	112	99	170	51	45	93	53
0	0	0	0	0	0	0	0	0	0	0	0	0	0	0	0	0	0	0	0	0	0	0	0	0	0	0	0	0	0	0	0	0	0	0	0	0	0	0	0	0	0	0	0	0	0	0	0	0	0	0	0	0	0	0	0	0	0	0	0	0	0	0	0	0	0	0	0	0	0	0	0	0	0	74	117	179	105	126	135	58	65	86	23	15	100	90	43	130	90	67	50	191	86	134	42	61	68	116	119	139	69	132	68	52	165	160	158	153	164	82	90	65	124	183	134	133	125	80	123	166	29	65	168	84	104	153	78
0	0	0	0	0	0	0	0	0	0	0	0	0	0	0	0	0	0	0	0	0	0	0	0	0	0	0	0	0	0	0	0	0	0	0	0	0	0	0	0	0	0	0	0	0	0	0	0	0	0	0	0	0	0	0	0	0	0	0	0	0	0	0	0	0	0	0	0	0	0	0	0	0	0	0	25	166	108	109	135	88	95	181	63	161	78	124	121	62	61	99	156	134	71	44	166	123	186	75	131	88	81	162	132	104	145	33	98	125	190	120	112	55	54	87	107	121	122	140	73	9	91	160	69	132	83	46	83
0	0	0	0	0	0	0	0	0	0	0	0	0	0	0	0	0	0	0	0	0	0	0	0	0	0	0	0	0	0	0	0	0	0	0	0	0	0	0	0	0	0	0	0	0	0	0	0	0	0	0	0	0	0	0	0	0	0	0	0	0	0	0	0	0	0	0	0	0	0	0	0	0	0	0	0	155	189	111	135	136	72	73	149	72	44	56	129	99	133	46	151	38	76	109	164	78	107	78	54	120	68	69	114	121	97	109	141	80	123	175	122	125	167	152	136	155	65	113	96	105	141	90	69	61	137	113	94
0	0	0	0	0	0	0	0	0	0	0	0	0	0	0	0	0	0	0	0	0	0	0	0	0	0	0	0	0	0	0	0	0	0	0	0	0	0	0	0	0	0	0	0	0	0	0	0	0	0	0	0	0	0	0	0	0	0	0	0	0	0	0	0	0	0	0	0	0	0	0	0	0	0	0	0	0	176	67	142	198	125	148	104	53	169	137	184	22	54	68	125	68	159	43	101	85	182	114	191	110	120	32	193	90	16	99	143	111	33	146	120	47	37	32	95	131	70	135	132	117	96	77	61	49	46	116	61
0	0	0	0	0	0	0	0	0	0	0	0	0	0	0	0	0	0	0	0	0	0	0	0	0	0	0	0	0	0	0	0	0	0	0	0	0	0	0	0	0	0	0	0	0	0	0	0	0	0	0	0	0	0	0	0	0	0	0	0	0	0	0	0	0	0	0	0	0	0	0	0	0	0	0	0	0	0	113	126	103	141	88	141	110	171	60	90	55	76	32	142	105	155	89	72	148	82	95	88	69	15	183	174	113	94	75	155	139	113	37	177	109	37	77	43	74	68	143	98	81	75	159	145	174	77	97	71
0	0	0	0	0	0	0	0	0	0	0	0	0	0	0	0	0	0	0	0	0	0	0	0	0	0	0	0	0	0	0	0	0	0	0	0	0	0	0	0	0	0	0	0	0	0	0	0	0	0	0	0	0	0	0	0	0	0	0	0	0	0	0	0	0	0	0	0	0	0	0	0	0	0	0	0	0	0	0	43	125	134	67	129	164	168	65	137	102	18	72	7	108	152	111	18	113	38	117	138	45	128	129	118	64	103	136	51	95	30	51	80	75	104	48	136	109	51	156	157	130	133	138	50	167	144	131	97
0	0	0	0	0	0	0	0	0	0	0	0	0	0	0	0	0	0	0	0	0	0	0	0	0	0	0	0	0	0	0	0	0	0	0	0	0	0	0	0	0	0	0	0	0	0	0	0	0	0	0	0	0	0	0	0	0	0	0	0	0	0	0	0	0	0	0	0	0	0	0	0	0	0	0	0	0	0	0	0	31	89	100	164	22	81	130	69	141	107	92	58	68	55	157	42	78	48	129	140	62	149	84	90	69	9	48	103	77	103	170	59	155	81	182	123	138	51	97	170	92	121	144	61	73	106	69	70
0	0	0	0	0	0	0	0	0	0	0	0	0	0	0	0	0	0	0	0	0	0	0	0	0	0	0	0	0	0	0	0	0	0	0	0	0	0	0	0	0	0	0	0	0	0	0	0	0	0	0	0	0	0	0	0	0	0	0	0	0	0	0	0	0	0	0	0	0	0	0	0	0	0	0	0	0	0	0	0	0	61	50	125	87	190	150	122	80	120	111	97	122	22	34	80	98	64	105	162	60	55	48	132	102	36	170	110	126	85	197	170	125	74	125	145	97	70	122	80	156	108	171	38	81	119	149	177
0	0	0	0	0	0	0	0	0	0	0	0	0	0	0	0	0	0	0	0	0	0	0	0	0	0	0	0	0	0	0	0	0	0	0	0	0	0	0	0	0	0	0	0	0	0	0	0	0	0	0	0	0	0	0	0	0	0	0	0	0	0	0	0	0	0	0	0	0	0	0	0	0	0	0	0	0	0	0	0	0	0	154	112	124	174	163	132	157	164	120	35	100	112	120	193	111	136	108	111	40	127	118	77	86	7	36	96	90	114	126	165	183	129	100	90	114	97	94	133	114	178	93	105	146	162	160	125
0	0	0	0	0	0	0	0	0	0	0	0	0	0	0	0	0	0	0	0	0	0	0	0	0	0	0	0	0	0	0	0	0	0	0	0	0	0	0	0	0	0	0	0	0	0	0	0	0	0	0	0	0	0	0	0	0	0	0	0	0	0	0	0	0	0	0	0	0	0	0	0	0	0	0	0	0	0	0	0	0	0	0	138	145	121	70	162	147	30	92	79	129	39	33	149	118	110	100	128	23	113	98	81	118	122	153	49	99	144	72	121	101	34	113	77	112	94	33	45	153	78	89	114	186	50	53	129
0	0	0	0	0	0	0	0	0	0	0	0	0	0	0	0	0	0	0	0	0	0	0	0	0	0	0	0	0	0	0	0	0	0	0	0	0	0	0	0	0	0	0	0	0	0	0	0	0	0	0	0	0	0	0	0	0	0	0	0	0	0	0	0	0	0	0	0	0	0	0	0	0	0	0	0	0	0	0	0	0	0	0	0	129	98	105	28	118	79	170	77	45	147	113	54	114	151	115	69	159	29	193	137	44	69	185	62	46	135	196	103	121	177	67	102	185	156	205	132	86	102	87	111	94	123	164	153
0	0	0	0	0	0	0	0	0	0	0	0	0	0	0	0	0	0	0	0	0	0	0	0	0	0	0	0	0	0	0	0	0	0	0	0	0	0	0	0	0	0	0	0	0	0	0	0	0	0	0	0	0	0	0	0	0	0	0	0	0	0	0	0	0	0	0	0	0	0	0	0	0	0	0	0	0	0	0	0	0	0	0	0	0	131	78	79	130	187	56	127	83	78	165	86	181	52	59	116	76	98	200	77	108	98	112	192	99	160	120	133	81	104	165	43	94	60	21	122	72	189	97	52	52	99	134	194
0	0	0	0	0	0	0	0	0	0	0	0	0	0	0	0	0	0	0	0	0	0	0	0	0	0	0	0	0	0	0	0	0	0	0	0	0	0	0	0	0	0	0	0	0	0	0	0	0	0	0	0	0	0	0	0	0	0	0	0	0	0	0	0	0	0	0	0	0	0	0	0	0	0	0	0	0	0	0	0	0	0	0	0	0	0	137	101	144	79	61	27	109	70	155	146	118	123	70	111	59	113	97	156	104	114	114	49	74	120	143	184	147	140	20	189	73	58	169	46	72	116	110	122	132	89	162	123
0	0	0	0	0	0	0	0	0	0	0	0	0	0	0	0	0	0	0	0	0	0	0	0	0	0	0	0	0	0	0	0	0	0	0	0	0	0	0	0	0	0	0	0	0	0	0	0	0	0	0	0	0	0	0	0	0	0	0	0	0	0	0	0	0	0	0	0	0	0	0	0	0	0	0	0	0	0	0	0	0	0	0	0	0	0	0	107	78	97	151	45	96	124	20	106	49	61	67	155	91	63	91	155	146	22	154	20	49	155	125	91	195	201	111	65	60	144	105	159	99	78	55	123	125	132	143	34
0	0	0	0	0	0	0	0	0	0	0	0	0	0	0	0	0	0	0	0	0	0	0	0	0	0	0	0	0	0	0	0	0	0	0	0	0	0	0	0	0	0	0	0	0	0	0	0	0	0	0	0	0	0	0	0	0	0	0	0	0	0	0	0	0	0	0	0	0	0	0	0	0	0	0	0	0	0	0	0	0	0	0	0	0	0	0	0	197	76	75	169	154	117	135	100	118	100	156	145	179	87	145	11	22	172	91	99	62	162	68	87	88	30	168	47	118	176	84	77	138	161	116	67	143	45	127	101
0	0	0	0	0	0	0	0	0	0	0	0	0	0	0	0	0	0	0	0	0	0	0	0	0	0	0	0	0	0	0	0	0	0	0	0	0	0	0	0	0	0	0	0	0	0	0	0	0	0	0	0	0	0	0	0	0	0	0	0	0	0	0	0	0	0	0	0	0	0	0	0	0	0	0	0	0	0	0	0	0	0	0	0	0	0	0	0	0	26	130	113	168	32	147	82	112	89	131	169	123	85	40	122	138	95	170	112	145	185	147	93	21	97	79	163	185	211	64	49	106	74	78	144	143	104	133	97
0	0	0	0	0	0	0	0	0	0	0	0	0	0	0	0	0	0	0	0	0	0	0	0	0	0	0	0	0	0	0	0	0	0	0	0	0	0	0	0	0	0	0	0	0	0	0	0	0	0	0	0	0	0	0	0	0	0	0	0	0	0	0	0	0	0	0	0	0	0	0	0	0	0	0	0	0	0	0	0	0	0	0	0	0	0	0	0	0	0	123	83	121	55	142	134	123	40	27	124	80	54	135	134	129	63	108	134	154	86	20	19	174	153	209	30	122	155	72	217	172	114	144	132	123	189	187	119
0	0	0	0	0	0	0	0	0	0	0	0	0	0	0	0	0	0	0	0	0	0	0	0	0	0	0	0	0	0	0	0	0	0	0	0	0	0	0	0	0	0	0	0	0	0	0	0	0	0	0	0	0	0	0	0	0	0	0	0	0	0	0	0	0	0	0	0	0	0	0	0	0	0	0	0	0	0	0	0	0	0	0	0	0	0	0	0	0	0	0	115	89	126	116	119	161	117	109	140	144	68	96	108	15	104	49	159	69	61	140	171	123	129	56	145	71	48	75	91	31	96	76	50	88	107	57	99
0	0	0	0	0	0	0	0	0	0	0	0	0	0	0	0	0	0	0	0	0	0	0	0	0	0	0	0	0	0	0	0	0	0	0	0	0	0	0	0	0	0	0	0	0	0	0	0	0	0	0	0	0	0	0	0	0	0	0	0	0	0	0	0	0	0	0	0	0	0	0	0	0	0	0	0	0	0	0	0	0	0	0	0	0	0	0	0	0	0	0	0	60	180	152	101	156	71	44	158	92	78	11	109	176	160	66	95	48	56	77	56	104	120	142	95	139	82	122	99	32	92	147	81	212	126	68	83
0	0	0	0	0	0	0	0	0	0	0	0	0	0	0	0	0	0	0	0	0	0	0	0	0	0	0	0	0	0	0	0	0	0	0	0	0	0	0	0	0	0	0	0	0	0	0	0	0	0	0	0	0	0	0	0	0	0	0	0	0	0	0	0	0	0	0	0	0	0	0	0	0	0	0	0	0	0	0	0	0	0	0	0	0	0	0	0	0	0	0	0	0	172	100	10	48	72	106	114	3	166	133	125	148	75	79	60	132	213	107	131	101	184	103	192	78	109	96	107	162	173	128	155	80	109	195	79
0	0	0	0	0	0	0	0	0	0	0	0	0	0	0	0	0	0	0	0	0	0	0	0	0	0	0	0	0	0	0	0	0	0	0	0	0	0	0	0	0	0	0	0	0	0	0	0	0	0	0	0	0	0	0	0	0	0	0	0	0	0	0	0	0	0	0	0	0	0	0	0	0	0	0	0	0	0	0	0	0	0	0	0	0	0	0	0	0	0	0	0	0	0	100	119	22	154	148	77	129	147	94	122	52	83	137	125	98	191	197	143	181	72	79	88	73	114	146	124	31	115	101	24	126	125	141	96
0	0	0	0	0	0	0	0	0	0	0	0	0	0	0	0	0	0	0	0	0	0	0	0	0	0	0	0	0	0	0	0	0	0	0	0	0	0	0	0	0	0	0	0	0	0	0	0	0	0	0	0	0	0	0	0	0	0	0	0	0	0	0	0	0	0	0	0	0	0	0	0	0	0	0	0	0	0	0	0	0	0	0	0	0	0	0	0	0	0	0	0	0	0	0	145	77	163	110	140	95	192	147	153	138	113	140	41	169	105	82	192	128	152	193	108	75	137	122	186	83	94	64	160	100	105	61	159
0	0	0	0	0	0	0	0	0	0	0	0	0	0	0	0	0	0	0	0	0	0	0	0	0	0	0	0	0	0	0	0	0	0	0	0	0	0	0	0	0	0	0	0	0	0	0	0	0	0	0	0	0	0	0	0	0	0	0	0	0	0	0	0	0	0	0	0	0	0	0	0	0	0	0	0	0	0	0	0	0	0	0	0	0	0	0	0	0	0	0	0	0	0	0	0	89	127	130	133	196	110	77	48	148	21	114	88	176	118	74	109	161	74	123	159	86	220	165	79	36	80	31	134	50	99	159	70
0	0	0	0	0	0	0	0	0	0	0	0	0	0	0	0	0	0	0	0	0	0	0	0	0	0	0	0	0	0	0	0	0	0	0	0	0	0	0	0	0	0	0	0	0	0	0	0	0	0	0	0	0	0	0	0	0	0	0	0	0	0	0	0	0	0	0	0	0	0	0	0	0	0	0	0	0	0	0	0	0	0	0	0	0	0	0	0	0	0	0	0	0	0	0	0	0	122	55	35	107	157	138	27	143	28	23	133	10	87	134	81	139	104	51	129	41	125	169	117	162	76	129	113	67	21	134	75
0	0	0	0	0	0	0	0	0	0	0	0	0	0	0	0	0	0	0	0	0	0	0	0	0	0	0	0	0	0	0	0	0	0	0	0	0	0	0	0	0	0	0	0	0	0	0	0	0	0	0	0	0	0	0	0	0	0	0	0	0	0	0	0	0	0	0	0	0	0	0	0	0	0	0	0	0	0	0	0	0	0	0	0	0	0	0	0	0	0	0	0	0	0	0	0	0	0	187	108	127	129	61	91	87	42	100	65	48	83	92	139	133	47	26	123	100	135	92	103	75	68	133	172	147	46	119	60
0	0	0	0	0	0	0	0	0	0	0	0	0	0	0	0	0	0	0	0	0	0	0	0	0	0	0	0	0	0	0	0	0	0	0	0	0	0	0	0	0	0	0	0	0	0	0	0	0	0	0	0	0	0	0	0	0	0	0	0	0	0	0	0	0	0	0	0	0	0	0	0	0	0	0	0	0	0	0	0	0	0	0	0	0	0	0	0	0	0	0	0	0	0	0	0	0	0	0	47	139	64	173	73	70	116	172	102	131	99	72	121	156	127	78	75	102	59	103	130	160	129	58	129	123	180	63	177
0	0	0	0	0	0	0	0	0	0	0	0	0	0	0	0	0	0	0	0	0	0	0	0	0	0	0	0	0	0	0	0	0	0	0	0	0	0	0	0	0	0	0	0	0	0	0	0	0	0	0	0	0	0	0	0	0	0	0	0	0	0	0	0	0	0	0	0	0	0	0	0	0	0	0	0	0	0	0	0	0	0	0	0	0	0	0	0	0	0	0	0	0	0	0	0	0	0	0	0	61	75	113	87	111	126	51	55	75	157	176	204	106	71	173	94	122	151	144	71	150	89	103	163	20	98	71	119
0	0	0	0	0	0	0	0	0	0	0	0	0	0	0	0	0	0	0	0	0	0	0	0	0	0	0	0	0	0	0	0	0	0	0	0	0	0	0	0	0	0	0	0	0	0	0	0	0	0	0	0	0	0	0	0	0	0	0	0	0	0	0	0	0	0	0	0	0	0	0	0	0	0	0	0	0	0	0	0	0	0	0	0	0	0	0	0	0	0	0	0	0	0	0	0	0	0	0	0	0	187	156	22	146	113	73	171	101	130	170	104	90	59	29	115	215	117	129	92	112	166	19	105	69	77	140	97
0	0	0	0	0	0	0	0	0	0	0	0	0	0	0	0	0	0	0	0	0	0	0	0	0	0	0	0	0	0	0	0	0	0	0	0	0	0	0	0	0	0	0	0	0	0	0	0	0	0	0	0	0	0	0	0	0	0	0	0	0	0	0	0	0	0	0	0	0	0	0	0	0	0	0	0	0	0	0	0	0	0	0	0	0	0	0	0	0	0	0	0	0	0	0	0	0	0	0	0	0	0	126	69	128	125	28	84	118	206	68	154	34	123	136	76	113	52	10	131	131	184	200	124	60	88	85	38
0	0	0	0	0	0	0	0	0	0	0	0	0	0	0	0	0	0	0	0	0	0	0	0	0	0	0	0	0	0	0	0	0	0	0	0	0	0	0	0	0	0	0	0	0	0	0	0	0	0	0	0	0	0	0	0	0	0	0	0	0	0	0	0	0	0	0	0	0	0	0	0	0	0	0	0	0	0	0	0	0	0	0	0	0	0	0	0	0	0	0	0	0	0	0	0	0	0	0	0	0	0	0	146	27	74	117	197	116	180	140	131	77	95	190	139	97	141	96	54	105	144	101	65	206	131	83	66
0	0	0	0	0	0	0	0	0	0	0	0	0	0	0	0	0	0	0	0	0	0	0	0	0	0	0	0	0	0	0	0	0	0	0	0	0	0	0	0	0	0	0	0	0	0	0	0	0	0	0	0	0	0	0	0	0	0	0	0	0	0	0	0	0	0	0	0	0	0	0	0	0	0	0	0	0	0	0	0	0	0	0	0	0	0	0	0	0	0	0	0	0	0	0	0	0	0	0	0	0	0	0	0	150	96	49	135	73	162	151	174	188	52	78	135	123	102	192	36	169	102	62	163	142	89	110	184
0	0	0	0	0	0	0	0	0	0	0	0	0	0	0	0	0	0	0	0	0	0	0	0	0	0	0	0	0	0	0	0	0	0	0	0	0	0	0	0	0	0	0	0	0	0	0	0	0	0	0	0	0	0	0	0	0	0	0	0	0	0	0	0	0	0	0	0	0	0	0	0	0	0	0	0	0	0	0	0	0	0	0	0	0	0	0	0	0	0	0	0	0	0	0	0	0	0	0	0	0	0	0	0	0	198	190	61	133	112	158	106	121	122	88	172	93	130	67	143	191	166	115	75	106	166	101	167
0	0	0	0	0	0	0	0	0	0	0	0	0	0	0	0	0	0	0	0	0	0	0	0	0	0	0	0	0	0	0	0	0	0	0	0	0	0	0	0	0	0	0	0	0	0	0	0	0	0	0	0	0	0	0	0	0	0	0	0	0	0	0	0	0	0	0	0	0	0	0	0	0	0	0	0	0	0	0	0	0	0	0	0	0	0	0	0	0	0	0	0	0	0	0	0	0	0	0	0	0	0	0	0	0	0	87	181	79	95	147	124	118	132	82	143	96	101	156	139	114	108	111	169	104	137	130	180
0	0	0	0	0	0	0	0	0	0	0	0	0	0	0	0	0	0	0	0	0	0	0	0	0	0	0	0	0	0	0	0	0	0	0	0	0	0	0	0	0	0	0	0	0	0	0	0	0	0	0	0	0	0	0	0	0	0	0	0	0	0	0	0	0	0	0	0	0	0	0	0	0	0	0	0	0	0	0	0	0	0	0	0	0	0	0	0	0	0	0	0	0	0	0	0	0	0	0	0	0	0	0	0	0	0	0	100	108	116	140	186	129	139	127	89	55	82	120	140	67	66	125	90	142	171	142	114
0	0	0	0	0	0	0	0	0	0	0	0	0	0	0	0	0	0	0	0	0	0	0	0	0	0	0	0	0	0	0	0	0	0	0	0	0	0	0	0	0	0	0	0	0	0	0	0	0	0	0	0	0	0	0	0	0	0	0	0	0	0	0	0	0	0	0	0	0	0	0	0	0	0	0	0	0	0	0	0	0	0	0	0	0	0	0	0	0	0	0	0	0	0	0	0	0	0	0	0	0	0	0	0	0	0	0	0	115	34	121	96	121	72	84	128	153	120	112	37	76	85	69	210	161	68	127	89
0	0	0	0	0	0	0	0	0	0	0	0	0	0	0	0	0	0	0	0	0	0	0	0	0	0	0	0	0	0	0	0	0	0	0	0	0	0	0	0	0	0	0	0	0	0	0	0	0	0	0	0	0	0	0	0	0	0	0	0	0	0	0	0	0	0	0	0	0	0	0	0	0	0	0	0	0	0	0	0	0	0	0	0	0	0	0	0	0	0	0	0	0	0	0	0	0	0	0	0	0	0	0	0	0	0	0	0	0	70	74	200	55	118	168	67	105	115	85	99	87	122	62	74	123	127	103	208
0	0	0	0	0	0	0	0	0	0	0	0	0	0	0	0	0	0	0	0	0	0	0	0	0	0	0	0	0	0	0	0	0	0	0	0	0	0	0	0	0	0	0	0	0	0	0	0	0	0	0	0	0	0	0	0	0	0	0	0	0	0	0	0	0	0	0	0	0	0	0	0	0	0	0	0	0	0	0	0	0	0	0	0	0	0	0	0	0	0	0	0	0	0	0	0	0	0	0	0	0	0	0	0	0	0	0	0	0	0	83	172	137	89	133	165	133	112	136	93	81	85	136	145	119	134	49	137
0	0	0	0	0	0	0	0	0	0	0	0	0	0	0	0	0	0	0	0	0	0	0	0	0	0	0	0	0	0	0	0	0	0	0	0	0	0	0	0	0	0	0	0	0	0	0	0	0	0	0	0	0	0	0	0	0	0	0	0	0	0	0	0	0	0	0	0	0	0	0	0	0	0	0	0	0	0	0	0	0	0	0	0	0	0	0	0	0	0	0	0	0	0	0	0	0	0	0	0	0	0	0	0	0	0	0	0	0	0	0	86	110	165	151	186	87	213	165	134	115	29	55	136	186	125	106	198
0	0	0	0	0	0	0	0	0	0	0	0	0	0	0	0	0	0	0	0	0	0	0	0	0	0	0	0	0	0	0	0	0	0	0	0	0	0	0	0	0	0	0	0	0	0	0	0	0	0	0	0	0	0	0	0	0	0	0	0	0	0	0	0	0	0	0	0	0	0	0	0	0	0	0	0	0	0	0	0	0	0	0	0	0	0	0	0	0	0	0	0	0	0	0	0	0	0	0	0	0	0	0	0	0	0	0	0	0	0	0	0	109	116	124	44	122	139	200	63	184	100	145	82	114	68	58	195
0	0	0	0	0	0	0	0	0	0	0	0	0	0	0	0	0	0	0	0	0	0	0	0	0	0	0	0	0	0	0	0	0	0	0	0	0	0	0	0	0	0	0	0	0	0	0	0	0	0	0	0	0	0	0	0	0	0	0	0	0	0	0	0	0	0	0	0	0	0	0	0	0	0	0	0	0	0	0	0	0	0	0	0	0	0	0	0	0	0	0	0	0	0	0	0	0	0	0	0	0	0	0	0	0	0	0	0	0	0	0	0	0	224	27	6	19	168	75	100	198	89	203	136	196	146	206	149
0	0	0	0	0	0	0	0	0	0	0	0	0	0	0	0	0	0	0	0	0	0	0	0	0	0	0	0	0	0	0	0	0	0	0	0	0	0	0	0	0	0	0	0	0	0	0	0	0	0	0	0	0	0	0	0	0	0	0	0	0	0	0	0	0	0	0	0	0	0	0	0	0	0	0	0	0	0	0	0	0	0	0	0	0	0	0	0	0	0	0	0	0	0	0	0	0	0	0	0	0	0	0	0	0	0	0	0	0	0	0	0	0	0	137	39	114	62	136	30	110	136	103	144	116	140	62	108
0	0	0	0	0	0	0	0	0	0	0	0	0	0	0	0	0	0	0	0	0	0	0	0	0	0	0	0	0	0	0	0	0	0	0	0	0	0	0	0	0	0	0	0	0	0	0	0	0	0	0	0	0	0	0	0	0	0	0	0	0	0	0	0	0	0	0	0	0	0	0	0	0	0	0	0	0	0	0	0	0	0	0	0	0	0	0	0	0	0	0	0	0	0	0	0	0	0	0	0	0	0	0	0	0	0	0	0	0	0	0	0	0	0	0	97	103	171	117	42	16	169	134	110	83	178	109	86
0	0	0	0	0	0	0	0	0	0	0	0	0	0	0	0	0	0	0	0	0	0	0	0	0	0	0	0	0	0	0	0	0	0	0	0	0	0	0	0	0	0	0	0	0	0	0	0	0	0	0	0	0	0	0	0	0	0	0	0	0	0	0	0	0	0	0	0	0	0	0	0	0	0	0	0	0	0	0	0	0	0	0	0	0	0	0	0	0	0	0	0	0	0	0	0	0	0	0	0	0	0	0	0	0	0	0	0	0	0	0	0	0	0	0	0	115	125	135	24	203	42	130	159	139	131	28	49
0	0	0	0	0	0	0	0	0	0	0	0	0	0	0	0	0	0	0	0	0	0	0	0	0	0	0	0	0	0	0	0	0	0	0	0	0	0	0	0	0	0	0	0	0	0	0	0	0	0	0	0	0	0	0	0	0	0	0	0	0	0	0	0	0	0	0	0	0	0	0	0	0	0	0	0	0	0	0	0	0	0	0	0	0	0	0	0	0	0	0	0	0	0	0	0	0	0	0	0	0	0	0	0	0	0	0	0	0	0	0	0	0	0	0	0	0	69	84	96	180	180	130	239	80	212	105	145
0	0	0	0	0	0	0	0	0	0	0	0	0	0	0	0	0	0	0	0	0	0	0	0	0	0	0	0	0	0	0	0	0	0	0	0	0	0	0	0	0	0	0	0	0	0	0	0	0	0	0	0	0	0	0	0	0	0	0	0	0	0	0	0	0	0	0	0	0	0	0	0	0	0	0	0	0	0	0	0	0	0	0	0	0	0	0	0	0	0	0	0	0	0	0	0	0	0	0	0	0	0	0	0	0	0	0	0	0	0	0	0	0	0	0	0	0	0	142	227	69	86	38	168	114	240	65	52
0	0	0	0	0	0	0	0	0	0	0	0	0	0	0	0	0	0	0	0	0	0	0	0	0	0	0	0	0	0	0	0	0	0	0	0	0	0	0	0	0	0	0	0	0	0	0	0	0	0	0	0	0	0	0	0	0	0	0	0	0	0	0	0	0	0	0	0	0	0	0	0	0	0	0	0	0	0	0	0	0	0	0	0	0	0	0	0	0	0	0	0	0	0	0	0	0	0	0	0	0	0	0	0	0	0	0	0	0	0	0	0	0	0	0	0	0	0	0	111	113	218	224	162	58	90	90	52
0	0	0	0	0	0	0	0	0	0	0	0	0	0	0	0	0	0	0	0	0	0	0	0	0	0	0	0	0	0	0	0	0	0	0	0	0	0	0	0	0	0	0	0	0	0	0	0	0	0	0	0	0	0	0	0	0	0	0	0	0	0	0	0	0	0	0	0	0	0	0	0	0	0	0	0	0	0	0	0	0	0	0	0	0	0	0	0	0	0	0	0	0	0	0	0	0	0	0	0	0	0	0	0	0	0	0	0	0	0	0	0	0	0	0	0	0	0	0	0	90	101	121	161	86	169	140	214
0	0	0	0	0	0	0	0	0	0	0	0	0	0	0	0	0	0	0	0	0	0	0	0	0	0	0	0	0	0	0	0	0	0	0	0	0	0	0	0	0	0	0	0	0	0	0	0	0	0	0	0	0	0	0	0	0	0	0	0	0	0	0	0	0	0	0	0	0	0	0	0	0	0	0	0	0	0	0	0	0	0	0	0	0	0	0	0	0	0	0	0	0	0	0	0	0	0	0	0	0	0	0	0	0	0	0	0	0	0	0	0	0	0	0	0	0	0	0	0	0	126	127	70	123	123	93	85
0	0	0	0	0	0	0	0	0	0	0	0	0	0	0	0	0	0	0	0	0	0	0	0	0	0	0	0	0	0	0	0	0	0	0	0	0	0	0	0	0	0	0	0	0	0	0	0	0	0	0	0	0	0	0	0	0	0	0	0	0	0	0	0	0	0	0	0	0	0	0	0	0	0	0	0	0	0	0	0	0	0	0	0	0	0	0	0	0	0	0	0	0	0	0	0	0	0	0	0	0	0	0	0	0	0	0	0	0	0	0	0	0	0	0	0	0	0	0	0	0	0	128	36	206	136	68	188
0	0	0	0	0	0	0	0	0	0	0	0	0	0	0	0	0	0	0	0	0	0	0	0	0	0	0	0	0	0	0	0	0	0	0	0	0	0	0	0	0	0	0	0	0	0	0	0	0	0	0	0	0	0	0	0	0	0	0	0	0	0	0	0	0	0	0	0	0	0	0	0	0	0	0	0	0	0	0	0	0	0	0	0	0	0	0	0	0	0	0	0	0	0	0	0	0	0	0	0	0	0	0	0	0	0	0	0	0	0	0	0	0	0	0	0	0	0	0	0	0	0	0	157	63	97	86	51
0	0	0	0	0	0	0	0	0	0	0	0	0	0	0	0	0	0	0	0	0	0	0	0	0	0	0	0	0	0	0	0	0	0	0	0	0	0	0	0	0	0	0	0	0	0	0	0	0	0	0	0	0	0	0	0	0	0	0	0	0	0	0	0	0	0	0	0	0	0	0	0	0	0	0	0	0	0	0	0	0	0	0	0	0	0	0	0	0	0	0	0	0	0	0	0	0	0	0	0	0	0	0	0	0	0	0	0	0	0	0	0	0	0	0	0	0	0	0	0	0	0	0	0	180	124	78	140
0	0	0	0	0	0	0	0	0	0	0	0	0	0	0	0	0	0	0	0	0	0	0	0	0	0	0	0	0	0	0	0	0	0	0	0	0	0	0	0	0	0	0	0	0	0	0	0	0	0	0	0	0	0	0	0	0	0	0	0	0	0	0	0	0	0	0	0	0	0	0	0	0	0	0	0	0	0	0	0	0	0	0	0	0	0	0	0	0	0	0	0	0	0	0	0	0	0	0	0	0	0	0	0	0	0	0	0	0	0	0	0	0	0	0	0	0	0	0	0	0	0	0	0	0	9	107	156
0	0	0	0	0	0	0	0	0	0	0	0	0	0	0	0	0	0	0	0	0	0	0	0	0	0	0	0	0	0	0	0	0	0	0	0	0	0	0	0	0	0	0	0	0	0	0	0	0	0	0	0	0	0	0	0	0	0	0	0	0	0	0	0	0	0	0	0	0	0	0	0	0	0	0	0	0	0	0	0	0	0	0	0	0	0	0	0	0	0	0	0	0	0	0	0	0	0	0	0	0	0	0	0	0	0	0	0	0	0	0	0	0	0	0	0	0	0	0	0	0	0	0	0	0	0	156	218
0	0	0	0	0	0	0	0	0	0	0	0	0	0	0	0	0	0	0	0	0	0	0	0	0	0	0	0	0	0	0	0	0	0	0	0	0	0	0	0	0	0	0	0	0	0	0	0	0	0	0	0	0	0	0	0	0	0	0	0	0	0	0	0	0	0	0	0	0	0	0	0	0	0	0	0	0	0	0	0	0	0	0	0	0	0	0	0	0	0	0	0	0	0	0	0	0	0	0	0	0	0	0	0	0	0	0	0	0	0	0	0	0	0	0	0	0	0	0	0	0	0	0	0	0	0	0	121
0	0	0	0	0	0	0	0	0	0	0	0	0	0	0	0	0	0	0	0	0	0	0	0	0	0	0	0	0	0	0	0	0	0	0	0	0	0	0	0	0	0	0	0	0	0	0	0	0	0	0	0	0	0	0	0	0	0	0	0	0	0	0	0	0	0	0	0	0	0	0	0	0	0	0	0	0	0	0	0	0	0	0	0	0	0	0	0	0	0	0	0	0	0	0	0	0	0	0	0	0	0	0	0	0	0	0	0	0	0	0	0	0	0	0	0	0	0	0	0	0	0	0	0	0	0	0	0