0	115	84	81	99	3	95	8	118	58	33	28	58	61	19	12	28	14	37	43	78	29	95	46	22	101	40	122	120	62	54	85	67	127	88	110	20	121	92	11	129	59	21	97	67	3	48	89	105	57	40	113	27	129	28	68	58	26	17	58	40	37	14	89	22	74	112	94	73	129	33	84	10	61	45	33	14	126	7	75	37	35	90	97	87	90	68	122	8	92	26	5	12	28	95	117	129	60	71	110	7	92	56	115	34	27	52	108	64	29	48	115	62	18	32	3	37	57	111	21	44	112	9	7	126	100	5	2
0	0	107	62	16	33	106	53	129	51	13	50	35	113	101	101	106	2	26	84	81	6	76	122	67	86	78	31	3	47	12	87	95	8	104	69	8	6	106	117	37	45	89	112	23	53	78	107	43	127	57	15	73	105	91	23	43	45	46	104	117	105	13	14	121	69	47	47	73	7	12	51	62	39	119	97	84	68	70	36	32	59	59	67	90	97	15	58	13	113	120	98	77	79	67	28	78	90	64	87	120	17	27	111	96	38	100	71	17	106	129	113	97	20	106	13	118	94	114	19	121	21	76	46	78	90	43	34
0	0	0	46	47	7	49	75	67	113	18	49	6	127	59	13	75	52	130	22	14	19	121	15	114	103	92	92	86	16	23	63	61	121	74	96	43	101	127	76	74	13	43	49	92	100	78	3	129	45	88	117	45	21	35	34	99	87	118	54	3	101	8	21	53	28	62	18	82	99	113	98	12	14	12	29	65	61	125	102	50	123	12	91	8	116	52	63	8	24	41	27	123	68	44	102	88	66	22	15	19	88	3	17	125	35	111	46	63	88	8	62	93	95	17	129	30	98	24	45	100	59	33	120	28	107	122	27
0	0	0	0	99	33	128	41	12	127	109	48	64	41	34	54	25	79	129	94	15	111	46	32	62	34	80	121	33	4	89	92	88	119	82	24	48	51	46	56	38	27	53	110	22	128	24	79	58	46	45	113	40	72	41	8	34	58	15	25	35	130	80	93	24	76	74	68	92	13	48	124	20	59	2	87	116	121	78	58	78	11	83	35	93	112	83	17	101	73	49	52	55	85	15	4	14	71	33	4	57	82	72	12	45	119	124	68	79	66	117	41	121	74	22	103	31	70	77	120	5	31	98	106	99	126	27	88
0	0	0	0	0	22	92	128	107	74	78	71	20	77	100	31	39	125	107	87	22	95	74	49	15	75	98	29	57	84	89	82	27	124	34	61	85	20	69	90	47	90	114	106	128	91	83	35	58	48	129	18	50	86	41	51	63	114	38	100	97	18	21	5	75	92	21	39	23	115	50	112	122	94	111	46	108	129	128	80	124	93	43	66	15	79	69	91	7	46	102	9	36	121	38	95	31	102	50	63	79	50	85	104	109	34	55	80	43	100	117	64	116	69	24	97	74	103	100	69	23	67	5	69	26	86	54	105
0	0	0	0	0	0	98	90	17	60	39	64	45	132	12	77	124	8	19	75	68	26	11	55	125	13	54	127	12	88	8	101	14	49	48	79	78	14	101	111	25	95	77	21	122	27	64	117	74	59	23	122	64	128	133	70	2	104	103	107	105	55	109	91	47	12	84	15	85	121	100	32	79	54	34	102	28	29	114	50	29	5	19	15	81	50	56	45	29	96	79	66	28	104	117	52	125	49	29	14	45	115	128	115	18	74	117	85	59	61	108	103	77	46	44	20	119	34	53	78	68	34	92	11	131	117	55	96
0	0	0	0	0	0	0	20	5	7	47	86	39	117	50	75	77	132	15	8	68	128	124	4	11	13	11	8	124	30	79	109	40	87	104	96	111	37	112	46	106	90	18	67	76	49	58	12	106	112	20	105	28	106	58	131	55	35	58	16	131	7	7	123	110	120	5	95	98	69	46	122	32	16	69	55	114	131	55	31	44	21	53	73	10	82	29	74	81	79	35	48	13	75	38	36	54	13	3	69	128	94	47	27	39	116	30	45	122	119	66	118	93	115	28	31	85	31	27	71	73	31	24	48	18	71	123	18
0	0	0	0	0	0	0	0	81	50	101	20	69	124	31	63	121	94	109	107	21	47	28	8	11	123	51	19	88	99	128	6	98	84	48	100	90	34	86	44	17	104	78	116	50	105	51	91	130	42	98	46	2	43	119	94	88	13	60	48	33	27	38	60	43	78	124	62	22	52	44	40	93	11	56	9	12	14	128	14	53	123	46	119	80	92	26	37	80	25	75	30	17	121	24	100	57	85	84	89	28	90	116	94	95	112	78	48	45	13	34	32	47	124	9	31	18	36	110	10	27	40	109	82	42	119	41	102
0	0	0	0	0	0	0	0	0	69	86	64	110	48	33	121	37	105	131	75	127	33	15	13	52	94	42	127	19	10	16	74	69	116	56	111	52	10	97	60	63	116	99	37	32	121	133	112	33	55	47	90	61	69	78	113	50	128	48	72	8	66	127	14	131	93	93	28	110	47	46	46	111	33	52	115	59	36	79	18	96	118	125	101	120	49	88	38	137	36	99	17	48	103	68	39	99	66	28	111	60	39	20	92	43	29	34	18	95	33	118	84	83	90	71	113	58	62	119	135	59	72	17	105	30	11	73	91
0	0	0	0	0	0	0	0	0	0	109	124	80	117	17	96	91	103	33	97	105	94	6	67	20	38	129	105	113	93	56	43	123	130	13	15	124	62	30	39	22	49	84	50	33	38	63	42	103	88	108	42	35	131	75	83	82	114	23	54	112	23	129	20	15	3	111	51	8	57	82	18	81	29	51	99	126	45	100	115	115	85	37	136	84	18	63	22	128	7	96	126	33	50	40	53	84	122	15	37	105	56	46	113	43	77	119	97	100	55	116	96	15	128	15	64	61	101	50	62	64	70	101	108	94	15	65	19
0	0	0	0	0	0	0	0	0	0	0	69	23	22	90	53	84	93	74	62	119	77	96	127	126	118	116	86	62	42	109	120	27	80	21	105	13	22	72	73	16	112	31	91	105	21	61	64	11	27	10	110	93	20	126	70	113	89	116	88	48	117	48	85	92	92	35	82	28	61	48	26	56	81	122	131	94	121	31	51	81	118	48	36	19	62	87	121	33	110	108	93	10	39	25	124	23	76	86	57	70	52	93	109	59	54	96	130	75	114	100	75	10	40	114	60	32	136	88	112	7	51	61	35	15	53	128	86
0	0	0	0	0	0	0	0	0	0	0	0	118	52	54	6	46	115	129	71	65	60	36	125	107	134	125	83	112	92	11	41	89	59	107	90	51	24	16	122	78	108	121	74	52	44	26	121	19	102	93	101	44	45	134	100	40	60	74	73	2	22	78	55	56	28	92	50	128	29	32	21	32	79	62	34	11	123	130	61	115	84	84	41	111	36	94	64	68	85	132	37	75	16	116	98	86	132	63	132	118	112	102	52	18	56	43	60	41	70	12	70	22	49	106	30	83	19	116	15	65	127	127	24	29	97	78	63
0	0	0	0	0	0	0	0	0	0	0	0	0	38	105	79	107	31	53	82	38	62	74	125	113	78	10	22	43	13	122	97	63	124	27	28	75	13	84	79	26	106	44	134	102	49	111	26	130	50	19	33	31	108	29	58	21	30	93	47	89	72	67	23	20	25	10	117	72	87	95	15	78	52	100	17	9	111	79	116	76	25	100	103	42	64	120	57	64	104	92	26	53	33	87	128	24	37	50	12	30	12	57	113	23	64	57	23	115	130	16	42	70	125	116	83	108	75	116	70	23	49	133	56	32	33	53	103
0	0	0	0	0	0	0	0	0	0	0	0	0	0	6	124	117	47	98	30	36	115	60	85	65	33	121	92	51	12	15	19	55	118	66	93	91	113	125	34	48	75	93	36	112	79	103	33	84	30	134	78	122	110	49	46	121	122	73	22	39	58	119	59	106	65	101	103	119	66	130	82	83	40	62	92	65	95	49	105	16	41	64	63	93	121	99	121	120	27	27	85	116	66	33	103	133	42	100	34	16	120	123	138	32	119	101	82	81	95	90	93	114	15	21	100	120	51	83	78	81	87	39	81	133	80	98	130
0	0	0	0	0	0	0	0	0	0	0	0	0	0	0	23	81	26	51	20	119	138	134	51	13	99	120	109	130	48	97	54	112	78	125	29	116	115	130	74	66	79	118	50	101	90	103	102	60	135	104	117	25	72	66	49	78	112	33	102	18	82	122	65	40	60	117	74	7	85	11	67	40	108	16	40	16	20	25	106	80	101	99	91	33	55	37	70	10	139	61	86	16	134	59	117	96	141	115	86	97	130	103	119	131	53	76	92	119	66	87	107	60	97	94	52	19	23	8	72	96	103	140	113	13	74	59	95
0	0	0	0	0	0	0	0	0	0	0	0	0	0	0	0	17	93	8	48	16	128	121	111	97	63	125	128	71	25	110	130	110	78	38	49	67	30	140	120	128	26	30	98	29	121	117	16	25	98	43	16	104	105	89	42	141	100	54	51	48	30	24	23	104	120	122	13	66	49	33	15	108	117	57	90	29	98	37	61	82	52	134	97	116	93	37	117	100	98	88	82	49	129	119	26	51	59	23	134	121	60	89	93	111	63	12	129	131	124	37	82	112	91	25	101	54	100	80	49	79	69	75	19	97	16	71	98
0	0	0	0	0	0	0	0	0	0	0	0	0	0	0	0	0	129	84	43	40	21	46	91	28	29	144	74	92	98	34	53	121	92	64	94	12	20	44	66	30	67	130	80	95	69	112	7	88	111	98	113	51	67	20	35	60	74	70	111	66	113	42	124	121	29	127	59	24	52	43	29	128	128	33	70	143	87	50	22	117	113	114	79	64	15	72	56	13	125	109	14	127	37	40	87	69	5	90	143	97	120	53	99	116	91	56	140	80	43	98	44	88	93	27	24	34	48	112	15	81	21	6	10	128	45	36	29
0	0	0	0	0	0	0	0	0	0	0	0	0	0	0	0	0	0	16	129	140	93	33	53	46	90	14	98	42	16	73	55	80	30	92	76	90	114	130	106	58	108	109	28	106	66	102	96	41	82	117	111	78	124	85	33	83	3	21	129	117	90	37	24	75	52	45	63	115	50	123	106	70	24	88	35	136	104	19	101	37	66	44	107	101	32	103	66	100	63	11	42	94	124	133	35	72	113	114	67	28	45	51	120	61	105	36	78	54	89	137	122	11	107	20	78	48	42	15	129	81	125	105	118	39	119	125	36
0	0	0	0	0	0	0	0	0	0	0	0	0	0	0	0	0	0	0	94	51	90	90	36	58	70	118	43	129	122	53	100	8	28	34	64	40	51	74	127	126	143	131	36	68	116	138	67	122	116	77	23	66	86	22	133	78	106	98	82	23	121	68	65	51	100	123	111	80	53	124	61	19	30	123	133	136	36	62	23	105	125	3	111	67	32	127	51	81	17	55	72	123	36	52	117	124	73	106	10	57	133	103	79	34	63	37	120	111	25	110	113	92	102	34	112	113	35	35	72	86	116	102	132	9	89	84	14
0	0	0	0	0	0	0	0	0	0	0	0	0	0	0	0	0	0	0	0	84	90	117	116	30	94	104	25	31	118	61	21	45	89	53	95	46	121	110	105	7	20	56	44	13	81	28	10	79	119	38	69	72	91	76	83	80	91	98	37	68	24	133	46	75	25	32	38	67	17	27	92	128	105	59	21	32	124	41	108	53	109	117	123	125	23	96	77	81	62	84	98	78	101	67	30	99	125	33	108	136	28	55	125	72	124	98	111	105	35	113	56	108	17	59	72	58	95	99	102	89	58	34	33	91	108	33	142
0	0	0	0	0	0	0	0	0	0	0	0	0	0	0	0	0	0	0	0	0	112	84	27	86	103	131	132	109	23	123	18	59	56	97	140	82	125	31	63	54	94	38	68	65	128	40	26	85	32	68	114	33	131	46	85	108	127	133	23	65	22	61	33	78	73	5	64	48	77	120	106	58	98	78	64	116	96	22	131	109	29	93	85	116	54	125	77	36	42	59	109	90	96	37	31	83	135	31	17	14	89	111	97	133	126	115	25	71	144	37	137	75	78	66	114	141	46	120	30	137	81	34	82	40	82	134	29
0	0	0	0	0	0	0	0	0	0	0	0	0	0	0	0	0	0	0	0	0	0	82	59	90	114	67	52	29	27	116	64	132	55	138	107	60	64	58	119	110	101	125	49	116	117	63	124	50	144	62	21	19	98	79	25	129	32	84	120	68	102	121	41	109	43	97	55	116	40	124	27	24	73	103	82	65	112	5	61	22	107	20	110	51	103	55	81	41	122	123	33	9	134	65	96	48	21	36	28	63	132	86	20	4	21	84	79	136	82	93	47	102	110	76	61	143	114	42	46	72	34	29	122	108	67	53	140
0	0	0	0	0	0	0	0	0	0	0	0	0	0	0	0	0	0	0	0	0	0	0	53	33	99	126	116	48	134	78	5	104	92	89	81	96	93	27	80	83	51	43	72	109	112	38	23	134	112	130	108	72	58	29	110	41	58	24	138	110	43	23	23	115	142	72	93	10	16	39	44	5	97	32	23	76	133	128	94	100	78	120	117	63	57	58	75	15	23	30	13	65	33	27	103	76	108	134	131	112	123	120	104	50	109	63	90	128	39	87	131	18	57	133	25	119	39	6	72	125	129	121	114	100	37	20	50
0	0	0	0	0	0	0	0	0	0	0	0	0	0	0	0	0	0	0	0	0	0	0	0	73	107	107	61	139	54	72	86	110	33	116	52	97	43	16	53	61	16	118	73	59	45	89	136	119	126	105	69	135	46	30	32	17	110	117	107	130	95	59	91	45	106	143	133	58	72	105	73	27	113	80	126	43	92	31	38	48	113	38	64	47	56	65	120	52	111	48	88	81	11	39	72	103	57	55	142	123	10	34	106	92	97	120	76	34	69	55	106	56	43	136	121	135	18	71	18	16	146	83	89	129	75	89	32
0	0	0	0	0	0	0	0	0	0	0	0	0	0	0	0	0	0	0	0	0	0	0	0	0	60	42	126	23	14	44	110	27	105	15	54	80	95	138	60	138	58	122	49	122	21	97	46	128	94	104	32	96	50	88	121	124	29	47	23	45	107	35	79	68	41	83	44	140	112	131	91	23	146	57	143	124	94	73	33	23	144	35	74	91	21	5	33	121	127	43	97	97	128	98	122	105	68	50	52	143	107	11	59	108	83	113	117	64	145	76	125	45	43	36	78	56	137	146	77	132	32	50	35	84	106	80	25
0	0	0	0	0	0	0	0	0	0	0	0	0	0	0	0	0	0	0	0	0	0	0	0	0	0	126	121	121	96	114	61	108	138	108	134	91	57	123	47	87	99	132	14	105	127	44	71	20	62	92	48	72	142	22	27	34	120	36	122	95	94	65	61	27	25	149	61	19	22	133	66	126	117	28	94	124	78	110	128	121	75	18	15	115	109	74	129	55	129	91	18	22	102	110	87	52	130	63	86	34	113	19	82	61	50	22	75	51	57	110	39	99	111	67	83	77	74	47	103	106	40	33	46	65	75	89	11
0	0	0	0	0	0	0	0	0	0	0	0	0	0	0	0	0	0	0	0	0	0	0	0	0	0	0	74	27	148	22	108	40	72	111	56	18	118	74	71	39	102	29	105	117	59	67	124	104	72	134	20	102	80	153	19	67	60	132	138	41	108	70	78	19	87	41	65	45	86	40	105	107	80	113	70	49	98	35	54	109	111	44	53	111	75	43	14	120	63	54	13	94	57	85	115	84	130	85	108	34	98	70	152	31	127	130	127	78	72	72	88	42	80	36	97	109	88	25	125	114	97	116	61	59	30	92	131
0	0	0	0	0	0	0	0	0	0	0	0	0	0	0	0	0	0	0	0	0	0	0	0	0	0	0	0	139	39	21	88	61	73	123	94	121	15	95	54	81	136	101	63	126	140	38	70	97	65	46	105	37	64	14	22	113	84	54	6	48	132	90	51	57	45	118	27	57	113	27	133	61	91	68	32	31	108	58	52	123	25	105	87	116	112	69	41	73	34	45	39	66	79	23	45	139	140	8	46	63	132	117	123	15	113	90	90	73	117	48	105	122	20	92	45	83	84	86	67	42	41	115	109	105	145	69	118
0	0	0	0	0	0	0	0	0	0	0	0	0	0	0	0	0	0	0	0	0	0	0	0	0	0	0	0	0	70	93	78	64	20	105	43	34	31	78	87	47	108	62	130	52	59	110	76	108	57	149	52	20	122	86	135	69	63	63	127	43	71	54	74	69	43	123	110	50	116	58	107	90	36	90	67	128	76	52	148	108	115	110	130	65	104	53	74	99	140	60	112	63	51	70	107	50	128	45	52	34	106	17	112	50	38	73	102	17	97	33	71	26	48	142	84	79	47	104	64	102	115	94	53	68	82	59	37
0	0	0	0	0	0	0	0	0	0	0	0	0	0	0	0	0	0	0	0	0	0	0	0	0	0	0	0	0	0	117	97	123	24	130	66	68	103	107	108	124	64	47	35	14	96	99	131	45	31	44	102	133	96	121	102	125	82	109	146	17	85	101	52	47	68	45	113	134	27	107	38	101	35	59	44	78	90	84	11	54	59	23	42	53	58	127	31	139	127	97	117	13	101	101	108	144	134	83	129	152	23	37	45	119	112	51	35	78	19	148	98	87	29	81	73	27	87	83	119	143	152	106	134	87	94	100	112
0	0	0	0	0	0	0	0	0	0	0	0	0	0	0	0	0	0	0	0	0	0	0	0	0	0	0	0	0	0	0	33	123	33	15	43	85	58	37	122	16	17	118	64	125	75	36	139	31	120	78	49	31	76	50	39	60	153	53	78	66	132	7	45	125	96	107	77	122	81	96	41	132	46	41	129	87	131	5	44	33	105	111	150	50	37	104	40	82	123	39	53	149	49	123	83	57	96	21	117	31	114	51	124	38	131	82	21	36	140	49	37	57	104	104	38	87	27	107	19	54	55	56	137	44	102	97	57
0	0	0	0	0	0	0	0	0	0	0	0	0	0	0	0	0	0	0	0	0	0	0	0	0	0	0	0	0	0	0	0	41	134	58	150	124	49	80	54	97	102	90	108	34	122	115	68	93	91	62	102	144	77	101	29	53	22	51	101	107	134	57	31	44	17	31	57	98	108	103	140	7	133	37	115	27	34	117	91	107	141	90	82	84	69	19	114	151	17	77	108	136	50	82	86	12	88	66	98	46	99	78	25	17	87	43	111	112	51	76	55	52	119	34	117	131	111	47	127	108	54	67	96	106	85	81	89
0	0	0	0	0	0	0	0	0	0	0	0	0	0	0	0	0	0	0	0	0	0	0	0	0	0	0	0	0	0	0	0	0	125	68	116	78	17	40	117	72	20	64	50	29	42	58	23	111	35	100	134	74	86	62	63	105	63	50	39	32	29	52	28	82	72	44	102	98	67	24	81	129	77	92	110	53	116	86	49	5	101	13	54	105	119	77	95	36	108	20	57	36	13	16	98	50	30	104	79	34	20	88	31	105	60	65	124	126	44	101	125	127	87	98	43	126	42	26	73	9	39	106	12	94	37	94	89
0	0	0	0	0	0	0	0	0	0	0	0	0	0	0	0	0	0	0	0	0	0	0	0	0	0	0	0	0	0	0	0	0	0	56	63	52	141	131	143	55	93	83	133	44	135	111	126	82	84	100	145	125	151	22	23	123	61	104	30	99	71	131	17	75	27	99	90	114	137	71	52	80	33	24	118	81	37	108	111	56	12	122	73	33	32	22	79	47	131	60	100	90	122	137	159	126	107	148	49	153	104	95	79	76	65	83	46	7	107	111	52	121	59	118	136	93	60	108	39	108	81	145	31	80	58	40	146
0	0	0	0	0	0	0	0	0	0	0	0	0	0	0	0	0	0	0	0	0	0	0	0	0	0	0	0	0	0	0	0	0	0	0	74	28	35	126	46	126	68	65	70	104	42	110	32	142	50	132	99	131	80	126	117	125	112	105	111	77	105	31	19	42	100	35	67	33	79	84	61	54	20	112	43	138	58	111	86	61	77	100	48	108	24	71	13	128	66	80	110	51	68	41	107	73	50	30	58	127	133	57	32	131	99	94	66	119	115	122	54	104	92	114	89	160	104	28	35	81	32	91	30	116	45	89	82
0	0	0	0	0	0	0	0	0	0	0	0	0	0	0	0	0	0	0	0	0	0	0	0	0	0	0	0	0	0	0	0	0	0	0	0	95	113	69	108	152	39	127	29	50	103	135	79	35	82	80	152	113	151	81	77	102	116	47	42	157	117	101	3	135	144	106	40	29	135	147	120	81	101	90	92	93	127	86	30	152	159	54	111	93	79	78	127	112	148	91	87	115	66	82	112	56	108	100	95	48	56	98	141	78	68	16	64	43	65	119	76	93	40	77	82	19	92	124	117	130	92	45	49	55	13	110	28
0	0	0	0	0	0	0	0	0	0	0	0	0	0	0	0	0	0	0	0	0	0	0	0	0	0	0	0	0	0	0	0	0	0	0	0	0	141	52	111	54	103	43	50	60	105	41	129	62	139	74	56	162	105	112	116	75	100	151	35	130	101	79	22	33	90	135	19	76	31	99	62	90	62	57	98	119	46	86	112	148	113	153	29	65	142	113	43	62	135	44	33	38	104	106	120	65	117	127	122	135	52	94	63	88	78	117	65	146	104	74	78	60	51	56	57	97	88	133	127	92	88	139	149	105	102	123	52
0	0	0	0	0	0	0	0	0	0	0	0	0	0	0	0	0	0	0	0	0	0	0	0	0	0	0	0	0	0	0	0	0	0	0	0	0	0	95	111	56	39	29	28	69	142	68	74	155	71	38	87	124	44	45	120	64	109	130	79	136	131	75	73	55	63	146	136	14	33	34	38	27	119	98	119	46	89	62	29	69	118	80	102	67	73	115	69	71	22	118	16	142	111	25	42	30	21	36	66	71	55	132	34	91	80	111	64	72	82	134	76	87	58	81	100	48	111	82	116	81	127	132	86	72	118	119	123
0	0	0	0	0	0	0	0	0	0	0	0	0	0	0	0	0	0	0	0	0	0	0	0	0	0	0	0	0	0	0	0	0	0	0	0	0	0	0	25	56	22	37	77	44	114	124	122	108	119	34	103	146	118	142	127	53	110	137	124	104	67	116	40	66	112	96	87	84	30	120	50	133	148	80	95	146	112	109	119	23	134	40	111	61	143	67	100	70	100	125	16	39	69	112	128	60	61	135	141	144	68	69	99	131	92	55	50	42	49	62	16	138	62	122	14	57	78	94	57	92	43	34	57	43	126	82	107
0	0	0	0	0	0	0	0	0	0	0	0	0	0	0	0	0	0	0	0	0	0	0	0	0	0	0	0	0	0	0	0	0	0	0	0	0	0	0	0	127	93	92	140	12	108	43	129	125	127	99	115	127	46	107	115	80	87	102	68	129	26	156	100	74	36	94	36	85	111	72	64	144	50	63	60	90	39	117	33	124	82	140	50	105	52	122	21	89	107	73	40	127	83	73	129	34	120	118	123	139	12	49	92	61	121	139	71	23	80	17	69	111	71	119	129	37	142	113	16	73	61	127	159	13	134	124	55
0	0	0	0	0	0	0	0	0	0	0	0	0	0	0	0	0	0	0	0	0	0	0	0	0	0	0	0	0	0	0	0	0	0	0	0	0	0	0	0	0	50	72	91	16	66	3	95	67	42	109	31	150	49	125	74	152	97	46	148	117	102	96	46	95	140	59	157	113	107	31	139	118	128	125	20	18	72	62	121	125	90	55	51	63	128	120	107	149	86	78	84	98	60	133	66	129	106	92	57	68	78	52	126	104	132	20	97	120	119	50	32	17	92	113	75	88	130	52	27	76	72	58	90	72	55	52	70
0	0	0	0	0	0	0	0	0	0	0	0	0	0	0	0	0	0	0	0	0	0	0	0	0	0	0	0	0	0	0	0	0	0	0	0	0	0	0	0	0	0	43	91	123	117	140	79	97	96	9	131	72	103	60	68	56	130	97	129	58	67	18	151	85	63	53	113	24	124	151	73	61	134	53	85	61	111	29	109	158	108	75	65	75	115	78	51	87	70	32	141	140	53	27	109	38	92	91	64	141	22	75	110	49	97	124	152	123	48	136	53	29	126	107	108	102	52	109	121	95	131	47	40	74	137	108	103
0	0	0	0	0	0	0	0	0	0	0	0	0	0	0	0	0	0	0	0	0	0	0	0	0	0	0	0	0	0	0	0	0	0	0	0	0	0	0	0	0	0	0	89	92	107	105	105	60	6	35	98	59	56	142	60	42	104	158	20	140	45	62	101	97	142	111	56	25	112	137	58	65	23	147	110	109	111	142	152	81	121	127	116	104	86	42	78	110	46	10	91	92	101	107	124	66	73	22	24	52	13	85	98	80	23	86	82	16	89	95	108	65	63	104	69	78	122	101	98	56	49	147	130	86	58	81	56
0	0	0	0	0	0	0	0	0	0	0	0	0	0	0	0	0	0	0	0	0	0	0	0	0	0	0	0	0	0	0	0	0	0	0	0	0	0	0	0	0	0	0	0	25	126	83	114	64	92	133	8	74	119	84	47	55	85	39	31	108	140	66	46	116	124	94	106	86	72	55	89	122	125	48	52	95	99	74	40	40	134	113	53	112	61	64	20	95	18	122	50	120	127	130	111	95	119	25	18	47	81	51	155	84	85	128	107	114	108	35	11	106	76	82	50	53	82	121	93	57	69	138	81	38	96	120	44
0	0	0	0	0	0	0	0	0	0	0	0	0	0	0	0	0	0	0	0	0	0	0	0	0	0	0	0	0	0	0	0	0	0	0	0	0	0	0	0	0	0	0	0	0	52	59	119	123	112	67	29	67	126	38	100	77	20	84	68	90	90	86	39	102	153	123	47	132	97	88	151	77	111	61	34	67	134	104	159	105	144	87	116	78	48	76	39	102	56	63	78	155	68	127	98	106	92	93	145	43	28	59	36	142	77	122	68	49	35	51	77	131	98	41	157	87	147	115	74	15	92	106	54	113	91	60	93
0	0	0	0	0	0	0	0	0	0	0	0	0	0	0	0	0	0	0	0	0	0	0	0	0	0	0	0	0	0	0	0	0	0	0	0	0	0	0	0	0	0	0	0	0	0	94	60	119	114	33	164	137	124	142	149	58	129	30	64	121	47	44	46	38	109	36	34	43	128	62	147	99	142	140	157	50	161	149	102	148	141	145	56	51	106	139	124	59	77	89	62	31	117	129	69	55	114	138	150	15	56	105	83	62	138	103	109	124	119	82	161	47	27	19	100	111	52	125	128	88	139	117	138	70	137	46	32
0	0	0	0	0	0	0	0	0	0	0	0	0	0	0	0	0	0	0	0	0	0	0	0	0	0	0	0	0	0	0	0	0	0	0	0	0	0	0	0	0	0	0	0	0	0	0	73	84	136	94	43	78	68	149	32	58	147	46	55	141	94	22	118	115	68	70	108	60	30	28	127	127	41	79	52	129	143	75	129	56	40	77	95	130	135	69	87	119	92	42	55	68	6	61	145	19	68	151	81	112	159	92	10	37	139	95	62	126	73	56	88	40	96	83	108	30	132	116	125	21	101	29	155	23	135	31	125
0	0	0	0	0	0	0	0	0	0	0	0	0	0	0	0	0	0	0	0	0	0	0	0	0	0	0	0	0	0	0	0	0	0	0	0	0	0	0	0	0	0	0	0	0	0	0	0	68	133	52	20	148	26	90	124	73	87	38	154	79	69	97	65	140	139	66	92	69	58	147	103	95	160	131	136	13	91	65	75	61	117	135	112	32	54	145	93	91	12	66	37	136	52	115	155	92	15	64	69	34	110	36	84	145	69	35	5	100	83	119	126	15	33	90	37	20	59	91	117	56	53	134	107	111	69	52	127
0	0	0	0	0	0	0	0	0	0	0	0	0	0	0	0	0	0	0	0	0	0	0	0	0	0	0	0	0	0	0	0	0	0	0	0	0	0	0	0	0	0	0	0	0	0	0	0	0	57	45	79	103	29	89	161	153	95	79	90	111	112	59	71	146	108	147	102	153	103	104	85	97	17	55	138	93	122	20	85	51	54	84	41	59	27	116	69	47	122	68	89	22	119	144	154	114	114	64	60	58	113	46	36	85	141	104	15	43	105	139	97	69	142	152	80	84	69	102	70	70	108	120	63	71	70	141	124
0	0	0	0	0	0	0	0	0	0	0	0	0	0	0	0	0	0	0	0	0	0	0	0	0	0	0	0	0	0	0	0	0	0	0	0	0	0	0	0	0	0	0	0	0	0	0	0	0	0	100	9	82	104	81	141	21	58	101	148	116	41	115	23	113	108	126	134	130	81	75	81	131	127	111	52	53	55	36	129	141	19	99	33	114	29	115	91	50	97	44	42	74	47	47	91	74	90	151	120	20	88	21	47	37	131	102	85	90	90	62	143	126	62	118	70	58	84	76	171	103	84	60	66	59	119	104	73
0	0	0	0	0	0	0	0	0	0	0	0	0	0	0	0	0	0	0	0	0	0	0	0	0	0	0	0	0	0	0	0	0	0	0	0	0	0	0	0	0	0	0	0	0	0	0	0	0	0	0	66	76	138	65	85	86	80	56	50	73	66	111	95	61	117	65	142	23	39	78	126	34	93	92	54	63	118	82	126	87	55	157	34	40	63	100	38	137	103	130	109	150	101	122	132	81	47	83	32	46	42	51	65	57	150	17	37	56	159	120	144	71	56	77	29	90	69	137	143	159	113	112	116	18	53	132	141
0	0	0	0	0	0	0	0	0	0	0	0	0	0	0	0	0	0	0	0	0	0	0	0	0	0	0	0	0	0	0	0	0	0	0	0	0	0	0	0	0	0	0	0	0	0	0	0	0	0	0	0	39	38	131	59	94	71	152	125	124	155	103	105	106	123	22	53	151	35	96	106	128	140	55	103	49	84	62	120	105	116	69	20	102	51	66	85	78	146	102	27	66	138	74	150	125	106	23	87	99	97	47	133	156	22	84	73	41	86	149	24	116	134	99	154	152	125	8	57	120	77	112	47	128	28	82	153
0	0	0	0	0	0	0	0	0	0	0	0	0	0	0	0	0	0	0	0	0	0	0	0	0	0	0	0	0	0	0	0	0	0	0	0	0	0	0	0	0	0	0	0	0	0	0	0	0	0	0	0	0	41	95	31	40	121	71	154	105	93	74	123	74	94	88	53	101	116	46	82	47	52	117	100	45	78	91	59	149	9	69	61	83	147	54	96	122	96	70	54	81	122	141	58	98	87	70	54	42	141	57	139	141	141	41	48	142	91	32	30	40	22	89	72	125	125	130	121	111	24	22	138	76	25	109	35
0	0	0	0	0	0	0	0	0	0	0	0	0	0	0	0	0	0	0	0	0	0	0	0	0	0	0	0	0	0	0	0	0	0	0	0	0	0	0	0	0	0	0	0	0	0	0	0	0	0	0	0	0	0	69	48	134	109	49	48	83	140	65	33	66	47	76	77	135	51	146	69	107	51	41	148	66	57	100	112	58	74	47	108	84	92	117	70	169	157	43	102	148	114	67	121	60	66	105	139	119	39	150	66	40	113	76	43	123	33	77	51	85	94	158	18	62	65	52	103	62	165	78	58	126	112	128	93
0	0	0	0	0	0	0	0	0	0	0	0	0	0	0	0	0	0	0	0	0	0	0	0	0	0	0	0	0	0	0	0	0	0	0	0	0	0	0	0	0	0	0	0	0	0	0	0	0	0	0	0	0	0	0	141	106	123	65	116	145	103	52	37	33	154	95	122	123	52	75	127	42	98	139	127	106	100	67	76	167	99	98	116	105	104	126	27	99	135	8	112	102	85	66	7	137	115	37	86	170	156	61	16	100	35	94	57	81	89	132	139	98	79	79	121	94	65	106	44	106	118	125	159	142	51	131	160
0	0	0	0	0	0	0	0	0	0	0	0	0	0	0	0	0	0	0	0	0	0	0	0	0	0	0	0	0	0	0	0	0	0	0	0	0	0	0	0	0	0	0	0	0	0	0	0	0	0	0	0	0	0	0	0	44	61	63	115	160	122	123	45	141	73	141	83	147	85	42	32	39	53	17	127	87	124	97	152	58	115	73	80	30	164	94	99	95	157	66	92	173	54	124	85	129	36	48	149	49	113	119	111	56	145	143	57	118	132	52	33	73	55	87	50	73	139	85	149	97	97	28	125	110	50	49	176
0	0	0	0	0	0	0	0	0	0	0	0	0	0	0	0	0	0	0	0	0	0	0	0	0	0	0	0	0	0	0	0	0	0	0	0	0	0	0	0	0	0	0	0	0	0	0	0	0	0	0	0	0	0	0	0	0	66	32	149	79	72	132	76	140	26	130	43	74	135	79	164	132	122	139	144	126	59	130	143	182	36	78	114	22	90	149	156	39	124	162	71	32	93	72	72	136	155	58	130	150	82	98	132	67	49	159	84	105	44	140	116	98	67	57	49	26	73	127	101	76	134	141	70	21	28	56	73
0	0	0	0	0	0	0	0	0	0	0	0	0	0	0	0	0	0	0	0	0	0	0	0	0	0	0	0	0	0	0	0	0	0	0	0	0	0	0	0	0	0	0	0	0	0	0	0	0	0	0	0	0	0	0	0	0	0	97	139	62	87	52	157	100	114	114	145	97	54	19	96	125	77	140	71	73	20	131	16	133	52	148	143	129	10	84	162	147	112	50	62	37	74	15	69	143	128	161	149	131	50	51	140	64	98	45	159	121	140	102	40	87	51	109	118	88	133	156	97	153	172	136	130	153	124	112	41
0	0	0	0	0	0	0	0	0	0	0	0	0	0	0	0	0	0	0	0	0	0	0	0	0	0	0	0	0	0	0	0	0	0	0	0	0	0	0	0	0	0	0	0	0	0	0	0	0	0	0	0	0	0	0	0	0	0	0	38	131	82	68	119	77	159	96	140	69	128	161	109	24	165	103	98	135	93	153	155	76	61	128	82	90	63	86	71	154	80	129	93	136	41	82	147	59	82	46	18	138	31	131	51	83	162	102	56	18	49	67	113	21	125	40	108	69	128	57	39	143	99	106	74	77	101	21	135
0	0	0	0	0	0	0	0	0	0	0	0	0	0	0	0	0	0	0	0	0	0	0	0	0	0	0	0	0	0	0	0	0	0	0	0	0	0	0	0	0	0	0	0	0	0	0	0	0	0	0	0	0	0	0	0	0	0	0	0	114	45	118	118	112	7	70	21	49	149	107	28	42	73	49	81	78	44	108	128	92	160	88	94	59	158	49	79	119	108	157	115	84	82	18	158	69	139	108	47	165	100	80	97	160	66	34	27	109	48	119	96	91	181	76	99	42	44	146	136	44	107	121	52	60	134	119	15
0	0	0	0	0	0	0	0	0	0	0	0	0	0	0	0	0	0	0	0	0	0	0	0	0	0	0	0	0	0	0	0	0	0	0	0	0	0	0	0	0	0	0	0	0	0	0	0	0	0	0	0	0	0	0	0	0	0	0	0	0	78	90	165	123	109	115	81	108	89	106	56	54	59	146	50	40	87	109	68	74	145	27	33	109	182	64	167	55	63	155	143	90	49	62	167	159	44	89	126	158	145	100	15	180	117	82	45	108	25	90	146	21	132	147	95	117	120	131	97	145	109	88	78	110	145	53	49
0	0	0	0	0	0	0	0	0	0	0	0	0	0	0	0	0	0	0	0	0	0	0	0	0	0	0	0	0	0	0	0	0	0	0	0	0	0	0	0	0	0	0	0	0	0	0	0	0	0	0	0	0	0	0	0	0	0	0	0	0	0	127	103	82	48	89	96	127	118	96	62	83	106	81	126	77	63	96	33	169	36	19	83	106	120	65	122	38	116	53	133	71	140	178	83	132	78	121	144	67	86	104	150	89	116	143	117	153	167	28	17	141	123	51	149	52	98	55	98	45	66	116	75	137	96	100	52
0	0	0	0	0	0	0	0	0	0	0	0	0	0	0	0	0	0	0	0	0	0	0	0	0	0	0	0	0	0	0	0	0	0	0	0	0	0	0	0	0	0	0	0	0	0	0	0	0	0	0	0	0	0	0	0	0	0	0	0	0	0	0	81	44	62	167	129	124	18	113	55	78	103	150	97	109	89	12	92	132	70	104	155	24	124	106	90	23	163	140	136	112	182	155	56	81	149	45	79	94	128	58	123	160	21	93	115	81	71	117	140	57	40	76	124	79	61	138	133	149	124	131	39	177	80	27	126
0	0	0	0	0	0	0	0	0	0	0	0	0	0	0	0	0	0	0	0	0	0	0	0	0	0	0	0	0	0	0	0	0	0	0	0	0	0	0	0	0	0	0	0	0	0	0	0	0	0	0	0	0	0	0	0	0	0	0	0	0	0	0	0	105	147	126	127	47	100	67	88	134	140	64	129	100	56	49	185	159	95	157	148	93	100	126	100	138	47	46	86	122	64	162	66	112	75	77	139	171	122	73	78	111	60	117	145	97	130	163	163	95	77	65	12	162	109	157	74	105	56	95	101	88	31	24	50
0	0	0	0	0	0	0	0	0	0	0	0	0	0	0	0	0	0	0	0	0	0	0	0	0	0	0	0	0	0	0	0	0	0	0	0	0	0	0	0	0	0	0	0	0	0	0	0	0	0	0	0	0	0	0	0	0	0	0	0	0	0	0	0	0	102	140	154	6	94	145	121	79	180	24	129	120	88	74	71	112	37	89	183	94	69	132	149	56	55	108	127	137	101	144	18	145	46	117	73	98	101	92	151	23	74	63	90	96	62	130	102	111	128	31	58	87	148	107	118	49	89	21	117	70	16	100	112
0	0	0	0	0	0	0	0	0	0	0	0	0	0	0	0	0	0	0	0	0	0	0	0	0	0	0	0	0	0	0	0	0	0	0	0	0	0	0	0	0	0	0	0	0	0	0	0	0	0	0	0	0	0	0	0	0	0	0	0	0	0	0	0	0	0	78	61	129	68	160	45	158	47	127	178	77	61	85	134	7	62	91	130	106	101	76	65	123	124	44	142	100	167	67	109	59	14	119	144	106	39	51	21	94	101	142	38	48	148	141	18	143	140	41	115	135	108	122	146	60	80	77	122	134	78	70	89
0	0	0	0	0	0	0	0	0	0	0	0	0	0	0	0	0	0	0	0	0	0	0	0	0	0	0	0	0	0	0	0	0	0	0	0	0	0	0	0	0	0	0	0	0	0	0	0	0	0	0	0	0	0	0	0	0	0	0	0	0	0	0	0	0	0	0	147	157	107	101	91	189	116	51	88	168	58	26	128	110	111	83	131	37	87	67	59	79	22	35	146	61	68	171	151	168	20	75	101	54	24	137	138	154	80	104	162	173	113	35	54	91	117	56	108	151	149	125	88	64	34	120	127	117	59	87	44
0	0	0	0	0	0	0	0	0	0	0	0	0	0	0	0	0	0	0	0	0	0	0	0	0	0	0	0	0	0	0	0	0	0	0	0	0	0	0	0	0	0	0	0	0	0	0	0	0	0	0	0	0	0	0	0	0	0	0	0	0	0	0	0	0	0	0	0	25	86	111	98	20	156	98	115	43	119	127	143	157	42	88	119	64	146	77	132	142	131	59	117	50	121	61	149	108	190	87	75	53	75	110	83	101	109	164	111	150	93	53	97	54	131	66	84	103	58	139	85	136	118	138	120	135	78	172	121
0	0	0	0	0	0	0	0	0	0	0	0	0	0	0	0	0	0	0	0	0	0	0	0	0	0	0	0	0	0	0	0	0	0	0	0	0	0	0	0	0	0	0	0	0	0	0	0	0	0	0	0	0	0	0	0	0	0	0	0	0	0	0	0	0	0	0	0	0	85	76	63	171	160	161	136	125	110	83	52	50	26	160	148	93	141	95	115	137	156	71	52	72	69	94	177	50	38	175	80	29	97	76	51	70	140	124	37	47	101	129	95	30	79	75	52	133	77	17	17	76	89	43	38	71	145	122	44
0	0	0	0	0	0	0	0	0	0	0	0	0	0	0	0	0	0	0	0	0	0	0	0	0	0	0	0	0	0	0	0	0	0	0	0	0	0	0	0	0	0	0	0	0	0	0	0	0	0	0	0	0	0	0	0	0	0	0	0	0	0	0	0	0	0	0	0	0	0	132	122	139	65	70	146	133	140	62	36	78	124	90	124	151	120	90	53	111	43	53	38	127	90	166	155	180	30	154	118	104	82	124	110	39	55	81	96	32	69	194	170	49	120	190	84	183	120	147	83	69	161	135	18	81	106	61	115
0	0	0	0	0	0	0	0	0	0	0	0	0	0	0	0	0	0	0	0	0	0	0	0	0	0	0	0	0	0	0	0	0	0	0	0	0	0	0	0	0	0	0	0	0	0	0	0	0	0	0	0	0	0	0	0	0	0	0	0	0	0	0	0	0	0	0	0	0	0	0	127	97	127	188	77	144	100	77	136	88	156	13	75	69	69	20	50	25	140	130	31	153	157	92	99	142	81	167	37	158	101	125	146	96	82	79	110	98	155	139	89	79	120	78	143	94	81	149	73	85	163	75	175	127	72	76	164
0	0	0	0	0	0	0	0	0	0	0	0	0	0	0	0	0	0	0	0	0	0	0	0	0	0	0	0	0	0	0	0	0	0	0	0	0	0	0	0	0	0	0	0	0	0	0	0	0	0	0	0	0	0	0	0	0	0	0	0	0	0	0	0	0	0	0	0	0	0	0	0	123	103	50	117	30	76	46	109	146	47	93	196	146	78	92	150	156	54	34	120	128	43	136	162	100	57	108	146	101	67	105	145	132	170	162	69	129	117	64	169	175	89	96	52	146	75	162	106	142	111	150	93	48	73	127	21
0	0	0	0	0	0	0	0	0	0	0	0	0	0	0	0	0	0	0	0	0	0	0	0	0	0	0	0	0	0	0	0	0	0	0	0	0	0	0	0	0	0	0	0	0	0	0	0	0	0	0	0	0	0	0	0	0	0	0	0	0	0	0	0	0	0	0	0	0	0	0	0	0	111	153	97	182	92	159	55	39	100	98	128	140	43	130	56	51	96	116	116	28	46	131	142	59	118	130	129	99	44	187	106	101	38	103	53	61	31	127	45	26	39	133	52	147	193	181	155	92	106	161	120	146	40	98	111
0	0	0	0	0	0	0	0	0	0	0	0	0	0	0	0	0	0	0	0	0	0	0	0	0	0	0	0	0	0	0	0	0	0	0	0	0	0	0	0	0	0	0	0	0	0	0	0	0	0	0	0	0	0	0	0	0	0	0	0	0	0	0	0	0	0	0	0	0	0	0	0	0	0	120	113	104	57	83	169	73	97	102	61	71	14	71	116	35	145	70	33	157	38	108	97	172	94	146	107	116	91	148	64	153	146	113	167	117	75	143	90	147	60	63	66	65	124	63	175	144	41	163	72	197	120	56	97
0	0	0	0	0	0	0	0	0	0	0	0	0	0	0	0	0	0	0	0	0	0	0	0	0	0	0	0	0	0	0	0	0	0	0	0	0	0	0	0	0	0	0	0	0	0	0	0	0	0	0	0	0	0	0	0	0	0	0	0	0	0	0	0	0	0	0	0	0	0	0	0	0	0	0	163	169	64	64	90	113	26	97	82	111	18	100	174	119	130	58	146	130	96	11	37	63	126	131	87	116	134	181	92	141	71	89	114	87	53	146	41	16	116	115	109	140	41	119	57	24	147	82	87	25	96	184	13
0	0	0	0	0	0	0	0	0	0	0	0	0	0	0	0	0	0	0	0	0	0	0	0	0	0	0	0	0	0	0	0	0	0	0	0	0	0	0	0	0	0	0	0	0	0	0	0	0	0	0	0	0	0	0	0	0	0	0	0	0	0	0	0	0	0	0	0	0	0	0	0	0	0	0	0	170	155	104	121	113	95	54	8	14	112	41	100	156	53	67	113	146	54	176	34	117	150	175	102	91	29	42	131	92	52	98	141	89	45	84	28	101	152	130	78	60	105	183	150	99	101	108	110	98	137	130	48
0	0	0	0	0	0	0	0	0	0	0	0	0	0	0	0	0	0	0	0	0	0	0	0	0	0	0	0	0	0	0	0	0	0	0	0	0	0	0	0	0	0	0	0	0	0	0	0	0	0	0	0	0	0	0	0	0	0	0	0	0	0	0	0	0	0	0	0	0	0	0	0	0	0	0	0	0	93	96	154	62	142	159	48	58	7	134	98	158	40	102	171	60	31	32	105	124	122	185	68	42	133	103	56	177	106	102	125	71	4	161	79	68	99	94	154	124	166	72	73	166	102	89	200	36	18	171	44
0	0	0	0	0	0	0	0	0	0	0	0	0	0	0	0	0	0	0	0	0	0	0	0	0	0	0	0	0	0	0	0	0	0	0	0	0	0	0	0	0	0	0	0	0	0	0	0	0	0	0	0	0	0	0	0	0	0	0	0	0	0	0	0	0	0	0	0	0	0	0	0	0	0	0	0	0	0	108	145	53	130	171	192	103	84	135	88	151	74	190	86	119	188	62	128	93	157	65	61	78	109	81	156	106	138	171	76	71	89	167	95	95	29	150	61	153	92	124	108	59	126	93	110	26	49	66	53
0	0	0	0	0	0	0	0	0	0	0	0	0	0	0	0	0	0	0	0	0	0	0	0	0	0	0	0	0	0	0	0	0	0	0	0	0	0	0	0	0	0	0	0	0	0	0	0	0	0	0	0	0	0	0	0	0	0	0	0	0	0	0	0	0	0	0	0	0	0	0	0	0	0	0	0	0	0	0	110	120	159	57	62	94	176	42	107	134	70	122	100	99	24	156	129	161	40	187	62	59	169	96	76	149	83	115	182	107	119	145	133	59	147	52	168	119	16	147	168	121	97	120	113	146	87	80	111
0	0	0	0	0	0	0	0	0	0	0	0	0	0	0	0	0	0	0	0	0	0	0	0	0	0	0	0	0	0	0	0	0	0	0	0	0	0	0	0	0	0	0	0	0	0	0	0	0	0	0	0	0	0	0	0	0	0	0	0	0	0	0	0	0	0	0	0	0	0	0	0	0	0	0	0	0	0	0	0	134	86	48	88	127	153	109	159	42	129	171	175	29	104	13	130	132	87	68	50	16	43	58	181	154	129	76	71	139	60	110	10	175	61	83	109	74	159	123	84	142	48	144	151	134	118	118	176
0	0	0	0	0	0	0	0	0	0	0	0	0	0	0	0	0	0	0	0	0	0	0	0	0	0	0	0	0	0	0	0	0	0	0	0	0	0	0	0	0	0	0	0	0	0	0	0	0	0	0	0	0	0	0	0	0	0	0	0	0	0	0	0	0	0	0	0	0	0	0	0	0	0	0	0	0	0	0	0	0	80	87	94	87	76	74	143	165	47	80	135	171	25	102	164	140	68	93	111	99	98	59	39	81	56	92	61	50	16	90	156	110	176	174	91	129	76	171	112	108	181	95	122	145	128	146	15
0	0	0	0	0	0	0	0	0	0	0	0	0	0	0	0	0	0	0	0	0	0	0	0	0	0	0	0	0	0	0	0	0	0	0	0	0	0	0	0	0	0	0	0	0	0	0	0	0	0	0	0	0	0	0	0	0	0	0	0	0	0	0	0	0	0	0	0	0	0	0	0	0	0	0	0	0	0	0	0	0	0	126	107	172	149	150	184	101	111	175	135	42	178	123	113	127	73	72	60	76	86	146	68	81	16	85	122	107	44	60	89	81	175	168	102	101	30	80	99	88	152	125	125	86	128	94	47
0	0	0	0	0	0	0	0	0	0	0	0	0	0	0	0	0	0	0	0	0	0	0	0	0	0	0	0	0	0	0	0	0	0	0	0	0	0	0	0	0	0	0	0	0	0	0	0	0	0	0	0	0	0	0	0	0	0	0	0	0	0	0	0	0	0	0	0	0	0	0	0	0	0	0	0	0	0	0	0	0	0	0	150	143	99	20	99	136	51	154	82	144	139	9	147	13	168	41	141	61	123	119	135	104	117	72	101	204	65	135	123	130	108	171	114	52	145	155	71	126	107	134	139	138	88	47	90
0	0	0	0	0	0	0	0	0	0	0	0	0	0	0	0	0	0	0	0	0	0	0	0	0	0	0	0	0	0	0	0	0	0	0	0	0	0	0	0	0	0	0	0	0	0	0	0	0	0	0	0	0	0	0	0	0	0	0	0	0	0	0	0	0	0	0	0	0	0	0	0	0	0	0	0	0	0	0	0	0	0	0	0	125	76	87	75	134	156	78	127	113	37	56	189	117	161	85	86	39	89	73	76	118	110	156	155	30	101	158	11	21	108	110	183	101	141	65	44	160	101	144	90	77	89	43	138
0	0	0	0	0	0	0	0	0	0	0	0	0	0	0	0	0	0	0	0	0	0	0	0	0	0	0	0	0	0	0	0	0	0	0	0	0	0	0	0	0	0	0	0	0	0	0	0	0	0	0	0	0	0	0	0	0	0	0	0	0	0	0	0	0	0	0	0	0	0	0	0	0	0	0	0	0	0	0	0	0	0	0	0	0	69	34	106	36	52	166	69	164	198	103	85	26	163	153	166	136	8	140	87	142	136	115	61	160	131	27	97	100	131	132	63	45	105	152	74	167	85	148	88	76	109	151	91
0	0	0	0	0	0	0	0	0	0	0	0	0	0	0	0	0	0	0	0	0	0	0	0	0	0	0	0	0	0	0	0	0	0	0	0	0	0	0	0	0	0	0	0	0	0	0	0	0	0	0	0	0	0	0	0	0	0	0	0	0	0	0	0	0	0	0	0	0	0	0	0	0	0	0	0	0	0	0	0	0	0	0	0	0	0	94	139	95	107	164	140	71	41	137	136	121	126	130	179	134	106	74	152	157	111	101	93	163	166	179	143	135	149	76	159	121	103	129	157	121	174	171	91	76	100	116	103
0	0	0	0	0	0	0	0	0	0	0	0	0	0	0	0	0	0	0	0	0	0	0	0	0	0	0	0	0	0	0	0	0	0	0	0	0	0	0	0	0	0	0	0	0	0	0	0	0	0	0	0	0	0	0	0	0	0	0	0	0	0	0	0	0	0	0	0	0	0	0	0	0	0	0	0	0	0	0	0	0	0	0	0	0	0	0	50	140	64	81	45	89	20	100	71	77	95	98	95	108	121	31	163	24	9	178	175	170	124	163	94	110	129	205	105	63	99	34	125	137	132	74	118	38	130	134	54
0	0	0	0	0	0	0	0	0	0	0	0	0	0	0	0	0	0	0	0	0	0	0	0	0	0	0	0	0	0	0	0	0	0	0	0	0	0	0	0	0	0	0	0	0	0	0	0	0	0	0	0	0	0	0	0	0	0	0	0	0	0	0	0	0	0	0	0	0	0	0	0	0	0	0	0	0	0	0	0	0	0	0	0	0	0	0	0	46	137	81	87	60	182	161	50	94	37	160	180	79	164	47	89	21	191	100	108	121	115	93	36	72	95	47	178	116	70	140	14	65	99	111	143	101	155	106	129
0	0	0	0	0	0	0	0	0	0	0	0	0	0	0	0	0	0	0	0	0	0	0	0	0	0	0	0	0	0	0	0	0	0	0	0	0	0	0	0	0	0	0	0	0	0	0	0	0	0	0	0	0	0	0	0	0	0	0	0	0	0	0	0	0	0	0	0	0	0	0	0	0	0	0	0	0	0	0	0	0	0	0	0	0	0	0	0	0	140	44	139	72	67	193	111	54	55	61	169	33	81	94	149	136	123	147	169	71	142	90	41	50	148	84	126	87	107	127	150	73	129	74	90	104	67	177	106
0	0	0	0	0	0	0	0	0	0	0	0	0	0	0	0	0	0	0	0	0	0	0	0	0	0	0	0	0	0	0	0	0	0	0	0	0	0	0	0	0	0	0	0	0	0	0	0	0	0	0	0	0	0	0	0	0	0	0	0	0	0	0	0	0	0	0	0	0	0	0	0	0	0	0	0	0	0	0	0	0	0	0	0	0	0	0	0	0	0	103	132	135	144	134	104	80	168	36	63	174	161	108	87	150	130	99	141	32	190	142	83	162	171	106	93	155	190	164	157	112	131	87	88	88	178	88	92
0	0	0	0	0	0	0	0	0	0	0	0	0	0	0	0	0	0	0	0	0	0	0	0	0	0	0	0	0	0	0	0	0	0	0	0	0	0	0	0	0	0	0	0	0	0	0	0	0	0	0	0	0	0	0	0	0	0	0	0	0	0	0	0	0	0	0	0	0	0	0	0	0	0	0	0	0	0	0	0	0	0	0	0	0	0	0	0	0	0	0	187	76	105	153	108	126	92	171	77	163	188	109	99	119	176	69	93	142	110	40	34	173	31	75	17	132	64	54	114	130	138	129	13	28	115	150	206
0	0	0	0	0	0	0	0	0	0	0	0	0	0	0	0	0	0	0	0	0	0	0	0	0	0	0	0	0	0	0	0	0	0	0	0	0	0	0	0	0	0	0	0	0	0	0	0	0	0	0	0	0	0	0	0	0	0	0	0	0	0	0	0	0	0	0	0	0	0	0	0	0	0	0	0	0	0	0	0	0	0	0	0	0	0	0	0	0	0	0	0	95	155	59	95	129	127	155	168	118	115	56	175	113	144	182	143	146	166	168	37	75	102	81	140	111	65	64	144	115	184	98	87	95	44	16	105
0	0	0	0	0	0	0	0	0	0	0	0	0	0	0	0	0	0	0	0	0	0	0	0	0	0	0	0	0	0	0	0	0	0	0	0	0	0	0	0	0	0	0	0	0	0	0	0	0	0	0	0	0	0	0	0	0	0	0	0	0	0	0	0	0	0	0	0	0	0	0	0	0	0	0	0	0	0	0	0	0	0	0	0	0	0	0	0	0	0	0	0	0	107	121	126	96	114	37	124	51	62	115	136	90	46	188	184	84	127	39	183	154	156	130	193	101	55	161	60	188	154	102	111	6	103	191	75
0	0	0	0	0	0	0	0	0	0	0	0	0	0	0	0	0	0	0	0	0	0	0	0	0	0	0	0	0	0	0	0	0	0	0	0	0	0	0	0	0	0	0	0	0	0	0	0	0	0	0	0	0	0	0	0	0	0	0	0	0	0	0	0	0	0	0	0	0	0	0	0	0	0	0	0	0	0	0	0	0	0	0	0	0	0	0	0	0	0	0	0	0	0	192	117	66	43	45	72	20	86	87	72	96	135	45	69	106	118	173	63	96	78	144	162	96	172	122	84	102	97	210	140	139	108	69	130
0	0	0	0	0	0	0	0	0	0	0	0	0	0	0	0	0	0	0	0	0	0	0	0	0	0	0	0	0	0	0	0	0	0	0	0	0	0	0	0	0	0	0	0	0	0	0	0	0	0	0	0	0	0	0	0	0	0	0	0	0	0	0	0	0	0	0	0	0	0	0	0	0	0	0	0	0	0	0	0	0	0	0	0	0	0	0	0	0	0	0	0	0	0	0	113	43	59	132	21	132	108	125	188	33	112	99	89	28	75	134	76	100	99	108	73	146	75	83	147	51	149	78	120	97	163	86	36
0	0	0	0	0	0	0	0	0	0	0	0	0	0	0	0	0	0	0	0	0	0	0	0	0	0	0	0	0	0	0	0	0	0	0	0	0	0	0	0	0	0	0	0	0	0	0	0	0	0	0	0	0	0	0	0	0	0	0	0	0	0	0	0	0	0	0	0	0	0	0	0	0	0	0	0	0	0	0	0	0	0	0	0	0	0	0	0	0	0	0	0	0	0	0	0	145	180	70	123	203	58	100	167	199	134	142	199	81	181	156	152	109	171	41	86	70	133	181	60	115	66	113	141	49	63	98	97
0	0	0	0	0	0	0	0	0	0	0	0	0	0	0	0	0	0	0	0	0	0	0	0	0	0	0	0	0	0	0	0	0	0	0	0	0	0	0	0	0	0	0	0	0	0	0	0	0	0	0	0	0	0	0	0	0	0	0	0	0	0	0	0	0	0	0	0	0	0	0	0	0	0	0	0	0	0	0	0	0	0	0	0	0	0	0	0	0	0	0	0	0	0	0	0	0	43	182	13	112	86	57	51	111	106	201	179	87	202	56	30	180	138	103	109	105	103	78	150	92	120	144	39	56	108	139	23
0	0	0	0	0	0	0	0	0	0	0	0	0	0	0	0	0	0	0	0	0	0	0	0	0	0	0	0	0	0	0	0	0	0	0	0	0	0	0	0	0	0	0	0	0	0	0	0	0	0	0	0	0	0	0	0	0	0	0	0	0	0	0	0	0	0	0	0	0	0	0	0	0	0	0	0	0	0	0	0	0	0	0	0	0	0	0	0	0	0	0	0	0	0	0	0	0	0	212	176	96	109	155	69	117	100	38	176	171	54	126	220	72	128	146	88	112	115	153	171	85	139	66	130	173	6	114	155
0	0	0	0	0	0	0	0	0	0	0	0	0	0	0	0	0	0	0	0	0	0	0	0	0	0	0	0	0	0	0	0	0	0	0	0	0	0	0	0	0	0	0	0	0	0	0	0	0	0	0	0	0	0	0	0	0	0	0	0	0	0	0	0	0	0	0	0	0	0	0	0	0	0	0	0	0	0	0	0	0	0	0	0	0	0	0	0	0	0	0	0	0	0	0	0	0	0	0	158	144	155	96	91	131	69	203	115	31	133	85	175	195	168	79	141	83	15	59	76	116	126	72	152	93	149	131	133
0	0	0	0	0	0	0	0	0	0	0	0	0	0	0	0	0	0	0	0	0	0	0	0	0	0	0	0	0	0	0	0	0	0	0	0	0	0	0	0	0	0	0	0	0	0	0	0	0	0	0	0	0	0	0	0	0	0	0	0	0	0	0	0	0	0	0	0	0	0	0	0	0	0	0	0	0	0	0	0	0	0	0	0	0	0	0	0	0	0	0	0	0	0	0	0	0	0	0	0	133	178	101	166	143	136	221	148	73	186	42	118	5	198	63	131	101	89	126	180	117	64	114	160	147	147	158	186
0	0	0	0	0	0	0	0	0	0	0	0	0	0	0	0	0	0	0	0	0	0	0	0	0	0	0	0	0	0	0	0	0	0	0	0	0	0	0	0	0	0	0	0	0	0	0	0	0	0	0	0	0	0	0	0	0	0	0	0	0	0	0	0	0	0	0	0	0	0	0	0	0	0	0	0	0	0	0	0	0	0	0	0	0	0	0	0	0	0	0	0	0	0	0	0	0	0	0	0	0	199	188	160	166	58	151	71	75	90	152	138	67	165	178	68	34	74	134	91	121	53	81	179	101	103	158	183
0	0	0	0	0	0	0	0	0	0	0	0	0	0	0	0	0	0	0	0	0	0	0	0	0	0	0	0	0	0	0	0	0	0	0	0	0	0	0	0	0	0	0	0	0	0	0	0	0	0	0	0	0	0	0	0	0	0	0	0	0	0	0	0	0	0	0	0	0	0	0	0	0	0	0	0	0	0	0	0	0	0	0	0	0	0	0	0	0	0	0	0	0	0	0	0	0	0	0	0	0	0	97	158	117	160	137	143	184	89	72	123	89	123	57	115	124	92	108	100	47	95	188	116	25	133	34	99
0	0	0	0	0	0	0	0	0	0	0	0	0	0	0	0	0	0	0	0	0	0	0	0	0	0	0	0	0	0	0	0	0	0	0	0	0	0	0	0	0	0	0	0	0	0	0	0	0	0	0	0	0	0	0	0	0	0	0	0	0	0	0	0	0	0	0	0	0	0	0	0	0	0	0	0	0	0	0	0	0	0	0	0	0	0	0	0	0	0	0	0	0	0	0	0	0	0	0	0	0	0	0	96	162	118	126	88	165	132	110	133	121	55	123	119	28	185	126	87	91	56	71	163	187	96	173	139
0	0	0	0	0	0	0	0	0	0	0	0	0	0	0	0	0	0	0	0	0	0	0	0	0	0	0	0	0	0	0	0	0	0	0	0	0	0	0	0	0	0	0	0	0	0	0	0	0	0	0	0	0	0	0	0	0	0	0	0	0	0	0	0	0	0	0	0	0	0	0	0	0	0	0	0	0	0	0	0	0	0	0	0	0	0	0	0	0	0	0	0	0	0	0	0	0	0	0	0	0	0	0	0	107	126	185	122	82	51	91	91	206	40	163	147	121	87	54	80	139	51	128	165	203	134	126	148
0	0	0	0	0	0	0	0	0	0	0	0	0	0	0	0	0	0	0	0	0	0	0	0	0	0	0	0	0	0	0	0	0	0	0	0	0	0	0	0	0	0	0	0	0	0	0	0	0	0	0	0	0	0	0	0	0	0	0	0	0	0	0	0	0	0	0	0	0	0	0	0	0	0	0	0	0	0	0	0	0	0	0	0	0	0	0	0	0	0	0	0	0	0	0	0	0	0	0	0	0	0	0	0	0	157	102	152	165	68	102	140	123	68	156	83	62	97	117	70	68	35	150	175	53	71	164	64
0	0	0	0	0	0	0	0	0	0	0	0	0	0	0	0	0	0	0	0	0	0	0	0	0	0	0	0	0	0	0	0	0	0	0	0	0	0	0	0	0	0	0	0	0	0	0	0	0	0	0	0	0	0	0	0	0	0	0	0	0	0	0	0	0	0	0	0	0	0	0	0	0	0	0	0	0	0	0	0	0	0	0	0	0	0	0	0	0	0	0	0	0	0	0	0	0	0	0	0	0	0	0	0	0	0	42	129	41	62	132	74	143	152	35	120	120	179	134	69	94	169	105	196	111	122	78	42
0	0	0	0	0	0	0	0	0	0	0	0	0	0	0	0	0	0	0	0	0	0	0	0	0	0	0	0	0	0	0	0	0	0	0	0	0	0	0	0	0	0	0	0	0	0	0	0	0	0	0	0	0	0	0	0	0	0	0	0	0	0	0	0	0	0	0	0	0	0	0	0	0	0	0	0	0	0	0	0	0	0	0	0	0	0	0	0	0	0	0	0	0	0	0	0	0	0	0	0	0	0	0	0	0	0	0	227	88	103	135	96	90	132	137	50	106	88	123	100	186	132	49	159	115	143	109	134
0	0	0	0	0	0	0	0	0	0	0	0	0	0	0	0	0	0	0	0	0	0	0	0	0	0	0	0	0	0	0	0	0	0	0	0	0	0	0	0	0	0	0	0	0	0	0	0	0	0	0	0	0	0	0	0	0	0	0	0	0	0	0	0	0	0	0	0	0	0	0	0	0	0	0	0	0	0	0	0	0	0	0	0	0	0	0	0	0	0	0	0	0	0	0	0	0	0	0	0	0	0	0	0	0	0	0	0	162	194	205	139	186	134	120	78	113	63	104	162	156	111	174	119	105	108	114	123
0	0	0	0	0	0	0	0	0	0	0	0	0	0	0	0	0	0	0	0	0	0	0	0	0	0	0	0	0	0	0	0	0	0	0	0	0	0	0	0	0	0	0	0	0	0	0	0	0	0	0	0	0	0	0	0	0	0	0	0	0	0	0	0	0	0	0	0	0	0	0	0	0	0	0	0	0	0	0	0	0	0	0	0	0	0	0	0	0	0	0	0	0	0	0	0	0	0	0	0	0	0	0	0	0	0	0	0	0	55	164	170	138	60	154	114	152	98	226	117	186	15	85	191	52	102	143	186
0	0	0	0	0	0	0	0	0	0	0	0	0	0	0	0	0	0	0	0	0	0	0	0	0	0	0	0	0	0	0	0	0	0	0	0	0	0	0	0	0	0	0	0	0	0	0	0	0	0	0	0	0	0	0	0	0	0	0	0	0	0	0	0	0	0	0	0	0	0	0	0	0	0	0	0	0	0	0	0	0	0	0	0	0	0	0	0	0	0	0	0	0	0	0	0	0	0	0	0	0	0	0	0	0	0	0	0	0	0	72	61	77	117	61	84	96	142	145	61	83	111	149	94	183	148	65	163
0	0	0	0	0	0	0	0	0	0	0	0	0	0	0	0	0	0	0	0	0	0	0	0	0	0	0	0	0	0	0	0	0	0	0	0	0	0	0	0	0	0	0	0	0	0	0	0	0	0	0	0	0	0	0	0	0	0	0	0	0	0	0	0	0	0	0	0	0	0	0	0	0	0	0	0	0	0	0	0	0	0	0	0	0	0	0	0	0	0	0	0	0	0	0	0	0	0	0	0	0	0	0	0	0	0	0	0	0	0	0	58	125	171	86	76	34	142	68	84	103	33	145	99	93	152	107	44
0	0	0	0	0	0	0	0	0	0	0	0	0	0	0	0	0	0	0	0	0	0	0	0	0	0	0	0	0	0	0	0	0	0	0	0	0	0	0	0	0	0	0	0	0	0	0	0	0	0	0	0	0	0	0	0	0	0	0	0	0	0	0	0	0	0	0	0	0	0	0	0	0	0	0	0	0	0	0	0	0	0	0	0	0	0	0	0	0	0	0	0	0	0	0	0	0	0	0	0	0	0	0	0	0	0	0	0	0	0	0	0	174	17	93	149	47	164	108	118	189	139	149	96	89	126	153	126
0	0	0	0	0	0	0	0	0	0	0	0	0	0	0	0	0	0	0	0	0	0	0	0	0	0	0	0	0	0	0	0	0	0	0	0	0	0	0	0	0	0	0	0	0	0	0	0	0	0	0	0	0	0	0	0	0	0	0	0	0	0	0	0	0	0	0	0	0	0	0	0	0	0	0	0	0	0	0	0	0	0	0	0	0	0	0	0	0	0	0	0	0	0	0	0	0	0	0	0	0	0	0	0	0	0	0	0	0	0	0	0	0	173	159	98	20	143	139	87	91	119	35	121	125	134	135	105
0	0	0	0	0	0	0	0	0	0	0	0	0	0	0	0	0	0	0	0	0	0	0	0	0	0	0	0	0	0	0	0	0	0	0	0	0	0	0	0	0	0	0	0	0	0	0	0	0	0	0	0	0	0	0	0	0	0	0	0	0	0	0	0	0	0	0	0	0	0	0	0	0	0	0	0	0	0	0	0	0	0	0	0	0	0	0	0	0	0	0	0	0	0	0	0	0	0	0	0	0	0	0	0	0	0	0	0	0	0	0	0	0	0	229	183	154	131	37	161	19	82	126	189	140	113	112	116
0	0	0	0	0	0	0	0	0	0	0	0	0	0	0	0	0	0	0	0	0	0	0	0	0	0	0	0	0	0	0	0	0	0	0	0	0	0	0	0	0	0	0	0	0	0	0	0	0	0	0	0	0	0	0	0	0	0	0	0	0	0	0	0	0	0	0	0	0	0	0	0	0	0	0	0	0	0	0	0	0	0	0	0	0	0	0	0	0	0	0	0	0	0	0	0	0	0	0	0	0	0	0	0	0	0	0	0	0	0	0	0	0	0	0	195	104	105	33	104	53	86	133	212	72	17	100	133
0	0	0	0	0	0	0	0	0	0	0	0	0	0	0	0	0	0	0	0	0	0	0	0	0	0	0	0	0	0	0	0	0	0	0	0	0	0	0	0	0	0	0	0	0	0	0	0	0	0	0	0	0	0	0	0	0	0	0	0	0	0	0	0	0	0	0	0	0	0	0	0	0	0	0	0	0	0	0	0	0	0	0	0	0	0	0	0	0	0	0	0	0	0	0	0	0	0	0	0	0	0	0	0	0	0	0	0	0	0	0	0	0	0	0	0	136	95	205	81	76	92	110	97	193	91	173	195
0	0	0	0	0	0	0	0	0	0	0	0	0	0	0	0	0	0	0	0	0	0	0	0	0	0	0	0	0	0	0	0	0	0	0	0	0	0	0	0	0	0	0	0	0	0	0	0	0	0	0	0	0	0	0	0	0	0	0	0	0	0	0	0	0	0	0	0	0	0	0	0	0	0	0	0	0	0	0	0	0	0	0	0	0	0	0	0	0	0	0	0	0	0	0	0	0	0	0	0	0	0	0	0	0	0	0	0	0	0	0	0	0	0	0	0	0	145	168	133	92	146	141	92	120	64	79	199
0	0	0	0	0	0	0	0	0	0	0	0	0	0	0	0	0	0	0	0	0	0	0	0	0	0	0	0	0	0	0	0	0	0	0	0	0	0	0	0	0	0	0	0	0	0	0	0	0	0	0	0	0	0	0	0	0	0	0	0	0	0	0	0	0	0	0	0	0	0	0	0	0	0	0	0	0	0	0	0	0	0	0	0	0	0	0	0	0	0	0	0	0	0	0	0	0	0	0	0	0	0	0	0	0	0	0	0	0	0	0	0	0	0	0	0	0	0	55	133	104	151	170	105	116	32	139	35
0	0	0	0	0	0	0	0	0	0	0	0	0	0	0	0	0	0	0	0	0	0	0	0	0	0	0	0	0	0	0	0	0	0	0	0	0	0	0	0	0	0	0	0	0	0	0	0	0	0	0	0	0	0	0	0	0	0	0	0	0	0	0	0	0	0	0	0	0	0	0	0	0	0	0	0	0	0	0	0	0	0	0	0	0	0	0	0	0	0	0	0	0	0	0	0	0	0	0	0	0	0	0	0	0	0	0	0	0	0	0	0	0	0	0	0	0	0	0	173	146	107	125	149	10	166	86	140
0	0	0	0	0	0	0	0	0	0	0	0	0	0	0	0	0	0	0	0	0	0	0	0	0	0	0	0	0	0	0	0	0	0	0	0	0	0	0	0	0	0	0	0	0	0	0	0	0	0	0	0	0	0	0	0	0	0	0	0	0	0	0	0	0	0	0	0	0	0	0	0	0	0	0	0	0	0	0	0	0	0	0	0	0	0	0	0	0	0	0	0	0	0	0	0	0	0	0	0	0	0	0	0	0	0	0	0	0	0	0	0	0	0	0	0	0	0	0	0	12	121	175	79	188	170	117	52
0	0	0	0	0	0	0	0	0	0	0	0	0	0	0	0	0	0	0	0	0	0	0	0	0	0	0	0	0	0	0	0	0	0	0	0	0	0	0	0	0	0	0	0	0	0	0	0	0	0	0	0	0	0	0	0	0	0	0	0	0	0	0	0	0	0	0	0	0	0	0	0	0	0	0	0	0	0	0	0	0	0	0	0	0	0	0	0	0	0	0	0	0	0	0	0	0	0	0	0	0	0	0	0	0	0	0	0	0	0	0	0	0	0	0	0	0	0	0	0	0	154	73	125	147	165	62	90
0	0	0	0	0	0	0	0	0	0	0	0	0	0	0	0	0	0	0	0	0	0	0	0	0	0	0	0	0	0	0	0	0	0	0	0	0	0	0	0	0	0	0	0	0	0	0	0	0	0	0	0	0	0	0	0	0	0	0	0	0	0	0	0	0	0	0	0	0	0	0	0	0	0	0	0	0	0	0	0	0	0	0	0	0	0	0	0	0	0	0	0	0	0	0	0	0	0	0	0	0	0	0	0	0	0	0	0	0	0	0	0	0	0	0	0	0	0	0	0	0	0	102	104	153	149	177	129
0	0	0	0	0	0	0	0	0	0	0	0	0	0	0	0	0	0	0	0	0	0	0	0	0	0	0	0	0	0	0	0	0	0	0	0	0	0	0	0	0	0	0	0	0	0	0	0	0	0	0	0	0	0	0	0	0	0	0	0	0	0	0	0	0	0	0	0	0	0	0	0	0	0	0	0	0	0	0	0	0	0	0	0	0	0	0	0	0	0	0	0	0	0	0	0	0	0	0	0	0	0	0	0	0	0	0	0	0	0	0	0	0	0	0	0	0	0	0	0	0	0	0	93	93	154	109	138
0	0	0	0	0	0	0	0	0	0	0	0	0	0	0	0	0	0	0	0	0	0	0	0	0	0	0	0	0	0	0	0	0	0	0	0	0	0	0	0	0	0	0	0	0	0	0	0	0	0	0	0	0	0	0	0	0	0	0	0	0	0	0	0	0	0	0	0	0	0	0	0	0	0	0	0	0	0	0	0	0	0	0	0	0	0	0	0	0	0	0	0	0	0	0	0	0	0	0	0	0	0	0	0	0	0	0	0	0	0	0	0	0	0	0	0	0	0	0	0	0	0	0	0	134	122	84	78
0	0	0	0	0	0	0	0	0	0	0	0	0	0	0	0	0	0	0	0	0	0	0	0	0	0	0	0	0	0	0	0	0	0	0	0	0	0	0	0	0	0	0	0	0	0	0	0	0	0	0	0	0	0	0	0	0	0	0	0	0	0	0	0	0	0	0	0	0	0	0	0	0	0	0	0	0	0	0	0	0	0	0	0	0	0	0	0	0	0	0	0	0	0	0	0	0	0	0	0	0	0	0	0	0	0	0	0	0	0	0	0	0	0	0	0	0	0	0	0	0	0	0	0	0	203	215	153
0	0	0	0	0	0	0	0	0	0	0	0	0	0	0	0	0	0	0	0	0	0	0	0	0	0	0	0	0	0	0	0	0	0	0	0	0	0	0	0	0	0	0	0	0	0	0	0	0	0	0	0	0	0	0	0	0	0	0	0	0	0	0	0	0	0	0	0	0	0	0	0	0	0	0	0	0	0	0	0	0	0	0	0	0	0	0	0	0	0	0	0	0	0	0	0	0	0	0	0	0	0	0	0	0	0	0	0	0	0	0	0	0	0	0	0	0	0	0	0	0	0	0	0	0	0	198	91
0	0	0	0	0	0	0	0	0	0	0	0	0	0	0	0	0	0	0	0	0	0	0	0	0	0	0	0	0	0	0	0	0	0	0	0	0	0	0	0	0	0	0	0	0	0	0	0	0	0	0	0	0	0	0	0	0	0	0	0	0	0	0	0	0	0	0	0	0	0	0	0	0	0	0	0	0	0	0	0	0	0	0	0	0	0	0	0	0	0	0	0	0	0	0	0	0	0	0	0	0	0	0	0	0	0	0	0	0	0	0	0	0	0	0	0	0	0	0	0	0	0	0	0	0	0	0	165
0	0	0	0	0	0	0	0	0	0	0	0	0	0	0	0	0	0	0	0	0	0	0	0	0	0	0	0	0	0	0	0	0	0	0	0	0	0	0	0	0	0	0	0	0	0	0	0	0	0	0	0	0	0	0	0	0	0	0	0	0	0	0	0	0	0	0	0	0	0	0	0	0	0	0	0	0	0	0	0	0	0	0	0	0	0	0	0	0	0	0	0	0	0	0	0	0	0	0	0	0	0	0	0	0	0	0	0	0	0	0	0	0	0	0	0	0	0	0	0	0	0	0	0	0	0	0	0