0	69	36	17	85	44	74	51	15	127	80	46	15	109	59	75	127	29	40	61	102	80	88	53	70	36	91	105	72	74	128	16	23	44	49	37	70	117	58	9	12	71	80	74	15	102	2	57	122	74	33	83	105	19	38	59	111	49	105	31	57	66	21	127	104	108	12	24	23	15	3	85	85	8	57	71	80	82	69	39	78	44	127	35	13	7	79	19	113	33	9	117	92	98	108	55	85	89	115	32	94	7	55	107	11	28	122	111	109	114	31	120	20	6	126	89	50	7	84	81	72	33	10	19	50	43	35	13
0	0	114	25	54	39	108	110	92	46	121	11	33	83	78	26	30	105	65	16	56	79	42	97	58	5	106	17	64	9	23	23	39	22	47	76	15	84	11	90	58	48	88	92	42	89	25	25	96	44	54	75	116	68	75	90	42	33	83	72	18	27	129	121	65	9	92	103	46	103	119	73	13	3	39	30	39	43	8	69	46	65	12	74	80	6	43	44	101	8	86	95	121	102	62	73	114	113	102	38	33	114	19	57	36	8	96	24	113	89	7	87	69	113	60	103	73	5	95	111	11	89	88	82	13	35	14	61
0	0	0	79	103	61	115	120	8	85	82	28	99	96	5	59	94	12	122	124	98	59	68	13	81	41	53	115	91	56	7	83	121	9	30	113	97	37	20	120	24	32	66	32	110	121	14	74	121	58	53	70	128	2	123	14	14	92	14	49	85	61	78	119	117	18	29	80	20	43	67	6	26	82	34	127	36	13	68	78	111	72	94	123	47	42	73	94	36	85	58	115	10	95	29	49	92	30	8	74	71	126	6	127	96	102	58	63	57	108	106	42	127	64	76	75	89	113	55	74	20	130	11	89	101	36	115	118
0	0	0	0	62	18	96	19	25	28	69	17	18	129	20	63	69	115	44	98	131	77	114	54	97	4	3	108	56	117	76	122	129	32	26	9	32	68	38	58	132	73	67	30	24	8	40	116	54	110	67	30	22	30	84	36	82	37	57	11	28	26	15	97	102	57	92	108	119	64	16	128	39	9	123	119	6	48	11	107	48	92	75	101	32	69	45	8	74	109	123	115	100	12	24	77	64	86	111	9	87	50	107	75	74	37	25	52	55	70	114	128	6	51	37	36	109	129	70	111	89	17	39	122	45	75	111	94
0	0	0	0	0	49	61	28	78	132	25	3	34	8	103	69	39	28	49	93	111	37	84	5	90	5	83	95	45	28	11	55	108	80	64	98	73	95	12	88	110	56	82	114	119	115	109	124	12	107	125	124	9	113	67	10	77	92	27	23	33	21	27	109	123	7	131	129	103	33	46	13	115	47	27	12	46	16	10	109	105	128	8	118	56	122	32	27	32	121	120	55	102	110	113	116	122	109	113	98	44	107	8	35	91	82	22	118	67	32	121	7	129	101	123	102	57	89	20	91	31	76	97	70	42	114	16	113
0	0	0	0	0	0	37	124	48	131	55	75	86	47	125	117	6	105	35	107	59	57	96	46	33	123	82	95	68	22	90	113	100	118	104	110	103	37	3	87	120	83	48	34	115	40	90	87	106	20	95	21	41	60	35	90	90	13	66	85	110	63	81	80	76	46	118	75	66	20	133	22	113	33	95	77	19	13	113	9	99	33	22	117	91	77	12	50	61	72	49	66	33	92	13	113	40	59	62	38	53	72	79	89	91	92	40	113	25	114	107	122	4	47	64	66	65	36	131	47	118	22	83	100	61	7	51	69
0	0	0	0	0	0	0	62	25	54	99	67	8	73	129	46	88	30	68	12	127	49	81	35	103	128	58	96	93	89	118	52	117	87	32	103	28	80	95	21	88	43	75	118	131	12	17	14	72	38	100	56	42	114	109	44	4	93	24	111	128	21	32	46	12	47	67	107	104	112	15	69	72	103	32	62	43	17	17	10	17	45	121	23	21	96	56	90	41	77	112	40	49	128	35	85	76	94	89	103	37	21	87	128	111	16	134	49	73	31	67	22	17	99	74	116	98	79	106	75	58	128	126	79	29	82	74	46
0	0	0	0	0	0	0	0	31	74	108	123	53	69	86	129	60	79	77	40	6	54	23	80	26	95	13	3	28	55	101	79	79	33	59	31	14	91	10	68	129	125	73	34	120	61	18	45	58	70	127	31	129	97	28	69	36	34	79	55	70	46	104	18	48	55	86	70	11	79	59	53	116	11	75	80	94	67	98	82	108	79	44	78	109	86	120	123	10	131	119	37	126	113	64	32	52	127	43	130	113	68	30	131	19	115	63	86	96	107	128	126	109	114	55	119	55	93	32	27	113	15	86	20	56	40	5	52
0	0	0	0	0	0	0	0	0	110	91	84	49	45	83	29	8	5	48	123	66	109	33	65	97	68	27	95	24	56	53	125	132	63	45	54	31	103	35	70	71	108	6	7	101	34	9	44	116	120	100	16	85	60	80	96	40	29	37	26	105	24	36	118	75	39	90	70	23	62	10	105	65	113	117	33	5	24	103	115	51	117	111	14	135	34	64	9	121	104	42	82	68	35	74	57	135	87	110	115	69	27	113	105	86	46	79	125	75	129	24	32	63	65	126	45	103	79	90	97	13	110	45	109	55	50	80	78
0	0	0	0	0	0	0	0	0	0	122	126	40	88	64	101	105	126	113	118	58	13	87	34	79	109	100	100	48	13	23	25	115	33	59	125	19	57	105	129	123	119	84	116	120	123	129	130	80	56	96	114	5	28	126	27	52	90	75	37	132	72	102	100	116	52	33	68	17	109	116	23	33	48	107	16	54	103	133	56	126	112	42	24	33	52	25	19	76	128	55	133	13	92	91	126	81	53	133	28	70	112	8	21	46	91	121	114	112	49	50	99	88	76	103	11	90	37	133	19	123	113	62	107	42	60	36	82
0	0	0	0	0	0	0	0	0	0	0	88	56	119	53	29	57	68	48	57	77	38	17	20	42	74	85	26	53	107	23	18	47	111	66	66	128	103	112	89	64	91	27	129	67	103	136	109	67	36	64	95	128	15	10	133	97	64	53	30	116	32	61	99	74	131	49	53	113	102	28	8	48	82	73	97	120	71	94	47	44	93	16	83	83	120	71	74	112	83	37	9	34	64	63	88	104	88	87	120	62	58	68	84	55	36	110	73	56	39	8	64	69	108	4	104	126	84	26	101	32	85	62	99	32	116	105	127
0	0	0	0	0	0	0	0	0	0	0	0	32	49	107	87	106	79	22	104	26	52	100	78	115	42	89	82	39	26	97	127	115	34	91	71	76	109	83	72	127	52	80	119	31	123	56	108	16	51	30	39	53	96	99	127	66	84	74	11	64	113	96	82	73	26	78	97	123	119	58	114	36	92	89	108	9	12	27	40	37	82	106	104	48	39	39	128	16	41	108	93	4	82	46	96	76	109	86	135	105	89	126	41	25	80	126	14	118	124	11	28	99	49	108	17	122	57	132	61	5	19	13	74	75	107	24	11
0	0	0	0	0	0	0	0	0	0	0	0	0	65	106	98	124	65	48	67	96	134	36	60	27	115	116	84	36	41	116	99	89	67	45	111	103	24	126	92	63	24	129	104	63	116	85	92	29	97	131	102	63	16	74	54	77	42	136	66	82	91	119	103	20	75	50	78	60	93	61	45	98	46	33	93	95	25	69	120	28	71	56	19	73	66	136	121	13	54	90	82	100	88	42	7	117	30	83	39	47	134	78	96	115	71	96	41	83	38	48	106	37	85	133	101	84	24	95	57	94	55	16	94	89	124	13	104
0	0	0	0	0	0	0	0	0	0	0	0	0	0	21	40	126	47	59	32	68	36	130	57	111	126	16	59	107	40	50	56	33	24	73	6	71	80	29	126	72	99	28	43	51	59	119	71	101	57	19	41	132	68	49	52	45	18	79	68	90	29	79	48	12	124	47	55	100	33	87	132	82	31	86	77	73	43	44	88	115	62	118	66	134	39	72	100	54	97	99	57	125	73	76	49	42	67	40	123	93	21	138	83	110	106	107	89	41	116	67	3	97	27	128	8	21	85	78	129	19	34	66	94	103	26	31	112
0	0	0	0	0	0	0	0	0	0	0	0	0	0	0	50	13	125	77	17	64	133	83	102	122	83	131	44	72	54	98	97	124	72	93	13	12	60	130	74	126	104	30	46	101	42	105	25	21	85	69	62	28	16	88	54	112	75	63	133	26	56	54	60	108	13	126	119	12	11	101	7	66	82	81	105	25	115	32	74	80	108	97	17	106	111	39	110	135	117	37	51	86	35	54	68	52	110	93	62	31	95	131	37	71	61	105	71	63	20	111	108	62	72	114	49	20	20	119	44	10	116	72	27	71	81	67	73
0	0	0	0	0	0	0	0	0	0	0	0	0	0	0	0	79	109	21	27	131	51	97	126	20	10	118	45	34	53	61	36	131	114	121	120	113	81	17	85	116	135	109	127	20	43	78	110	60	129	88	102	77	30	23	115	128	131	34	48	51	36	56	135	28	38	115	74	48	47	17	64	16	83	25	27	81	33	18	24	54	28	100	96	29	35	50	78	51	67	144	65	124	111	50	18	84	139	40	86	68	112	73	119	54	125	4	53	37	57	50	51	40	63	25	68	90	128	96	103	85	44	136	71	79	129	65	73
0	0	0	0	0	0	0	0	0	0	0	0	0	0	0	0	0	83	87	117	26	14	120	74	66	8	97	76	130	97	120	136	58	34	42	61	51	38	136	10	109	122	79	47	109	34	5	19	121	47	110	28	125	118	66	99	135	23	48	53	117	110	21	121	84	67	121	113	28	85	69	10	84	106	80	18	72	96	118	55	75	56	54	133	65	114	66	23	87	20	131	101	81	70	108	127	34	73	90	20	135	130	16	21	19	106	28	97	92	58	99	104	28	69	21	131	122	76	118	106	7	58	74	45	131	102	74	74
0	0	0	0	0	0	0	0	0	0	0	0	0	0	0	0	0	0	138	114	74	40	137	59	80	127	58	54	128	122	129	100	12	36	106	110	91	113	20	42	50	58	44	75	62	87	125	52	23	65	9	75	30	96	46	59	49	99	45	64	106	110	52	51	135	32	59	120	129	61	114	71	101	12	65	86	125	37	46	82	111	53	118	77	29	88	132	80	33	97	77	58	42	123	58	12	79	64	123	100	93	94	72	31	112	37	44	91	112	67	113	129	103	59	109	33	46	125	135	134	25	18	30	102	111	76	53	78
0	0	0	0	0	0	0	0	0	0	0	0	0	0	0	0	0	0	0	36	139	12	87	87	126	92	74	86	79	42	71	123	41	109	122	51	11	47	138	4	59	46	83	82	111	14	136	109	131	74	134	130	41	42	84	40	126	81	95	94	61	129	46	137	51	24	62	121	95	65	39	16	134	135	100	108	82	76	24	29	119	23	61	82	51	115	13	114	98	116	92	15	133	100	98	30	87	8	131	25	31	40	111	63	104	102	63	42	19	31	96	88	50	41	79	142	102	14	95	120	104	95	132	104	84	102	90	121
0	0	0	0	0	0	0	0	0	0	0	0	0	0	0	0	0	0	0	0	40	62	27	116	31	72	113	104	85	97	72	76	23	92	123	108	113	37	39	119	66	60	94	91	39	81	43	33	46	125	58	107	21	34	81	146	136	8	102	53	48	45	116	106	103	49	108	102	52	102	59	60	33	28	105	59	19	94	104	63	77	124	86	54	109	99	145	72	68	65	55	88	53	129	43	34	39	15	107	73	23	40	29	110	115	26	117	48	69	48	137	93	60	108	43	122	19	95	124	86	89	98	30	129	34	90	15	68
0	0	0	0	0	0	0	0	0	0	0	0	0	0	0	0	0	0	0	0	0	74	33	75	112	127	138	137	38	112	13	72	66	121	64	93	102	56	111	20	95	120	17	133	45	75	73	34	44	144	75	97	56	74	17	66	116	48	97	133	69	54	46	83	115	49	137	11	100	64	122	92	96	138	29	62	115	90	89	112	78	49	123	118	124	23	87	102	90	114	62	117	131	111	95	77	56	85	105	131	87	58	60	48	136	115	97	115	102	33	83	138	22	63	124	23	104	28	50	66	36	123	111	45	87	98	113	73
0	0	0	0	0	0	0	0	0	0	0	0	0	0	0	0	0	0	0	0	0	0	48	104	98	101	92	56	128	56	14	19	62	27	55	140	111	65	44	31	13	25	61	56	94	71	92	44	48	127	31	33	66	71	37	50	100	16	63	131	54	118	136	95	128	94	124	65	108	72	78	72	16	58	101	27	123	70	141	24	91	45	98	26	77	130	76	112	103	73	13	141	4	139	91	116	51	126	87	45	145	25	141	125	127	86	122	63	83	42	67	99	120	35	40	89	131	93	89	114	99	136	137	33	24	127	24	84
0	0	0	0	0	0	0	0	0	0	0	0	0	0	0	0	0	0	0	0	0	0	0	23	95	71	37	134	95	74	70	134	70	42	12	131	65	102	106	113	70	109	67	75	66	140	23	36	67	25	16	68	89	93	97	117	81	98	107	43	51	102	33	18	10	58	102	69	92	77	42	29	116	74	57	30	18	19	96	115	105	99	117	35	37	128	85	47	14	89	85	95	38	128	83	51	57	34	86	63	51	34	9	85	134	64	30	134	136	115	119	32	25	130	124	116	20	119	52	121	43	67	78	29	34	110	87	146
0	0	0	0	0	0	0	0	0	0	0	0	0	0	0	0	0	0	0	0	0	0	0	0	48	144	69	116	67	127	107	111	38	38	66	48	146	71	39	62	126	88	71	81	21	40	122	141	147	104	134	43	136	128	23	34	82	68	36	53	144	118	104	19	122	128	145	106	109	82	83	19	85	44	54	80	132	77	100	49	42	50	49	61	58	37	94	121	24	73	43	144	45	103	53	81	87	118	26	121	56	43	86	44	61	108	83	50	115	67	95	44	113	134	25	64	45	145	131	118	132	118	126	54	107	97	87	14
0	0	0	0	0	0	0	0	0	0	0	0	0	0	0	0	0	0	0	0	0	0	0	0	0	95	45	94	62	133	83	99	77	114	42	119	75	97	69	17	26	37	80	50	104	67	77	19	118	118	6	116	80	40	49	65	53	67	61	52	54	128	16	85	118	78	51	71	20	41	38	34	106	67	27	100	24	50	59	107	50	63	49	135	113	14	95	69	78	42	98	78	19	37	27	35	57	123	146	28	29	102	123	61	92	107	124	61	48	57	43	27	129	43	56	10	57	148	74	125	87	7	75	44	85	108	76	125
0	0	0	0	0	0	0	0	0	0	0	0	0	0	0	0	0	0	0	0	0	0	0	0	0	0	73	88	73	85	53	12	110	98	23	68	68	20	152	98	40	63	35	49	110	13	86	61	44	46	120	131	35	132	23	20	95	57	109	26	39	84	102	75	89	118	98	50	93	32	113	75	17	134	31	125	33	79	110	14	74	50	23	15	43	93	67	29	151	33	62	9	51	75	135	119	72	27	118	42	131	134	104	49	38	112	81	91	57	107	82	46	67	62	75	17	113	55	63	108	105	58	68	129	72	132	100	148
0	0	0	0	0	0	0	0	0	0	0	0	0	0	0	0	0	0	0	0	0	0	0	0	0	0	0	37	52	90	135	16	122	54	62	40	37	61	94	31	92	79	58	69	31	78	53	55	125	24	83	131	28	21	85	114	48	126	94	15	31	26	80	125	56	40	129	132	86	48	105	114	31	111	69	99	18	80	66	122	112	69	27	34	37	5	125	33	104	100	55	92	98	133	35	103	109	32	95	93	129	76	56	96	56	67	128	98	97	94	101	47	69	124	31	38	104	84	122	111	105	121	112	30	120	121	93	80
0	0	0	0	0	0	0	0	0	0	0	0	0	0	0	0	0	0	0	0	0	0	0	0	0	0	0	0	140	107	104	60	97	58	34	37	57	34	36	48	43	106	19	102	60	54	58	106	140	82	136	50	130	85	33	22	92	27	40	58	83	61	57	59	20	100	48	91	88	36	111	75	35	32	90	62	25	92	26	110	138	56	82	71	67	22	94	115	68	111	8	77	70	135	35	135	63	131	128	49	107	146	118	76	125	66	26	71	89	44	82	79	26	66	119	106	18	78	104	12	37	69	93	69	139	78	13	119
0	0	0	0	0	0	0	0	0	0	0	0	0	0	0	0	0	0	0	0	0	0	0	0	0	0	0	0	0	11	124	46	102	38	31	106	35	51	106	115	110	146	23	110	16	98	39	98	115	30	127	34	145	72	7	22	31	104	127	37	67	42	75	107	94	57	35	90	77	43	124	114	121	136	94	34	31	104	133	71	90	117	31	77	47	32	142	99	52	29	33	80	75	30	125	115	69	88	89	112	42	15	92	40	96	28	115	123	30	96	141	94	91	22	79	104	90	81	76	22	82	112	127	127	88	64	96	29
0	0	0	0	0	0	0	0	0	0	0	0	0	0	0	0	0	0	0	0	0	0	0	0	0	0	0	0	0	0	9	143	102	77	119	70	128	35	99	103	48	52	124	141	64	83	40	106	65	49	16	78	80	66	58	23	118	40	98	135	26	128	6	145	44	50	70	34	108	69	138	118	84	105	126	101	114	37	118	66	127	123	75	22	118	66	27	70	53	90	82	40	145	37	121	94	59	28	142	46	102	19	125	129	109	61	91	121	81	83	65	91	127	125	62	120	134	91	31	101	69	115	40	105	20	129	37	63
0	0	0	0	0	0	0	0	0	0	0	0	0	0	0	0	0	0	0	0	0	0	0	0	0	0	0	0	0	0	0	82	30	129	19	88	51	125	65	24	92	72	53	116	89	63	113	32	36	97	22	48	57	56	54	100	72	93	16	62	128	61	41	12	140	97	2	103	73	28	130	32	84	67	42	64	76	92	94	135	24	69	54	54	80	125	96	22	138	31	118	44	50	43	134	64	87	140	118	96	49	107	96	113	153	17	113	110	25	132	30	100	136	65	81	79	38	124	115	50	52	113	134	127	103	67	60	22
0	0	0	0	0	0	0	0	0	0	0	0	0	0	0	0	0	0	0	0	0	0	0	0	0	0	0	0	0	0	0	0	98	139	133	60	39	72	115	55	129	69	45	126	61	78	138	30	131	41	118	125	34	103	147	51	86	30	87	62	74	60	55	67	121	105	134	67	146	96	22	27	130	35	106	44	42	84	136	119	95	99	40	108	30	133	135	124	139	141	10	128	100	128	129	51	50	82	100	134	104	40	101	88	69	60	96	89	79	70	140	20	39	40	116	51	35	99	47	74	106	72	135	101	97	52	130	123
0	0	0	0	0	0	0	0	0	0	0	0	0	0	0	0	0	0	0	0	0	0	0	0	0	0	0	0	0	0	0	0	0	87	126	133	78	93	73	86	82	110	25	61	30	81	117	75	126	92	41	144	85	113	33	22	72	125	52	42	66	51	13	121	131	107	73	110	94	101	132	123	30	58	66	48	149	83	23	71	87	127	24	29	56	57	132	140	79	17	97	56	114	99	51	120	41	90	70	154	73	31	135	79	50	67	90	6	146	39	25	111	19	70	45	116	22	24	144	66	123	46	113	108	120	74	139	91
0	0	0	0	0	0	0	0	0	0	0	0	0	0	0	0	0	0	0	0	0	0	0	0	0	0	0	0	0	0	0	0	0	0	30	72	56	97	90	104	91	118	44	122	54	63	136	92	77	114	151	105	89	97	115	104	53	65	97	122	135	87	9	97	34	69	131	104	117	26	38	12	88	77	64	51	90	126	40	13	112	41	135	90	99	23	142	89	95	53	74	9	59	107	140	121	83	88	138	78	130	122	113	99	90	127	75	91	113	44	87	58	36	20	18	58	103	63	60	59	30	115	78	75	20	13	111	120
0	0	0	0	0	0	0	0	0	0	0	0	0	0	0	0	0	0	0	0	0	0	0	0	0	0	0	0	0	0	0	0	0	0	0	97	39	86	135	117	28	122	142	39	144	71	131	46	123	86	42	28	89	62	115	126	72	111	17	136	28	53	22	60	13	144	66	116	38	133	87	63	147	126	61	31	138	144	119	77	57	102	126	31	110	26	142	146	104	55	85	47	43	26	139	43	130	24	92	82	79	91	63	76	55	123	119	150	14	28	117	125	42	108	41	101	107	78	99	70	135	90	51	18	66	40	142	153
0	0	0	0	0	0	0	0	0	0	0	0	0	0	0	0	0	0	0	0	0	0	0	0	0	0	0	0	0	0	0	0	0	0	0	0	36	159	58	19	64	42	134	77	48	92	36	70	36	70	83	47	95	87	42	62	129	143	138	136	57	103	119	56	53	44	98	32	39	50	84	13	46	133	12	90	50	100	56	131	80	71	40	87	98	120	36	98	64	76	55	80	136	46	131	22	73	28	78	79	118	70	55	55	52	104	84	40	111	103	128	117	152	112	14	114	51	126	57	132	61	28	49	77	51	84	20	149
0	0	0	0	0	0	0	0	0	0	0	0	0	0	0	0	0	0	0	0	0	0	0	0	0	0	0	0	0	0	0	0	0	0	0	0	0	11	150	49	51	130	121	94	67	47	87	52	33	139	114	52	70	46	35	41	113	150	137	35	25	49	73	140	131	156	36	54	128	106	69	36	116	107	70	37	54	56	80	71	92	75	51	140	139	62	102	99	54	107	50	80	130	106	68	63	16	151	42	114	73	42	120	129	109	136	138	75	118	154	135	53	35	55	119	133	70	33	79	72	72	126	33	50	89	72	101	81
0	0	0	0	0	0	0	0	0	0	0	0	0	0	0	0	0	0	0	0	0	0	0	0	0	0	0	0	0	0	0	0	0	0	0	0	0	0	14	130	138	145	122	49	106	86	76	66	149	54	112	93	108	60	43	55	19	75	44	84	88	102	56	90	76	8	35	23	36	108	130	95	78	40	114	117	98	85	144	134	140	63	82	27	52	94	11	129	116	19	18	42	135	60	36	60	67	159	26	143	109	133	38	37	125	69	92	123	98	128	83	104	131	66	103	45	55	41	118	127	61	77	93	143	18	63	83	63
0	0	0	0	0	0	0	0	0	0	0	0	0	0	0	0	0	0	0	0	0	0	0	0	0	0	0	0	0	0	0	0	0	0	0	0	0	0	0	71	130	35	98	50	69	15	122	14	61	118	14	32	102	147	25	107	117	111	33	141	68	70	53	52	29	155	23	156	50	24	116	123	133	81	98	106	139	65	103	38	105	69	96	144	98	27	88	100	132	21	112	141	153	18	143	135	131	152	129	56	68	80	56	131	10	70	63	43	82	47	41	136	49	138	112	122	88	105	41	102	132	43	110	94	36	69	49	117
0	0	0	0	0	0	0	0	0	0	0	0	0	0	0	0	0	0	0	0	0	0	0	0	0	0	0	0	0	0	0	0	0	0	0	0	0	0	0	0	84	71	25	95	90	130	115	32	143	81	146	151	36	66	122	56	32	46	106	63	121	129	72	63	75	37	111	112	109	128	48	84	16	87	36	55	98	101	62	124	126	64	92	131	125	47	121	133	50	122	17	50	62	57	80	69	146	42	13	57	71	27	73	24	113	48	119	106	72	123	14	105	104	147	40	80	78	100	149	147	58	57	36	150	132	51	21	50
0	0	0	0	0	0	0	0	0	0	0	0	0	0	0	0	0	0	0	0	0	0	0	0	0	0	0	0	0	0	0	0	0	0	0	0	0	0	0	0	0	129	135	76	35	106	68	98	87	71	117	8	93	108	98	40	88	116	17	60	70	70	68	62	93	99	49	30	85	60	80	106	72	154	79	20	87	158	111	123	119	154	98	24	61	45	127	142	101	65	165	116	47	104	153	70	108	131	92	94	34	81	10	114	111	141	33	53	63	116	83	126	132	54	50	72	109	100	136	42	40	131	102	38	155	79	81	151
0	0	0	0	0	0	0	0	0	0	0	0	0	0	0	0	0	0	0	0	0	0	0	0	0	0	0	0	0	0	0	0	0	0	0	0	0	0	0	0	0	0	147	87	60	47	100	16	13	103	27	112	12	62	58	58	24	31	109	58	102	62	115	73	139	93	130	24	165	92	22	48	26	117	85	71	50	64	115	72	46	104	125	117	51	114	24	153	132	126	32	99	147	87	162	27	57	83	60	115	82	108	153	136	69	85	122	144	118	66	81	128	8	103	68	29	118	96	123	79	35	102	30	131	153	149	76	15
0	0	0	0	0	0	0	0	0	0	0	0	0	0	0	0	0	0	0	0	0	0	0	0	0	0	0	0	0	0	0	0	0	0	0	0	0	0	0	0	0	0	0	44	129	114	122	57	139	111	50	52	51	89	63	110	71	90	73	86	60	62	142	23	100	99	51	135	47	80	118	112	143	127	140	126	83	149	50	55	39	30	121	92	118	45	13	88	111	39	87	160	24	81	77	42	138	105	116	143	137	33	50	113	15	71	71	55	51	108	49	89	79	82	143	11	143	145	140	48	109	103	87	74	45	124	67	52
0	0	0	0	0	0	0	0	0	0	0	0	0	0	0	0	0	0	0	0	0	0	0	0	0	0	0	0	0	0	0	0	0	0	0	0	0	0	0	0	0	0	0	0	48	35	80	108	57	61	145	114	75	87	62	103	125	123	107	106	50	118	35	66	106	169	159	101	87	22	17	94	120	69	64	150	137	129	74	66	55	79	64	136	98	67	115	57	130	45	32	84	131	151	10	91	122	83	52	101	123	13	49	14	47	47	49	22	148	74	36	117	114	55	101	49	94	28	140	96	148	79	132	134	133	62	31	58
0	0	0	0	0	0	0	0	0	0	0	0	0	0	0	0	0	0	0	0	0	0	0	0	0	0	0	0	0	0	0	0	0	0	0	0	0	0	0	0	0	0	0	0	0	77	122	100	93	43	43	139	22	77	129	39	101	121	52	103	29	77	30	101	19	125	113	73	45	94	148	59	116	60	106	44	117	86	77	102	34	116	98	56	70	81	137	63	149	132	71	80	150	73	115	59	110	55	148	25	135	85	92	17	70	94	23	92	64	117	76	143	133	51	123	144	58	153	92	42	48	129	133	130	102	116	161	146
0	0	0	0	0	0	0	0	0	0	0	0	0	0	0	0	0	0	0	0	0	0	0	0	0	0	0	0	0	0	0	0	0	0	0	0	0	0	0	0	0	0	0	0	0	0	94	19	67	50	152	24	93	49	131	102	99	95	37	50	99	126	35	61	149	93	110	95	134	82	125	82	37	118	76	87	46	102	92	24	148	107	92	158	133	17	58	117	25	27	149	58	49	51	103	99	52	109	131	94	90	99	87	5	109	17	111	15	125	127	121	85	115	76	150	47	69	20	109	125	116	122	97	68	91	84	120	63
0	0	0	0	0	0	0	0	0	0	0	0	0	0	0	0	0	0	0	0	0	0	0	0	0	0	0	0	0	0	0	0	0	0	0	0	0	0	0	0	0	0	0	0	0	0	0	134	83	72	128	37	48	72	96	92	84	115	117	64	75	62	36	81	127	58	71	68	69	62	106	125	35	89	93	153	46	133	149	60	93	145	86	30	147	65	64	155	37	50	52	158	120	123	103	63	72	140	45	147	86	116	67	53	112	102	59	6	156	143	80	88	80	94	79	75	123	138	47	112	54	76	89	91	170	52	50	53
0	0	0	0	0	0	0	0	0	0	0	0	0	0	0	0	0	0	0	0	0	0	0	0	0	0	0	0	0	0	0	0	0	0	0	0	0	0	0	0	0	0	0	0	0	0	0	0	114	114	72	109	155	92	86	42	88	106	96	101	137	148	110	109	127	147	105	155	151	76	158	97	130	41	83	127	36	65	149	141	97	46	70	66	128	131	124	144	49	108	48	114	74	73	45	66	29	98	28	90	83	81	127	42	68	103	120	132	67	71	135	137	150	90	26	28	64	45	58	143	109	91	136	161	26	142	112	108
0	0	0	0	0	0	0	0	0	0	0	0	0	0	0	0	0	0	0	0	0	0	0	0	0	0	0	0	0	0	0	0	0	0	0	0	0	0	0	0	0	0	0	0	0	0	0	0	0	84	79	67	177	130	111	28	55	129	68	56	83	99	156	45	85	91	115	27	109	25	69	128	90	117	26	88	164	153	91	62	89	121	151	133	47	134	49	54	55	117	121	105	119	122	135	73	10	5	96	148	129	116	18	141	89	41	70	55	84	92	133	124	32	43	57	151	162	148	96	92	48	14	79	44	58	104	45	53
0	0	0	0	0	0	0	0	0	0	0	0	0	0	0	0	0	0	0	0	0	0	0	0	0	0	0	0	0	0	0	0	0	0	0	0	0	0	0	0	0	0	0	0	0	0	0	0	0	0	156	48	142	148	144	77	93	48	41	58	131	129	149	76	156	35	103	91	170	73	108	89	15	127	127	57	52	113	37	98	71	123	116	141	110	100	47	34	118	146	132	126	121	106	48	137	106	51	73	143	162	86	154	124	63	59	62	92	124	79	109	22	117	101	85	144	77	140	49	83	127	96	34	115	96	129	117	37
0	0	0	0	0	0	0	0	0	0	0	0	0	0	0	0	0	0	0	0	0	0	0	0	0	0	0	0	0	0	0	0	0	0	0	0	0	0	0	0	0	0	0	0	0	0	0	0	0	0	0	142	113	112	163	89	67	26	152	23	72	132	124	39	75	119	102	120	41	114	46	95	64	134	41	42	118	136	117	68	138	91	122	74	95	119	64	136	156	52	150	140	36	115	118	72	168	61	60	87	75	79	97	39	99	70	113	90	38	129	32	74	34	110	90	119	116	85	25	38	147	81	144	150	140	162	32	71
0	0	0	0	0	0	0	0	0	0	0	0	0	0	0	0	0	0	0	0	0	0	0	0	0	0	0	0	0	0	0	0	0	0	0	0	0	0	0	0	0	0	0	0	0	0	0	0	0	0	0	0	165	116	78	85	145	52	64	126	104	56	88	89	121	52	45	98	109	141	36	27	117	76	51	61	163	83	94	40	87	143	70	126	15	95	11	128	134	159	98	95	113	64	62	141	29	61	134	169	101	68	56	146	151	139	157	143	81	106	69	104	115	56	93	59	78	32	60	95	101	154	63	53	83	21	112	106
0	0	0	0	0	0	0	0	0	0	0	0	0	0	0	0	0	0	0	0	0	0	0	0	0	0	0	0	0	0	0	0	0	0	0	0	0	0	0	0	0	0	0	0	0	0	0	0	0	0	0	0	0	128	124	163	111	131	115	73	75	125	100	101	74	79	75	80	160	97	55	108	127	111	115	76	83	150	108	101	58	130	141	86	107	19	119	75	56	83	133	115	102	10	130	103	21	125	181	139	103	70	149	67	54	26	156	152	94	49	164	128	140	111	170	27	123	111	133	13	31	53	84	52	121	76	63	46
0	0	0	0	0	0	0	0	0	0	0	0	0	0	0	0	0	0	0	0	0	0	0	0	0	0	0	0	0	0	0	0	0	0	0	0	0	0	0	0	0	0	0	0	0	0	0	0	0	0	0	0	0	0	60	94	73	131	54	56	146	63	88	138	119	70	129	106	155	154	116	97	138	134	51	27	37	93	68	63	82	110	50	49	131	119	174	75	36	64	44	180	133	108	74	114	115	99	24	96	93	65	11	18	85	47	68	23	113	28	14	134	50	124	143	94	127	108	87	59	108	54	80	142	46	99	52	122
0	0	0	0	0	0	0	0	0	0	0	0	0	0	0	0	0	0	0	0	0	0	0	0	0	0	0	0	0	0	0	0	0	0	0	0	0	0	0	0	0	0	0	0	0	0	0	0	0	0	0	0	0	0	0	151	11	66	126	127	82	76	65	55	47	88	128	24	13	139	43	155	104	110	155	6	43	70	137	154	96	90	138	127	145	111	67	135	102	141	149	150	80	7	53	103	117	53	99	147	14	119	77	58	52	30	69	91	105	150	86	143	22	86	96	108	131	158	35	62	116	138	93	103	72	170	54	146
0	0	0	0	0	0	0	0	0	0	0	0	0	0	0	0	0	0	0	0	0	0	0	0	0	0	0	0	0	0	0	0	0	0	0	0	0	0	0	0	0	0	0	0	0	0	0	0	0	0	0	0	0	0	0	0	131	109	50	65	136	54	70	78	84	94	72	101	76	60	64	68	154	56	69	80	90	55	74	78	73	139	49	180	84	89	79	13	101	163	16	55	112	80	135	111	125	54	134	58	44	70	57	86	61	142	85	63	40	81	45	111	130	31	61	175	49	140	125	112	73	58	117	145	89	84	29	116
0	0	0	0	0	0	0	0	0	0	0	0	0	0	0	0	0	0	0	0	0	0	0	0	0	0	0	0	0	0	0	0	0	0	0	0	0	0	0	0	0	0	0	0	0	0	0	0	0	0	0	0	0	0	0	0	0	95	62	136	16	94	143	99	134	103	81	140	162	167	144	137	81	75	116	102	155	80	134	161	78	74	113	113	56	93	84	142	69	130	133	72	166	65	124	82	88	56	135	60	94	107	26	106	76	96	53	161	68	86	40	46	39	46	23	43	118	96	140	121	68	110	45	78	57	82	120	162
0	0	0	0	0	0	0	0	0	0	0	0	0	0	0	0	0	0	0	0	0	0	0	0	0	0	0	0	0	0	0	0	0	0	0	0	0	0	0	0	0	0	0	0	0	0	0	0	0	0	0	0	0	0	0	0	0	0	101	68	85	49	91	80	94	172	56	51	20	123	86	44	102	44	100	140	65	66	116	54	69	122	110	94	58	34	36	103	44	15	81	67	74	118	28	86	80	115	117	86	158	154	87	77	129	121	68	159	36	64	66	167	65	120	101	136	148	72	86	85	64	163	65	110	69	90	129	101
0	0	0	0	0	0	0	0	0	0	0	0	0	0	0	0	0	0	0	0	0	0	0	0	0	0	0	0	0	0	0	0	0	0	0	0	0	0	0	0	0	0	0	0	0	0	0	0	0	0	0	0	0	0	0	0	0	0	0	95	116	43	75	64	35	117	20	84	103	48	66	136	122	122	32	106	74	45	71	157	72	74	156	149	89	143	33	124	154	65	114	48	83	111	143	117	44	114	20	150	82	103	100	107	113	137	83	119	129	152	77	57	173	42	154	108	31	137	123	39	29	90	112	141	117	41	118	149
0	0	0	0	0	0	0	0	0	0	0	0	0	0	0	0	0	0	0	0	0	0	0	0	0	0	0	0	0	0	0	0	0	0	0	0	0	0	0	0	0	0	0	0	0	0	0	0	0	0	0	0	0	0	0	0	0	0	0	0	109	59	151	133	24	41	154	163	46	131	26	43	51	57	64	50	136	66	56	73	80	129	51	152	120	149	122	74	45	106	161	126	36	124	54	101	74	129	132	54	118	78	106	105	65	43	46	21	128	22	41	118	41	92	12	19	96	119	184	43	96	49	97	25	24	122	81	124
0	0	0	0	0	0	0	0	0	0	0	0	0	0	0	0	0	0	0	0	0	0	0	0	0	0	0	0	0	0	0	0	0	0	0	0	0	0	0	0	0	0	0	0	0	0	0	0	0	0	0	0	0	0	0	0	0	0	0	0	0	96	162	138	117	164	6	86	79	109	145	39	118	40	63	114	154	165	81	41	152	68	144	45	98	166	109	162	60	128	89	93	64	82	139	107	135	60	65	60	86	65	139	65	69	36	19	158	53	141	128	16	64	126	142	97	129	54	65	156	142	100	104	81	76	142	131	84
0	0	0	0	0	0	0	0	0	0	0	0	0	0	0	0	0	0	0	0	0	0	0	0	0	0	0	0	0	0	0	0	0	0	0	0	0	0	0	0	0	0	0	0	0	0	0	0	0	0	0	0	0	0	0	0	0	0	0	0	0	0	40	53	173	50	144	89	62	70	95	148	100	74	94	156	53	125	139	141	84	89	177	81	84	111	129	45	62	189	103	51	110	57	29	137	106	60	103	79	94	95	86	33	165	134	36	76	163	86	90	21	45	87	74	159	111	129	105	117	90	152	107	111	71	120	60	116
0	0	0	0	0	0	0	0	0	0	0	0	0	0	0	0	0	0	0	0	0	0	0	0	0	0	0	0	0	0	0	0	0	0	0	0	0	0	0	0	0	0	0	0	0	0	0	0	0	0	0	0	0	0	0	0	0	0	0	0	0	0	0	44	108	41	164	82	76	104	94	114	77	43	43	52	91	113	84	143	101	128	28	109	54	127	31	100	111	129	65	36	165	48	101	139	162	87	88	62	75	107	46	53	75	102	143	58	50	117	39	88	73	56	46	129	55	87	135	136	16	112	88	175	40	116	118	122
0	0	0	0	0	0	0	0	0	0	0	0	0	0	0	0	0	0	0	0	0	0	0	0	0	0	0	0	0	0	0	0	0	0	0	0	0	0	0	0	0	0	0	0	0	0	0	0	0	0	0	0	0	0	0	0	0	0	0	0	0	0	0	0	132	25	66	112	71	76	38	94	115	116	84	77	64	86	92	146	56	112	134	116	156	146	113	174	174	77	150	120	118	53	172	46	136	33	113	83	165	27	92	130	130	136	188	95	153	108	148	18	118	89	128	115	94	62	140	135	102	107	83	89	104	72	49	125
0	0	0	0	0	0	0	0	0	0	0	0	0	0	0	0	0	0	0	0	0	0	0	0	0	0	0	0	0	0	0	0	0	0	0	0	0	0	0	0	0	0	0	0	0	0	0	0	0	0	0	0	0	0	0	0	0	0	0	0	0	0	0	0	0	98	129	25	74	150	75	69	75	82	38	50	99	81	101	56	66	105	98	112	90	20	66	96	115	53	98	12	104	128	85	59	90	107	53	86	146	135	130	73	52	102	112	86	126	67	67	97	107	156	61	78	121	71	134	55	29	135	107	69	78	64	178	129
0	0	0	0	0	0	0	0	0	0	0	0	0	0	0	0	0	0	0	0	0	0	0	0	0	0	0	0	0	0	0	0	0	0	0	0	0	0	0	0	0	0	0	0	0	0	0	0	0	0	0	0	0	0	0	0	0	0	0	0	0	0	0	0	0	0	61	30	148	36	35	87	107	113	59	137	142	21	107	24	68	74	79	68	142	101	63	142	19	44	62	163	113	147	67	101	99	95	113	93	45	153	11	152	66	88	152	148	19	58	103	100	81	161	111	35	113	180	64	100	84	87	87	154	128	161	119	51
0	0	0	0	0	0	0	0	0	0	0	0	0	0	0	0	0	0	0	0	0	0	0	0	0	0	0	0	0	0	0	0	0	0	0	0	0	0	0	0	0	0	0	0	0	0	0	0	0	0	0	0	0	0	0	0	0	0	0	0	0	0	0	0	0	0	0	44	114	99	47	100	150	141	147	87	150	88	115	167	62	149	110	66	143	101	114	97	73	90	102	109	65	91	127	102	121	81	138	174	93	83	67	9	122	73	68	63	115	166	87	91	112	70	49	29	120	77	143	56	94	124	138	105	31	124	53	127
0	0	0	0	0	0	0	0	0	0	0	0	0	0	0	0	0	0	0	0	0	0	0	0	0	0	0	0	0	0	0	0	0	0	0	0	0	0	0	0	0	0	0	0	0	0	0	0	0	0	0	0	0	0	0	0	0	0	0	0	0	0	0	0	0	0	0	0	92	32	89	81	190	94	89	106	66	72	51	78	112	87	91	86	134	93	91	112	92	102	67	126	111	163	80	76	82	89	116	63	41	139	41	138	70	108	11	145	78	76	23	83	150	189	96	47	94	113	77	54	96	60	17	71	110	63	54	108
0	0	0	0	0	0	0	0	0	0	0	0	0	0	0	0	0	0	0	0	0	0	0	0	0	0	0	0	0	0	0	0	0	0	0	0	0	0	0	0	0	0	0	0	0	0	0	0	0	0	0	0	0	0	0	0	0	0	0	0	0	0	0	0	0	0	0	0	0	97	80	126	110	93	105	68	77	65	54	172	41	113	68	138	126	163	173	77	144	69	83	33	122	146	54	70	158	94	104	54	128	132	74	118	86	154	98	79	82	68	151	117	64	186	53	57	61	85	70	59	42	28	64	153	118	124	166	56
0	0	0	0	0	0	0	0	0	0	0	0	0	0	0	0	0	0	0	0	0	0	0	0	0	0	0	0	0	0	0	0	0	0	0	0	0	0	0	0	0	0	0	0	0	0	0	0	0	0	0	0	0	0	0	0	0	0	0	0	0	0	0	0	0	0	0	0	0	0	149	148	104	77	128	82	83	153	73	128	135	77	138	86	165	137	102	72	109	94	128	105	49	109	138	167	28	160	75	160	51	131	146	128	71	65	26	65	155	86	40	40	98	95	66	83	102	113	54	145	104	87	114	126	105	72	68	71
0	0	0	0	0	0	0	0	0	0	0	0	0	0	0	0	0	0	0	0	0	0	0	0	0	0	0	0	0	0	0	0	0	0	0	0	0	0	0	0	0	0	0	0	0	0	0	0	0	0	0	0	0	0	0	0	0	0	0	0	0	0	0	0	0	0	0	0	0	0	0	95	142	73	70	79	136	156	137	81	91	85	51	93	105	153	39	43	100	109	66	104	193	66	51	77	27	29	154	98	92	34	157	126	102	94	68	117	195	64	58	95	82	54	88	34	59	151	118	79	54	160	102	133	169	84	102	134
0	0	0	0	0	0	0	0	0	0	0	0	0	0	0	0	0	0	0	0	0	0	0	0	0	0	0	0	0	0	0	0	0	0	0	0	0	0	0	0	0	0	0	0	0	0	0	0	0	0	0	0	0	0	0	0	0	0	0	0	0	0	0	0	0	0	0	0	0	0	0	0	89	132	139	101	111	126	141	99	100	75	11	66	36	118	51	121	21	130	135	79	119	69	33	63	81	61	97	45	91	130	99	86	168	83	151	155	67	93	52	64	122	156	51	102	177	61	115	130	153	156	63	146	71	134	167	67
0	0	0	0	0	0	0	0	0	0	0	0	0	0	0	0	0	0	0	0	0	0	0	0	0	0	0	0	0	0	0	0	0	0	0	0	0	0	0	0	0	0	0	0	0	0	0	0	0	0	0	0	0	0	0	0	0	0	0	0	0	0	0	0	0	0	0	0	0	0	0	0	0	88	39	174	122	69	17	84	76	153	72	92	127	160	144	106	116	108	127	44	148	27	86	91	34	164	113	133	164	115	110	112	52	16	89	98	110	132	82	68	76	90	85	155	84	127	117	145	21	57	185	113	131	100	173	123
0	0	0	0	0	0	0	0	0	0	0	0	0	0	0	0	0	0	0	0	0	0	0	0	0	0	0	0	0	0	0	0	0	0	0	0	0	0	0	0	0	0	0	0	0	0	0	0	0	0	0	0	0	0	0	0	0	0	0	0	0	0	0	0	0	0	0	0	0	0	0	0	0	0	40	108	103	75	3	130	125	182	61	127	57	75	68	50	90	138	131	65	85	164	132	152	145	117	89	83	94	125	129	48	83	184	77	21	89	123	93	175	109	80	77	159	51	60	127	141	128	145	74	144	145	89	118	71
0	0	0	0	0	0	0	0	0	0	0	0	0	0	0	0	0	0	0	0	0	0	0	0	0	0	0	0	0	0	0	0	0	0	0	0	0	0	0	0	0	0	0	0	0	0	0	0	0	0	0	0	0	0	0	0	0	0	0	0	0	0	0	0	0	0	0	0	0	0	0	0	0	0	0	46	64	156	145	137	54	84	157	79	84	69	143	121	83	67	52	121	67	67	9	60	152	93	43	95	137	187	156	53	124	44	26	159	104	143	114	110	91	66	21	66	155	65	153	132	82	182	180	119	53	41	93	146
0	0	0	0	0	0	0	0	0	0	0	0	0	0	0	0	0	0	0	0	0	0	0	0	0	0	0	0	0	0	0	0	0	0	0	0	0	0	0	0	0	0	0	0	0	0	0	0	0	0	0	0	0	0	0	0	0	0	0	0	0	0	0	0	0	0	0	0	0	0	0	0	0	0	0	0	125	131	79	84	147	113	52	100	87	52	87	110	46	143	149	77	112	89	32	97	24	126	146	58	127	103	69	89	161	107	78	140	68	22	88	38	73	107	95	164	99	187	111	73	82	125	109	168	130	155	56	94
0	0	0	0	0	0	0	0	0	0	0	0	0	0	0	0	0	0	0	0	0	0	0	0	0	0	0	0	0	0	0	0	0	0	0	0	0	0	0	0	0	0	0	0	0	0	0	0	0	0	0	0	0	0	0	0	0	0	0	0	0	0	0	0	0	0	0	0	0	0	0	0	0	0	0	0	0	70	68	102	145	50	122	119	122	124	136	54	108	113	83	167	107	29	63	146	102	65	48	61	80	130	11	139	149	61	89	60	38	161	151	36	98	84	180	109	96	144	72	115	109	186	182	24	160	126	163	96
0	0	0	0	0	0	0	0	0	0	0	0	0	0	0	0	0	0	0	0	0	0	0	0	0	0	0	0	0	0	0	0	0	0	0	0	0	0	0	0	0	0	0	0	0	0	0	0	0	0	0	0	0	0	0	0	0	0	0	0	0	0	0	0	0	0	0	0	0	0	0	0	0	0	0	0	0	0	79	137	136	173	105	117	70	30	139	149	31	33	63	77	148	167	112	74	159	136	113	33	95	111	108	104	99	124	130	93	163	20	112	112	111	138	126	68	79	44	73	166	151	95	158	34	70	161	134	57
0	0	0	0	0	0	0	0	0	0	0	0	0	0	0	0	0	0	0	0	0	0	0	0	0	0	0	0	0	0	0	0	0	0	0	0	0	0	0	0	0	0	0	0	0	0	0	0	0	0	0	0	0	0	0	0	0	0	0	0	0	0	0	0	0	0	0	0	0	0	0	0	0	0	0	0	0	0	0	140	140	98	30	154	87	81	129	76	134	161	59	66	96	111	70	192	103	58	83	77	116	127	88	115	137	81	101	88	175	54	73	172	104	97	105	97	109	33	112	103	107	88	108	136	77	56	55	121
0	0	0	0	0	0	0	0	0	0	0	0	0	0	0	0	0	0	0	0	0	0	0	0	0	0	0	0	0	0	0	0	0	0	0	0	0	0	0	0	0	0	0	0	0	0	0	0	0	0	0	0	0	0	0	0	0	0	0	0	0	0	0	0	0	0	0	0	0	0	0	0	0	0	0	0	0	0	0	0	95	108	113	162	60	59	108	95	125	50	149	51	92	124	144	149	129	88	63	109	144	37	34	66	115	96	128	139	53	175	186	115	118	26	138	166	141	173	78	151	97	106	18	35	195	60	146	106
0	0	0	0	0	0	0	0	0	0	0	0	0	0	0	0	0	0	0	0	0	0	0	0	0	0	0	0	0	0	0	0	0	0	0	0	0	0	0	0	0	0	0	0	0	0	0	0	0	0	0	0	0	0	0	0	0	0	0	0	0	0	0	0	0	0	0	0	0	0	0	0	0	0	0	0	0	0	0	0	0	79	43	73	16	92	126	73	135	124	80	134	151	95	138	51	112	67	164	26	173	152	120	101	122	58	114	137	116	76	61	113	71	122	167	144	163	88	127	141	92	76	39	101	184	30	38	108
0	0	0	0	0	0	0	0	0	0	0	0	0	0	0	0	0	0	0	0	0	0	0	0	0	0	0	0	0	0	0	0	0	0	0	0	0	0	0	0	0	0	0	0	0	0	0	0	0	0	0	0	0	0	0	0	0	0	0	0	0	0	0	0	0	0	0	0	0	0	0	0	0	0	0	0	0	0	0	0	0	0	12	163	23	75	37	117	96	146	76	79	92	83	39	65	151	147	160	118	180	131	50	160	148	168	194	70	164	145	151	159	21	141	155	86	54	165	105	78	159	118	31	171	126	127	111	157
0	0	0	0	0	0	0	0	0	0	0	0	0	0	0	0	0	0	0	0	0	0	0	0	0	0	0	0	0	0	0	0	0	0	0	0	0	0	0	0	0	0	0	0	0	0	0	0	0	0	0	0	0	0	0	0	0	0	0	0	0	0	0	0	0	0	0	0	0	0	0	0	0	0	0	0	0	0	0	0	0	0	0	88	89	101	17	100	114	133	94	77	86	121	133	33	128	27	134	9	158	131	158	141	81	121	59	63	75	58	52	153	118	40	125	84	91	96	157	86	122	54	192	22	141	75	174	108
0	0	0	0	0	0	0	0	0	0	0	0	0	0	0	0	0	0	0	0	0	0	0	0	0	0	0	0	0	0	0	0	0	0	0	0	0	0	0	0	0	0	0	0	0	0	0	0	0	0	0	0	0	0	0	0	0	0	0	0	0	0	0	0	0	0	0	0	0	0	0	0	0	0	0	0	0	0	0	0	0	0	0	0	54	164	143	55	91	53	68	121	143	182	116	128	66	25	97	140	125	134	126	144	128	33	82	152	98	109	98	130	44	108	95	140	43	100	115	144	104	108	74	175	101	92	156	184
0	0	0	0	0	0	0	0	0	0	0	0	0	0	0	0	0	0	0	0	0	0	0	0	0	0	0	0	0	0	0	0	0	0	0	0	0	0	0	0	0	0	0	0	0	0	0	0	0	0	0	0	0	0	0	0	0	0	0	0	0	0	0	0	0	0	0	0	0	0	0	0	0	0	0	0	0	0	0	0	0	0	0	0	0	173	81	76	120	102	196	181	102	39	165	59	122	59	104	88	116	75	132	51	52	58	134	128	131	106	140	106	125	80	85	130	161	114	59	31	108	141	69	46	149	103	42	165
0	0	0	0	0	0	0	0	0	0	0	0	0	0	0	0	0	0	0	0	0	0	0	0	0	0	0	0	0	0	0	0	0	0	0	0	0	0	0	0	0	0	0	0	0	0	0	0	0	0	0	0	0	0	0	0	0	0	0	0	0	0	0	0	0	0	0	0	0	0	0	0	0	0	0	0	0	0	0	0	0	0	0	0	0	0	114	33	72	109	113	92	85	166	69	168	60	69	145	97	196	110	83	149	113	124	52	141	150	89	114	211	135	55	80	124	153	38	116	101	148	33	81	75	116	122	37	67
0	0	0	0	0	0	0	0	0	0	0	0	0	0	0	0	0	0	0	0	0	0	0	0	0	0	0	0	0	0	0	0	0	0	0	0	0	0	0	0	0	0	0	0	0	0	0	0	0	0	0	0	0	0	0	0	0	0	0	0	0	0	0	0	0	0	0	0	0	0	0	0	0	0	0	0	0	0	0	0	0	0	0	0	0	0	0	173	58	109	75	69	76	127	115	145	113	206	157	86	87	130	106	198	176	100	128	138	80	178	150	175	39	61	121	130	106	161	111	96	75	39	51	122	131	139	145	175
0	0	0	0	0	0	0	0	0	0	0	0	0	0	0	0	0	0	0	0	0	0	0	0	0	0	0	0	0	0	0	0	0	0	0	0	0	0	0	0	0	0	0	0	0	0	0	0	0	0	0	0	0	0	0	0	0	0	0	0	0	0	0	0	0	0	0	0	0	0	0	0	0	0	0	0	0	0	0	0	0	0	0	0	0	0	0	0	162	23	115	50	121	136	108	212	170	77	74	75	51	122	54	104	182	57	175	65	151	171	66	66	25	151	116	46	116	114	125	120	113	159	60	102	132	119	89	72
0	0	0	0	0	0	0	0	0	0	0	0	0	0	0	0	0	0	0	0	0	0	0	0	0	0	0	0	0	0	0	0	0	0	0	0	0	0	0	0	0	0	0	0	0	0	0	0	0	0	0	0	0	0	0	0	0	0	0	0	0	0	0	0	0	0	0	0	0	0	0	0	0	0	0	0	0	0	0	0	0	0	0	0	0	0	0	0	0	99	104	145	19	81	176	121	36	103	145	161	166	131	37	95	155	197	55	105	159	72	118	144	112	161	148	174	35	61	76	160	134	82	102	134	80	103	124	58
0	0	0	0	0	0	0	0	0	0	0	0	0	0	0	0	0	0	0	0	0	0	0	0	0	0	0	0	0	0	0	0	0	0	0	0	0	0	0	0	0	0	0	0	0	0	0	0	0	0	0	0	0	0	0	0	0	0	0	0	0	0	0	0	0	0	0	0	0	0	0	0	0	0	0	0	0	0	0	0	0	0	0	0	0	0	0	0	0	0	93	110	17	92	109	136	84	57	116	148	95	157	99	138	109	71	55	113	126	38	102	124	170	116	45	92	100	106	139	142	33	140	77	141	83	123	186	103
0	0	0	0	0	0	0	0	0	0	0	0	0	0	0	0	0	0	0	0	0	0	0	0	0	0	0	0	0	0	0	0	0	0	0	0	0	0	0	0	0	0	0	0	0	0	0	0	0	0	0	0	0	0	0	0	0	0	0	0	0	0	0	0	0	0	0	0	0	0	0	0	0	0	0	0	0	0	0	0	0	0	0	0	0	0	0	0	0	0	0	59	101	149	35	157	134	102	64	116	63	118	165	95	89	99	169	105	65	111	86	139	132	104	20	129	64	44	173	35	58	119	159	111	84	113	53	132
0	0	0	0	0	0	0	0	0	0	0	0	0	0	0	0	0	0	0	0	0	0	0	0	0	0	0	0	0	0	0	0	0	0	0	0	0	0	0	0	0	0	0	0	0	0	0	0	0	0	0	0	0	0	0	0	0	0	0	0	0	0	0	0	0	0	0	0	0	0	0	0	0	0	0	0	0	0	0	0	0	0	0	0	0	0	0	0	0	0	0	0	98	150	77	113	55	25	141	94	117	126	90	190	138	139	103	43	131	68	164	98	145	112	103	56	113	73	102	62	147	30	112	61	155	140	130	65
0	0	0	0	0	0	0	0	0	0	0	0	0	0	0	0	0	0	0	0	0	0	0	0	0	0	0	0	0	0	0	0	0	0	0	0	0	0	0	0	0	0	0	0	0	0	0	0	0	0	0	0	0	0	0	0	0	0	0	0	0	0	0	0	0	0	0	0	0	0	0	0	0	0	0	0	0	0	0	0	0	0	0	0	0	0	0	0	0	0	0	0	0	87	155	31	113	131	182	122	120	131	115	52	161	116	73	152	102	171	157	94	138	121	103	108	185	81	74	119	179	121	154	102	124	115	111	134
0	0	0	0	0	0	0	0	0	0	0	0	0	0	0	0	0	0	0	0	0	0	0	0	0	0	0	0	0	0	0	0	0	0	0	0	0	0	0	0	0	0	0	0	0	0	0	0	0	0	0	0	0	0	0	0	0	0	0	0	0	0	0	0	0	0	0	0	0	0	0	0	0	0	0	0	0	0	0	0	0	0	0	0	0	0	0	0	0	0	0	0	0	0	70	118	137	153	127	41	96	39	57	216	112	129	94	115	55	116	105	40	78	98	122	90	143	184	147	81	125	179	141	153	190	130	146	133
0	0	0	0	0	0	0	0	0	0	0	0	0	0	0	0	0	0	0	0	0	0	0	0	0	0	0	0	0	0	0	0	0	0	0	0	0	0	0	0	0	0	0	0	0	0	0	0	0	0	0	0	0	0	0	0	0	0	0	0	0	0	0	0	0	0	0	0	0	0	0	0	0	0	0	0	0	0	0	0	0	0	0	0	0	0	0	0	0	0	0	0	0	0	0	115	40	100	201	206	151	60	83	86	165	53	82	52	172	80	89	147	78	89	116	107	102	73	204	135	89	146	179	103	89	197	123	29
0	0	0	0	0	0	0	0	0	0	0	0	0	0	0	0	0	0	0	0	0	0	0	0	0	0	0	0	0	0	0	0	0	0	0	0	0	0	0	0	0	0	0	0	0	0	0	0	0	0	0	0	0	0	0	0	0	0	0	0	0	0	0	0	0	0	0	0	0	0	0	0	0	0	0	0	0	0	0	0	0	0	0	0	0	0	0	0	0	0	0	0	0	0	0	0	196	123	52	89	97	159	49	119	80	60	199	59	222	33	112	45	123	198	28	132	118	143	189	128	151	23	65	143	184	177	104	127
0	0	0	0	0	0	0	0	0	0	0	0	0	0	0	0	0	0	0	0	0	0	0	0	0	0	0	0	0	0	0	0	0	0	0	0	0	0	0	0	0	0	0	0	0	0	0	0	0	0	0	0	0	0	0	0	0	0	0	0	0	0	0	0	0	0	0	0	0	0	0	0	0	0	0	0	0	0	0	0	0	0	0	0	0	0	0	0	0	0	0	0	0	0	0	0	0	53	173	144	101	115	159	64	130	73	108	127	189	207	125	141	170	52	146	81	117	98	208	43	155	147	133	187	129	69	120	163
0	0	0	0	0	0	0	0	0	0	0	0	0	0	0	0	0	0	0	0	0	0	0	0	0	0	0	0	0	0	0	0	0	0	0	0	0	0	0	0	0	0	0	0	0	0	0	0	0	0	0	0	0	0	0	0	0	0	0	0	0	0	0	0	0	0	0	0	0	0	0	0	0	0	0	0	0	0	0	0	0	0	0	0	0	0	0	0	0	0	0	0	0	0	0	0	0	0	175	52	113	14	41	150	126	179	78	64	111	173	150	136	54	120	205	85	132	69	126	115	98	22	127	78	135	196	126	111
0	0	0	0	0	0	0	0	0	0	0	0	0	0	0	0	0	0	0	0	0	0	0	0	0	0	0	0	0	0	0	0	0	0	0	0	0	0	0	0	0	0	0	0	0	0	0	0	0	0	0	0	0	0	0	0	0	0	0	0	0	0	0	0	0	0	0	0	0	0	0	0	0	0	0	0	0	0	0	0	0	0	0	0	0	0	0	0	0	0	0	0	0	0	0	0	0	0	0	128	61	130	197	146	161	25	153	156	110	112	80	80	202	149	127	170	178	178	171	159	32	48	78	82	116	58	179	52
0	0	0	0	0	0	0	0	0	0	0	0	0	0	0	0	0	0	0	0	0	0	0	0	0	0	0	0	0	0	0	0	0	0	0	0	0	0	0	0	0	0	0	0	0	0	0	0	0	0	0	0	0	0	0	0	0	0	0	0	0	0	0	0	0	0	0	0	0	0	0	0	0	0	0	0	0	0	0	0	0	0	0	0	0	0	0	0	0	0	0	0	0	0	0	0	0	0	0	0	134	186	187	120	155	173	95	125	198	103	104	108	176	54	93	49	150	122	191	98	120	207	160	111	123	75	89	57
0	0	0	0	0	0	0	0	0	0	0	0	0	0	0	0	0	0	0	0	0	0	0	0	0	0	0	0	0	0	0	0	0	0	0	0	0	0	0	0	0	0	0	0	0	0	0	0	0	0	0	0	0	0	0	0	0	0	0	0	0	0	0	0	0	0	0	0	0	0	0	0	0	0	0	0	0	0	0	0	0	0	0	0	0	0	0	0	0	0	0	0	0	0	0	0	0	0	0	0	0	138	89	140	138	125	141	101	105	208	123	113	12	133	173	197	151	89	102	46	177	131	65	185	124	23	190	96
0	0	0	0	0	0	0	0	0	0	0	0	0	0	0	0	0	0	0	0	0	0	0	0	0	0	0	0	0	0	0	0	0	0	0	0	0	0	0	0	0	0	0	0	0	0	0	0	0	0	0	0	0	0	0	0	0	0	0	0	0	0	0	0	0	0	0	0	0	0	0	0	0	0	0	0	0	0	0	0	0	0	0	0	0	0	0	0	0	0	0	0	0	0	0	0	0	0	0	0	0	0	203	116	79	215	95	165	156	86	77	132	90	198	137	60	131	114	83	115	104	20	93	142	93	189	44	157
0	0	0	0	0	0	0	0	0	0	0	0	0	0	0	0	0	0	0	0	0	0	0	0	0	0	0	0	0	0	0	0	0	0	0	0	0	0	0	0	0	0	0	0	0	0	0	0	0	0	0	0	0	0	0	0	0	0	0	0	0	0	0	0	0	0	0	0	0	0	0	0	0	0	0	0	0	0	0	0	0	0	0	0	0	0	0	0	0	0	0	0	0	0	0	0	0	0	0	0	0	0	0	109	130	188	62	161	48	88	16	71	173	117	50	67	197	111	60	168	135	197	189	111	64	174	151	143
0	0	0	0	0	0	0	0	0	0	0	0	0	0	0	0	0	0	0	0	0	0	0	0	0	0	0	0	0	0	0	0	0	0	0	0	0	0	0	0	0	0	0	0	0	0	0	0	0	0	0	0	0	0	0	0	0	0	0	0	0	0	0	0	0	0	0	0	0	0	0	0	0	0	0	0	0	0	0	0	0	0	0	0	0	0	0	0	0	0	0	0	0	0	0	0	0	0	0	0	0	0	0	0	104	27	58	207	173	96	87	25	123	57	205	13	76	76	106	122	164	122	132	168	191	174	121	137
0	0	0	0	0	0	0	0	0	0	0	0	0	0	0	0	0	0	0	0	0	0	0	0	0	0	0	0	0	0	0	0	0	0	0	0	0	0	0	0	0	0	0	0	0	0	0	0	0	0	0	0	0	0	0	0	0	0	0	0	0	0	0	0	0	0	0	0	0	0	0	0	0	0	0	0	0	0	0	0	0	0	0	0	0	0	0	0	0	0	0	0	0	0	0	0	0	0	0	0	0	0	0	0	0	143	125	189	58	79	159	142	83	168	213	122	31	157	158	57	172	127	173	58	161	127	14	93
0	0	0	0	0	0	0	0	0	0	0	0	0	0	0	0	0	0	0	0	0	0	0	0	0	0	0	0	0	0	0	0	0	0	0	0	0	0	0	0	0	0	0	0	0	0	0	0	0	0	0	0	0	0	0	0	0	0	0	0	0	0	0	0	0	0	0	0	0	0	0	0	0	0	0	0	0	0	0	0	0	0	0	0	0	0	0	0	0	0	0	0	0	0	0	0	0	0	0	0	0	0	0	0	0	0	127	58	160	125	64	85	87	193	140	155	156	218	113	105	65	225	39	63	79	122	170	180
0	0	0	0	0	0	0	0	0	0	0	0	0	0	0	0	0	0	0	0	0	0	0	0	0	0	0	0	0	0	0	0	0	0	0	0	0	0	0	0	0	0	0	0	0	0	0	0	0	0	0	0	0	0	0	0	0	0	0	0	0	0	0	0	0	0	0	0	0	0	0	0	0	0	0	0	0	0	0	0	0	0	0	0	0	0	0	0	0	0	0	0	0	0	0	0	0	0	0	0	0	0	0	0	0	0	0	145	137	166	108	126	84	189	174	99	120	169	102	190	76	217	130	96	93	130	181	196
0	0	0	0	0	0	0	0	0	0	0	0	0	0	0	0	0	0	0	0	0	0	0	0	0	0	0	0	0	0	0	0	0	0	0	0	0	0	0	0	0	0	0	0	0	0	0	0	0	0	0	0	0	0	0	0	0	0	0	0	0	0	0	0	0	0	0	0	0	0	0	0	0	0	0	0	0	0	0	0	0	0	0	0	0	0	0	0	0	0	0	0	0	0	0	0	0	0	0	0	0	0	0	0	0	0	0	0	215	123	107	114	178	171	165	50	54	81	117	37	213	137	98	188	183	89	179	128
0	0	0	0	0	0	0	0	0	0	0	0	0	0	0	0	0	0	0	0	0	0	0	0	0	0	0	0	0	0	0	0	0	0	0	0	0	0	0	0	0	0	0	0	0	0	0	0	0	0	0	0	0	0	0	0	0	0	0	0	0	0	0	0	0	0	0	0	0	0	0	0	0	0	0	0	0	0	0	0	0	0	0	0	0	0	0	0	0	0	0	0	0	0	0	0	0	0	0	0	0	0	0	0	0	0	0	0	0	121	135	126	117	105	107	80	145	201	108	132	37	88	80	165	67	153	96	149
0	0	0	0	0	0	0	0	0	0	0	0	0	0	0	0	0	0	0	0	0	0	0	0	0	0	0	0	0	0	0	0	0	0	0	0	0	0	0	0	0	0	0	0	0	0	0	0	0	0	0	0	0	0	0	0	0	0	0	0	0	0	0	0	0	0	0	0	0	0	0	0	0	0	0	0	0	0	0	0	0	0	0	0	0	0	0	0	0	0	0	0	0	0	0	0	0	0	0	0	0	0	0	0	0	0	0	0	0	0	136	130	107	123	49	111	120	147	118	155	126	129	191	118	127	174	44	143
0	0	0	0	0	0	0	0	0	0	0	0	0	0	0	0	0	0	0	0	0	0	0	0	0	0	0	0	0	0	0	0	0	0	0	0	0	0	0	0	0	0	0	0	0	0	0	0	0	0	0	0	0	0	0	0	0	0	0	0	0	0	0	0	0	0	0	0	0	0	0	0	0	0	0	0	0	0	0	0	0	0	0	0	0	0	0	0	0	0	0	0	0	0	0	0	0	0	0	0	0	0	0	0	0	0	0	0	0	0	0	105	118	152	107	116	191	71	117	137	174	132	145	124	192	119	152	67
0	0	0	0	0	0	0	0	0	0	0	0	0	0	0	0	0	0	0	0	0	0	0	0	0	0	0	0	0	0	0	0	0	0	0	0	0	0	0	0	0	0	0	0	0	0	0	0	0	0	0	0	0	0	0	0	0	0	0	0	0	0	0	0	0	0	0	0	0	0	0	0	0	0	0	0	0	0	0	0	0	0	0	0	0	0	0	0	0	0	0	0	0	0	0	0	0	0	0	0	0	0	0	0	0	0	0	0	0	0	0	0	76	67	136	68	108	120	12	101	146	123	114	132	105	153	39	63
0	0	0	0	0	0	0	0	0	0	0	0	0	0	0	0	0	0	0	0	0	0	0	0	0	0	0	0	0	0	0	0	0	0	0	0	0	0	0	0	0	0	0	0	0	0	0	0	0	0	0	0	0	0	0	0	0	0	0	0	0	0	0	0	0	0	0	0	0	0	0	0	0	0	0	0	0	0	0	0	0	0	0	0	0	0	0	0	0	0	0	0	0	0	0	0	0	0	0	0	0	0	0	0	0	0	0	0	0	0	0	0	0	101	138	213	164	76	181	198	153	128	174	190	133	139	183	111
0	0	0	0	0	0	0	0	0	0	0	0	0	0	0	0	0	0	0	0	0	0	0	0	0	0	0	0	0	0	0	0	0	0	0	0	0	0	0	0	0	0	0	0	0	0	0	0	0	0	0	0	0	0	0	0	0	0	0	0	0	0	0	0	0	0	0	0	0	0	0	0	0	0	0	0	0	0	0	0	0	0	0	0	0	0	0	0	0	0	0	0	0	0	0	0	0	0	0	0	0	0	0	0	0	0	0	0	0	0	0	0	0	0	56	165	156	79	82	170	171	138	106	70	91	125	116	125
0	0	0	0	0	0	0	0	0	0	0	0	0	0	0	0	0	0	0	0	0	0	0	0	0	0	0	0	0	0	0	0	0	0	0	0	0	0	0	0	0	0	0	0	0	0	0	0	0	0	0	0	0	0	0	0	0	0	0	0	0	0	0	0	0	0	0	0	0	0	0	0	0	0	0	0	0	0	0	0	0	0	0	0	0	0	0	0	0	0	0	0	0	0	0	0	0	0	0	0	0	0	0	0	0	0	0	0	0	0	0	0	0	0	0	140	174	137	46	117	206	141	107	160	174	82	123	158
0	0	0	0	0	0	0	0	0	0	0	0	0	0	0	0	0	0	0	0	0	0	0	0	0	0	0	0	0	0	0	0	0	0	0	0	0	0	0	0	0	0	0	0	0	0	0	0	0	0	0	0	0	0	0	0	0	0	0	0	0	0	0	0	0	0	0	0	0	0	0	0	0	0	0	0	0	0	0	0	0	0	0	0	0	0	0	0	0	0	0	0	0	0	0	0	0	0	0	0	0	0	0	0	0	0	0	0	0	0	0	0	0	0	0	0	99	181	22	80	204	117	166	174	206	105	124	55
0	0	0	0	0	0	0	0	0	0	0	0	0	0	0	0	0	0	0	0	0	0	0	0	0	0	0	0	0	0	0	0	0	0	0	0	0	0	0	0	0	0	0	0	0	0	0	0	0	0	0	0	0	0	0	0	0	0	0	0	0	0	0	0	0	0	0	0	0	0	0	0	0	0	0	0	0	0	0	0	0	0	0	0	0	0	0	0	0	0	0	0	0	0	0	0	0	0	0	0	0	0	0	0	0	0	0	0	0	0	0	0	0	0	0	0	0	47	87	119	101	120	113	105	96	60	134	173
0	0	0	0	0	0	0	0	0	0	0	0	0	0	0	0	0	0	0	0	0	0	0	0	0	0	0	0	0	0	0	0	0	0	0	0	0	0	0	0	0	0	0	0	0	0	0	0	0	0	0	0	0	0	0	0	0	0	0	0	0	0	0	0	0	0	0	0	0	0	0	0	0	0	0	0	0	0	0	0	0	0	0	0	0	0	0	0	0	0	0	0	0	0	0	0	0	0	0	0	0	0	0	0	0	0	0	0	0	0	0	0	0	0	0	0	0	0	90	148	63	109	119	64	5	224	175	133
0	0	0	0	0	0	0	0	0	0	0	0	0	0	0	0	0	0	0	0	0	0	0	0	0	0	0	0	0	0	0	0	0	0	0	0	0	0	0	0	0	0	0	0	0	0	0	0	0	0	0	0	0	0	0	0	0	0	0	0	0	0	0	0	0	0	0	0	0	0	0	0	0	0	0	0	0	0	0	0	0	0	0	0	0	0	0	0	0	0	0	0	0	0	0	0	0	0	0	0	0	0	0	0	0	0	0	0	0	0	0	0	0	0	0	0	0	0	0	100	105	123	173	114	147	126	85	114
0	0	0	0	0	0	0	0	0	0	0	0	0	0	0	0	0	0	0	0	0	0	0	0	0	0	0	0	0	0	0	0	0	0	0	0	0	0	0	0	0	0	0	0	0	0	0	0	0	0	0	0	0	0	0	0	0	0	0	0	0	0	0	0	0	0	0	0	0	0	0	0	0	0	0	0	0	0	0	0	0	0	0	0	0	0	0	0	0	0	0	0	0	0	0	0	0	0	0	0	0	0	0	0	0	0	0	0	0	0	0	0	0	0	0	0	0	0	0	0	47	101	166	210	230	125	99	31
0	0	0	0	0	0	0	0	0	0	0	0	0	0	0	0	0	0	0	0	0	0	0	0	0	0	0	0	0	0	0	0	0	0	0	0	0	0	0	0	0	0	0	0	0	0	0	0	0	0	0	0	0	0	0	0	0	0	0	0	0	0	0	0	0	0	0	0	0	0	0	0	0	0	0	0	0	0	0	0	0	0	0	0	0	0	0	0	0	0	0	0	0	0	0	0	0	0	0	0	0	0	0	0	0	0	0	0	0	0	0	0	0	0	0	0	0	0	0	0	0	244	129	26	78	241	126	169
0	0	0	0	0	0	0	0	0	0	0	0	0	0	0	0	0	0	0	0	0	0	0	0	0	0	0	0	0	0	0	0	0	0	0	0	0	0	0	0	0	0	0	0	0	0	0	0	0	0	0	0	0	0	0	0	0	0	0	0	0	0	0	0	0	0	0	0	0	0	0	0	0	0	0	0	0	0	0	0	0	0	0	0	0	0	0	0	0	0	0	0	0	0	0	0	0	0	0	0	0	0	0	0	0	0	0	0	0	0	0	0	0	0	0	0	0	0	0	0	0	0	51	225	141	213	140	195
0	0	0	0	0	0	0	0	0	0	0	0	0	0	0	0	0	0	0	0	0	0	0	0	0	0	0	0	0	0	0	0	0	0	0	0	0	0	0	0	0	0	0	0	0	0	0	0	0	0	0	0	0	0	0	0	0	0	0	0	0	0	0	0	0	0	0	0	0	0	0	0	0	0	0	0	0	0	0	0	0	0	0	0	0	0	0	0	0	0	0	0	0	0	0	0	0	0	0	0	0	0	0	0	0	0	0	0	0	0	0	0	0	0	0	0	0	0	0	0	0	0	0	173	200	74	50	106
0	0	0	0	0	0	0	0	0	0	0	0	0	0	0	0	0	0	0	0	0	0	0	0	0	0	0	0	0	0	0	0	0	0	0	0	0	0	0	0	0	0	0	0	0	0	0	0	0	0	0	0	0	0	0	0	0	0	0	0	0	0	0	0	0	0	0	0	0	0	0	0	0	0	0	0	0	0	0	0	0	0	0	0	0	0	0	0	0	0	0	0	0	0	0	0	0	0	0	0	0	0	0	0	0	0	0	0	0	0	0	0	0	0	0	0	0	0	0	0	0	0	0	0	179	71	149	216
0	0	0	0	0	0	0	0	0	0	0	0	0	0	0	0	0	0	0	0	0	0	0	0	0	0	0	0	0	0	0	0	0	0	0	0	0	0	0	0	0	0	0	0	0	0	0	0	0	0	0	0	0	0	0	0	0	0	0	0	0	0	0	0	0	0	0	0	0	0	0	0	0	0	0	0	0	0	0	0	0	0	0	0	0	0	0	0	0	0	0	0	0	0	0	0	0	0	0	0	0	0	0	0	0	0	0	0	0	0	0	0	0	0	0	0	0	0	0	0	0	0	0	0	0	167	155	215
0	0	0	0	0	0	0	0	0	0	0	0	0	0	0	0	0	0	0	0	0	0	0	0	0	0	0	0	0	0	0	0	0	0	0	0	0	0	0	0	0	0	0	0	0	0	0	0	0	0	0	0	0	0	0	0	0	0	0	0	0	0	0	0	0	0	0	0	0	0	0	0	0	0	0	0	0	0	0	0	0	0	0	0	0	0	0	0	0	0	0	0	0	0	0	0	0	0	0	0	0	0	0	0	0	0	0	0	0	0	0	0	0	0	0	0	0	0	0	0	0	0	0	0	0	0	67	160
0	0	0	0	0	0	0	0	0	0	0	0	0	0	0	0	0	0	0	0	0	0	0	0	0	0	0	0	0	0	0	0	0	0	0	0	0	0	0	0	0	0	0	0	0	0	0	0	0	0	0	0	0	0	0	0	0	0	0	0	0	0	0	0	0	0	0	0	0	0	0	0	0	0	0	0	0	0	0	0	0	0	0	0	0	0	0	0	0	0	0	0	0	0	0	0	0	0	0	0	0	0	0	0	0	0	0	0	0	0	0	0	0	0	0	0	0	0	0	0	0	0	0	0	0	0	0	121
0	0	0	0	0	0	0	0	0	0	0	0	0	0	0	0	0	0	0	0	0	0	0	0	0	0	0	0	0	0	0	0	0	0	0	0	0	0	0	0	0	0	0	0	0	0	0	0	0	0	0	0	0	0	0	0	0	0	0	0	0	0	0	0	0	0	0	0	0	0	0	0	0	0	0	0	0	0	0	0	0	0	0	0	0	0	0	0	0	0	0	0	0	0	0	0	0	0	0	0	0	0	0	0	0	0	0	0	0	0	0	0	0	0	0	0	0	0	0	0	0	0	0	0	0	0	0	0