0	83	116	60	71	122	86	5	86	29	68	111	42	18	114	22	41	36	77	4	46	106	88	57	9	118	97	40	70	17	90	78	107	40	48	109	32	48	77	115	89	53	60	99	26	24	114	65	71	20	36	101	63	46	14	73	112	15	81	103	92	7	31	33	115	29	78	53	101	7	53	129	39	49	106	56	68	114	76	78	48	57	102	57	77	28	109	78	3	44	119	106	14	71	67	108	15	6	76	3	127	79	125	46	99	38	127	98	125	5	129	114	84	34	52	18	123	91	73	23	55	87	39	91	20	109	10	115
0	0	58	3	60	7	18	33	81	60	56	45	42	106	60	63	18	19	92	115	90	18	84	32	97	109	100	43	98	22	21	111	90	68	108	22	46	117	3	112	79	21	89	39	103	107	26	7	62	120	76	123	78	26	121	115	37	104	98	79	115	29	35	44	79	117	75	83	9	50	113	90	122	46	62	4	80	19	7	128	101	54	28	88	99	112	16	102	75	59	98	90	32	20	67	120	57	20	80	82	53	126	119	91	88	92	46	27	93	73	36	89	57	63	54	77	53	24	7	26	117	124	82	6	13	48	127	88
0	0	0	100	123	77	54	37	31	59	83	113	120	117	11	70	100	46	101	82	30	33	87	84	67	61	56	90	93	51	59	3	121	27	104	127	12	25	83	60	61	10	101	97	10	85	87	125	46	34	121	90	115	49	103	55	128	38	50	120	14	126	73	47	84	116	31	126	49	91	120	78	39	27	13	44	95	107	117	128	27	16	6	114	17	34	58	126	34	129	31	93	124	47	81	5	34	76	43	19	121	62	90	80	130	88	56	27	131	27	29	84	19	19	50	78	86	92	60	115	8	22	50	38	15	117	57	126
0	0	0	0	49	52	95	57	97	74	31	107	16	34	52	8	13	86	34	33	95	95	126	85	53	111	111	51	103	114	94	128	29	54	9	89	57	9	70	57	52	30	4	86	95	97	5	39	53	117	7	118	92	72	10	33	52	82	54	51	11	43	36	80	54	42	108	63	97	39	83	29	74	22	16	117	58	60	62	82	116	94	89	50	101	87	43	84	96	48	87	91	83	12	122	24	36	24	117	78	25	81	13	87	89	86	108	16	18	87	88	78	81	85	78	79	71	107	9	98	118	121	90	77	43	100	24	23
0	0	0	0	0	63	102	12	107	107	119	108	36	48	79	111	30	99	103	19	61	101	92	104	124	46	56	88	85	57	72	83	89	76	66	47	47	39	16	32	76	79	124	60	32	21	85	102	131	76	55	118	26	109	55	65	46	127	69	103	110	56	18	107	115	61	72	96	23	60	91	81	71	124	56	81	103	99	117	128	105	5	15	38	69	49	70	122	115	95	121	82	18	52	114	95	44	16	22	3	11	43	51	88	90	124	78	129	67	111	112	121	64	83	44	48	7	8	53	10	60	80	98	84	57	21	59	26
0	0	0	0	0	0	68	97	123	92	105	25	62	76	30	9	25	115	121	5	54	85	59	73	52	130	20	77	127	41	84	122	129	105	30	76	13	122	28	36	36	7	60	66	48	8	45	124	81	78	22	112	118	16	122	9	29	41	53	105	24	82	73	31	121	35	62	83	72	7	76	22	11	51	88	120	7	127	119	118	28	13	48	102	61	7	36	86	29	35	63	59	112	79	89	8	73	56	119	70	33	100	104	4	66	29	100	45	133	64	98	102	13	32	109	26	9	112	32	34	115	126	70	60	90	46	105	112
0	0	0	0	0	0	0	111	80	35	55	64	96	41	38	96	72	133	127	89	67	41	100	97	109	71	112	36	109	4	52	63	73	49	100	43	13	18	74	45	102	91	68	66	28	34	67	69	111	26	106	19	91	62	109	118	26	20	44	61	16	126	75	4	5	83	9	109	24	64	29	48	86	118	31	128	64	114	57	124	17	4	34	14	14	11	11	101	107	85	96	100	17	113	47	100	67	40	116	109	24	57	111	35	49	97	50	23	91	77	47	68	125	32	38	102	92	117	61	61	90	8	104	127	101	70	129	112
0	0	0	0	0	0	0	0	83	130	96	90	87	66	31	20	40	77	109	67	65	33	52	134	66	112	12	129	53	70	113	59	119	70	118	10	32	18	102	119	80	37	81	28	119	96	99	21	67	97	31	8	68	35	113	50	106	31	38	120	131	77	74	19	127	120	15	61	66	8	78	44	129	105	131	113	93	118	13	113	34	29	59	129	128	47	97	62	47	76	73	39	107	129	132	25	87	20	44	123	64	38	80	43	110	117	46	60	108	14	40	102	52	10	114	68	34	39	39	52	116	82	32	14	38	10	25	98
0	0	0	0	0	0	0	0	0	43	10	103	84	115	51	126	31	113	122	72	55	63	45	54	125	114	124	18	12	116	124	30	58	95	14	99	55	82	38	3	125	5	129	92	55	79	89	49	132	96	118	8	129	121	84	31	66	73	54	51	73	94	136	49	73	85	61	65	95	102	119	20	113	94	84	130	58	74	67	113	37	131	93	98	120	90	95	29	100	14	130	133	51	7	97	113	130	41	45	86	107	99	7	91	65	122	75	123	31	72	10	41	58	11	58	52	45	112	34	38	62	104	92	47	51	69	22	67
0	0	0	0	0	0	0	0	0	0	10	15	19	67	125	14	114	94	17	15	45	37	121	113	37	19	129	72	51	77	114	5	35	50	80	35	50	14	43	20	26	83	70	38	28	100	61	61	12	73	123	21	19	63	49	34	6	115	89	11	128	109	12	12	61	123	9	27	33	6	128	82	60	74	27	92	84	66	90	69	39	134	53	39	43	61	23	96	27	31	117	69	23	28	72	30	66	12	12	47	99	112	67	40	54	131	13	99	20	46	86	20	128	126	76	90	135	67	104	25	68	13	51	112	90	105	85	121
0	0	0	0	0	0	0	0	0	0	0	68	36	26	19	83	24	82	89	91	60	98	26	6	94	136	71	121	36	52	121	13	27	60	52	8	41	27	129	76	77	77	91	39	31	23	128	17	130	6	99	98	92	12	122	47	136	50	57	44	6	118	102	68	130	29	14	110	90	113	128	13	47	49	18	20	131	19	106	8	131	89	101	39	26	128	37	9	59	136	29	55	70	42	103	129	132	124	23	70	85	38	86	87	122	20	61	22	95	38	128	69	3	75	12	99	129	39	132	80	87	6	119	26	133	131	57	75
0	0	0	0	0	0	0	0	0	0	0	0	120	108	15	120	103	101	32	109	96	99	94	133	48	18	118	82	46	55	82	136	89	63	21	74	71	56	60	119	84	68	82	64	121	94	52	76	132	30	12	36	11	119	53	78	78	47	97	21	84	25	95	125	26	17	76	22	9	105	102	68	91	73	12	58	118	100	81	54	24	84	86	66	119	75	67	81	81	13	58	29	132	82	71	79	126	96	115	11	76	63	72	125	21	89	39	116	87	123	85	101	77	81	12	112	47	50	6	125	7	67	69	102	10	76	62	38
0	0	0	0	0	0	0	0	0	0	0	0	0	5	72	99	99	106	57	24	101	69	45	81	64	84	27	82	52	64	40	124	16	101	66	128	108	78	69	47	121	58	31	80	56	107	72	125	109	123	86	42	38	121	34	17	108	61	114	112	69	55	16	130	11	36	133	29	7	55	79	39	35	61	107	84	65	46	108	123	57	50	50	57	43	113	53	78	102	57	40	75	74	117	68	122	88	62	39	97	46	39	76	66	62	23	41	99	138	118	138	45	25	106	141	3	75	71	104	26	69	117	57	94	20	115	82	123
0	0	0	0	0	0	0	0	0	0	0	0	0	0	62	110	91	53	110	80	53	14	86	38	100	20	96	62	78	126	67	130	128	120	53	86	117	64	115	122	114	5	39	50	53	114	120	45	51	17	80	37	120	131	25	131	85	40	55	48	111	67	63	121	78	34	126	36	90	104	35	51	9	37	91	126	114	18	68	100	68	133	38	54	22	124	120	48	139	51	98	108	54	103	95	10	61	68	105	11	69	58	93	96	27	34	100	73	62	20	14	23	112	46	101	50	32	84	130	135	86	113	58	59	45	26	57	72
0	0	0	0	0	0	0	0	0	0	0	0	0	0	0	76	83	94	32	76	92	104	119	139	8	22	98	134	120	100	128	101	33	62	26	72	24	122	37	60	69	86	91	92	114	26	73	58	47	105	23	27	129	110	92	65	69	55	117	16	122	19	55	30	97	55	128	137	42	33	123	115	106	125	126	51	85	42	42	88	16	118	56	32	103	115	91	72	124	133	101	79	77	130	64	127	117	82	116	98	102	117	69	38	107	64	108	119	55	103	76	87	102	116	25	38	15	28	20	45	102	76	49	8	32	119	58	42
0	0	0	0	0	0	0	0	0	0	0	0	0	0	0	0	77	87	50	11	122	8	83	70	74	52	111	131	109	88	118	21	72	57	90	125	14	98	105	123	55	33	81	120	120	27	131	59	107	129	84	25	116	66	91	61	62	76	54	76	130	85	77	20	123	74	88	125	106	111	101	63	62	46	52	88	129	8	85	96	31	103	65	19	38	63	136	27	98	102	118	23	48	74	122	26	76	95	102	51	119	115	88	57	84	17	45	110	106	83	78	5	117	40	17	84	44	9	93	116	136	29	19	105	115	94	65	63
0	0	0	0	0	0	0	0	0	0	0	0	0	0	0	0	0	116	71	64	116	49	11	82	104	114	100	84	101	120	115	89	44	52	97	118	45	124	131	18	12	75	16	103	34	62	122	98	74	108	83	61	102	44	44	111	108	87	60	110	74	35	108	115	116	120	99	55	105	21	75	81	135	87	28	93	107	36	37	68	86	47	63	133	39	62	97	56	67	96	120	136	28	127	114	98	118	138	81	43	53	9	40	49	116	30	78	118	17	66	99	100	45	101	118	35	93	43	103	133	60	141	115	129	32	64	137	122
0	0	0	0	0	0	0	0	0	0	0	0	0	0	0	0	0	0	29	105	87	73	88	133	100	42	105	42	100	94	128	131	110	59	113	72	108	65	116	117	63	113	133	86	49	52	108	59	15	20	27	126	71	60	61	130	75	24	45	51	112	20	121	28	20	32	58	113	36	42	99	121	134	90	112	41	128	126	18	109	22	52	113	116	28	57	49	123	113	92	32	104	86	61	76	45	129	141	126	129	94	54	20	67	63	138	40	81	53	115	134	88	120	76	123	64	113	133	62	67	102	43	115	33	87	52	126	58
0	0	0	0	0	0	0	0	0	0	0	0	0	0	0	0	0	0	0	20	31	31	87	49	141	68	44	32	92	91	81	106	36	72	55	60	127	51	93	128	107	81	113	82	67	96	31	22	64	67	41	82	97	120	97	26	57	79	67	112	5	41	142	37	100	64	121	68	136	123	49	65	15	104	135	115	60	31	20	114	17	113	55	67	107	137	19	100	62	95	97	72	122	28	135	107	72	119	66	13	81	132	127	12	120	80	134	44	71	45	22	111	56	128	91	125	47	133	64	36	46	73	94	68	91	70	81	68
0	0	0	0	0	0	0	0	0	0	0	0	0	0	0	0	0	0	0	0	106	17	12	28	53	115	63	93	143	96	127	138	108	140	67	106	84	143	131	43	100	39	36	13	16	8	89	4	68	51	25	40	78	103	38	38	128	33	112	116	87	32	68	27	22	34	11	143	24	22	28	57	103	130	86	21	126	109	112	136	112	74	60	94	16	78	102	18	31	57	42	110	6	112	106	43	141	45	46	20	40	49	27	141	56	26	30	98	54	22	121	62	59	63	38	116	59	36	82	66	23	69	122	52	14	26	70	60
0	0	0	0	0	0	0	0	0	0	0	0	0	0	0	0	0	0	0	0	0	34	98	92	12	36	19	125	109	72	57	36	74	38	74	10	103	86	88	40	44	110	114	22	126	35	27	121	82	56	17	100	25	78	30	37	104	92	108	24	75	73	22	106	88	49	118	102	88	74	84	11	78	132	119	47	96	76	88	119	122	61	67	35	48	49	106	58	134	108	21	51	33	23	6	113	123	121	118	81	140	65	49	49	73	68	32	38	131	71	16	100	22	74	64	108	80	60	129	54	53	104	127	123	57	64	144	40
0	0	0	0	0	0	0	0	0	0	0	0	0	0	0	0	0	0	0	0	0	0	119	91	43	31	90	72	62	128	87	38	35	128	113	136	141	125	2	34	65	62	42	137	98	48	23	109	115	69	82	68	101	125	96	135	54	47	112	26	112	28	27	105	120	77	117	21	93	121	53	116	125	55	57	107	77	112	99	134	5	103	96	88	122	5	44	120	42	124	18	94	88	134	50	15	59	96	21	17	72	81	87	119	107	40	93	116	56	47	27	115	70	33	23	79	98	60	84	97	116	93	48	133	41	41	63	134
0	0	0	0	0	0	0	0	0	0	0	0	0	0	0	0	0	0	0	0	0	0	0	115	58	71	37	126	41	91	127	24	85	18	87	132	94	13	135	111	44	124	74	70	110	81	118	59	30	64	38	44	47	96	32	29	120	141	31	127	116	63	121	86	91	120	107	112	8	61	84	92	104	56	41	106	4	49	86	61	83	67	64	57	129	60	58	108	53	92	103	102	17	83	54	34	101	88	27	33	80	145	49	56	55	72	54	47	47	53	48	118	124	34	102	69	112	80	122	64	105	33	44	3	67	70	56	30
0	0	0	0	0	0	0	0	0	0	0	0	0	0	0	0	0	0	0	0	0	0	0	0	112	111	126	145	87	71	127	110	88	65	75	111	78	129	98	102	117	39	116	91	124	129	10	127	99	143	138	17	59	148	79	99	67	117	113	83	68	16	74	102	131	117	119	77	71	119	26	29	46	91	134	82	86	29	51	104	34	127	26	94	96	146	106	60	40	23	119	26	131	49	79	65	108	6	142	111	45	81	122	78	63	99	84	128	103	112	100	141	83	7	124	74	118	116	50	91	87	52	50	85	113	94	18	140
0	0	0	0	0	0	0	0	0	0	0	0	0	0	0	0	0	0	0	0	0	0	0	0	0	29	27	33	86	69	111	79	38	105	60	59	37	74	45	39	108	101	138	61	56	143	90	57	92	72	43	125	110	101	46	30	111	87	95	90	74	15	28	32	79	134	113	98	98	142	76	6	39	87	61	21	130	75	48	142	85	67	31	11	60	32	108	51	42	65	26	28	119	94	62	73	7	38	56	38	102	53	15	44	134	130	139	126	99	77	123	61	109	102	31	105	134	22	65	131	32	60	101	102	43	113	143	110
0	0	0	0	0	0	0	0	0	0	0	0	0	0	0	0	0	0	0	0	0	0	0	0	0	0	135	98	71	96	55	80	64	125	56	56	56	39	35	56	110	37	36	122	72	110	139	98	51	19	54	89	27	13	69	141	18	74	140	45	103	46	54	144	83	74	118	92	35	145	132	106	27	8	24	24	78	85	129	4	90	66	64	70	69	40	84	42	28	75	113	100	72	143	61	21	128	37	91	15	87	58	49	134	85	30	96	116	88	78	59	58	36	144	37	77	125	56	40	96	31	48	90	18	88	36	40	113
0	0	0	0	0	0	0	0	0	0	0	0	0	0	0	0	0	0	0	0	0	0	0	0	0	0	0	10	75	144	37	115	89	60	31	89	45	27	29	76	90	126	27	85	102	116	37	28	117	114	121	143	52	21	153	129	109	65	90	114	58	127	96	73	33	76	93	51	43	68	90	88	86	131	104	128	92	116	76	106	14	83	84	81	46	98	140	45	102	64	17	69	76	28	139	138	61	93	128	69	35	77	27	107	142	74	61	83	45	46	117	84	46	100	56	35	71	87	122	72	50	42	81	130	58	107	87	82
0	0	0	0	0	0	0	0	0	0	0	0	0	0	0	0	0	0	0	0	0	0	0	0	0	0	0	0	140	104	64	43	51	70	130	131	110	41	120	80	113	84	19	112	49	129	33	76	47	85	32	98	83	149	63	91	106	127	48	69	75	97	127	133	80	15	126	76	147	9	48	44	32	94	114	112	126	130	102	38	147	96	130	114	125	13	98	84	82	41	61	62	10	107	55	26	61	47	28	95	140	151	45	69	37	29	65	145	62	79	50	135	87	39	79	85	54	131	122	142	125	72	44	81	73	31	33	69
0	0	0	0	0	0	0	0	0	0	0	0	0	0	0	0	0	0	0	0	0	0	0	0	0	0	0	0	0	150	77	20	121	69	22	55	100	49	101	109	91	143	83	5	107	32	27	53	56	57	133	100	111	30	144	73	127	86	137	105	37	117	75	60	129	63	91	44	142	88	41	70	89	103	13	16	118	53	121	57	8	127	112	31	24	128	7	138	96	114	16	108	49	8	132	74	112	57	41	58	134	151	90	83	73	96	138	131	36	80	129	66	40	41	40	59	119	54	74	122	22	133	31	93	110	77	127	153
0	0	0	0	0	0	0	0	0	0	0	0	0	0	0	0	0	0	0	0	0	0	0	0	0	0	0	0	0	0	53	91	56	41	64	116	83	28	145	67	137	137	23	83	65	38	147	79	32	138	22	44	127	38	150	27	121	100	131	121	128	42	131	24	65	15	81	33	96	53	77	118	138	123	107	55	125	110	62	58	85	84	99	78	82	107	71	39	93	141	34	36	54	118	104	57	18	61	45	75	72	42	111	134	64	42	130	49	105	70	34	68	4	72	25	71	112	31	17	33	48	60	58	107	45	17	95	42
0	0	0	0	0	0	0	0	0	0	0	0	0	0	0	0	0	0	0	0	0	0	0	0	0	0	0	0	0	0	0	42	8	88	91	41	82	68	70	49	71	88	93	68	20	38	18	94	64	30	85	59	56	90	84	79	54	110	54	70	40	54	148	108	53	13	64	77	19	131	29	128	96	33	85	144	77	55	91	67	93	44	13	110	107	114	67	72	72	29	48	112	80	66	134	103	41	120	145	74	149	62	108	92	37	136	99	90	105	87	61	54	56	35	26	134	33	48	41	86	74	64	128	131	76	52	31	95
0	0	0	0	0	0	0	0	0	0	0	0	0	0	0	0	0	0	0	0	0	0	0	0	0	0	0	0	0	0	0	0	128	67	61	69	59	101	121	116	84	58	90	49	68	141	91	102	28	70	33	119	45	51	99	139	22	119	69	51	125	105	13	94	116	90	51	29	28	110	95	147	47	56	100	52	21	35	73	130	126	105	84	149	104	16	110	101	146	97	13	34	130	90	51	126	54	90	155	59	122	76	139	75	110	156	135	17	106	95	135	114	78	117	105	116	78	52	33	34	91	150	40	135	99	73	145	80
0	0	0	0	0	0	0	0	0	0	0	0	0	0	0	0	0	0	0	0	0	0	0	0	0	0	0	0	0	0	0	0	0	59	124	74	108	51	84	55	13	143	131	104	24	128	100	116	137	47	126	84	83	91	110	22	16	108	124	124	94	114	18	21	42	126	155	32	126	47	145	79	98	107	33	72	75	104	75	99	125	117	82	18	124	96	84	23	32	111	74	43	70	72	116	46	51	111	36	39	59	62	2	21	76	148	59	84	97	100	156	107	93	131	95	95	155	98	93	110	100	36	102	100	121	87	92	27
0	0	0	0	0	0	0	0	0	0	0	0	0	0	0	0	0	0	0	0	0	0	0	0	0	0	0	0	0	0	0	0	0	0	59	29	16	65	44	70	59	79	140	124	106	39	92	115	27	44	112	59	109	132	128	114	101	43	24	26	110	141	47	30	116	119	37	108	52	50	69	51	70	46	132	93	28	126	92	57	100	90	16	156	130	134	37	28	39	78	49	34	26	67	137	67	66	126	80	82	130	17	79	62	58	132	88	70	119	29	93	35	38	135	75	105	44	93	71	113	54	83	121	30	66	48	89	136
0	0	0	0	0	0	0	0	0	0	0	0	0	0	0	0	0	0	0	0	0	0	0	0	0	0	0	0	0	0	0	0	0	0	0	94	65	104	15	38	87	79	22	99	106	84	84	81	113	45	88	28	35	91	119	71	82	61	16	71	84	42	135	52	33	53	23	49	115	74	31	106	133	41	40	79	50	27	41	78	126	141	99	132	131	130	51	122	73	35	96	16	56	138	58	52	45	119	49	97	110	92	16	41	110	59	70	155	66	103	33	62	158	94	50	11	11	21	48	114	95	107	50	93	33	73	112	128
0	0	0	0	0	0	0	0	0	0	0	0	0	0	0	0	0	0	0	0	0	0	0	0	0	0	0	0	0	0	0	0	0	0	0	0	77	56	91	124	62	48	50	77	112	35	133	118	65	127	110	135	141	9	30	127	133	42	52	92	81	87	102	98	56	107	40	113	98	63	89	49	79	35	89	36	29	58	67	124	32	126	57	17	102	87	11	71	56	70	126	44	128	128	137	56	58	48	66	48	21	149	102	124	117	46	101	80	72	124	58	88	73	108	83	39	15	62	80	125	140	145	38	114	137	112	37	27
0	0	0	0	0	0	0	0	0	0	0	0	0	0	0	0	0	0	0	0	0	0	0	0	0	0	0	0	0	0	0	0	0	0	0	0	0	18	99	92	42	74	17	56	109	129	77	26	31	140	28	102	42	116	95	128	91	113	46	7	59	73	69	12	84	31	50	65	106	64	33	118	101	129	108	85	152	26	90	79	130	142	79	102	126	161	70	58	40	94	103	19	97	136	55	101	32	72	49	87	127	105	161	90	60	93	76	76	51	39	67	22	107	44	12	64	96	51	36	36	95	34	153	85	39	74	108	47
0	0	0	0	0	0	0	0	0	0	0	0	0	0	0	0	0	0	0	0	0	0	0	0	0	0	0	0	0	0	0	0	0	0	0	0	0	0	73	46	129	78	103	125	151	112	40	145	96	52	113	64	45	101	109	116	130	71	31	53	82	128	131	32	117	148	113	98	144	125	72	133	40	80	21	141	32	104	151	85	51	103	92	43	94	44	46	54	104	55	145	99	85	62	143	45	130	55	95	53	30	38	59	35	37	47	80	56	116	129	113	35	84	64	83	152	150	93	39	102	146	6	127	73	110	29	61	120
0	0	0	0	0	0	0	0	0	0	0	0	0	0	0	0	0	0	0	0	0	0	0	0	0	0	0	0	0	0	0	0	0	0	0	0	0	0	0	114	55	129	89	140	73	10	104	29	123	107	37	116	24	129	139	136	74	48	28	83	124	44	44	144	128	109	73	73	129	67	58	98	34	104	90	130	145	71	15	140	143	140	151	82	59	43	38	46	101	22	143	119	66	34	38	70	53	45	124	56	25	93	17	130	51	24	16	98	100	116	105	91	117	157	148	68	100	114	118	140	34	163	121	60	34	49	50	129
0	0	0	0	0	0	0	0	0	0	0	0	0	0	0	0	0	0	0	0	0	0	0	0	0	0	0	0	0	0	0	0	0	0	0	0	0	0	0	0	74	29	98	101	126	97	112	88	103	58	81	41	112	158	40	55	77	149	61	76	33	124	21	154	117	75	113	153	135	80	70	117	28	41	66	146	97	88	83	83	55	97	64	80	154	94	101	144	73	53	26	50	165	14	114	45	112	63	97	72	38	87	44	137	61	66	144	32	54	47	50	126	112	131	155	101	83	43	53	127	79	80	125	134	68	58	87	101
0	0	0	0	0	0	0	0	0	0	0	0	0	0	0	0	0	0	0	0	0	0	0	0	0	0	0	0	0	0	0	0	0	0	0	0	0	0	0	0	0	30	67	85	72	104	134	115	24	138	126	137	68	106	37	46	85	71	29	80	114	88	15	100	52	107	140	103	50	109	138	95	98	140	56	116	39	127	91	33	123	88	87	89	12	80	143	76	133	134	130	40	74	12	99	29	44	63	108	114	92	12	105	62	99	84	139	133	77	132	151	62	59	119	147	52	122	64	72	126	99	87	134	101	103	122	38	38
0	0	0	0	0	0	0	0	0	0	0	0	0	0	0	0	0	0	0	0	0	0	0	0	0	0	0	0	0	0	0	0	0	0	0	0	0	0	0	0	0	0	81	71	51	162	80	77	119	86	136	62	105	137	132	123	11	96	84	130	72	104	102	39	53	44	112	122	127	40	65	110	18	73	49	41	77	7	79	128	53	58	88	127	115	67	125	163	122	56	83	32	84	51	66	148	62	31	114	104	141	132	69	54	70	68	37	42	137	28	37	133	76	85	125	67	116	108	39	119	33	83	59	62	67	12	41	59
0	0	0	0	0	0	0	0	0	0	0	0	0	0	0	0	0	0	0	0	0	0	0	0	0	0	0	0	0	0	0	0	0	0	0	0	0	0	0	0	0	0	0	52	43	60	63	13	84	109	153	54	135	142	16	99	40	112	43	102	42	67	82	97	99	50	50	93	104	128	121	123	39	118	81	35	35	79	164	37	56	109	60	26	51	85	28	91	42	129	128	63	89	13	85	87	36	74	135	22	113	37	109	14	105	142	117	122	52	115	57	39	86	158	63	149	131	77	73	69	86	143	61	73	41	160	48	164
0	0	0	0	0	0	0	0	0	0	0	0	0	0	0	0	0	0	0	0	0	0	0	0	0	0	0	0	0	0	0	0	0	0	0	0	0	0	0	0	0	0	0	0	57	90	82	14	85	60	44	141	110	30	13	119	70	111	67	99	139	73	67	160	144	122	34	157	48	90	66	81	160	53	123	133	120	126	41	129	142	119	38	51	127	58	80	109	60	99	49	128	43	126	74	71	61	84	106	107	112	74	108	75	93	132	114	84	88	100	96	102	103	84	77	41	103	59	76	87	66	139	77	70	107	103	104	76
0	0	0	0	0	0	0	0	0	0	0	0	0	0	0	0	0	0	0	0	0	0	0	0	0	0	0	0	0	0	0	0	0	0	0	0	0	0	0	0	0	0	0	0	0	85	126	94	100	28	130	50	71	30	135	82	16	139	71	76	69	137	79	92	91	71	36	64	97	26	66	57	42	104	71	113	38	28	38	62	44	116	125	52	33	121	45	55	36	78	133	132	6	110	148	64	106	134	133	42	41	125	16	56	112	121	59	89	56	101	23	140	113	145	84	139	126	87	76	65	137	49	80	100	50	106	105	62
0	0	0	0	0	0	0	0	0	0	0	0	0	0	0	0	0	0	0	0	0	0	0	0	0	0	0	0	0	0	0	0	0	0	0	0	0	0	0	0	0	0	0	0	0	0	52	80	91	23	22	82	106	40	91	76	145	68	113	19	150	81	101	102	64	114	19	114	113	121	148	53	137	73	43	25	66	121	91	164	24	51	117	134	84	138	88	147	73	153	33	89	109	36	137	98	44	43	118	103	52	27	64	149	146	128	109	133	52	102	82	160	146	27	146	56	68	94	156	146	49	119	51	122	167	90	132	36
0	0	0	0	0	0	0	0	0	0	0	0	0	0	0	0	0	0	0	0	0	0	0	0	0	0	0	0	0	0	0	0	0	0	0	0	0	0	0	0	0	0	0	0	0	0	0	81	14	91	70	61	152	115	64	42	147	120	58	65	66	46	95	149	127	128	135	77	56	152	108	51	116	107	149	54	140	121	83	69	79	127	34	62	132	43	131	112	81	70	138	109	101	30	41	152	165	94	103	109	105	132	67	77	77	36	120	104	73	131	141	117	53	102	43	98	35	56	147	102	112	23	66	79	102	59	95	48
0	0	0	0	0	0	0	0	0	0	0	0	0	0	0	0	0	0	0	0	0	0	0	0	0	0	0	0	0	0	0	0	0	0	0	0	0	0	0	0	0	0	0	0	0	0	0	0	41	91	55	111	55	105	131	72	69	36	52	75	104	129	109	160	147	74	152	91	49	145	29	58	108	59	96	59	85	100	41	163	132	91	111	42	138	97	132	111	87	79	126	95	98	139	170	12	34	135	133	37	133	71	95	8	71	99	28	104	41	88	47	25	119	143	95	128	132	116	72	94	77	137	97	119	15	47	140	94
0	0	0	0	0	0	0	0	0	0	0	0	0	0	0	0	0	0	0	0	0	0	0	0	0	0	0	0	0	0	0	0	0	0	0	0	0	0	0	0	0	0	0	0	0	0	0	0	0	16	86	21	58	101	67	114	51	113	147	144	104	75	86	32	50	129	141	119	112	31	85	7	34	96	85	60	29	45	87	125	4	166	74	121	81	60	121	42	41	127	64	55	94	138	104	80	106	131	140	37	97	36	134	129	88	68	91	79	86	75	151	20	145	49	120	72	73	70	26	58	133	65	158	149	39	124	152	37
0	0	0	0	0	0	0	0	0	0	0	0	0	0	0	0	0	0	0	0	0	0	0	0	0	0	0	0	0	0	0	0	0	0	0	0	0	0	0	0	0	0	0	0	0	0	0	0	0	0	81	136	113	153	173	178	8	142	143	102	135	120	65	151	62	81	129	82	33	71	34	99	58	135	102	65	97	98	159	121	35	23	42	41	79	60	132	170	47	23	100	118	55	152	110	32	13	58	146	40	128	36	55	56	128	51	59	106	158	128	126	132	134	127	149	54	100	58	115	60	120	42	54	100	174	74	8	110
0	0	0	0	0	0	0	0	0	0	0	0	0	0	0	0	0	0	0	0	0	0	0	0	0	0	0	0	0	0	0	0	0	0	0	0	0	0	0	0	0	0	0	0	0	0	0	0	0	0	0	42	125	39	93	123	116	69	62	41	123	168	41	153	29	76	43	124	41	78	164	36	139	35	84	49	35	155	92	151	110	66	161	54	39	56	55	141	78	66	123	31	115	31	38	137	152	126	104	73	51	32	30	78	19	68	108	147	134	151	63	168	58	70	43	126	109	75	63	113	83	59	78	153	51	83	133	137
0	0	0	0	0	0	0	0	0	0	0	0	0	0	0	0	0	0	0	0	0	0	0	0	0	0	0	0	0	0	0	0	0	0	0	0	0	0	0	0	0	0	0	0	0	0	0	0	0	0	0	0	128	125	93	108	82	90	112	57	59	156	97	129	84	81	106	82	69	87	104	124	76	123	103	126	26	60	94	110	102	117	96	24	121	81	147	140	102	24	127	34	126	33	90	72	61	39	71	137	60	90	100	125	166	46	126	54	150	90	136	116	159	88	50	102	55	71	99	137	109	160	84	103	19	90	16	71
0	0	0	0	0	0	0	0	0	0	0	0	0	0	0	0	0	0	0	0	0	0	0	0	0	0	0	0	0	0	0	0	0	0	0	0	0	0	0	0	0	0	0	0	0	0	0	0	0	0	0	0	0	97	45	163	26	43	111	120	105	56	145	60	9	160	139	146	96	37	3	35	67	111	81	99	47	84	80	135	64	133	65	65	23	114	122	85	133	84	100	117	51	31	162	174	116	152	16	139	80	116	15	33	73	127	117	145	68	150	99	57	6	126	95	145	100	141	99	134	101	125	112	151	126	155	82	117
0	0	0	0	0	0	0	0	0	0	0	0	0	0	0	0	0	0	0	0	0	0	0	0	0	0	0	0	0	0	0	0	0	0	0	0	0	0	0	0	0	0	0	0	0	0	0	0	0	0	0	0	0	0	55	58	142	74	27	55	168	91	157	24	58	78	120	59	87	152	10	114	26	107	173	115	155	53	111	102	82	106	45	104	77	104	120	66	79	68	44	126	126	59	17	120	130	108	132	53	114	91	87	117	140	105	101	22	24	131	34	78	67	167	159	80	54	91	139	134	59	129	34	142	68	35	96	107
0	0	0	0	0	0	0	0	0	0	0	0	0	0	0	0	0	0	0	0	0	0	0	0	0	0	0	0	0	0	0	0	0	0	0	0	0	0	0	0	0	0	0	0	0	0	0	0	0	0	0	0	0	0	0	138	20	166	52	146	121	38	43	45	60	130	55	43	148	140	40	108	33	48	77	129	103	114	115	59	142	45	75	76	156	137	69	53	71	115	55	34	34	99	54	29	82	111	107	93	112	143	62	145	13	48	108	48	148	69	123	104	71	144	70	135	86	159	96	60	142	87	61	110	128	85	164	73
0	0	0	0	0	0	0	0	0	0	0	0	0	0	0	0	0	0	0	0	0	0	0	0	0	0	0	0	0	0	0	0	0	0	0	0	0	0	0	0	0	0	0	0	0	0	0	0	0	0	0	0	0	0	0	0	111	87	73	132	59	109	28	37	73	60	62	110	62	97	45	108	99	141	68	157	147	34	137	97	58	19	70	120	76	48	85	109	38	131	26	92	149	98	130	54	132	154	128	126	18	129	116	28	115	77	130	122	116	146	44	133	68	84	39	42	29	155	72	72	52	140	104	162	114	64	97	137
0	0	0	0	0	0	0	0	0	0	0	0	0	0	0	0	0	0	0	0	0	0	0	0	0	0	0	0	0	0	0	0	0	0	0	0	0	0	0	0	0	0	0	0	0	0	0	0	0	0	0	0	0	0	0	0	0	78	77	134	48	134	128	36	109	83	100	66	125	112	127	143	58	64	21	100	90	74	78	139	69	126	105	90	106	81	131	92	144	62	128	107	126	143	82	145	146	35	68	125	110	73	132	68	50	89	39	149	117	64	11	115	84	64	70	35	147	47	119	74	127	174	99	118	75	103	98	73
0	0	0	0	0	0	0	0	0	0	0	0	0	0	0	0	0	0	0	0	0	0	0	0	0	0	0	0	0	0	0	0	0	0	0	0	0	0	0	0	0	0	0	0	0	0	0	0	0	0	0	0	0	0	0	0	0	0	82	102	177	120	68	96	113	87	59	143	65	84	62	90	13	136	138	84	123	135	55	153	45	121	29	19	39	161	103	70	95	107	32	55	113	159	86	55	133	154	74	113	77	37	96	24	96	103	95	96	62	38	156	91	75	105	39	43	114	59	69	36	124	96	146	107	148	151	103	72
0	0	0	0	0	0	0	0	0	0	0	0	0	0	0	0	0	0	0	0	0	0	0	0	0	0	0	0	0	0	0	0	0	0	0	0	0	0	0	0	0	0	0	0	0	0	0	0	0	0	0	0	0	0	0	0	0	0	0	102	47	117	15	58	100	82	129	46	118	99	36	79	45	21	40	101	21	56	145	123	70	69	122	25	113	80	41	91	38	42	136	174	61	57	94	139	134	100	105	57	148	109	132	140	36	95	56	146	37	81	135	118	88	132	72	168	51	128	119	92	27	143	76	107	93	112	97	143
0	0	0	0	0	0	0	0	0	0	0	0	0	0	0	0	0	0	0	0	0	0	0	0	0	0	0	0	0	0	0	0	0	0	0	0	0	0	0	0	0	0	0	0	0	0	0	0	0	0	0	0	0	0	0	0	0	0	0	0	137	104	99	85	117	83	60	107	92	76	135	119	27	114	28	136	117	118	5	88	114	129	92	66	136	120	70	32	50	67	172	117	125	47	100	138	99	86	127	122	40	179	71	66	42	128	123	127	110	50	96	90	72	124	39	72	86	172	133	132	59	103	91	114	30	35	141	16
0	0	0	0	0	0	0	0	0	0	0	0	0	0	0	0	0	0	0	0	0	0	0	0	0	0	0	0	0	0	0	0	0	0	0	0	0	0	0	0	0	0	0	0	0	0	0	0	0	0	0	0	0	0	0	0	0	0	0	0	0	58	64	86	76	158	88	141	123	181	173	119	64	22	59	60	79	134	158	19	38	50	79	62	106	47	104	53	102	72	147	88	143	80	98	116	78	118	81	84	97	75	89	73	146	152	116	81	59	97	39	126	137	72	58	54	93	85	77	25	89	156	60	145	169	66	43	98
0	0	0	0	0	0	0	0	0	0	0	0	0	0	0	0	0	0	0	0	0	0	0	0	0	0	0	0	0	0	0	0	0	0	0	0	0	0	0	0	0	0	0	0	0	0	0	0	0	0	0	0	0	0	0	0	0	0	0	0	0	0	159	129	166	46	145	66	20	115	36	68	51	79	45	38	51	131	127	121	35	131	77	65	62	113	106	33	14	113	60	165	50	92	98	128	34	112	119	57	154	114	120	88	45	47	97	35	45	96	102	144	71	71	75	160	146	40	133	108	59	84	45	101	135	125	124	22
0	0	0	0	0	0	0	0	0	0	0	0	0	0	0	0	0	0	0	0	0	0	0	0	0	0	0	0	0	0	0	0	0	0	0	0	0	0	0	0	0	0	0	0	0	0	0	0	0	0	0	0	0	0	0	0	0	0	0	0	0	0	0	121	91	136	107	42	81	91	170	88	49	122	88	147	59	48	82	65	85	72	62	78	89	30	130	103	108	122	95	100	72	70	155	159	166	107	133	124	159	90	81	55	70	73	59	78	37	179	125	52	155	49	31	72	57	22	76	100	113	126	33	82	72	103	98	50
0	0	0	0	0	0	0	0	0	0	0	0	0	0	0	0	0	0	0	0	0	0	0	0	0	0	0	0	0	0	0	0	0	0	0	0	0	0	0	0	0	0	0	0	0	0	0	0	0	0	0	0	0	0	0	0	0	0	0	0	0	0	0	0	83	96	47	149	131	169	65	130	40	46	79	165	154	73	99	158	126	125	51	134	111	75	62	140	184	149	117	98	88	151	145	73	33	128	107	185	96	107	116	74	79	53	132	45	114	90	49	44	93	94	162	132	109	73	98	121	140	113	90	60	71	48	50	138
0	0	0	0	0	0	0	0	0	0	0	0	0	0	0	0	0	0	0	0	0	0	0	0	0	0	0	0	0	0	0	0	0	0	0	0	0	0	0	0	0	0	0	0	0	0	0	0	0	0	0	0	0	0	0	0	0	0	0	0	0	0	0	0	0	47	117	124	150	186	34	54	52	132	161	67	88	139	54	152	90	110	44	71	82	70	123	104	86	141	46	40	111	59	32	140	93	148	73	22	107	48	138	31	121	69	51	126	60	80	49	65	120	151	39	92	152	98	123	108	59	102	86	86	161	91	137	77
0	0	0	0	0	0	0	0	0	0	0	0	0	0	0	0	0	0	0	0	0	0	0	0	0	0	0	0	0	0	0	0	0	0	0	0	0	0	0	0	0	0	0	0	0	0	0	0	0	0	0	0	0	0	0	0	0	0	0	0	0	0	0	0	0	0	95	119	47	11	90	139	112	63	45	109	66	71	184	120	172	149	137	25	151	184	136	94	130	122	154	68	107	171	167	106	155	97	184	82	50	146	100	23	138	118	144	69	33	92	95	103	116	56	177	113	137	76	99	73	178	157	25	86	172	135	133	63
0	0	0	0	0	0	0	0	0	0	0	0	0	0	0	0	0	0	0	0	0	0	0	0	0	0	0	0	0	0	0	0	0	0	0	0	0	0	0	0	0	0	0	0	0	0	0	0	0	0	0	0	0	0	0	0	0	0	0	0	0	0	0	0	0	0	0	125	18	176	96	100	48	191	148	74	77	7	156	80	145	83	123	106	103	96	47	103	93	129	75	126	47	90	74	152	90	158	100	46	39	175	147	31	152	163	28	152	126	188	58	116	73	96	122	127	159	122	87	144	116	96	156	127	90	93	79	43
0	0	0	0	0	0	0	0	0	0	0	0	0	0	0	0	0	0	0	0	0	0	0	0	0	0	0	0	0	0	0	0	0	0	0	0	0	0	0	0	0	0	0	0	0	0	0	0	0	0	0	0	0	0	0	0	0	0	0	0	0	0	0	0	0	0	0	0	115	16	92	58	108	74	98	116	73	136	112	71	95	164	76	168	146	152	169	78	132	95	90	77	152	171	89	135	169	109	101	90	123	145	27	125	78	173	45	154	117	111	24	82	133	92	43	91	79	42	72	99	108	121	124	130	98	37	131	106
0	0	0	0	0	0	0	0	0	0	0	0	0	0	0	0	0	0	0	0	0	0	0	0	0	0	0	0	0	0	0	0	0	0	0	0	0	0	0	0	0	0	0	0	0	0	0	0	0	0	0	0	0	0	0	0	0	0	0	0	0	0	0	0	0	0	0	0	0	116	73	65	144	75	129	52	143	73	105	106	148	66	86	130	119	126	60	99	120	132	73	139	59	113	130	120	89	37	54	73	116	181	155	79	139	29	85	122	40	110	104	35	117	107	65	57	85	109	98	172	116	142	160	134	47	94	155	135
0	0	0	0	0	0	0	0	0	0	0	0	0	0	0	0	0	0	0	0	0	0	0	0	0	0	0	0	0	0	0	0	0	0	0	0	0	0	0	0	0	0	0	0	0	0	0	0	0	0	0	0	0	0	0	0	0	0	0	0	0	0	0	0	0	0	0	0	0	0	40	51	106	111	125	42	43	90	113	17	97	99	161	114	140	62	136	104	68	151	15	25	40	101	143	127	17	38	71	86	57	109	111	137	76	77	58	90	70	70	126	54	111	165	195	116	96	67	13	183	184	149	106	101	193	37	35	101
0	0	0	0	0	0	0	0	0	0	0	0	0	0	0	0	0	0	0	0	0	0	0	0	0	0	0	0	0	0	0	0	0	0	0	0	0	0	0	0	0	0	0	0	0	0	0	0	0	0	0	0	0	0	0	0	0	0	0	0	0	0	0	0	0	0	0	0	0	0	0	132	82	139	82	92	163	67	106	113	94	144	71	85	78	108	113	59	160	138	179	43	156	104	14	187	132	49	89	148	177	100	79	93	27	38	31	134	48	131	126	36	147	123	102	34	63	167	158	33	102	48	59	76	69	151	29	34
0	0	0	0	0	0	0	0	0	0	0	0	0	0	0	0	0	0	0	0	0	0	0	0	0	0	0	0	0	0	0	0	0	0	0	0	0	0	0	0	0	0	0	0	0	0	0	0	0	0	0	0	0	0	0	0	0	0	0	0	0	0	0	0	0	0	0	0	0	0	0	0	137	49	89	146	64	84	55	52	95	126	131	115	74	65	79	185	76	73	108	47	150	36	45	135	130	92	72	191	74	132	92	136	94	57	132	53	36	107	85	152	51	130	83	160	89	174	106	68	83	96	149	88	91	68	196	34
0	0	0	0	0	0	0	0	0	0	0	0	0	0	0	0	0	0	0	0	0	0	0	0	0	0	0	0	0	0	0	0	0	0	0	0	0	0	0	0	0	0	0	0	0	0	0	0	0	0	0	0	0	0	0	0	0	0	0	0	0	0	0	0	0	0	0	0	0	0	0	0	0	76	178	64	95	67	132	188	139	117	55	121	26	65	140	140	153	109	61	110	66	94	170	56	141	153	177	66	153	91	148	29	47	99	53	61	136	163	58	125	96	88	98	116	177	5	156	103	99	140	113	65	119	155	80	105
0	0	0	0	0	0	0	0	0	0	0	0	0	0	0	0	0	0	0	0	0	0	0	0	0	0	0	0	0	0	0	0	0	0	0	0	0	0	0	0	0	0	0	0	0	0	0	0	0	0	0	0	0	0	0	0	0	0	0	0	0	0	0	0	0	0	0	0	0	0	0	0	0	0	95	80	118	63	145	105	53	147	172	78	99	129	86	44	78	126	48	56	106	70	52	159	84	141	109	121	85	58	55	73	50	98	80	126	91	127	84	172	70	86	139	99	135	106	90	152	85	62	167	52	51	116	26	43
0	0	0	0	0	0	0	0	0	0	0	0	0	0	0	0	0	0	0	0	0	0	0	0	0	0	0	0	0	0	0	0	0	0	0	0	0	0	0	0	0	0	0	0	0	0	0	0	0	0	0	0	0	0	0	0	0	0	0	0	0	0	0	0	0	0	0	0	0	0	0	0	0	0	0	56	126	132	130	86	42	163	62	105	116	169	46	145	144	141	9	124	142	152	138	145	106	169	54	116	134	179	152	92	142	175	20	89	43	87	116	131	90	119	99	160	37	90	157	116	58	89	194	15	79	52	116	86
0	0	0	0	0	0	0	0	0	0	0	0	0	0	0	0	0	0	0	0	0	0	0	0	0	0	0	0	0	0	0	0	0	0	0	0	0	0	0	0	0	0	0	0	0	0	0	0	0	0	0	0	0	0	0	0	0	0	0	0	0	0	0	0	0	0	0	0	0	0	0	0	0	0	0	0	84	130	109	67	109	71	164	172	92	125	100	68	182	77	94	149	38	167	90	84	95	66	77	101	66	46	198	133	101	58	66	89	107	28	192	52	169	190	31	107	38	67	39	117	148	119	141	98	81	95	24	109
0	0	0	0	0	0	0	0	0	0	0	0	0	0	0	0	0	0	0	0	0	0	0	0	0	0	0	0	0	0	0	0	0	0	0	0	0	0	0	0	0	0	0	0	0	0	0	0	0	0	0	0	0	0	0	0	0	0	0	0	0	0	0	0	0	0	0	0	0	0	0	0	0	0	0	0	0	98	76	129	121	57	139	61	72	40	47	110	134	183	181	100	94	113	123	56	121	154	132	85	157	202	61	56	33	102	92	24	137	76	83	19	89	146	127	115	87	21	71	100	66	107	34	42	86	184	169	152
0	0	0	0	0	0	0	0	0	0	0	0	0	0	0	0	0	0	0	0	0	0	0	0	0	0	0	0	0	0	0	0	0	0	0	0	0	0	0	0	0	0	0	0	0	0	0	0	0	0	0	0	0	0	0	0	0	0	0	0	0	0	0	0	0	0	0	0	0	0	0	0	0	0	0	0	0	0	108	176	91	76	42	125	32	41	144	100	123	44	100	139	95	82	45	131	68	119	173	66	122	124	109	115	127	98	52	98	148	170	20	78	16	149	62	72	70	198	44	189	36	70	37	126	134	58	158	52
0	0	0	0	0	0	0	0	0	0	0	0	0	0	0	0	0	0	0	0	0	0	0	0	0	0	0	0	0	0	0	0	0	0	0	0	0	0	0	0	0	0	0	0	0	0	0	0	0	0	0	0	0	0	0	0	0	0	0	0	0	0	0	0	0	0	0	0	0	0	0	0	0	0	0	0	0	0	0	53	100	74	66	62	90	127	88	97	16	64	93	114	71	78	193	126	60	89	95	158	73	105	121	64	106	166	109	124	171	85	171	96	189	76	117	88	97	119	67	147	149	75	96	45	120	77	124	88
0	0	0	0	0	0	0	0	0	0	0	0	0	0	0	0	0	0	0	0	0	0	0	0	0	0	0	0	0	0	0	0	0	0	0	0	0	0	0	0	0	0	0	0	0	0	0	0	0	0	0	0	0	0	0	0	0	0	0	0	0	0	0	0	0	0	0	0	0	0	0	0	0	0	0	0	0	0	0	0	163	45	134	162	129	111	49	96	98	188	134	188	41	152	113	161	147	40	50	158	104	67	114	109	121	57	83	132	114	114	138	193	166	128	24	84	177	85	63	83	51	118	29	75	110	66	57	166
0	0	0	0	0	0	0	0	0	0	0	0	0	0	0	0	0	0	0	0	0	0	0	0	0	0	0	0	0	0	0	0	0	0	0	0	0	0	0	0	0	0	0	0	0	0	0	0	0	0	0	0	0	0	0	0	0	0	0	0	0	0	0	0	0	0	0	0	0	0	0	0	0	0	0	0	0	0	0	0	0	76	85	156	124	128	143	79	109	118	137	97	150	59	158	120	75	55	125	65	111	92	77	77	56	59	102	121	117	148	184	186	54	48	187	149	106	140	12	89	140	140	151	183	99	134	60	184
0	0	0	0	0	0	0	0	0	0	0	0	0	0	0	0	0	0	0	0	0	0	0	0	0	0	0	0	0	0	0	0	0	0	0	0	0	0	0	0	0	0	0	0	0	0	0	0	0	0	0	0	0	0	0	0	0	0	0	0	0	0	0	0	0	0	0	0	0	0	0	0	0	0	0	0	0	0	0	0	0	0	36	52	158	33	62	177	108	26	73	136	70	160	89	138	137	91	79	89	35	123	64	166	154	108	100	159	118	99	51	80	116	83	88	171	156	133	186	172	173	172	85	160	99	154	19	54
0	0	0	0	0	0	0	0	0	0	0	0	0	0	0	0	0	0	0	0	0	0	0	0	0	0	0	0	0	0	0	0	0	0	0	0	0	0	0	0	0	0	0	0	0	0	0	0	0	0	0	0	0	0	0	0	0	0	0	0	0	0	0	0	0	0	0	0	0	0	0	0	0	0	0	0	0	0	0	0	0	0	0	95	107	135	67	106	115	167	93	71	169	77	99	82	140	51	52	169	34	165	77	107	59	122	89	116	109	28	121	74	91	196	149	37	109	169	114	61	115	132	103	51	73	115	104	139
0	0	0	0	0	0	0	0	0	0	0	0	0	0	0	0	0	0	0	0	0	0	0	0	0	0	0	0	0	0	0	0	0	0	0	0	0	0	0	0	0	0	0	0	0	0	0	0	0	0	0	0	0	0	0	0	0	0	0	0	0	0	0	0	0	0	0	0	0	0	0	0	0	0	0	0	0	0	0	0	0	0	0	0	138	85	57	118	58	84	166	138	39	105	143	75	128	157	23	126	173	98	133	107	40	28	129	134	92	64	134	191	91	38	136	135	46	112	61	146	90	48	30	106	134	98	117	107
0	0	0	0	0	0	0	0	0	0	0	0	0	0	0	0	0	0	0	0	0	0	0	0	0	0	0	0	0	0	0	0	0	0	0	0	0	0	0	0	0	0	0	0	0	0	0	0	0	0	0	0	0	0	0	0	0	0	0	0	0	0	0	0	0	0	0	0	0	0	0	0	0	0	0	0	0	0	0	0	0	0	0	0	0	98	102	62	108	115	172	170	100	116	92	142	188	177	44	90	125	67	138	56	74	65	53	79	171	63	79	20	125	36	65	136	107	106	178	177	124	101	148	9	147	66	127	104
0	0	0	0	0	0	0	0	0	0	0	0	0	0	0	0	0	0	0	0	0	0	0	0	0	0	0	0	0	0	0	0	0	0	0	0	0	0	0	0	0	0	0	0	0	0	0	0	0	0	0	0	0	0	0	0	0	0	0	0	0	0	0	0	0	0	0	0	0	0	0	0	0	0	0	0	0	0	0	0	0	0	0	0	0	0	112	122	156	53	136	49	110	97	48	95	95	78	173	51	76	156	128	125	156	27	82	71	122	94	168	94	128	80	96	56	89	86	145	139	111	134	152	142	154	75	88	143
0	0	0	0	0	0	0	0	0	0	0	0	0	0	0	0	0	0	0	0	0	0	0	0	0	0	0	0	0	0	0	0	0	0	0	0	0	0	0	0	0	0	0	0	0	0	0	0	0	0	0	0	0	0	0	0	0	0	0	0	0	0	0	0	0	0	0	0	0	0	0	0	0	0	0	0	0	0	0	0	0	0	0	0	0	0	0	123	94	185	69	99	60	54	154	51	120	99	94	73	106	160	150	178	11	11	129	107	146	111	197	166	111	120	95	44	69	170	195	53	110	29	28	69	111	41	67	75
0	0	0	0	0	0	0	0	0	0	0	0	0	0	0	0	0	0	0	0	0	0	0	0	0	0	0	0	0	0	0	0	0	0	0	0	0	0	0	0	0	0	0	0	0	0	0	0	0	0	0	0	0	0	0	0	0	0	0	0	0	0	0	0	0	0	0	0	0	0	0	0	0	0	0	0	0	0	0	0	0	0	0	0	0	0	0	0	37	142	65	112	111	103	100	89	122	113	145	185	86	77	171	144	96	123	179	114	88	95	172	38	208	74	68	89	178	152	62	55	151	109	140	97	110	94	56	98
0	0	0	0	0	0	0	0	0	0	0	0	0	0	0	0	0	0	0	0	0	0	0	0	0	0	0	0	0	0	0	0	0	0	0	0	0	0	0	0	0	0	0	0	0	0	0	0	0	0	0	0	0	0	0	0	0	0	0	0	0	0	0	0	0	0	0	0	0	0	0	0	0	0	0	0	0	0	0	0	0	0	0	0	0	0	0	0	0	32	105	94	168	139	105	60	131	114	61	105	182	159	119	127	90	131	55	109	132	147	123	17	166	108	35	118	186	103	138	99	191	60	145	54	111	85	139	146
0	0	0	0	0	0	0	0	0	0	0	0	0	0	0	0	0	0	0	0	0	0	0	0	0	0	0	0	0	0	0	0	0	0	0	0	0	0	0	0	0	0	0	0	0	0	0	0	0	0	0	0	0	0	0	0	0	0	0	0	0	0	0	0	0	0	0	0	0	0	0	0	0	0	0	0	0	0	0	0	0	0	0	0	0	0	0	0	0	0	124	151	127	88	127	82	122	43	114	153	29	148	36	152	135	169	130	62	128	126	28	94	150	95	90	121	128	120	101	73	76	42	22	135	92	37	175	79
0	0	0	0	0	0	0	0	0	0	0	0	0	0	0	0	0	0	0	0	0	0	0	0	0	0	0	0	0	0	0	0	0	0	0	0	0	0	0	0	0	0	0	0	0	0	0	0	0	0	0	0	0	0	0	0	0	0	0	0	0	0	0	0	0	0	0	0	0	0	0	0	0	0	0	0	0	0	0	0	0	0	0	0	0	0	0	0	0	0	0	149	162	65	151	126	156	23	75	132	97	147	83	88	95	116	164	122	109	23	196	135	94	16	131	126	122	121	155	112	118	62	199	83	86	61	117	54
0	0	0	0	0	0	0	0	0	0	0	0	0	0	0	0	0	0	0	0	0	0	0	0	0	0	0	0	0	0	0	0	0	0	0	0	0	0	0	0	0	0	0	0	0	0	0	0	0	0	0	0	0	0	0	0	0	0	0	0	0	0	0	0	0	0	0	0	0	0	0	0	0	0	0	0	0	0	0	0	0	0	0	0	0	0	0	0	0	0	0	0	74	37	79	142	36	198	116	54	75	65	63	136	117	101	130	18	171	80	91	176	83	110	43	53	153	24	155	110	193	133	90	122	175	62	135	37
0	0	0	0	0	0	0	0	0	0	0	0	0	0	0	0	0	0	0	0	0	0	0	0	0	0	0	0	0	0	0	0	0	0	0	0	0	0	0	0	0	0	0	0	0	0	0	0	0	0	0	0	0	0	0	0	0	0	0	0	0	0	0	0	0	0	0	0	0	0	0	0	0	0	0	0	0	0	0	0	0	0	0	0	0	0	0	0	0	0	0	0	0	34	134	153	135	45	84	75	203	114	74	91	99	101	108	63	143	121	139	15	61	160	101	101	68	86	100	154	78	62	160	63	103	177	145	114
0	0	0	0	0	0	0	0	0	0	0	0	0	0	0	0	0	0	0	0	0	0	0	0	0	0	0	0	0	0	0	0	0	0	0	0	0	0	0	0	0	0	0	0	0	0	0	0	0	0	0	0	0	0	0	0	0	0	0	0	0	0	0	0	0	0	0	0	0	0	0	0	0	0	0	0	0	0	0	0	0	0	0	0	0	0	0	0	0	0	0	0	0	0	166	115	164	70	114	45	92	125	145	46	127	150	101	132	106	96	40	107	84	34	65	42	52	175	116	51	83	188	92	69	75	131	135	27
0	0	0	0	0	0	0	0	0	0	0	0	0	0	0	0	0	0	0	0	0	0	0	0	0	0	0	0	0	0	0	0	0	0	0	0	0	0	0	0	0	0	0	0	0	0	0	0	0	0	0	0	0	0	0	0	0	0	0	0	0	0	0	0	0	0	0	0	0	0	0	0	0	0	0	0	0	0	0	0	0	0	0	0	0	0	0	0	0	0	0	0	0	0	0	176	141	99	19	96	81	139	28	150	146	121	68	144	96	59	58	190	45	110	178	115	120	190	86	120	93	187	109	20	79	75	62	118
0	0	0	0	0	0	0	0	0	0	0	0	0	0	0	0	0	0	0	0	0	0	0	0	0	0	0	0	0	0	0	0	0	0	0	0	0	0	0	0	0	0	0	0	0	0	0	0	0	0	0	0	0	0	0	0	0	0	0	0	0	0	0	0	0	0	0	0	0	0	0	0	0	0	0	0	0	0	0	0	0	0	0	0	0	0	0	0	0	0	0	0	0	0	0	0	219	146	100	167	103	72	129	174	160	159	124	158	78	143	39	72	129	109	127	116	12	166	131	105	110	86	167	40	29	200	100	86
0	0	0	0	0	0	0	0	0	0	0	0	0	0	0	0	0	0	0	0	0	0	0	0	0	0	0	0	0	0	0	0	0	0	0	0	0	0	0	0	0	0	0	0	0	0	0	0	0	0	0	0	0	0	0	0	0	0	0	0	0	0	0	0	0	0	0	0	0	0	0	0	0	0	0	0	0	0	0	0	0	0	0	0	0	0	0	0	0	0	0	0	0	0	0	0	0	76	68	89	92	124	73	119	83	150	57	189	65	156	207	93	137	108	184	133	86	141	125	188	75	124	129	160	86	168	154	179
0	0	0	0	0	0	0	0	0	0	0	0	0	0	0	0	0	0	0	0	0	0	0	0	0	0	0	0	0	0	0	0	0	0	0	0	0	0	0	0	0	0	0	0	0	0	0	0	0	0	0	0	0	0	0	0	0	0	0	0	0	0	0	0	0	0	0	0	0	0	0	0	0	0	0	0	0	0	0	0	0	0	0	0	0	0	0	0	0	0	0	0	0	0	0	0	0	0	113	154	135	58	145	139	116	8	136	109	130	42	104	159	137	110	162	70	74	74	80	186	141	149	112	95	144	176	168	124
0	0	0	0	0	0	0	0	0	0	0	0	0	0	0	0	0	0	0	0	0	0	0	0	0	0	0	0	0	0	0	0	0	0	0	0	0	0	0	0	0	0	0	0	0	0	0	0	0	0	0	0	0	0	0	0	0	0	0	0	0	0	0	0	0	0	0	0	0	0	0	0	0	0	0	0	0	0	0	0	0	0	0	0	0	0	0	0	0	0	0	0	0	0	0	0	0	0	0	104	71	68	140	47	188	90	25	122	98	205	90	52	138	145	188	137	183	181	174	181	113	115	84	16	108	124	115	38
0	0	0	0	0	0	0	0	0	0	0	0	0	0	0	0	0	0	0	0	0	0	0	0	0	0	0	0	0	0	0	0	0	0	0	0	0	0	0	0	0	0	0	0	0	0	0	0	0	0	0	0	0	0	0	0	0	0	0	0	0	0	0	0	0	0	0	0	0	0	0	0	0	0	0	0	0	0	0	0	0	0	0	0	0	0	0	0	0	0	0	0	0	0	0	0	0	0	0	0	64	80	110	95	113	160	100	156	184	126	159	131	195	47	81	123	136	91	140	48	16	160	202	92	52	105	104	95
0	0	0	0	0	0	0	0	0	0	0	0	0	0	0	0	0	0	0	0	0	0	0	0	0	0	0	0	0	0	0	0	0	0	0	0	0	0	0	0	0	0	0	0	0	0	0	0	0	0	0	0	0	0	0	0	0	0	0	0	0	0	0	0	0	0	0	0	0	0	0	0	0	0	0	0	0	0	0	0	0	0	0	0	0	0	0	0	0	0	0	0	0	0	0	0	0	0	0	0	0	72	144	114	44	196	153	162	140	42	122	108	165	175	101	43	190	176	31	184	188	113	149	106	169	42	58	77
0	0	0	0	0	0	0	0	0	0	0	0	0	0	0	0	0	0	0	0	0	0	0	0	0	0	0	0	0	0	0	0	0	0	0	0	0	0	0	0	0	0	0	0	0	0	0	0	0	0	0	0	0	0	0	0	0	0	0	0	0	0	0	0	0	0	0	0	0	0	0	0	0	0	0	0	0	0	0	0	0	0	0	0	0	0	0	0	0	0	0	0	0	0	0	0	0	0	0	0	0	0	107	33	121	214	197	74	82	64	96	136	68	90	101	174	126	124	92	188	86	35	143	195	68	118	117	150
0	0	0	0	0	0	0	0	0	0	0	0	0	0	0	0	0	0	0	0	0	0	0	0	0	0	0	0	0	0	0	0	0	0	0	0	0	0	0	0	0	0	0	0	0	0	0	0	0	0	0	0	0	0	0	0	0	0	0	0	0	0	0	0	0	0	0	0	0	0	0	0	0	0	0	0	0	0	0	0	0	0	0	0	0	0	0	0	0	0	0	0	0	0	0	0	0	0	0	0	0	0	0	75	95	138	163	129	124	58	83	80	167	66	81	55	201	74	115	54	96	101	43	36	72	119	51	52
0	0	0	0	0	0	0	0	0	0	0	0	0	0	0	0	0	0	0	0	0	0	0	0	0	0	0	0	0	0	0	0	0	0	0	0	0	0	0	0	0	0	0	0	0	0	0	0	0	0	0	0	0	0	0	0	0	0	0	0	0	0	0	0	0	0	0	0	0	0	0	0	0	0	0	0	0	0	0	0	0	0	0	0	0	0	0	0	0	0	0	0	0	0	0	0	0	0	0	0	0	0	0	0	51	175	49	119	149	110	115	232	43	150	118	107	81	127	226	117	99	103	128	119	112	128	114	136
0	0	0	0	0	0	0	0	0	0	0	0	0	0	0	0	0	0	0	0	0	0	0	0	0	0	0	0	0	0	0	0	0	0	0	0	0	0	0	0	0	0	0	0	0	0	0	0	0	0	0	0	0	0	0	0	0	0	0	0	0	0	0	0	0	0	0	0	0	0	0	0	0	0	0	0	0	0	0	0	0	0	0	0	0	0	0	0	0	0	0	0	0	0	0	0	0	0	0	0	0	0	0	0	0	188	154	148	130	106	45	94	111	116	132	172	121	118	80	53	136	112	143	121	165	185	103	44
0	0	0	0	0	0	0	0	0	0	0	0	0	0	0	0	0	0	0	0	0	0	0	0	0	0	0	0	0	0	0	0	0	0	0	0	0	0	0	0	0	0	0	0	0	0	0	0	0	0	0	0	0	0	0	0	0	0	0	0	0	0	0	0	0	0	0	0	0	0	0	0	0	0	0	0	0	0	0	0	0	0	0	0	0	0	0	0	0	0	0	0	0	0	0	0	0	0	0	0	0	0	0	0	0	0	78	75	68	87	147	113	133	215	45	128	90	20	177	152	193	173	47	170	164	94	122	206
0	0	0	0	0	0	0	0	0	0	0	0	0	0	0	0	0	0	0	0	0	0	0	0	0	0	0	0	0	0	0	0	0	0	0	0	0	0	0	0	0	0	0	0	0	0	0	0	0	0	0	0	0	0	0	0	0	0	0	0	0	0	0	0	0	0	0	0	0	0	0	0	0	0	0	0	0	0	0	0	0	0	0	0	0	0	0	0	0	0	0	0	0	0	0	0	0	0	0	0	0	0	0	0	0	0	0	143	36	37	139	163	105	145	185	75	94	163	145	124	159	138	129	140	163	159	169	140
0	0	0	0	0	0	0	0	0	0	0	0	0	0	0	0	0	0	0	0	0	0	0	0	0	0	0	0	0	0	0	0	0	0	0	0	0	0	0	0	0	0	0	0	0	0	0	0	0	0	0	0	0	0	0	0	0	0	0	0	0	0	0	0	0	0	0	0	0	0	0	0	0	0	0	0	0	0	0	0	0	0	0	0	0	0	0	0	0	0	0	0	0	0	0	0	0	0	0	0	0	0	0	0	0	0	0	0	154	178	202	201	151	137	123	111	99	118	133	69	185	95	160	99	14	219	72	199
0	0	0	0	0	0	0	0	0	0	0	0	0	0	0	0	0	0	0	0	0	0	0	0	0	0	0	0	0	0	0	0	0	0	0	0	0	0	0	0	0	0	0	0	0	0	0	0	0	0	0	0	0	0	0	0	0	0	0	0	0	0	0	0	0	0	0	0	0	0	0	0	0	0	0	0	0	0	0	0	0	0	0	0	0	0	0	0	0	0	0	0	0	0	0	0	0	0	0	0	0	0	0	0	0	0	0	0	0	80	121	173	129	68	143	160	143	36	159	110	97	152	124	111	32	92	87	13
0	0	0	0	0	0	0	0	0	0	0	0	0	0	0	0	0	0	0	0	0	0	0	0	0	0	0	0	0	0	0	0	0	0	0	0	0	0	0	0	0	0	0	0	0	0	0	0	0	0	0	0	0	0	0	0	0	0	0	0	0	0	0	0	0	0	0	0	0	0	0	0	0	0	0	0	0	0	0	0	0	0	0	0	0	0	0	0	0	0	0	0	0	0	0	0	0	0	0	0	0	0	0	0	0	0	0	0	0	0	132	57	230	120	165	177	40	30	183	151	149	114	133	56	215	142	55	76
0	0	0	0	0	0	0	0	0	0	0	0	0	0	0	0	0	0	0	0	0	0	0	0	0	0	0	0	0	0	0	0	0	0	0	0	0	0	0	0	0	0	0	0	0	0	0	0	0	0	0	0	0	0	0	0	0	0	0	0	0	0	0	0	0	0	0	0	0	0	0	0	0	0	0	0	0	0	0	0	0	0	0	0	0	0	0	0	0	0	0	0	0	0	0	0	0	0	0	0	0	0	0	0	0	0	0	0	0	0	0	218	141	131	210	145	138	81	147	148	89	75	205	177	119	23	72	98
0	0	0	0	0	0	0	0	0	0	0	0	0	0	0	0	0	0	0	0	0	0	0	0	0	0	0	0	0	0	0	0	0	0	0	0	0	0	0	0	0	0	0	0	0	0	0	0	0	0	0	0	0	0	0	0	0	0	0	0	0	0	0	0	0	0	0	0	0	0	0	0	0	0	0	0	0	0	0	0	0	0	0	0	0	0	0	0	0	0	0	0	0	0	0	0	0	0	0	0	0	0	0	0	0	0	0	0	0	0	0	0	78	20	145	57	198	43	158	92	102	62	101	146	138	149	128	133
0	0	0	0	0	0	0	0	0	0	0	0	0	0	0	0	0	0	0	0	0	0	0	0	0	0	0	0	0	0	0	0	0	0	0	0	0	0	0	0	0	0	0	0	0	0	0	0	0	0	0	0	0	0	0	0	0	0	0	0	0	0	0	0	0	0	0	0	0	0	0	0	0	0	0	0	0	0	0	0	0	0	0	0	0	0	0	0	0	0	0	0	0	0	0	0	0	0	0	0	0	0	0	0	0	0	0	0	0	0	0	0	0	55	128	20	203	108	57	98	129	79	129	144	52	103	130	186
0	0	0	0	0	0	0	0	0	0	0	0	0	0	0	0	0	0	0	0	0	0	0	0	0	0	0	0	0	0	0	0	0	0	0	0	0	0	0	0	0	0	0	0	0	0	0	0	0	0	0	0	0	0	0	0	0	0	0	0	0	0	0	0	0	0	0	0	0	0	0	0	0	0	0	0	0	0	0	0	0	0	0	0	0	0	0	0	0	0	0	0	0	0	0	0	0	0	0	0	0	0	0	0	0	0	0	0	0	0	0	0	0	0	19	107	141	182	113	123	187	176	30	179	92	123	132	153
0	0	0	0	0	0	0	0	0	0	0	0	0	0	0	0	0	0	0	0	0	0	0	0	0	0	0	0	0	0	0	0	0	0	0	0	0	0	0	0	0	0	0	0	0	0	0	0	0	0	0	0	0	0	0	0	0	0	0	0	0	0	0	0	0	0	0	0	0	0	0	0	0	0	0	0	0	0	0	0	0	0	0	0	0	0	0	0	0	0	0	0	0	0	0	0	0	0	0	0	0	0	0	0	0	0	0	0	0	0	0	0	0	0	0	116	115	90	20	231	124	127	218	16	140	72	52	169
0	0	0	0	0	0	0	0	0	0	0	0	0	0	0	0	0	0	0	0	0	0	0	0	0	0	0	0	0	0	0	0	0	0	0	0	0	0	0	0	0	0	0	0	0	0	0	0	0	0	0	0	0	0	0	0	0	0	0	0	0	0	0	0	0	0	0	0	0	0	0	0	0	0	0	0	0	0	0	0	0	0	0	0	0	0	0	0	0	0	0	0	0	0	0	0	0	0	0	0	0	0	0	0	0	0	0	0	0	0	0	0	0	0	0	0	185	79	148	93	142	98	56	205	74	137	217	38
0	0	0	0	0	0	0	0	0	0	0	0	0	0	0	0	0	0	0	0	0	0	0	0	0	0	0	0	0	0	0	0	0	0	0	0	0	0	0	0	0	0	0	0	0	0	0	0	0	0	0	0	0	0	0	0	0	0	0	0	0	0	0	0	0	0	0	0	0	0	0	0	0	0	0	0	0	0	0	0	0	0	0	0	0	0	0	0	0	0	0	0	0	0	0	0	0	0	0	0	0	0	0	0	0	0	0	0	0	0	0	0	0	0	0	0	0	139	121	53	112	58	102	149	74	59	142	138
0	0	0	0	0	0	0	0	0	0	0	0	0	0	0	0	0	0	0	0	0	0	0	0	0	0	0	0	0	0	0	0	0	0	0	0	0	0	0	0	0	0	0	0	0	0	0	0	0	0	0	0	0	0	0	0	0	0	0	0	0	0	0	0	0	0	0	0	0	0	0	0	0	0	0	0	0	0	0	0	0	0	0	0	0	0	0	0	0	0	0	0	0	0	0	0	0	0	0	0	0	0	0	0	0	0	0	0	0	0	0	0	0	0	0	0	0	0	186	84	108	162	187	137	68	66	111	53
0	0	0	0	0	0	0	0	0	0	0	0	0	0	0	0	0	0	0	0	0	0	0	0	0	0	0	0	0	0	0	0	0	0	0	0	0	0	0	0	0	0	0	0	0	0	0	0	0	0	0	0	0	0	0	0	0	0	0	0	0	0	0	0	0	0	0	0	0	0	0	0	0	0	0	0	0	0	0	0	0	0	0	0	0	0	0	0	0	0	0	0	0	0	0	0	0	0	0	0	0	0	0	0	0	0	0	0	0	0	0	0	0	0	0	0	0	0	0	82	106	83	99	175	160	124	92	185
0	0	0	0	0	0	0	0	0	0	0	0	0	0	0	0	0	0	0	0	0	0	0	0	0	0	0	0	0	0	0	0	0	0	0	0	0	0	0	0	0	0	0	0	0	0	0	0	0	0	0	0	0	0	0	0	0	0	0	0	0	0	0	0	0	0	0	0	0	0	0	0	0	0	0	0	0	0	0	0	0	0	0	0	0	0	0	0	0	0	0	0	0	0	0	0	0	0	0	0	0	0	0	0	0	0	0	0	0	0	0	0	0	0	0	0	0	0	0	0	138	141	77	149	64	135	121	186
0	0	0	0	0	0	0	0	0	0	0	0	0	0	0	0	0	0	0	0	0	0	0	0	0	0	0	0	0	0	0	0	0	0	0	0	0	0	0	0	0	0	0	0	0	0	0	0	0	0	0	0	0	0	0	0	0	0	0	0	0	0	0	0	0	0	0	0	0	0	0	0	0	0	0	0	0	0	0	0	0	0	0	0	0	0	0	0	0	0	0	0	0	0	0	0	0	0	0	0	0	0	0	0	0	0	0	0	0	0	0	0	0	0	0	0	0	0	0	0	0	159	92	116	111	89	147	115
0	0	0	0	0	0	0	0	0	0	0	0	0	0	0	0	0	0	0	0	0	0	0	0	0	0	0	0	0	0	0	0	0	0	0	0	0	0	0	0	0	0	0	0	0	0	0	0	0	0	0	0	0	0	0	0	0	0	0	0	0	0	0	0	0	0	0	0	0	0	0	0	0	0	0	0	0	0	0	0	0	0	0	0	0	0	0	0	0	0	0	0	0	0	0	0	0	0	0	0	0	0	0	0	0	0	0	0	0	0	0	0	0	0	0	0	0	0	0	0	0	0	98	112	154	208	165	191
0	0	0	0	0	0	0	0	0	0	0	0	0	0	0	0	0	0	0	0	0	0	0	0	0	0	0	0	0	0	0	0	0	0	0	0	0	0	0	0	0	0	0	0	0	0	0	0	0	0	0	0	0	0	0	0	0	0	0	0	0	0	0	0	0	0	0	0	0	0	0	0	0	0	0	0	0	0	0	0	0	0	0	0	0	0	0	0	0	0	0	0	0	0	0	0	0	0	0	0	0	0	0	0	0	0	0	0	0	0	0	0	0	0	0	0	0	0	0	0	0	0	0	221	87	139	177	189
0	0	0	0	0	0	0	0	0	0	0	0	0	0	0	0	0	0	0	0	0	0	0	0	0	0	0	0	0	0	0	0	0	0	0	0	0	0	0	0	0	0	0	0	0	0	0	0	0	0	0	0	0	0	0	0	0	0	0	0	0	0	0	0	0	0	0	0	0	0	0	0	0	0	0	0	0	0	0	0	0	0	0	0	0	0	0	0	0	0	0	0	0	0	0	0	0	0	0	0	0	0	0	0	0	0	0	0	0	0	0	0	0	0	0	0	0	0	0	0	0	0	0	0	107	122	205	44
0	0	0	0	0	0	0	0	0	0	0	0	0	0	0	0	0	0	0	0	0	0	0	0	0	0	0	0	0	0	0	0	0	0	0	0	0	0	0	0	0	0	0	0	0	0	0	0	0	0	0	0	0	0	0	0	0	0	0	0	0	0	0	0	0	0	0	0	0	0	0	0	0	0	0	0	0	0	0	0	0	0	0	0	0	0	0	0	0	0	0	0	0	0	0	0	0	0	0	0	0	0	0	0	0	0	0	0	0	0	0	0	0	0	0	0	0	0	0	0	0	0	0	0	0	179	138	81
0	0	0	0	0	0	0	0	0	0	0	0	0	0	0	0	0	0	0	0	0	0	0	0	0	0	0	0	0	0	0	0	0	0	0	0	0	0	0	0	0	0	0	0	0	0	0	0	0	0	0	0	0	0	0	0	0	0	0	0	0	0	0	0	0	0	0	0	0	0	0	0	0	0	0	0	0	0	0	0	0	0	0	0	0	0	0	0	0	0	0	0	0	0	0	0	0	0	0	0	0	0	0	0	0	0	0	0	0	0	0	0	0	0	0	0	0	0	0	0	0	0	0	0	0	0	24	123
0	0	0	0	0	0	0	0	0	0	0	0	0	0	0	0	0	0	0	0	0	0	0	0	0	0	0	0	0	0	0	0	0	0	0	0	0	0	0	0	0	0	0	0	0	0	0	0	0	0	0	0	0	0	0	0	0	0	0	0	0	0	0	0	0	0	0	0	0	0	0	0	0	0	0	0	0	0	0	0	0	0	0	0	0	0	0	0	0	0	0	0	0	0	0	0	0	0	0	0	0	0	0	0	0	0	0	0	0	0	0	0	0	0	0	0	0	0	0	0	0	0	0	0	0	0	0	141
0	0	0	0	0	0	0	0	0	0	0	0	0	0	0	0	0	0	0	0	0	0	0	0	0	0	0	0	0	0	0	0	0	0	0	0	0	0	0	0	0	0	0	0	0	0	0	0	0	0	0	0	0	0	0	0	0	0	0	0	0	0	0	0	0	0	0	0	0	0	0	0	0	0	0	0	0	0	0	0	0	0	0	0	0	0	0	0	0	0	0	0	0	0	0	0	0	0	0	0	0	0	0	0	0	0	0	0	0	0	0	0	0	0	0	0	0	0	0	0	0	0	0	0	0	0	0	0