0	100	119	49	128	82	90	72	71	25	28	61	101	42	63	20	86	25	64	118	17	85	76	24	25	15	79	14	53	53	121	15	96	59	89	65	41	108	100	10	115	10	28	39	122	75	51	66	111	15	39	51	93	125	78	9	32	23	11	67	93	96	64	43	115	113	126	19	102	89	83	77	38	8	38	10	100	81	117	127	76	4	40	95	88	76	92	13	95	118	42	53	74	74	129	55	64	34	126	63	107	65	61	79	65	16	107	42	80	7	83	69	73	20	61	108	27	48	103	96	45	9	127	24	117	80	32	119
0	0	80	16	108	111	63	29	66	105	86	127	50	38	110	44	45	34	92	61	6	18	103	71	67	31	116	127	99	31	7	57	116	7	63	21	94	99	29	9	86	129	75	108	122	61	19	97	82	86	31	92	56	126	3	121	11	93	63	55	61	31	48	123	77	107	72	59	29	30	57	2	98	109	78	5	67	97	52	17	61	66	67	69	10	84	32	77	67	3	36	119	64	108	15	124	46	112	111	78	33	99	66	68	77	74	71	45	72	112	39	103	100	13	119	102	99	22	115	29	21	51	67	99	123	73	38	26
0	0	0	56	112	54	53	96	20	34	14	15	24	40	23	84	40	126	81	41	30	89	66	69	90	33	66	45	54	122	38	11	15	82	61	81	125	69	47	20	123	42	13	6	73	63	63	107	119	85	89	116	114	33	115	95	30	32	77	61	110	16	117	14	54	86	103	49	74	8	58	74	42	121	56	19	25	113	105	49	110	27	21	25	24	41	66	17	73	117	115	19	36	119	93	23	49	116	13	53	96	72	99	60	76	64	124	5	81	98	36	123	56	91	93	86	3	23	99	108	91	49	20	60	3	74	113	114
0	0	0	0	94	26	93	34	21	33	3	83	93	5	103	14	117	103	49	11	108	6	37	127	126	99	116	14	24	56	32	85	7	74	74	20	114	8	62	102	13	65	97	31	115	83	82	126	17	35	114	97	113	7	17	47	127	34	23	43	82	116	127	72	96	92	51	55	4	23	45	73	18	38	95	6	109	44	82	101	20	7	23	98	125	38	116	126	78	100	62	65	34	66	55	49	58	75	39	61	59	44	78	98	12	55	41	70	77	97	19	83	90	103	7	46	54	32	21	98	81	66	108	13	93	5	88	30
0	0	0	0	0	65	88	85	110	58	44	120	91	70	57	105	29	62	103	64	81	6	43	70	75	106	79	66	107	60	72	51	6	83	56	56	70	122	110	12	81	20	108	45	121	120	6	73	37	37	26	80	99	40	4	130	76	72	46	11	99	78	41	128	79	115	63	105	64	17	117	43	68	43	106	27	8	56	91	49	73	63	118	37	75	97	121	45	129	82	11	128	111	13	15	83	63	122	61	107	51	97	53	50	109	74	38	66	18	90	79	124	25	118	81	81	84	78	39	67	90	55	81	113	93	85	53	17
0	0	0	0	0	0	131	23	61	96	126	44	103	25	6	43	68	133	55	104	6	16	128	132	89	21	122	75	125	11	70	59	31	109	114	42	16	88	26	50	27	106	23	106	69	64	71	101	60	26	82	70	84	99	88	69	120	92	54	7	110	92	97	32	133	108	107	26	15	131	89	38	85	73	109	60	88	10	130	99	115	114	115	52	21	35	12	27	94	112	106	67	133	91	59	10	98	70	99	119	130	29	105	38	69	21	126	102	105	48	59	106	103	84	73	11	57	62	121	89	34	54	47	53	4	50	40	19
0	0	0	0	0	0	0	95	22	110	132	84	101	18	84	135	88	65	55	84	8	61	76	70	97	133	32	14	54	89	24	118	72	133	10	74	129	113	41	126	85	117	119	101	132	63	88	129	62	87	55	82	51	48	120	117	121	77	118	54	46	93	98	117	123	102	96	129	10	116	63	74	61	80	115	21	117	116	47	104	99	125	22	36	121	95	117	83	91	93	42	94	24	96	44	41	119	49	34	51	21	16	6	28	70	50	55	5	88	92	36	54	73	56	64	15	72	80	128	52	112	37	89	12	26	109	75	44
0	0	0	0	0	0	0	0	19	75	57	14	71	41	40	80	28	60	57	43	70	15	124	62	36	117	44	112	127	46	111	84	29	130	126	15	68	90	30	16	127	55	126	47	74	73	96	34	97	100	22	50	25	50	63	81	125	93	91	119	130	132	13	114	117	128	98	120	60	88	80	124	91	25	74	132	81	17	72	43	37	84	126	125	19	105	52	87	48	123	57	46	3	47	52	89	20	129	24	107	40	34	13	128	19	115	39	63	119	103	126	50	79	82	13	12	29	27	34	105	8	98	113	90	112	101	54	41
0	0	0	0	0	0	0	0	0	8	116	18	35	11	130	39	10	119	126	74	11	53	84	126	129	9	35	48	124	40	121	35	111	47	46	71	126	85	51	79	12	112	48	31	47	16	122	92	129	72	43	115	62	130	93	21	19	124	68	57	123	95	121	13	119	60	67	28	13	97	34	93	32	71	109	89	117	15	52	84	111	66	77	123	35	34	42	130	71	111	4	34	107	89	41	111	50	128	43	90	111	70	79	87	119	19	52	128	26	79	92	119	119	44	86	47	46	63	99	135	12	85	65	99	68	73	59	39
0	0	0	0	0	0	0	0	0	0	112	20	40	105	53	115	55	54	115	101	111	6	102	68	133	126	74	81	29	78	105	16	112	68	62	68	86	102	120	12	103	38	49	128	68	127	88	109	53	19	32	77	108	115	58	61	42	113	43	32	124	96	69	66	68	129	25	114	22	128	120	15	50	29	40	11	83	84	101	136	84	38	62	45	110	89	24	83	82	122	22	35	3	43	90	69	56	41	110	113	87	21	88	12	90	109	29	22	20	20	74	129	88	88	109	39	22	100	43	22	67	11	33	126	124	29	21	106
0	0	0	0	0	0	0	0	0	0	0	32	83	36	89	17	63	89	19	34	108	109	8	87	45	11	47	11	39	74	67	64	31	108	136	53	95	39	61	84	135	91	107	103	59	111	88	119	56	92	99	131	41	87	77	86	118	75	69	101	61	89	124	13	84	70	80	119	62	48	95	124	24	35	109	10	118	57	126	64	14	101	50	80	42	130	65	107	70	79	108	32	127	31	59	73	84	86	85	122	83	123	87	97	5	55	45	55	17	95	6	6	52	35	93	93	93	123	26	104	73	113	68	77	12	116	32	83
0	0	0	0	0	0	0	0	0	0	0	0	113	117	68	48	26	27	92	35	50	62	93	92	48	124	133	41	53	120	54	136	51	66	110	109	17	44	65	35	91	37	103	92	88	85	19	102	79	21	65	75	88	66	83	83	63	106	30	29	56	75	12	54	11	93	31	130	120	84	33	49	69	23	64	88	91	62	134	134	92	91	19	122	19	75	107	100	80	108	59	84	32	9	12	128	55	9	7	123	21	61	24	96	65	28	36	67	13	96	134	36	62	67	106	73	134	42	102	13	46	117	105	70	27	21	93	103
0	0	0	0	0	0	0	0	0	0	0	0	0	103	98	51	22	48	13	121	23	14	7	76	89	34	68	99	90	116	26	72	139	114	134	49	19	85	96	87	82	41	50	94	18	72	86	98	7	113	118	52	44	49	62	91	39	134	22	40	67	31	103	47	97	81	57	115	59	30	107	109	91	8	88	2	70	45	19	31	33	34	26	85	56	107	112	78	85	42	127	91	45	28	115	56	30	74	123	129	64	57	134	119	14	21	120	112	56	112	104	33	122	14	23	30	81	65	29	121	19	66	17	108	52	36	115	88
0	0	0	0	0	0	0	0	0	0	0	0	0	0	109	57	122	72	115	83	46	115	16	88	103	90	120	94	109	62	75	19	60	92	55	134	22	80	96	38	82	22	70	105	79	106	35	96	123	130	112	133	49	20	73	22	57	23	82	100	105	37	134	100	57	128	90	114	88	105	19	37	60	102	19	88	43	88	80	98	95	25	92	50	8	117	18	52	75	97	67	17	135	30	83	85	25	118	107	40	108	55	41	40	27	84	121	49	54	109	7	22	59	104	42	113	130	87	30	118	120	12	47	121	47	16	63	18
0	0	0	0	0	0	0	0	0	0	0	0	0	0	0	79	26	86	99	54	49	47	56	46	59	79	131	98	131	52	111	34	125	83	46	114	93	48	91	25	71	80	69	76	9	97	52	53	18	81	75	62	130	31	19	12	35	40	93	12	40	84	84	42	56	74	35	119	122	106	10	111	28	121	107	134	81	59	123	55	8	69	112	109	58	37	55	11	124	44	113	25	54	28	87	135	135	58	140	126	128	28	124	59	44	27	24	33	67	61	69	31	56	87	121	119	51	52	21	88	112	95	37	55	96	30	31	51
0	0	0	0	0	0	0	0	0	0	0	0	0	0	0	0	118	53	56	127	26	93	14	124	118	79	117	29	68	136	59	103	88	25	38	127	70	57	28	31	18	75	42	119	104	137	44	107	81	98	81	28	46	99	97	18	16	94	122	44	28	62	65	25	46	116	19	17	141	9	110	57	70	106	46	98	59	133	44	19	56	33	41	94	75	54	17	75	33	99	97	40	46	69	121	25	22	10	22	14	100	61	10	110	116	128	103	49	18	22	67	100	22	84	10	20	48	57	118	70	66	12	60	81	126	18	67	55
0	0	0	0	0	0	0	0	0	0	0	0	0	0	0	0	0	51	98	122	35	143	41	69	63	123	56	12	126	121	108	22	32	124	55	117	23	31	116	76	25	101	123	113	124	81	106	108	81	18	85	91	19	21	84	67	127	81	43	88	51	99	83	56	133	118	119	44	83	44	29	93	29	63	78	90	25	104	91	125	61	63	74	81	126	101	24	46	34	120	24	132	16	126	11	60	11	131	113	50	70	129	55	126	54	49	29	140	83	124	93	52	56	80	110	83	106	143	79	35	65	129	132	99	122	115	47	39
0	0	0	0	0	0	0	0	0	0	0	0	0	0	0	0	0	0	28	90	114	29	93	82	125	84	87	32	74	53	128	34	19	121	124	58	66	89	95	87	108	70	128	77	124	39	87	55	122	16	22	117	76	62	144	28	37	23	54	97	30	63	110	31	118	89	50	18	24	45	74	39	46	88	118	75	59	56	92	89	66	121	140	61	22	100	119	49	129	119	6	90	65	74	122	109	69	132	30	98	17	144	66	28	26	106	86	64	107	95	59	74	31	52	64	40	63	48	93	61	12	61	27	132	117	70	130	50
0	0	0	0	0	0	0	0	0	0	0	0	0	0	0	0	0	0	0	99	85	114	19	110	142	61	23	71	61	128	36	117	12	60	28	118	55	52	128	21	69	115	116	119	33	136	36	84	97	64	96	83	43	70	66	82	101	33	100	105	111	133	94	13	92	26	87	14	119	134	54	102	96	126	135	17	38	106	19	122	80	97	57	103	58	112	132	102	54	49	89	51	116	74	52	123	102	136	20	54	78	74	98	72	67	11	19	104	125	129	132	15	86	45	145	21	41	80	56	38	55	20	103	125	113	99	71	131
0	0	0	0	0	0	0	0	0	0	0	0	0	0	0	0	0	0	0	0	44	20	94	137	99	49	68	60	103	59	35	116	114	134	116	141	47	62	45	71	65	43	43	96	58	64	16	48	52	36	113	103	48	122	119	15	92	3	42	33	90	76	70	30	43	114	66	91	68	95	43	128	26	41	142	136	139	108	76	22	21	88	136	85	115	52	18	117	131	130	89	128	77	98	19	7	106	126	78	137	84	133	27	40	98	49	90	124	45	148	129	109	133	77	119	20	35	88	27	136	139	79	133	101	13	16	102	60
0	0	0	0	0	0	0	0	0	0	0	0	0	0	0	0	0	0	0	0	0	55	122	105	52	112	16	30	44	22	131	121	53	63	46	51	125	96	61	101	38	121	136	29	117	29	25	120	74	117	67	98	131	75	122	70	144	125	92	113	59	113	90	63	75	127	60	70	21	84	15	136	110	16	138	33	69	97	33	52	114	78	92	127	68	91	134	65	118	79	93	132	134	100	33	141	54	18	74	20	118	102	120	57	23	97	75	56	56	125	96	45	111	75	91	119	102	92	49	126	77	82	33	110	45	53	123	44
0	0	0	0	0	0	0	0	0	0	0	0	0	0	0	0	0	0	0	0	0	0	130	116	37	132	101	12	4	30	128	27	25	105	24	130	102	121	95	32	76	27	133	81	117	123	131	76	17	90	59	24	36	19	107	80	75	79	28	101	133	86	107	16	62	114	109	21	83	61	101	119	89	63	106	46	76	42	135	67	80	54	121	36	75	47	86	37	126	21	13	71	48	10	76	123	119	78	90	26	47	49	136	29	120	110	53	76	61	115	28	35	88	122	133	73	84	100	54	88	79	124	103	81	73	103	51	41
0	0	0	0	0	0	0	0	0	0	0	0	0	0	0	0	0	0	0	0	0	0	0	144	27	91	20	143	91	62	89	56	56	57	120	25	103	97	21	73	81	96	102	134	75	120	35	110	26	50	48	108	81	92	44	64	123	144	46	27	80	134	103	104	121	61	87	109	23	54	26	20	42	87	43	93	93	87	39	131	99	23	55	132	82	142	23	76	125	51	78	40	32	20	79	110	74	132	119	106	130	118	111	38	125	70	136	117	27	128	137	115	77	79	131	60	125	91	45	77	120	25	62	53	47	103	127	45
0	0	0	0	0	0	0	0	0	0	0	0	0	0	0	0	0	0	0	0	0	0	0	0	13	110	90	124	79	48	126	82	112	88	85	73	125	86	129	14	36	41	90	121	78	19	148	41	91	93	76	91	59	112	62	17	59	62	33	68	85	133	20	29	123	31	125	94	58	38	79	111	112	104	100	54	133	66	51	34	138	31	35	44	20	95	110	51	66	34	71	136	36	89	104	121	116	128	84	27	19	113	46	47	42	97	51	68	89	68	122	58	44	149	68	115	108	149	109	33	67	53	99	102	5	23	56	129
0	0	0	0	0	0	0	0	0	0	0	0	0	0	0	0	0	0	0	0	0	0	0	0	0	47	82	96	24	78	33	114	78	72	90	145	23	107	73	72	84	66	30	90	119	9	115	83	113	112	93	106	126	44	83	60	114	136	76	52	77	76	130	38	48	136	114	88	42	32	59	15	104	36	36	85	51	73	124	139	82	131	68	81	27	70	60	27	146	50	123	92	126	51	104	133	35	27	108	115	73	35	38	29	138	123	47	82	61	137	49	132	83	42	43	47	46	133	8	118	141	63	52	106	43	126	32	33
0	0	0	0	0	0	0	0	0	0	0	0	0	0	0	0	0	0	0	0	0	0	0	0	0	0	58	110	39	141	108	133	98	144	100	77	40	31	60	45	67	150	139	48	72	82	69	33	41	16	123	128	78	30	82	62	108	74	120	72	17	16	73	61	105	52	83	28	31	109	54	115	39	109	77	125	39	29	88	128	12	77	55	45	11	90	10	40	94	44	79	33	136	49	130	25	66	135	79	20	42	80	114	27	54	50	85	65	104	88	146	88	29	40	90	67	43	54	43	60	62	103	43	125	65	101	124	79
0	0	0	0	0	0	0	0	0	0	0	0	0	0	0	0	0	0	0	0	0	0	0	0	0	0	0	42	33	141	51	76	41	46	94	139	46	33	125	86	119	89	31	118	69	133	23	111	64	84	87	27	59	18	44	112	70	45	116	106	32	49	58	137	52	50	80	138	146	76	128	138	49	111	64	127	60	106	59	97	11	80	123	26	63	78	106	71	136	53	90	126	130	96	134	117	105	60	77	84	132	31	45	90	61	69	69	121	144	55	100	122	105	73	120	60	62	105	61	127	111	77	53	123	141	47	114	99
0	0	0	0	0	0	0	0	0	0	0	0	0	0	0	0	0	0	0	0	0	0	0	0	0	0	0	0	109	117	64	134	130	28	126	82	63	69	17	76	84	62	102	128	146	141	42	63	139	73	19	79	141	21	124	106	28	100	69	124	99	111	81	137	109	63	44	61	59	93	62	69	88	34	135	55	102	18	40	92	88	83	42	95	132	43	129	96	127	138	147	64	145	55	33	104	127	121	117	47	147	65	107	101	94	129	135	89	70	107	60	83	17	11	60	112	71	39	76	96	84	47	122	95	135	88	42	47
0	0	0	0	0	0	0	0	0	0	0	0	0	0	0	0	0	0	0	0	0	0	0	0	0	0	0	0	0	99	104	109	10	108	115	41	43	57	135	117	43	77	42	69	126	91	139	130	37	55	86	74	14	17	95	72	40	49	47	37	29	132	84	115	107	57	133	154	81	45	75	106	55	144	120	11	43	63	24	27	98	75	37	89	133	30	144	75	31	129	91	57	138	107	137	74	138	60	43	87	64	45	47	62	72	142	125	155	82	48	50	84	34	84	132	154	149	97	32	157	72	151	112	87	151	81	135	129
0	0	0	0	0	0	0	0	0	0	0	0	0	0	0	0	0	0	0	0	0	0	0	0	0	0	0	0	0	0	94	48	99	115	84	59	144	12	19	30	50	69	37	113	106	88	50	86	140	127	36	29	92	106	80	155	50	133	22	123	61	98	73	104	27	30	61	105	65	38	35	75	53	125	84	25	99	13	56	65	41	137	38	78	43	37	16	47	121	65	103	116	23	79	9	110	113	119	36	116	37	95	26	105	92	58	57	101	25	137	38	127	124	21	66	71	55	85	58	124	112	88	78	53	37	24	94	72
0	0	0	0	0	0	0	0	0	0	0	0	0	0	0	0	0	0	0	0	0	0	0	0	0	0	0	0	0	0	0	106	120	95	157	149	104	110	84	129	55	82	73	134	88	47	85	111	56	40	93	89	43	79	88	57	46	139	130	66	82	88	89	77	49	29	115	100	113	107	137	36	155	21	72	107	127	116	109	107	44	18	59	31	101	109	157	83	62	136	55	130	74	62	131	128	69	42	66	72	31	84	44	74	19	114	49	81	80	96	134	68	111	90	85	76	127	136	68	97	61	74	86	134	80	116	58	119
0	0	0	0	0	0	0	0	0	0	0	0	0	0	0	0	0	0	0	0	0	0	0	0	0	0	0	0	0	0	0	0	83	48	112	124	88	93	74	116	27	72	106	122	127	105	84	139	128	109	25	123	37	57	53	75	88	108	35	134	66	29	88	114	22	83	116	63	125	35	63	125	120	105	144	67	118	109	147	56	23	15	44	54	128	130	32	96	10	67	83	141	122	68	12	54	143	51	84	124	92	29	43	35	143	86	99	40	134	111	109	119	76	64	21	122	16	52	47	24	123	44	97	52	56	152	98	101
0	0	0	0	0	0	0	0	0	0	0	0	0	0	0	0	0	0	0	0	0	0	0	0	0	0	0	0	0	0	0	0	0	124	22	139	94	97	134	36	22	35	125	130	116	121	75	120	95	64	41	104	91	124	70	143	42	153	105	90	59	95	118	25	35	132	55	43	100	83	89	70	115	84	34	148	54	40	25	101	94	123	85	66	76	81	79	106	137	62	75	97	132	18	50	59	57	17	49	119	111	64	29	53	102	109	112	27	55	61	104	33	86	112	95	29	44	29	57	151	61	41	35	134	49	38	114	83
0	0	0	0	0	0	0	0	0	0	0	0	0	0	0	0	0	0	0	0	0	0	0	0	0	0	0	0	0	0	0	0	0	0	44	125	27	49	101	116	45	33	37	45	36	27	65	75	118	35	69	62	87	103	69	106	111	82	51	105	90	136	32	71	24	44	33	6	53	28	115	69	35	42	128	66	123	101	127	31	140	132	118	74	76	60	70	97	115	82	78	16	102	109	67	126	128	19	91	123	133	83	105	130	26	54	94	116	71	73	73	109	147	28	88	46	145	135	31	74	54	66	121	123	45	46	92	128
0	0	0	0	0	0	0	0	0	0	0	0	0	0	0	0	0	0	0	0	0	0	0	0	0	0	0	0	0	0	0	0	0	0	0	59	50	65	40	50	81	53	46	112	115	118	130	131	47	29	50	57	116	114	88	12	155	143	44	139	131	94	90	88	116	132	34	119	84	15	87	112	49	86	42	77	37	91	104	40	89	121	53	96	131	99	125	144	101	89	154	121	46	38	109	34	125	134	74	34	53	96	109	53	113	54	46	95	68	14	122	151	155	39	62	89	110	102	79	122	45	128	41	21	138	37	153	92
0	0	0	0	0	0	0	0	0	0	0	0	0	0	0	0	0	0	0	0	0	0	0	0	0	0	0	0	0	0	0	0	0	0	0	0	129	41	35	134	65	32	51	82	43	12	30	21	28	115	103	116	28	81	55	113	24	139	94	37	137	24	28	153	11	20	137	91	21	100	57	14	86	62	129	84	10	82	111	82	143	60	80	128	46	81	122	109	24	61	13	105	128	95	86	65	43	78	121	29	106	14	77	41	130	77	49	74	143	150	48	46	116	85	94	125	27	33	81	64	11	91	67	54	48	47	78	136
0	0	0	0	0	0	0	0	0	0	0	0	0	0	0	0	0	0	0	0	0	0	0	0	0	0	0	0	0	0	0	0	0	0	0	0	0	28	81	66	43	101	32	134	54	37	34	131	81	69	98	101	69	105	123	111	16	142	113	36	120	109	59	70	96	67	67	46	106	73	71	94	16	99	103	73	54	133	60	56	113	31	131	90	129	25	93	99	53	77	87	58	50	82	42	93	108	36	24	145	92	20	63	74	117	6	46	128	54	151	138	99	129	147	116	39	121	142	86	45	143	153	90	160	117	66	117	99
0	0	0	0	0	0	0	0	0	0	0	0	0	0	0	0	0	0	0	0	0	0	0	0	0	0	0	0	0	0	0	0	0	0	0	0	0	0	99	108	79	104	127	43	113	150	139	96	111	142	138	71	32	99	159	49	49	10	137	118	46	107	128	121	128	102	50	67	125	42	99	93	57	62	64	115	57	140	60	81	55	133	61	62	67	26	140	137	58	65	83	76	43	19	28	146	44	20	63	54	119	104	129	79	24	81	49	116	25	58	130	106	149	134	93	49	52	117	58	26	90	132	130	133	32	92	83	43
0	0	0	0	0	0	0	0	0	0	0	0	0	0	0	0	0	0	0	0	0	0	0	0	0	0	0	0	0	0	0	0	0	0	0	0	0	0	0	49	70	130	87	148	76	90	105	102	131	51	54	106	27	86	87	92	84	146	123	137	61	126	89	56	151	18	28	69	98	58	58	32	51	134	69	23	94	68	141	105	138	53	58	102	158	78	33	155	72	30	25	85	82	162	78	75	116	111	122	49	102	41	96	114	16	123	149	105	35	117	63	134	112	65	134	143	68	29	94	65	133	128	48	15	125	63	79	132
0	0	0	0	0	0	0	0	0	0	0	0	0	0	0	0	0	0	0	0	0	0	0	0	0	0	0	0	0	0	0	0	0	0	0	0	0	0	0	0	126	83	60	61	86	104	117	135	88	35	77	79	121	130	106	28	42	110	44	126	23	123	57	101	136	11	18	80	89	29	131	45	31	81	111	79	150	70	158	40	18	143	33	56	18	61	103	141	148	92	42	61	39	118	47	132	93	85	93	80	129	154	40	88	37	99	53	76	11	57	102	140	43	114	94	107	137	47	94	67	30	60	32	31	90	67	26	136
0	0	0	0	0	0	0	0	0	0	0	0	0	0	0	0	0	0	0	0	0	0	0	0	0	0	0	0	0	0	0	0	0	0	0	0	0	0	0	0	0	110	83	92	131	50	62	32	104	86	127	127	44	142	129	56	81	141	122	105	132	117	33	87	47	62	131	55	77	30	89	156	111	95	81	49	49	165	38	41	102	36	116	39	122	7	82	101	46	81	99	77	60	88	137	71	112	30	114	67	156	39	96	148	57	110	58	103	90	57	43	152	107	44	51	85	121	135	57	115	35	52	28	33	82	141	100	43
0	0	0	0	0	0	0	0	0	0	0	0	0	0	0	0	0	0	0	0	0	0	0	0	0	0	0	0	0	0	0	0	0	0	0	0	0	0	0	0	0	0	42	68	93	100	80	141	81	24	143	97	32	64	69	66	136	80	101	71	75	26	81	69	78	34	144	136	129	118	146	26	57	67	88	95	119	131	42	106	110	83	133	78	28	117	114	138	84	25	17	82	19	140	77	130	121	65	41	103	45	148	135	88	165	22	34	93	76	91	90	88	69	103	41	112	79	30	89	115	31	73	47	13	125	68	100	162
0	0	0	0	0	0	0	0	0	0	0	0	0	0	0	0	0	0	0	0	0	0	0	0	0	0	0	0	0	0	0	0	0	0	0	0	0	0	0	0	0	0	0	164	31	89	39	98	89	9	18	40	101	76	130	130	75	127	50	36	97	80	21	110	106	150	19	86	98	79	37	136	61	52	38	127	10	75	58	115	21	40	64	123	83	76	87	130	72	130	83	144	109	56	135	66	67	152	82	79	71	24	123	64	81	31	131	32	11	150	29	100	145	66	62	65	47	138	74	51	26	132	30	64	96	31	96	42
0	0	0	0	0	0	0	0	0	0	0	0	0	0	0	0	0	0	0	0	0	0	0	0	0	0	0	0	0	0	0	0	0	0	0	0	0	0	0	0	0	0	0	0	69	121	131	125	92	120	120	43	133	73	23	38	127	152	130	110	57	92	99	149	68	70	80	79	43	36	108	166	140	134	62	38	132	46	131	68	27	111	140	103	143	141	44	79	68	123	45	108	146	73	88	112	88	96	96	97	150	129	97	41	41	106	131	158	73	124	51	47	74	79	149	111	51	147	44	151	98	29	100	91	99	103	67	92
0	0	0	0	0	0	0	0	0	0	0	0	0	0	0	0	0	0	0	0	0	0	0	0	0	0	0	0	0	0	0	0	0	0	0	0	0	0	0	0	0	0	0	0	0	34	98	106	147	119	52	97	47	119	54	32	42	105	48	88	120	131	48	89	113	79	80	80	42	20	115	70	48	25	47	15	44	82	70	129	69	122	123	78	45	109	30	96	60	96	128	98	111	109	99	30	45	73	69	114	111	149	120	60	114	69	43	74	112	93	122	152	129	24	50	128	78	127	72	18	110	71	101	117	63	53	58	140
0	0	0	0	0	0	0	0	0	0	0	0	0	0	0	0	0	0	0	0	0	0	0	0	0	0	0	0	0	0	0	0	0	0	0	0	0	0	0	0	0	0	0	0	0	0	96	112	120	113	148	126	125	70	86	114	85	141	125	44	138	54	141	153	62	82	102	120	158	89	34	58	47	93	88	92	105	128	77	155	166	110	142	26	100	34	44	100	47	165	112	135	91	71	83	71	81	91	60	87	83	109	5	39	147	94	95	131	115	78	28	132	62	88	158	106	109	90	32	140	28	121	114	45	77	62	139	144
0	0	0	0	0	0	0	0	0	0	0	0	0	0	0	0	0	0	0	0	0	0	0	0	0	0	0	0	0	0	0	0	0	0	0	0	0	0	0	0	0	0	0	0	0	0	0	120	48	102	83	66	144	104	139	92	119	67	54	46	75	89	155	121	70	123	22	69	64	143	50	113	51	51	65	57	133	117	162	128	65	67	66	151	23	85	7	68	49	87	85	166	121	141	118	111	134	112	36	84	58	115	44	77	155	110	72	103	124	90	115	68	145	50	108	65	109	117	76	83	58	44	161	154	88	114	126	90
0	0	0	0	0	0	0	0	0	0	0	0	0	0	0	0	0	0	0	0	0	0	0	0	0	0	0	0	0	0	0	0	0	0	0	0	0	0	0	0	0	0	0	0	0	0	0	0	88	66	37	117	127	79	51	103	144	74	114	76	83	129	96	38	64	16	123	117	64	48	56	97	77	107	58	153	76	86	105	83	46	73	82	112	109	125	123	121	99	115	31	114	93	169	15	11	117	55	49	35	102	47	22	110	91	66	144	23	112	71	85	48	60	42	120	54	46	96	90	132	15	138	40	98	154	90	141	119
0	0	0	0	0	0	0	0	0	0	0	0	0	0	0	0	0	0	0	0	0	0	0	0	0	0	0	0	0	0	0	0	0	0	0	0	0	0	0	0	0	0	0	0	0	0	0	0	0	24	126	99	39	84	104	110	164	38	69	65	59	106	119	40	119	126	91	23	157	37	116	66	65	158	88	132	65	162	59	22	60	134	90	67	116	16	52	43	86	141	86	129	77	111	110	142	107	87	114	42	78	153	19	103	86	133	22	35	95	93	117	59	106	125	88	55	49	106	155	121	23	64	37	132	98	46	35	146
0	0	0	0	0	0	0	0	0	0	0	0	0	0	0	0	0	0	0	0	0	0	0	0	0	0	0	0	0	0	0	0	0	0	0	0	0	0	0	0	0	0	0	0	0	0	0	0	0	0	46	14	134	47	162	85	60	79	113	87	93	134	124	111	128	118	52	100	44	107	34	56	113	57	119	91	67	66	81	42	102	73	99	129	60	74	103	110	172	51	96	60	49	109	44	123	119	127	104	59	122	102	117	142	139	127	87	47	138	117	126	69	120	175	128	21	25	58	78	140	68	74	164	115	44	48	94	115
0	0	0	0	0	0	0	0	0	0	0	0	0	0	0	0	0	0	0	0	0	0	0	0	0	0	0	0	0	0	0	0	0	0	0	0	0	0	0	0	0	0	0	0	0	0	0	0	0	0	0	82	36	58	77	113	36	57	77	66	146	130	38	137	75	103	54	76	117	34	23	108	48	130	47	153	51	140	82	46	48	71	83	117	20	18	131	68	47	116	131	65	28	130	139	15	156	23	19	82	114	102	153	66	116	68	56	22	27	58	57	93	92	166	116	95	133	108	148	127	70	65	19	10	106	43	24	48
0	0	0	0	0	0	0	0	0	0	0	0	0	0	0	0	0	0	0	0	0	0	0	0	0	0	0	0	0	0	0	0	0	0	0	0	0	0	0	0	0	0	0	0	0	0	0	0	0	0	0	0	100	134	142	95	89	27	156	112	82	78	139	42	63	120	87	45	127	93	47	64	119	33	110	81	53	94	51	147	149	134	71	37	66	118	122	39	136	55	78	45	128	117	109	77	84	107	39	95	128	104	60	152	104	74	102	74	146	90	124	59	101	130	49	141	59	86	13	60	131	39	10	97	111	121	112	81
0	0	0	0	0	0	0	0	0	0	0	0	0	0	0	0	0	0	0	0	0	0	0	0	0	0	0	0	0	0	0	0	0	0	0	0	0	0	0	0	0	0	0	0	0	0	0	0	0	0	0	0	0	79	78	127	75	26	125	108	118	117	71	20	138	129	61	143	137	88	149	172	151	130	92	73	16	96	142	70	71	57	147	146	58	125	35	63	122	40	14	86	136	106	18	91	60	165	144	98	73	135	95	131	113	33	103	28	35	63	92	92	31	150	114	113	144	161	84	58	63	61	144	28	64	108	22	129
0	0	0	0	0	0	0	0	0	0	0	0	0	0	0	0	0	0	0	0	0	0	0	0	0	0	0	0	0	0	0	0	0	0	0	0	0	0	0	0	0	0	0	0	0	0	0	0	0	0	0	0	0	0	73	35	86	49	82	166	101	35	137	126	93	37	31	59	58	61	21	166	27	52	56	59	169	162	115	94	127	56	37	116	81	40	96	92	132	146	16	96	133	98	41	97	69	138	120	144	98	133	86	91	41	142	59	177	72	138	47	121	150	117	98	115	49	172	66	148	102	109	108	78	59	71	26	36
0	0	0	0	0	0	0	0	0	0	0	0	0	0	0	0	0	0	0	0	0	0	0	0	0	0	0	0	0	0	0	0	0	0	0	0	0	0	0	0	0	0	0	0	0	0	0	0	0	0	0	0	0	0	0	116	53	98	146	12	107	143	70	72	53	83	97	70	118	64	75	51	121	90	50	68	47	116	109	144	34	26	107	67	155	103	116	94	131	71	3	126	80	63	62	60	87	63	10	111	77	170	146	168	40	22	79	131	163	137	87	30	98	63	131	113	33	104	116	134	149	44	24	28	133	111	89	126
0	0	0	0	0	0	0	0	0	0	0	0	0	0	0	0	0	0	0	0	0	0	0	0	0	0	0	0	0	0	0	0	0	0	0	0	0	0	0	0	0	0	0	0	0	0	0	0	0	0	0	0	0	0	0	0	105	64	134	57	39	40	85	112	67	151	129	156	43	72	109	68	55	138	57	9	101	105	68	157	123	40	125	43	122	177	33	23	36	51	85	173	55	153	11	19	160	117	44	24	30	112	116	127	149	67	129	64	140	8	146	64	147	152	117	139	143	27	64	76	109	121	109	84	111	63	140	77
0	0	0	0	0	0	0	0	0	0	0	0	0	0	0	0	0	0	0	0	0	0	0	0	0	0	0	0	0	0	0	0	0	0	0	0	0	0	0	0	0	0	0	0	0	0	0	0	0	0	0	0	0	0	0	0	0	35	44	99	122	60	164	119	172	55	124	49	31	146	103	84	83	84	43	64	70	48	58	103	158	123	65	46	124	63	117	125	130	126	64	33	102	90	112	92	167	116	38	59	18	112	103	108	121	150	75	118	45	71	31	86	171	142	76	163	103	65	122	97	100	96	110	175	87	119	123	166
0	0	0	0	0	0	0	0	0	0	0	0	0	0	0	0	0	0	0	0	0	0	0	0	0	0	0	0	0	0	0	0	0	0	0	0	0	0	0	0	0	0	0	0	0	0	0	0	0	0	0	0	0	0	0	0	0	0	64	78	63	94	39	90	10	154	137	74	132	148	96	133	44	75	149	130	47	89	145	132	100	20	45	153	102	124	111	115	110	74	149	84	159	58	122	113	127	143	49	42	60	129	25	106	34	52	103	46	133	37	101	62	39	111	133	128	94	77	177	129	173	31	57	75	94	62	42	124
0	0	0	0	0	0	0	0	0	0	0	0	0	0	0	0	0	0	0	0	0	0	0	0	0	0	0	0	0	0	0	0	0	0	0	0	0	0	0	0	0	0	0	0	0	0	0	0	0	0	0	0	0	0	0	0	0	0	0	74	55	38	107	124	54	127	111	143	117	89	143	107	118	177	159	96	135	115	138	105	117	63	141	91	143	34	100	88	78	168	94	30	60	89	155	131	147	83	171	5	64	77	62	54	182	65	87	107	38	51	94	40	71	145	67	98	138	119	170	68	135	57	151	75	151	66	98	54
0	0	0	0	0	0	0	0	0	0	0	0	0	0	0	0	0	0	0	0	0	0	0	0	0	0	0	0	0	0	0	0	0	0	0	0	0	0	0	0	0	0	0	0	0	0	0	0	0	0	0	0	0	0	0	0	0	0	0	0	117	51	122	128	146	30	129	88	129	53	66	123	63	158	99	125	58	61	67	66	57	104	72	171	100	181	82	118	72	107	124	48	135	63	106	68	121	13	157	108	83	172	126	135	162	70	120	64	109	118	95	24	152	103	115	77	99	118	88	106	90	87	124	60	93	121	55	169
0	0	0	0	0	0	0	0	0	0	0	0	0	0	0	0	0	0	0	0	0	0	0	0	0	0	0	0	0	0	0	0	0	0	0	0	0	0	0	0	0	0	0	0	0	0	0	0	0	0	0	0	0	0	0	0	0	0	0	0	0	42	99	99	25	96	66	42	115	43	74	107	102	78	134	110	174	111	25	71	139	49	153	78	42	123	116	47	114	113	108	90	73	118	41	7	118	168	34	38	91	62	131	89	133	63	85	48	132	84	141	84	61	140	104	139	85	84	95	116	168	81	32	63	120	25	58	64
0	0	0	0	0	0	0	0	0	0	0	0	0	0	0	0	0	0	0	0	0	0	0	0	0	0	0	0	0	0	0	0	0	0	0	0	0	0	0	0	0	0	0	0	0	0	0	0	0	0	0	0	0	0	0	0	0	0	0	0	0	0	142	85	85	54	53	81	91	152	149	48	16	78	166	15	77	57	160	73	71	136	84	115	150	67	32	143	131	122	116	90	106	125	138	91	129	74	73	92	55	152	36	27	60	166	84	48	61	76	35	139	103	134	77	112	79	57	71	85	36	165	48	50	43	66	65	179
0	0	0	0	0	0	0	0	0	0	0	0	0	0	0	0	0	0	0	0	0	0	0	0	0	0	0	0	0	0	0	0	0	0	0	0	0	0	0	0	0	0	0	0	0	0	0	0	0	0	0	0	0	0	0	0	0	0	0	0	0	0	0	180	138	125	94	159	117	138	159	30	97	70	147	168	51	88	28	167	144	151	58	10	41	140	142	87	169	65	155	147	92	55	78	70	72	135	176	78	76	79	121	128	97	139	109	120	77	137	162	112	104	113	75	128	123	55	63	98	56	148	190	24	126	66	76	180
0	0	0	0	0	0	0	0	0	0	0	0	0	0	0	0	0	0	0	0	0	0	0	0	0	0	0	0	0	0	0	0	0	0	0	0	0	0	0	0	0	0	0	0	0	0	0	0	0	0	0	0	0	0	0	0	0	0	0	0	0	0	0	0	55	85	84	39	77	92	68	73	125	160	90	113	115	98	169	59	93	81	149	120	147	138	24	124	106	102	130	137	72	58	131	119	131	79	43	62	148	134	175	49	150	99	149	114	71	130	152	71	139	140	61	192	39	149	124	79	78	183	73	149	85	162	134	107
0	0	0	0	0	0	0	0	0	0	0	0	0	0	0	0	0	0	0	0	0	0	0	0	0	0	0	0	0	0	0	0	0	0	0	0	0	0	0	0	0	0	0	0	0	0	0	0	0	0	0	0	0	0	0	0	0	0	0	0	0	0	0	0	0	50	56	149	61	99	39	109	141	95	115	65	106	80	105	112	86	170	172	51	63	87	105	52	151	88	152	44	137	178	130	25	83	171	118	72	46	171	37	91	137	21	125	140	46	126	157	89	155	44	15	110	112	156	32	50	77	159	174	79	118	91	34	73
0	0	0	0	0	0	0	0	0	0	0	0	0	0	0	0	0	0	0	0	0	0	0	0	0	0	0	0	0	0	0	0	0	0	0	0	0	0	0	0	0	0	0	0	0	0	0	0	0	0	0	0	0	0	0	0	0	0	0	0	0	0	0	0	0	0	106	119	61	27	82	148	72	61	175	137	119	111	58	97	101	52	56	104	149	140	66	81	79	67	173	121	57	20	126	126	95	101	183	142	106	191	58	94	106	88	34	43	44	54	81	161	118	58	103	57	41	145	53	154	77	133	53	63	84	116	82	175
0	0	0	0	0	0	0	0	0	0	0	0	0	0	0	0	0	0	0	0	0	0	0	0	0	0	0	0	0	0	0	0	0	0	0	0	0	0	0	0	0	0	0	0	0	0	0	0	0	0	0	0	0	0	0	0	0	0	0	0	0	0	0	0	0	0	0	79	116	110	13	102	101	82	109	119	109	70	93	82	80	72	117	106	148	62	21	130	143	89	37	75	63	97	136	37	126	57	150	143	109	13	130	141	79	92	155	115	155	59	97	44	119	45	158	82	124	132	69	137	77	39	117	142	64	57	61	154
0	0	0	0	0	0	0	0	0	0	0	0	0	0	0	0	0	0	0	0	0	0	0	0	0	0	0	0	0	0	0	0	0	0	0	0	0	0	0	0	0	0	0	0	0	0	0	0	0	0	0	0	0	0	0	0	0	0	0	0	0	0	0	0	0	0	0	0	32	87	134	105	123	170	32	86	95	127	129	109	165	21	69	64	107	64	48	72	93	89	134	73	155	139	163	191	135	137	107	112	75	129	42	30	114	91	61	97	172	59	177	130	89	51	124	154	100	112	168	107	78	50	111	155	75	23	62	130
0	0	0	0	0	0	0	0	0	0	0	0	0	0	0	0	0	0	0	0	0	0	0	0	0	0	0	0	0	0	0	0	0	0	0	0	0	0	0	0	0	0	0	0	0	0	0	0	0	0	0	0	0	0	0	0	0	0	0	0	0	0	0	0	0	0	0	0	0	97	90	78	109	96	76	17	53	43	133	112	57	121	82	57	94	78	38	130	110	114	71	36	153	131	112	117	172	120	103	18	106	118	115	91	164	112	117	140	66	95	75	98	48	114	89	51	193	43	159	144	121	76	179	149	70	116	80	74
0	0	0	0	0	0	0	0	0	0	0	0	0	0	0	0	0	0	0	0	0	0	0	0	0	0	0	0	0	0	0	0	0	0	0	0	0	0	0	0	0	0	0	0	0	0	0	0	0	0	0	0	0	0	0	0	0	0	0	0	0	0	0	0	0	0	0	0	0	0	179	38	115	93	101	96	152	36	138	150	28	95	62	123	72	62	83	85	84	43	90	82	74	60	115	107	114	128	66	49	130	99	82	117	89	109	80	108	82	128	39	32	122	66	123	60	97	137	42	90	114	152	44	69	106	119	139	76
0	0	0	0	0	0	0	0	0	0	0	0	0	0	0	0	0	0	0	0	0	0	0	0	0	0	0	0	0	0	0	0	0	0	0	0	0	0	0	0	0	0	0	0	0	0	0	0	0	0	0	0	0	0	0	0	0	0	0	0	0	0	0	0	0	0	0	0	0	0	0	33	103	87	56	122	73	133	74	113	11	44	134	97	47	61	100	171	133	84	87	33	124	64	99	69	156	90	89	49	79	118	145	70	135	159	22	143	52	73	80	125	84	94	75	83	67	145	78	46	159	114	85	140	135	174	154	71
0	0	0	0	0	0	0	0	0	0	0	0	0	0	0	0	0	0	0	0	0	0	0	0	0	0	0	0	0	0	0	0	0	0	0	0	0	0	0	0	0	0	0	0	0	0	0	0	0	0	0	0	0	0	0	0	0	0	0	0	0	0	0	0	0	0	0	0	0	0	0	0	128	25	37	160	28	168	101	84	49	69	145	30	149	174	57	89	136	152	69	95	103	178	41	165	80	122	167	110	53	82	145	133	167	155	78	163	85	83	79	133	109	63	42	78	97	119	70	124	55	50	99	163	83	63	78	169
0	0	0	0	0	0	0	0	0	0	0	0	0	0	0	0	0	0	0	0	0	0	0	0	0	0	0	0	0	0	0	0	0	0	0	0	0	0	0	0	0	0	0	0	0	0	0	0	0	0	0	0	0	0	0	0	0	0	0	0	0	0	0	0	0	0	0	0	0	0	0	0	0	121	56	87	120	91	142	70	19	80	158	79	59	61	81	103	150	134	122	58	103	116	112	83	127	111	81	97	73	99	41	79	141	142	146	66	55	158	108	84	142	117	125	103	35	96	68	138	37	70	145	29	74	32	95	104
0	0	0	0	0	0	0	0	0	0	0	0	0	0	0	0	0	0	0	0	0	0	0	0	0	0	0	0	0	0	0	0	0	0	0	0	0	0	0	0	0	0	0	0	0	0	0	0	0	0	0	0	0	0	0	0	0	0	0	0	0	0	0	0	0	0	0	0	0	0	0	0	0	0	89	98	73	102	48	146	148	180	137	136	145	130	65	37	73	146	135	156	23	39	92	70	115	90	52	169	52	31	120	19	31	32	155	111	131	105	93	76	186	153	164	157	71	71	93	89	76	10	148	33	147	106	89	69
0	0	0	0	0	0	0	0	0	0	0	0	0	0	0	0	0	0	0	0	0	0	0	0	0	0	0	0	0	0	0	0	0	0	0	0	0	0	0	0	0	0	0	0	0	0	0	0	0	0	0	0	0	0	0	0	0	0	0	0	0	0	0	0	0	0	0	0	0	0	0	0	0	0	0	75	77	130	139	128	76	105	53	81	66	66	187	156	133	131	90	33	64	100	151	101	32	43	17	90	148	162	56	117	114	96	87	141	139	96	74	123	32	100	85	120	60	103	30	120	186	118	165	129	118	142	161	48
0	0	0	0	0	0	0	0	0	0	0	0	0	0	0	0	0	0	0	0	0	0	0	0	0	0	0	0	0	0	0	0	0	0	0	0	0	0	0	0	0	0	0	0	0	0	0	0	0	0	0	0	0	0	0	0	0	0	0	0	0	0	0	0	0	0	0	0	0	0	0	0	0	0	0	0	63	87	177	48	45	179	115	27	132	96	93	115	153	104	85	67	110	78	107	171	98	182	125	125	99	117	142	57	122	73	62	126	155	82	90	157	75	148	141	87	117	54	110	174	138	134	112	70	142	66	134	133
0	0	0	0	0	0	0	0	0	0	0	0	0	0	0	0	0	0	0	0	0	0	0	0	0	0	0	0	0	0	0	0	0	0	0	0	0	0	0	0	0	0	0	0	0	0	0	0	0	0	0	0	0	0	0	0	0	0	0	0	0	0	0	0	0	0	0	0	0	0	0	0	0	0	0	0	0	142	115	73	160	89	38	166	34	61	89	182	49	161	27	94	32	113	100	139	48	22	147	115	144	81	61	87	61	149	192	119	88	66	57	153	26	60	157	99	158	52	34	113	105	109	77	147	61	135	139	86
0	0	0	0	0	0	0	0	0	0	0	0	0	0	0	0	0	0	0	0	0	0	0	0	0	0	0	0	0	0	0	0	0	0	0	0	0	0	0	0	0	0	0	0	0	0	0	0	0	0	0	0	0	0	0	0	0	0	0	0	0	0	0	0	0	0	0	0	0	0	0	0	0	0	0	0	0	0	74	105	37	23	182	126	87	60	110	41	40	73	124	89	26	114	103	160	146	115	70	34	141	147	72	168	115	151	123	96	119	128	60	81	64	119	165	88	155	112	153	122	86	82	107	80	162	50	187	106
0	0	0	0	0	0	0	0	0	0	0	0	0	0	0	0	0	0	0	0	0	0	0	0	0	0	0	0	0	0	0	0	0	0	0	0	0	0	0	0	0	0	0	0	0	0	0	0	0	0	0	0	0	0	0	0	0	0	0	0	0	0	0	0	0	0	0	0	0	0	0	0	0	0	0	0	0	0	0	76	108	127	74	86	103	37	54	78	42	134	86	63	93	157	48	42	161	131	193	108	83	102	156	120	26	79	71	127	74	102	63	31	180	173	36	59	142	190	81	169	72	98	171	61	133	106	142	154
0	0	0	0	0	0	0	0	0	0	0	0	0	0	0	0	0	0	0	0	0	0	0	0	0	0	0	0	0	0	0	0	0	0	0	0	0	0	0	0	0	0	0	0	0	0	0	0	0	0	0	0	0	0	0	0	0	0	0	0	0	0	0	0	0	0	0	0	0	0	0	0	0	0	0	0	0	0	0	0	106	73	99	91	52	110	178	62	172	172	182	117	53	60	121	100	64	140	69	112	95	52	108	111	20	116	92	98	47	24	90	122	78	76	160	84	155	82	101	166	70	60	132	49	100	122	167	111
0	0	0	0	0	0	0	0	0	0	0	0	0	0	0	0	0	0	0	0	0	0	0	0	0	0	0	0	0	0	0	0	0	0	0	0	0	0	0	0	0	0	0	0	0	0	0	0	0	0	0	0	0	0	0	0	0	0	0	0	0	0	0	0	0	0	0	0	0	0	0	0	0	0	0	0	0	0	0	0	0	105	141	81	112	131	64	80	74	176	119	118	45	73	138	131	77	36	140	78	172	202	187	169	32	56	138	155	158	186	176	66	78	57	127	165	91	112	79	208	144	72	36	127	153	143	136	15
0	0	0	0	0	0	0	0	0	0	0	0	0	0	0	0	0	0	0	0	0	0	0	0	0	0	0	0	0	0	0	0	0	0	0	0	0	0	0	0	0	0	0	0	0	0	0	0	0	0	0	0	0	0	0	0	0	0	0	0	0	0	0	0	0	0	0	0	0	0	0	0	0	0	0	0	0	0	0	0	0	0	72	79	113	168	86	114	107	67	61	57	153	43	69	50	10	23	155	112	113	158	66	56	83	144	44	69	23	43	167	80	78	109	175	106	58	103	136	121	91	109	12	197	78	93	127	130
0	0	0	0	0	0	0	0	0	0	0	0	0	0	0	0	0	0	0	0	0	0	0	0	0	0	0	0	0	0	0	0	0	0	0	0	0	0	0	0	0	0	0	0	0	0	0	0	0	0	0	0	0	0	0	0	0	0	0	0	0	0	0	0	0	0	0	0	0	0	0	0	0	0	0	0	0	0	0	0	0	0	0	83	104	45	69	118	47	109	179	78	105	128	139	168	93	77	65	141	158	95	70	102	109	188	84	110	131	37	111	34	122	58	64	110	29	178	52	113	130	135	61	110	94	90	129	102
0	0	0	0	0	0	0	0	0	0	0	0	0	0	0	0	0	0	0	0	0	0	0	0	0	0	0	0	0	0	0	0	0	0	0	0	0	0	0	0	0	0	0	0	0	0	0	0	0	0	0	0	0	0	0	0	0	0	0	0	0	0	0	0	0	0	0	0	0	0	0	0	0	0	0	0	0	0	0	0	0	0	0	0	127	198	87	139	70	91	73	207	26	112	113	160	130	49	16	123	142	80	77	141	81	90	99	120	42	81	94	129	81	136	170	85	148	63	155	89	154	100	122	72	95	98	130	104
0	0	0	0	0	0	0	0	0	0	0	0	0	0	0	0	0	0	0	0	0	0	0	0	0	0	0	0	0	0	0	0	0	0	0	0	0	0	0	0	0	0	0	0	0	0	0	0	0	0	0	0	0	0	0	0	0	0	0	0	0	0	0	0	0	0	0	0	0	0	0	0	0	0	0	0	0	0	0	0	0	0	0	0	0	191	96	81	182	192	143	133	69	121	196	108	118	148	90	21	137	165	105	147	107	134	87	70	162	163	97	178	164	147	62	104	87	32	156	109	95	64	50	125	146	179	161	128
0	0	0	0	0	0	0	0	0	0	0	0	0	0	0	0	0	0	0	0	0	0	0	0	0	0	0	0	0	0	0	0	0	0	0	0	0	0	0	0	0	0	0	0	0	0	0	0	0	0	0	0	0	0	0	0	0	0	0	0	0	0	0	0	0	0	0	0	0	0	0	0	0	0	0	0	0	0	0	0	0	0	0	0	0	0	128	74	103	112	95	156	183	100	132	174	127	117	75	66	141	55	146	129	78	127	10	57	111	75	182	53	136	49	158	44	147	47	27	144	70	51	126	82	123	17	58	94
0	0	0	0	0	0	0	0	0	0	0	0	0	0	0	0	0	0	0	0	0	0	0	0	0	0	0	0	0	0	0	0	0	0	0	0	0	0	0	0	0	0	0	0	0	0	0	0	0	0	0	0	0	0	0	0	0	0	0	0	0	0	0	0	0	0	0	0	0	0	0	0	0	0	0	0	0	0	0	0	0	0	0	0	0	0	0	108	122	87	26	180	39	86	83	135	82	131	166	46	92	69	129	43	48	119	57	60	115	79	177	50	184	141	169	80	156	68	96	87	199	80	130	124	90	150	73	85
0	0	0	0	0	0	0	0	0	0	0	0	0	0	0	0	0	0	0	0	0	0	0	0	0	0	0	0	0	0	0	0	0	0	0	0	0	0	0	0	0	0	0	0	0	0	0	0	0	0	0	0	0	0	0	0	0	0	0	0	0	0	0	0	0	0	0	0	0	0	0	0	0	0	0	0	0	0	0	0	0	0	0	0	0	0	0	0	115	205	152	209	75	119	118	167	119	84	181	75	122	81	173	139	152	171	156	118	135	120	171	133	188	190	124	28	61	103	186	158	90	103	93	151	146	79	39	50
0	0	0	0	0	0	0	0	0	0	0	0	0	0	0	0	0	0	0	0	0	0	0	0	0	0	0	0	0	0	0	0	0	0	0	0	0	0	0	0	0	0	0	0	0	0	0	0	0	0	0	0	0	0	0	0	0	0	0	0	0	0	0	0	0	0	0	0	0	0	0	0	0	0	0	0	0	0	0	0	0	0	0	0	0	0	0	0	0	87	136	153	65	47	47	20	127	111	122	39	103	138	111	88	187	69	118	65	172	84	59	90	151	115	55	190	118	104	56	26	47	152	26	151	56	91	81	59
0	0	0	0	0	0	0	0	0	0	0	0	0	0	0	0	0	0	0	0	0	0	0	0	0	0	0	0	0	0	0	0	0	0	0	0	0	0	0	0	0	0	0	0	0	0	0	0	0	0	0	0	0	0	0	0	0	0	0	0	0	0	0	0	0	0	0	0	0	0	0	0	0	0	0	0	0	0	0	0	0	0	0	0	0	0	0	0	0	0	76	120	94	180	82	153	169	3	96	85	144	97	90	166	55	117	191	112	76	202	148	124	27	92	75	95	141	87	113	98	64	152	147	71	140	152	142	131
0	0	0	0	0	0	0	0	0	0	0	0	0	0	0	0	0	0	0	0	0	0	0	0	0	0	0	0	0	0	0	0	0	0	0	0	0	0	0	0	0	0	0	0	0	0	0	0	0	0	0	0	0	0	0	0	0	0	0	0	0	0	0	0	0	0	0	0	0	0	0	0	0	0	0	0	0	0	0	0	0	0	0	0	0	0	0	0	0	0	0	105	94	107	86	85	198	103	178	48	134	187	15	174	162	17	87	143	90	156	60	164	117	141	146	48	164	125	174	168	162	71	89	114	124	105	143	105
0	0	0	0	0	0	0	0	0	0	0	0	0	0	0	0	0	0	0	0	0	0	0	0	0	0	0	0	0	0	0	0	0	0	0	0	0	0	0	0	0	0	0	0	0	0	0	0	0	0	0	0	0	0	0	0	0	0	0	0	0	0	0	0	0	0	0	0	0	0	0	0	0	0	0	0	0	0	0	0	0	0	0	0	0	0	0	0	0	0	0	0	126	33	181	135	111	166	146	45	124	118	148	150	43	179	39	48	200	105	95	95	130	107	93	55	27	106	171	143	137	54	132	102	96	130	198	171
0	0	0	0	0	0	0	0	0	0	0	0	0	0	0	0	0	0	0	0	0	0	0	0	0	0	0	0	0	0	0	0	0	0	0	0	0	0	0	0	0	0	0	0	0	0	0	0	0	0	0	0	0	0	0	0	0	0	0	0	0	0	0	0	0	0	0	0	0	0	0	0	0	0	0	0	0	0	0	0	0	0	0	0	0	0	0	0	0	0	0	0	0	191	105	84	16	158	92	98	162	125	129	99	69	209	170	164	138	151	143	180	104	69	190	159	131	110	65	108	130	167	120	122	61	57	127	30
0	0	0	0	0	0	0	0	0	0	0	0	0	0	0	0	0	0	0	0	0	0	0	0	0	0	0	0	0	0	0	0	0	0	0	0	0	0	0	0	0	0	0	0	0	0	0	0	0	0	0	0	0	0	0	0	0	0	0	0	0	0	0	0	0	0	0	0	0	0	0	0	0	0	0	0	0	0	0	0	0	0	0	0	0	0	0	0	0	0	0	0	0	0	67	163	120	112	139	168	89	130	116	9	84	75	101	154	105	65	134	72	55	191	216	85	111	108	49	140	106	48	105	136	174	53	120	28
0	0	0	0	0	0	0	0	0	0	0	0	0	0	0	0	0	0	0	0	0	0	0	0	0	0	0	0	0	0	0	0	0	0	0	0	0	0	0	0	0	0	0	0	0	0	0	0	0	0	0	0	0	0	0	0	0	0	0	0	0	0	0	0	0	0	0	0	0	0	0	0	0	0	0	0	0	0	0	0	0	0	0	0	0	0	0	0	0	0	0	0	0	0	0	120	154	141	53	116	59	98	31	172	38	90	168	217	50	116	141	120	119	53	98	166	134	146	151	72	123	86	92	91	163	88	138	90
0	0	0	0	0	0	0	0	0	0	0	0	0	0	0	0	0	0	0	0	0	0	0	0	0	0	0	0	0	0	0	0	0	0	0	0	0	0	0	0	0	0	0	0	0	0	0	0	0	0	0	0	0	0	0	0	0	0	0	0	0	0	0	0	0	0	0	0	0	0	0	0	0	0	0	0	0	0	0	0	0	0	0	0	0	0	0	0	0	0	0	0	0	0	0	0	38	68	170	132	111	63	81	124	179	121	128	25	61	88	184	117	64	137	120	167	153	51	44	171	114	119	58	167	120	104	177	122
0	0	0	0	0	0	0	0	0	0	0	0	0	0	0	0	0	0	0	0	0	0	0	0	0	0	0	0	0	0	0	0	0	0	0	0	0	0	0	0	0	0	0	0	0	0	0	0	0	0	0	0	0	0	0	0	0	0	0	0	0	0	0	0	0	0	0	0	0	0	0	0	0	0	0	0	0	0	0	0	0	0	0	0	0	0	0	0	0	0	0	0	0	0	0	0	0	73	100	91	62	146	53	44	44	26	180	43	7	84	135	94	78	127	140	95	96	96	116	155	55	103	198	59	139	201	96	99
0	0	0	0	0	0	0	0	0	0	0	0	0	0	0	0	0	0	0	0	0	0	0	0	0	0	0	0	0	0	0	0	0	0	0	0	0	0	0	0	0	0	0	0	0	0	0	0	0	0	0	0	0	0	0	0	0	0	0	0	0	0	0	0	0	0	0	0	0	0	0	0	0	0	0	0	0	0	0	0	0	0	0	0	0	0	0	0	0	0	0	0	0	0	0	0	0	0	160	81	103	29	57	71	80	161	72	97	57	137	65	147	217	83	106	151	81	165	77	173	81	37	164	73	56	38	111	70
0	0	0	0	0	0	0	0	0	0	0	0	0	0	0	0	0	0	0	0	0	0	0	0	0	0	0	0	0	0	0	0	0	0	0	0	0	0	0	0	0	0	0	0	0	0	0	0	0	0	0	0	0	0	0	0	0	0	0	0	0	0	0	0	0	0	0	0	0	0	0	0	0	0	0	0	0	0	0	0	0	0	0	0	0	0	0	0	0	0	0	0	0	0	0	0	0	0	0	181	87	42	186	89	68	98	117	153	70	105	52	44	83	108	145	33	102	98	122	126	194	184	219	64	101	200	179	83
0	0	0	0	0	0	0	0	0	0	0	0	0	0	0	0	0	0	0	0	0	0	0	0	0	0	0	0	0	0	0	0	0	0	0	0	0	0	0	0	0	0	0	0	0	0	0	0	0	0	0	0	0	0	0	0	0	0	0	0	0	0	0	0	0	0	0	0	0	0	0	0	0	0	0	0	0	0	0	0	0	0	0	0	0	0	0	0	0	0	0	0	0	0	0	0	0	0	0	0	91	120	167	117	120	190	88	68	130	68	111	147	119	208	91	140	112	91	12	169	87	51	201	76	60	101	51	109
0	0	0	0	0	0	0	0	0	0	0	0	0	0	0	0	0	0	0	0	0	0	0	0	0	0	0	0	0	0	0	0	0	0	0	0	0	0	0	0	0	0	0	0	0	0	0	0	0	0	0	0	0	0	0	0	0	0	0	0	0	0	0	0	0	0	0	0	0	0	0	0	0	0	0	0	0	0	0	0	0	0	0	0	0	0	0	0	0	0	0	0	0	0	0	0	0	0	0	0	0	125	35	196	120	108	102	103	105	115	116	69	155	63	123	164	38	48	80	92	153	63	134	155	58	124	124	229
0	0	0	0	0	0	0	0	0	0	0	0	0	0	0	0	0	0	0	0	0	0	0	0	0	0	0	0	0	0	0	0	0	0	0	0	0	0	0	0	0	0	0	0	0	0	0	0	0	0	0	0	0	0	0	0	0	0	0	0	0	0	0	0	0	0	0	0	0	0	0	0	0	0	0	0	0	0	0	0	0	0	0	0	0	0	0	0	0	0	0	0	0	0	0	0	0	0	0	0	0	0	100	131	225	204	125	81	101	185	56	158	49	166	125	107	159	126	214	126	97	100	128	59	184	146	98	145
0	0	0	0	0	0	0	0	0	0	0	0	0	0	0	0	0	0	0	0	0	0	0	0	0	0	0	0	0	0	0	0	0	0	0	0	0	0	0	0	0	0	0	0	0	0	0	0	0	0	0	0	0	0	0	0	0	0	0	0	0	0	0	0	0	0	0	0	0	0	0	0	0	0	0	0	0	0	0	0	0	0	0	0	0	0	0	0	0	0	0	0	0	0	0	0	0	0	0	0	0	0	0	122	165	50	202	80	200	51	134	122	160	130	66	119	202	137	73	179	119	118	20	66	134	97	119	104
0	0	0	0	0	0	0	0	0	0	0	0	0	0	0	0	0	0	0	0	0	0	0	0	0	0	0	0	0	0	0	0	0	0	0	0	0	0	0	0	0	0	0	0	0	0	0	0	0	0	0	0	0	0	0	0	0	0	0	0	0	0	0	0	0	0	0	0	0	0	0	0	0	0	0	0	0	0	0	0	0	0	0	0	0	0	0	0	0	0	0	0	0	0	0	0	0	0	0	0	0	0	0	0	89	101	136	178	40	135	154	111	157	97	140	63	51	64	37	146	22	193	124	123	175	125	114	106
0	0	0	0	0	0	0	0	0	0	0	0	0	0	0	0	0	0	0	0	0	0	0	0	0	0	0	0	0	0	0	0	0	0	0	0	0	0	0	0	0	0	0	0	0	0	0	0	0	0	0	0	0	0	0	0	0	0	0	0	0	0	0	0	0	0	0	0	0	0	0	0	0	0	0	0	0	0	0	0	0	0	0	0	0	0	0	0	0	0	0	0	0	0	0	0	0	0	0	0	0	0	0	0	0	82	51	173	124	86	160	129	108	161	100	193	85	112	213	140	27	127	19	83	85	199	35	113
0	0	0	0	0	0	0	0	0	0	0	0	0	0	0	0	0	0	0	0	0	0	0	0	0	0	0	0	0	0	0	0	0	0	0	0	0	0	0	0	0	0	0	0	0	0	0	0	0	0	0	0	0	0	0	0	0	0	0	0	0	0	0	0	0	0	0	0	0	0	0	0	0	0	0	0	0	0	0	0	0	0	0	0	0	0	0	0	0	0	0	0	0	0	0	0	0	0	0	0	0	0	0	0	0	0	150	97	135	183	81	212	206	182	100	190	144	78	86	99	164	29	110	120	81	60	54	217
0	0	0	0	0	0	0	0	0	0	0	0	0	0	0	0	0	0	0	0	0	0	0	0	0	0	0	0	0	0	0	0	0	0	0	0	0	0	0	0	0	0	0	0	0	0	0	0	0	0	0	0	0	0	0	0	0	0	0	0	0	0	0	0	0	0	0	0	0	0	0	0	0	0	0	0	0	0	0	0	0	0	0	0	0	0	0	0	0	0	0	0	0	0	0	0	0	0	0	0	0	0	0	0	0	0	0	148	76	167	142	113	209	28	197	37	49	67	117	130	173	20	101	83	170	194	144	28
0	0	0	0	0	0	0	0	0	0	0	0	0	0	0	0	0	0	0	0	0	0	0	0	0	0	0	0	0	0	0	0	0	0	0	0	0	0	0	0	0	0	0	0	0	0	0	0	0	0	0	0	0	0	0	0	0	0	0	0	0	0	0	0	0	0	0	0	0	0	0	0	0	0	0	0	0	0	0	0	0	0	0	0	0	0	0	0	0	0	0	0	0	0	0	0	0	0	0	0	0	0	0	0	0	0	0	0	135	117	111	180	203	88	140	23	42	82	128	148	137	129	221	128	101	58	153	76
0	0	0	0	0	0	0	0	0	0	0	0	0	0	0	0	0	0	0	0	0	0	0	0	0	0	0	0	0	0	0	0	0	0	0	0	0	0	0	0	0	0	0	0	0	0	0	0	0	0	0	0	0	0	0	0	0	0	0	0	0	0	0	0	0	0	0	0	0	0	0	0	0	0	0	0	0	0	0	0	0	0	0	0	0	0	0	0	0	0	0	0	0	0	0	0	0	0	0	0	0	0	0	0	0	0	0	0	0	82	207	37	150	163	150	122	138	169	90	82	126	180	104	136	205	120	91	206
0	0	0	0	0	0	0	0	0	0	0	0	0	0	0	0	0	0	0	0	0	0	0	0	0	0	0	0	0	0	0	0	0	0	0	0	0	0	0	0	0	0	0	0	0	0	0	0	0	0	0	0	0	0	0	0	0	0	0	0	0	0	0	0	0	0	0	0	0	0	0	0	0	0	0	0	0	0	0	0	0	0	0	0	0	0	0	0	0	0	0	0	0	0	0	0	0	0	0	0	0	0	0	0	0	0	0	0	0	0	65	81	113	122	65	90	135	173	116	111	125	164	130	116	151	122	120	118
0	0	0	0	0	0	0	0	0	0	0	0	0	0	0	0	0	0	0	0	0	0	0	0	0	0	0	0	0	0	0	0	0	0	0	0	0	0	0	0	0	0	0	0	0	0	0	0	0	0	0	0	0	0	0	0	0	0	0	0	0	0	0	0	0	0	0	0	0	0	0	0	0	0	0	0	0	0	0	0	0	0	0	0	0	0	0	0	0	0	0	0	0	0	0	0	0	0	0	0	0	0	0	0	0	0	0	0	0	0	0	139	164	132	119	150	56	192	51	184	106	103	64	127	118	148	171	216
0	0	0	0	0	0	0	0	0	0	0	0	0	0	0	0	0	0	0	0	0	0	0	0	0	0	0	0	0	0	0	0	0	0	0	0	0	0	0	0	0	0	0	0	0	0	0	0	0	0	0	0	0	0	0	0	0	0	0	0	0	0	0	0	0	0	0	0	0	0	0	0	0	0	0	0	0	0	0	0	0	0	0	0	0	0	0	0	0	0	0	0	0	0	0	0	0	0	0	0	0	0	0	0	0	0	0	0	0	0	0	0	97	94	149	181	80	159	104	222	50	126	176	103	183	178	134	149
0	0	0	0	0	0	0	0	0	0	0	0	0	0	0	0	0	0	0	0	0	0	0	0	0	0	0	0	0	0	0	0	0	0	0	0	0	0	0	0	0	0	0	0	0	0	0	0	0	0	0	0	0	0	0	0	0	0	0	0	0	0	0	0	0	0	0	0	0	0	0	0	0	0	0	0	0	0	0	0	0	0	0	0	0	0	0	0	0	0	0	0	0	0	0	0	0	0	0	0	0	0	0	0	0	0	0	0	0	0	0	0	0	119	114	34	97	210	58	93	80	211	79	95	108	139	192	159
0	0	0	0	0	0	0	0	0	0	0	0	0	0	0	0	0	0	0	0	0	0	0	0	0	0	0	0	0	0	0	0	0	0	0	0	0	0	0	0	0	0	0	0	0	0	0	0	0	0	0	0	0	0	0	0	0	0	0	0	0	0	0	0	0	0	0	0	0	0	0	0	0	0	0	0	0	0	0	0	0	0	0	0	0	0	0	0	0	0	0	0	0	0	0	0	0	0	0	0	0	0	0	0	0	0	0	0	0	0	0	0	0	0	24	163	66	170	64	127	138	67	190	98	63	157	88	203
0	0	0	0	0	0	0	0	0	0	0	0	0	0	0	0	0	0	0	0	0	0	0	0	0	0	0	0	0	0	0	0	0	0	0	0	0	0	0	0	0	0	0	0	0	0	0	0	0	0	0	0	0	0	0	0	0	0	0	0	0	0	0	0	0	0	0	0	0	0	0	0	0	0	0	0	0	0	0	0	0	0	0	0	0	0	0	0	0	0	0	0	0	0	0	0	0	0	0	0	0	0	0	0	0	0	0	0	0	0	0	0	0	0	0	157	162	134	85	117	85	165	70	150	167	125	52	112
0	0	0	0	0	0	0	0	0	0	0	0	0	0	0	0	0	0	0	0	0	0	0	0	0	0	0	0	0	0	0	0	0	0	0	0	0	0	0	0	0	0	0	0	0	0	0	0	0	0	0	0	0	0	0	0	0	0	0	0	0	0	0	0	0	0	0	0	0	0	0	0	0	0	0	0	0	0	0	0	0	0	0	0	0	0	0	0	0	0	0	0	0	0	0	0	0	0	0	0	0	0	0	0	0	0	0	0	0	0	0	0	0	0	0	0	83	97	154	148	213	129	70	105	184	85	39	86
0	0	0	0	0	0	0	0	0	0	0	0	0	0	0	0	0	0	0	0	0	0	0	0	0	0	0	0	0	0	0	0	0	0	0	0	0	0	0	0	0	0	0	0	0	0	0	0	0	0	0	0	0	0	0	0	0	0	0	0	0	0	0	0	0	0	0	0	0	0	0	0	0	0	0	0	0	0	0	0	0	0	0	0	0	0	0	0	0	0	0	0	0	0	0	0	0	0	0	0	0	0	0	0	0	0	0	0	0	0	0	0	0	0	0	0	0	96	125	189	121	7	99	70	125	175	209	73
0	0	0	0	0	0	0	0	0	0	0	0	0	0	0	0	0	0	0	0	0	0	0	0	0	0	0	0	0	0	0	0	0	0	0	0	0	0	0	0	0	0	0	0	0	0	0	0	0	0	0	0	0	0	0	0	0	0	0	0	0	0	0	0	0	0	0	0	0	0	0	0	0	0	0	0	0	0	0	0	0	0	0	0	0	0	0	0	0	0	0	0	0	0	0	0	0	0	0	0	0	0	0	0	0	0	0	0	0	0	0	0	0	0	0	0	0	0	155	166	128	64	131	129	172	189	133	138
0	0	0	0	0	0	0	0	0	0	0	0	0	0	0	0	0	0	0	0	0	0	0	0	0	0	0	0	0	0	0	0	0	0	0	0	0	0	0	0	0	0	0	0	0	0	0	0	0	0	0	0	0	0	0	0	0	0	0	0	0	0	0	0	0	0	0	0	0	0	0	0	0	0	0	0	0	0	0	0	0	0	0	0	0	0	0	0	0	0	0	0	0	0	0	0	0	0	0	0	0	0	0	0	0	0	0	0	0	0	0	0	0	0	0	0	0	0	0	134	118	128	211	180	68	201	187	134
0	0	0	0	0	0	0	0	0	0	0	0	0	0	0	0	0	0	0	0	0	0	0	0	0	0	0	0	0	0	0	0	0	0	0	0	0	0	0	0	0	0	0	0	0	0	0	0	0	0	0	0	0	0	0	0	0	0	0	0	0	0	0	0	0	0	0	0	0	0	0	0	0	0	0	0	0	0	0	0	0	0	0	0	0	0	0	0	0	0	0	0	0	0	0	0	0	0	0	0	0	0	0	0	0	0	0	0	0	0	0	0	0	0	0	0	0	0	0	0	160	52	92	52	106	198	12	190
0	0	0	0	0	0	0	0	0	0	0	0	0	0	0	0	0	0	0	0	0	0	0	0	0	0	0	0	0	0	0	0	0	0	0	0	0	0	0	0	0	0	0	0	0	0	0	0	0	0	0	0	0	0	0	0	0	0	0	0	0	0	0	0	0	0	0	0	0	0	0	0	0	0	0	0	0	0	0	0	0	0	0	0	0	0	0	0	0	0	0	0	0	0	0	0	0	0	0	0	0	0	0	0	0	0	0	0	0	0	0	0	0	0	0	0	0	0	0	0	0	85	152	113	112	178	26	133
0	0	0	0	0	0	0	0	0	0	0	0	0	0	0	0	0	0	0	0	0	0	0	0	0	0	0	0	0	0	0	0	0	0	0	0	0	0	0	0	0	0	0	0	0	0	0	0	0	0	0	0	0	0	0	0	0	0	0	0	0	0	0	0	0	0	0	0	0	0	0	0	0	0	0	0	0	0	0	0	0	0	0	0	0	0	0	0	0	0	0	0	0	0	0	0	0	0	0	0	0	0	0	0	0	0	0	0	0	0	0	0	0	0	0	0	0	0	0	0	0	0	103	112	136	182	73	144
0	0	0	0	0	0	0	0	0	0	0	0	0	0	0	0	0	0	0	0	0	0	0	0	0	0	0	0	0	0	0	0	0	0	0	0	0	0	0	0	0	0	0	0	0	0	0	0	0	0	0	0	0	0	0	0	0	0	0	0	0	0	0	0	0	0	0	0	0	0	0	0	0	0	0	0	0	0	0	0	0	0	0	0	0	0	0	0	0	0	0	0	0	0	0	0	0	0	0	0	0	0	0	0	0	0	0	0	0	0	0	0	0	0	0	0	0	0	0	0	0	0	0	99	137	117	153	133
0	0	0	0	0	0	0	0	0	0	0	0	0	0	0	0	0	0	0	0	0	0	0	0	0	0	0	0	0	0	0	0	0	0	0	0	0	0	0	0	0	0	0	0	0	0	0	0	0	0	0	0	0	0	0	0	0	0	0	0	0	0	0	0	0	0	0	0	0	0	0	0	0	0	0	0	0	0	0	0	0	0	0	0	0	0	0	0	0	0	0	0	0	0	0	0	0	0	0	0	0	0	0	0	0	0	0	0	0	0	0	0	0	0	0	0	0	0	0	0	0	0	0	0	12	89	134	95
0	0	0	0	0	0	0	0	0	0	0	0	0	0	0	0	0	0	0	0	0	0	0	0	0	0	0	0	0	0	0	0	0	0	0	0	0	0	0	0	0	0	0	0	0	0	0	0	0	0	0	0	0	0	0	0	0	0	0	0	0	0	0	0	0	0	0	0	0	0	0	0	0	0	0	0	0	0	0	0	0	0	0	0	0	0	0	0	0	0	0	0	0	0	0	0	0	0	0	0	0	0	0	0	0	0	0	0	0	0	0	0	0	0	0	0	0	0	0	0	0	0	0	0	0	92	63	170
0	0	0	0	0	0	0	0	0	0	0	0	0	0	0	0	0	0	0	0	0	0	0	0	0	0	0	0	0	0	0	0	0	0	0	0	0	0	0	0	0	0	0	0	0	0	0	0	0	0	0	0	0	0	0	0	0	0	0	0	0	0	0	0	0	0	0	0	0	0	0	0	0	0	0	0	0	0	0	0	0	0	0	0	0	0	0	0	0	0	0	0	0	0	0	0	0	0	0	0	0	0	0	0	0	0	0	0	0	0	0	0	0	0	0	0	0	0	0	0	0	0	0	0	0	0	55	106
0	0	0	0	0	0	0	0	0	0	0	0	0	0	0	0	0	0	0	0	0	0	0	0	0	0	0	0	0	0	0	0	0	0	0	0	0	0	0	0	0	0	0	0	0	0	0	0	0	0	0	0	0	0	0	0	0	0	0	0	0	0	0	0	0	0	0	0	0	0	0	0	0	0	0	0	0	0	0	0	0	0	0	0	0	0	0	0	0	0	0	0	0	0	0	0	0	0	0	0	0	0	0	0	0	0	0	0	0	0	0	0	0	0	0	0	0	0	0	0	0	0	0	0	0	0	0	131
0	0	0	0	0	0	0	0	0	0	0	0	0	0	0	0	0	0	0	0	0	0	0	0	0	0	0	0	0	0	0	0	0	0	0	0	0	0	0	0	0	0	0	0	0	0	0	0	0	0	0	0	0	0	0	0	0	0	0	0	0	0	0	0	0	0	0	0	0	0	0	0	0	0	0	0	0	0	0	0	0	0	0	0	0	0	0	0	0	0	0	0	0	0	0	0	0	0	0	0	0	0	0	0	0	0	0	0	0	0	0	0	0	0	0	0	0	0	0	0	0	0	0	0	0	0	0	0