0	29	124	67	127	57	34	85	75	80	6	108	99	94	50	71	116	55	43	87	100	45	62	34	88	112	84	87	7	60	109	40	39	48	92	122	72	73	5	29	60	90	71	7	47	2	64	78	129	17	82	103	106	12	24	26	60	108	42	81	38	24	19	10	58	32	97	36	107	62	2	62	77	44	74	11	117	53	26	124	108	28	13	122	12	56	81	92	119	23	30	10	64	74	89	56	122	70	12	105	67	28	71	73	124	19	113	110	94	59	50	28	110	36	70	62	63	129	124	22	92	61	40	96	21	4	119	78
0	0	93	46	57	129	2	38	113	9	81	34	61	4	111	38	122	90	76	57	38	6	31	42	23	102	96	48	82	31	127	18	105	60	72	124	58	77	68	6	126	8	4	8	113	24	54	95	80	40	100	76	46	61	6	92	124	45	71	29	38	97	37	12	19	51	87	34	43	65	52	54	78	35	18	101	13	46	11	78	102	84	119	25	125	103	43	74	18	61	5	59	14	113	3	71	118	72	110	89	29	108	81	96	50	28	20	15	97	110	56	18	85	75	50	73	128	33	117	24	94	118	79	90	46	92	14	40
0	0	0	98	93	67	98	33	34	92	19	103	87	110	34	93	28	86	115	62	122	24	36	42	90	95	84	102	5	93	28	86	40	11	95	14	6	65	72	110	109	4	96	35	63	7	47	89	53	32	67	68	104	105	60	21	57	126	38	117	40	99	92	84	115	127	52	32	47	112	108	72	66	63	5	13	22	83	92	121	80	66	103	105	36	90	93	88	113	70	54	19	11	34	91	68	69	118	130	25	107	117	61	89	108	38	115	9	29	14	52	47	82	25	36	86	81	101	91	64	82	122	45	94	92	73	86	20
0	0	0	0	127	100	15	55	129	29	27	38	55	114	129	125	83	10	31	88	51	125	70	102	119	7	22	17	70	89	113	104	31	23	8	36	85	37	72	119	29	19	107	69	50	113	23	106	74	116	58	100	93	8	77	47	120	57	114	87	114	74	111	36	96	67	43	75	111	48	20	86	40	105	35	76	31	115	60	68	42	10	3	60	125	76	76	126	21	25	66	39	25	125	55	33	61	28	105	49	94	66	19	103	117	20	65	80	109	129	14	35	80	118	79	129	28	50	36	86	78	130	43	129	121	112	56	79
0	0	0	0	0	28	107	97	99	63	87	87	13	7	70	74	36	110	123	72	98	63	121	128	23	126	73	4	48	119	29	5	34	121	105	45	121	42	34	113	101	16	87	4	33	83	94	3	86	78	61	41	8	12	96	119	94	35	18	124	73	98	20	26	100	32	46	34	130	75	75	64	87	101	130	81	23	24	76	62	132	32	66	61	110	13	124	74	34	64	129	85	12	35	125	37	21	105	75	5	123	40	87	127	111	81	65	79	56	23	117	128	7	107	93	10	68	94	35	68	61	49	74	56	115	104	62	126
0	0	0	0	0	0	67	26	79	84	109	39	44	96	68	95	121	116	9	19	77	62	85	121	87	31	123	122	52	119	38	44	50	95	62	63	7	53	129	128	68	110	37	101	102	84	92	20	98	80	120	93	21	25	101	65	24	126	86	108	119	116	104	102	94	101	119	5	107	120	77	9	130	61	78	47	79	58	24	63	23	118	95	13	100	68	23	65	7	113	126	25	50	83	113	82	83	37	123	28	60	130	88	90	48	48	92	53	46	36	20	47	47	12	18	29	54	75	38	3	104	24	50	80	12	14	128	23
0	0	0	0	0	0	0	101	22	41	99	134	64	14	53	77	81	33	35	126	87	28	46	36	119	7	109	87	84	58	25	102	54	41	55	123	70	62	37	32	132	47	82	35	32	41	65	25	60	28	76	108	28	112	9	33	37	131	10	46	46	9	52	102	33	7	87	4	18	105	30	15	120	105	124	62	43	92	106	102	22	11	58	77	48	65	46	93	24	36	51	61	41	94	78	82	64	47	125	96	125	85	23	76	22	119	114	67	39	81	50	51	45	129	100	23	118	85	121	115	40	107	73	11	70	44	65	100
0	0	0	0	0	0	0	0	56	99	87	34	36	43	132	8	67	90	109	37	72	6	25	62	113	88	40	113	48	43	97	40	113	56	105	128	92	16	133	63	54	123	60	133	32	39	25	63	112	27	80	117	130	57	16	94	53	96	38	38	22	26	17	102	101	62	65	120	107	37	41	47	82	117	59	24	108	22	48	114	54	50	74	15	124	12	49	42	21	11	130	39	45	103	75	106	38	69	100	86	85	84	110	38	43	26	124	8	82	76	65	114	130	18	102	123	56	11	87	106	104	82	30	117	18	121	60	119
0	0	0	0	0	0	0	0	0	73	20	29	116	39	84	41	68	38	66	8	117	73	75	41	117	36	30	110	83	104	108	96	98	64	13	55	126	121	78	29	57	39	61	62	51	56	41	126	16	58	54	132	71	88	53	104	51	16	14	81	33	81	94	80	28	36	11	88	42	106	30	128	9	83	41	127	10	38	29	65	123	34	87	133	46	58	50	57	115	121	40	27	19	63	54	93	44	136	35	87	125	6	30	18	118	112	111	69	58	37	125	88	103	44	107	20	119	58	78	112	50	45	40	45	27	120	96	123
0	0	0	0	0	0	0	0	0	0	12	26	103	85	66	72	55	39	104	81	49	28	19	15	87	42	100	77	70	20	50	71	130	20	20	63	106	35	56	11	62	124	16	65	64	13	51	15	123	21	108	82	72	130	68	68	96	72	61	30	52	71	14	35	26	94	82	84	70	48	85	31	64	32	32	20	122	15	12	43	96	16	16	77	119	24	27	59	13	64	11	70	56	31	110	16	73	127	90	111	78	57	45	131	21	24	43	72	97	23	64	103	105	39	129	21	122	29	16	31	70	54	89	28	57	97	109	129
0	0	0	0	0	0	0	0	0	0	0	31	23	119	93	23	89	32	78	129	40	86	81	134	19	82	6	100	78	29	87	47	68	89	19	71	66	41	108	72	56	102	95	105	107	74	114	39	35	48	26	25	111	50	17	25	53	69	16	92	118	132	44	83	54	15	56	100	24	86	65	35	130	24	68	30	78	30	86	106	73	9	80	105	57	79	127	46	122	99	39	29	98	123	59	120	118	73	47	126	135	13	115	56	65	130	15	43	48	16	45	83	53	30	122	53	80	66	81	103	62	27	105	52	32	71	33	57
0	0	0	0	0	0	0	0	0	0	0	0	111	122	104	86	114	22	79	60	10	51	110	18	79	12	80	24	86	91	78	64	37	15	33	15	18	28	101	109	7	60	106	13	26	64	42	70	122	73	36	126	134	13	65	129	78	72	128	79	93	56	115	21	49	136	31	115	43	91	88	54	126	61	18	116	35	26	79	82	60	10	69	70	103	124	83	129	123	91	113	69	50	16	116	39	100	75	25	44	104	45	133	88	100	66	99	138	11	60	120	95	126	98	88	105	52	46	80	12	50	21	58	131	40	116	127	36
0	0	0	0	0	0	0	0	0	0	0	0	0	65	113	72	32	40	41	37	136	95	120	72	24	65	130	87	59	47	114	116	86	46	134	136	39	51	29	65	25	66	23	79	19	94	21	34	30	69	73	65	125	46	30	85	68	123	101	64	38	139	33	121	16	24	108	98	38	110	10	112	122	65	21	110	40	43	127	61	13	90	116	111	58	34	59	110	102	24	62	86	78	25	13	99	23	43	124	132	106	79	94	134	29	52	24	40	38	98	119	94	97	56	78	93	84	78	72	64	47	111	63	63	73	54	45	69
0	0	0	0	0	0	0	0	0	0	0	0	0	0	32	73	50	44	127	53	21	101	116	86	40	47	39	47	65	53	11	22	97	18	47	121	91	98	103	85	126	104	110	110	95	98	20	77	92	71	62	115	80	135	16	43	129	43	126	112	84	93	127	28	38	109	34	86	116	63	62	59	15	92	59	16	122	70	82	16	85	55	46	61	43	54	69	92	117	26	67	12	35	132	30	37	21	53	73	41	127	41	19	122	127	48	119	98	110	8	115	62	66	93	114	12	41	94	70	87	25	107	112	101	19	65	121	119
0	0	0	0	0	0	0	0	0	0	0	0	0	0	0	108	103	114	54	110	39	122	38	48	15	81	28	109	129	25	79	35	120	55	107	66	115	10	57	66	127	43	25	73	133	54	123	61	121	18	105	71	82	78	95	105	114	36	15	17	85	58	77	50	27	91	45	58	73	79	46	82	130	100	27	130	7	103	83	102	75	107	128	87	110	80	132	80	96	73	24	120	111	25	131	122	76	130	86	64	112	125	107	8	90	41	51	67	57	122	52	72	50	64	12	24	53	120	112	31	69	32	9	101	44	103	29	82
0	0	0	0	0	0	0	0	0	0	0	0	0	0	0	0	100	38	111	121	75	26	116	9	64	87	72	79	111	107	18	90	62	125	48	89	89	29	126	130	27	88	76	45	61	141	14	42	24	15	103	48	88	85	54	95	124	87	70	96	143	121	27	114	100	11	45	19	78	96	96	81	55	78	47	121	84	61	30	86	22	100	20	84	32	105	116	34	95	122	105	120	119	127	71	112	139	32	29	102	18	39	89	70	60	135	127	141	98	123	98	76	132	20	41	29	7	92	102	49	79	113	23	44	62	79	10	99
0	0	0	0	0	0	0	0	0	0	0	0	0	0	0	0	0	70	117	30	65	133	54	85	82	76	101	45	21	35	130	90	96	114	62	38	81	74	82	90	117	46	90	122	56	110	11	98	60	21	93	109	102	125	29	41	128	49	56	117	52	142	29	98	92	56	116	37	30	38	27	66	20	92	31	56	19	130	19	132	69	124	93	100	113	71	78	71	110	114	42	46	72	52	90	66	95	101	102	43	79	88	51	115	59	14	61	13	22	36	69	114	50	79	40	127	131	103	128	96	42	93	77	92	125	92	76	53
0	0	0	0	0	0	0	0	0	0	0	0	0	0	0	0	0	0	136	93	4	14	36	132	57	130	43	59	107	42	57	66	88	116	52	58	90	12	137	55	99	88	94	49	106	7	32	71	33	82	58	108	117	102	142	50	94	120	53	67	127	41	48	74	113	53	14	117	54	84	125	79	6	19	66	33	74	40	71	125	108	114	81	78	61	64	36	25	124	84	35	97	49	12	124	136	50	65	73	105	68	84	33	80	29	125	17	143	39	99	79	38	127	104	132	109	26	9	42	69	91	19	133	115	99	95	101	55
0	0	0	0	0	0	0	0	0	0	0	0	0	0	0	0	0	0	0	95	102	134	105	112	107	45	32	94	30	122	91	87	26	83	143	89	112	29	93	90	78	90	86	29	87	61	94	94	24	142	65	84	55	9	107	115	38	98	32	104	142	60	34	130	20	29	60	104	68	133	76	90	27	26	11	62	129	21	80	42	140	55	16	92	31	85	98	46	37	98	49	143	39	114	80	49	66	104	62	74	89	109	132	113	41	104	13	98	112	119	28	41	130	41	112	66	125	93	61	79	24	90	112	37	52	20	110	71
0	0	0	0	0	0	0	0	0	0	0	0	0	0	0	0	0	0	0	0	78	107	64	26	58	84	94	37	71	109	22	88	40	14	120	100	74	18	87	114	66	133	53	120	113	23	86	101	23	130	89	67	20	43	57	28	23	83	103	43	69	65	71	18	14	14	109	40	46	91	112	120	84	81	49	41	68	61	41	29	115	43	130	105	52	37	56	12	29	85	79	24	55	14	33	52	59	7	36	140	126	86	52	92	23	111	102	85	35	40	147	24	20	112	111	74	52	103	21	128	70	95	51	99	123	12	58	102
0	0	0	0	0	0	0	0	0	0	0	0	0	0	0	0	0	0	0	0	0	72	104	140	11	113	85	132	60	74	15	68	71	60	30	29	121	121	27	69	89	27	114	105	89	81	18	100	17	84	106	60	17	126	67	34	99	43	62	21	130	70	20	85	21	70	100	51	111	66	139	93	90	78	10	81	119	17	133	91	93	117	79	118	113	107	93	32	97	72	25	49	55	78	5	68	89	111	42	10	55	35	50	89	10	113	109	75	6	68	97	26	105	38	42	68	104	137	65	63	92	140	63	108	21	121	123	78
0	0	0	0	0	0	0	0	0	0	0	0	0	0	0	0	0	0	0	0	0	0	30	81	45	115	133	125	71	69	76	22	119	21	84	26	96	20	39	99	52	58	11	72	139	130	107	126	43	124	57	110	48	85	57	107	39	56	40	120	41	62	70	7	81	76	65	110	96	118	27	133	104	43	32	79	137	28	98	107	36	90	63	38	20	16	44	30	74	128	72	135	44	28	79	85	79	94	147	132	139	134	14	120	43	103	43	131	37	129	68	32	15	26	64	111	124	92	102	79	128	77	26	134	53	144	107	116
0	0	0	0	0	0	0	0	0	0	0	0	0	0	0	0	0	0	0	0	0	0	0	117	84	146	31	103	70	130	69	86	106	131	14	114	83	27	57	108	26	58	34	95	27	75	94	107	127	119	104	26	103	78	121	118	27	23	116	115	110	49	75	26	125	10	87	66	35	72	89	103	117	54	135	67	108	116	13	56	75	28	119	121	110	71	91	57	11	127	53	91	36	114	80	135	33	41	122	48	88	65	130	70	74	93	136	96	122	129	106	105	72	72	60	112	91	101	54	96	86	99	14	42	19	32	50	95
0	0	0	0	0	0	0	0	0	0	0	0	0	0	0	0	0	0	0	0	0	0	0	0	45	36	104	88	68	70	134	138	19	45	113	129	102	98	138	86	41	34	82	135	46	120	88	59	123	92	115	84	32	141	135	76	110	111	28	96	109	72	99	62	23	126	127	97	74	84	127	139	103	127	63	44	72	45	48	99	80	89	129	28	27	123	95	90	135	32	100	141	102	8	58	111	128	51	25	25	33	115	44	84	97	78	114	26	79	91	51	62	54	11	55	105	24	107	62	96	57	74	141	82	21	70	94	7
0	0	0	0	0	0	0	0	0	0	0	0	0	0	0	0	0	0	0	0	0	0	0	0	0	110	135	74	97	89	122	25	66	48	39	52	99	116	13	87	121	37	52	145	88	63	28	123	65	68	31	20	40	115	123	38	70	20	23	114	87	25	31	35	104	54	122	121	84	134	64	113	87	72	124	72	28	93	57	117	64	6	125	93	130	76	56	72	60	52	30	32	74	9	27	106	131	140	91	94	131	98	93	61	78	40	100	102	26	44	97	36	62	93	33	59	85	74	113	113	136	136	57	12	132	57	104	102
0	0	0	0	0	0	0	0	0	0	0	0	0	0	0	0	0	0	0	0	0	0	0	0	0	0	37	20	147	47	141	35	32	134	42	115	42	107	62	146	149	117	74	83	45	86	104	130	117	71	67	105	19	54	60	16	103	38	38	101	31	44	88	57	137	103	125	43	98	99	131	75	61	99	123	75	88	66	89	122	55	130	33	33	123	49	15	80	81	33	92	78	83	42	98	61	103	93	89	112	56	84	135	61	34	76	67	57	57	73	26	120	114	119	113	44	71	102	64	57	145	26	67	133	73	117	73	120
0	0	0	0	0	0	0	0	0	0	0	0	0	0	0	0	0	0	0	0	0	0	0	0	0	0	0	98	87	45	27	79	85	36	97	111	72	61	46	131	110	34	52	26	65	74	67	77	143	68	102	59	60	32	10	119	87	29	30	44	68	81	88	129	112	21	41	117	113	53	109	5	109	45	140	9	141	23	121	137	113	26	9	137	99	77	27	121	52	103	82	100	35	43	119	112	26	130	133	121	16	107	144	76	44	79	120	143	97	93	118	19	87	36	42	102	99	51	98	59	76	30	140	107	14	107	127	93
0	0	0	0	0	0	0	0	0	0	0	0	0	0	0	0	0	0	0	0	0	0	0	0	0	0	0	0	82	58	131	71	100	61	120	109	116	127	113	123	104	111	144	133	55	73	13	78	59	136	126	51	59	77	9	110	48	35	72	96	72	47	4	149	66	32	108	81	62	54	153	23	54	104	53	101	65	96	95	89	38	94	84	112	122	85	79	29	83	115	71	94	74	47	17	48	31	62	105	125	10	33	135	98	75	11	117	145	74	131	145	126	87	35	26	24	142	95	147	129	109	102	155	144	66	87	23	133
0	0	0	0	0	0	0	0	0	0	0	0	0	0	0	0	0	0	0	0	0	0	0	0	0	0	0	0	0	81	83	55	33	26	81	58	93	90	94	41	36	76	102	92	41	118	60	13	38	6	83	83	129	138	118	130	124	55	69	114	130	16	18	30	82	72	75	125	85	126	46	78	145	36	78	97	45	115	43	70	54	40	51	146	94	136	21	112	23	41	150	40	18	5	55	27	119	139	54	92	43	129	50	10	59	81	34	118	62	77	76	23	41	28	112	96	116	30	58	54	144	122	16	129	95	15	40	57
0	0	0	0	0	0	0	0	0	0	0	0	0	0	0	0	0	0	0	0	0	0	0	0	0	0	0	0	0	0	110	96	40	28	102	60	134	111	24	74	43	60	62	87	87	78	59	60	114	35	74	90	138	25	145	133	127	47	80	41	37	41	49	127	131	152	67	81	29	111	130	130	93	73	119	69	127	111	149	18	68	97	112	49	113	109	111	75	43	43	64	40	37	150	118	63	143	104	29	31	140	83	35	120	64	111	16	75	114	44	51	67	126	34	91	15	37	128	132	101	108	41	40	143	129	59	71	72
0	0	0	0	0	0	0	0	0	0	0	0	0	0	0	0	0	0	0	0	0	0	0	0	0	0	0	0	0	0	0	151	59	35	26	126	28	94	44	68	62	75	82	41	94	133	78	114	70	30	125	23	70	117	100	122	72	87	6	128	88	116	53	75	100	51	133	124	123	49	77	148	95	120	82	137	99	82	83	68	41	119	21	39	102	58	77	73	140	143	110	89	109	97	103	106	145	76	104	105	9	24	26	39	107	110	18	109	63	115	83	152	44	23	87	138	105	96	139	47	47	112	86	81	18	106	66	123
0	0	0	0	0	0	0	0	0	0	0	0	0	0	0	0	0	0	0	0	0	0	0	0	0	0	0	0	0	0	0	0	70	57	57	152	131	69	38	132	29	132	59	126	67	136	98	114	17	67	133	94	67	91	51	60	47	79	56	53	109	127	63	59	133	67	68	99	60	132	86	136	142	122	148	26	76	15	31	123	29	41	94	34	113	83	147	17	119	38	130	46	28	74	101	83	100	77	121	134	125	31	122	129	135	99	124	132	109	46	55	88	34	27	78	26	46	86	69	89	27	124	143	22	46	79	113	46
0	0	0	0	0	0	0	0	0	0	0	0	0	0	0	0	0	0	0	0	0	0	0	0	0	0	0	0	0	0	0	0	0	51	60	19	81	158	131	50	118	24	118	153	85	35	72	87	119	19	38	146	43	100	63	88	84	81	77	110	107	83	74	18	135	121	147	10	61	107	89	119	112	66	99	123	99	49	84	124	86	21	145	69	112	16	118	126	65	36	40	103	134	52	140	84	137	63	29	56	49	104	82	66	79	67	158	102	123	71	58	142	60	43	19	47	61	53	73	43	151	126	67	65	59	9	110	65
0	0	0	0	0	0	0	0	0	0	0	0	0	0	0	0	0	0	0	0	0	0	0	0	0	0	0	0	0	0	0	0	0	0	114	67	67	51	14	13	54	87	69	118	27	126	122	55	63	15	105	107	133	132	131	36	33	110	71	106	116	66	111	123	136	112	104	146	131	81	78	142	70	81	41	34	84	74	25	106	74	138	52	121	137	106	60	137	62	122	50	57	30	77	107	82	123	91	155	110	106	122	67	46	124	83	49	120	78	130	94	128	47	73	100	44	121	102	46	71	41	101	63	143	139	114	113	13
0	0	0	0	0	0	0	0	0	0	0	0	0	0	0	0	0	0	0	0	0	0	0	0	0	0	0	0	0	0	0	0	0	0	0	39	45	55	111	78	88	111	100	72	134	70	96	137	68	88	101	70	3	8	67	84	23	107	111	119	96	122	80	142	72	47	86	118	50	112	83	12	121	121	129	108	120	134	64	55	74	70	110	149	17	108	120	72	113	83	108	91	60	145	39	121	105	106	42	49	85	42	83	59	37	134	128	93	127	37	28	149	137	20	150	43	127	113	22	86	64	23	111	72	137	110	78	84
0	0	0	0	0	0	0	0	0	0	0	0	0	0	0	0	0	0	0	0	0	0	0	0	0	0	0	0	0	0	0	0	0	0	0	0	80	93	111	118	27	92	93	117	87	90	65	120	32	129	33	16	126	75	116	36	126	83	110	90	163	15	82	91	29	89	39	21	87	33	34	121	94	41	131	147	45	73	52	124	71	79	123	64	97	147	53	48	128	21	83	76	131	45	108	61	90	151	89	34	52	125	24	2	57	89	129	94	18	64	104	114	120	32	93	139	72	137	126	63	74	134	131	141	141	83	52	98
0	0	0	0	0	0	0	0	0	0	0	0	0	0	0	0	0	0	0	0	0	0	0	0	0	0	0	0	0	0	0	0	0	0	0	0	0	65	67	122	106	86	107	99	116	152	43	42	35	138	30	117	42	64	111	113	46	74	94	133	67	27	69	60	130	77	51	73	109	33	78	92	56	36	130	106	76	98	136	116	49	114	160	68	109	58	94	144	123	77	132	88	67	69	27	57	146	105	143	67	92	58	61	54	113	145	121	4	38	29	93	129	57	37	62	79	46	91	68	154	146	137	154	133	26	85	56	41
0	0	0	0	0	0	0	0	0	0	0	0	0	0	0	0	0	0	0	0	0	0	0	0	0	0	0	0	0	0	0	0	0	0	0	0	0	0	125	112	39	28	35	136	125	106	40	100	33	55	22	130	63	141	100	38	92	92	101	40	117	91	48	88	122	105	111	108	30	49	95	25	39	34	20	155	24	75	115	90	113	104	48	38	26	47	50	82	98	102	21	92	104	35	61	89	60	36	86	131	86	108	48	74	13	158	36	47	117	45	131	126	90	26	119	48	19	78	52	19	43	114	131	124	97	139	47	120
0	0	0	0	0	0	0	0	0	0	0	0	0	0	0	0	0	0	0	0	0	0	0	0	0	0	0	0	0	0	0	0	0	0	0	0	0	0	0	137	143	85	55	64	39	80	14	81	103	103	55	62	46	40	144	54	28	107	58	90	46	107	56	124	106	55	39	42	16	143	132	28	156	126	141	61	65	16	107	57	81	103	38	78	159	24	101	129	126	133	106	110	124	65	89	68	62	149	77	60	28	73	150	79	127	46	153	153	105	104	83	94	64	40	69	45	126	107	71	101	52	101	128	122	99	71	82	70
0	0	0	0	0	0	0	0	0	0	0	0	0	0	0	0	0	0	0	0	0	0	0	0	0	0	0	0	0	0	0	0	0	0	0	0	0	0	0	0	144	96	115	118	114	87	145	128	152	76	42	152	132	29	52	115	49	146	57	9	43	99	90	28	43	79	150	131	110	105	126	149	61	110	134	83	148	50	63	151	40	127	112	102	49	133	160	90	156	86	9	96	57	145	78	83	162	116	98	107	61	39	134	78	83	164	98	97	20	24	52	136	70	100	20	130	49	49	35	88	122	98	29	17	79	143	65	114
0	0	0	0	0	0	0	0	0	0	0	0	0	0	0	0	0	0	0	0	0	0	0	0	0	0	0	0	0	0	0	0	0	0	0	0	0	0	0	0	0	84	63	57	100	123	130	79	114	151	60	24	130	48	65	104	8	88	19	94	112	98	147	48	118	113	104	84	101	144	73	128	63	114	94	48	61	117	141	99	61	25	56	87	3	67	73	21	118	132	42	25	51	35	108	136	112	18	38	104	82	160	52	55	46	159	159	49	117	73	21	151	133	87	44	133	138	72	9	116	91	133	130	125	57	43	141	148
0	0	0	0	0	0	0	0	0	0	0	0	0	0	0	0	0	0	0	0	0	0	0	0	0	0	0	0	0	0	0	0	0	0	0	0	0	0	0	0	0	0	78	104	72	67	125	36	81	96	104	94	127	137	26	107	97	116	141	104	98	39	78	112	108	137	48	80	160	45	129	84	79	37	128	105	64	56	124	74	84	18	120	60	79	25	18	142	68	100	82	35	39	109	40	57	37	58	76	47	71	96	30	59	167	132	94	27	104	62	55	53	103	54	145	100	63	76	142	42	65	37	133	45	136	139	81	68
0	0	0	0	0	0	0	0	0	0	0	0	0	0	0	0	0	0	0	0	0	0	0	0	0	0	0	0	0	0	0	0	0	0	0	0	0	0	0	0	0	0	0	76	80	52	72	16	118	122	47	50	72	68	13	70	145	38	90	112	86	119	26	30	32	35	28	92	29	78	88	71	107	119	34	124	76	81	143	118	107	65	94	138	41	60	39	51	46	108	143	68	64	106	50	109	54	129	61	36	47	91	39	115	76	105	151	55	41	13	47	81	38	130	156	153	23	161	94	111	52	124	75	111	53	98	125	85
0	0	0	0	0	0	0	0	0	0	0	0	0	0	0	0	0	0	0	0	0	0	0	0	0	0	0	0	0	0	0	0	0	0	0	0	0	0	0	0	0	0	0	0	88	147	136	52	42	141	40	32	132	86	124	148	138	128	23	105	50	142	85	161	140	132	61	33	41	107	122	101	73	29	19	101	131	124	106	75	37	88	54	143	31	103	84	133	67	43	37	132	27	107	133	134	112	124	47	141	12	29	127	105	150	94	104	58	30	85	86	47	149	148	96	75	52	59	86	81	78	104	71	119	110	99	67	127
0	0	0	0	0	0	0	0	0	0	0	0	0	0	0	0	0	0	0	0	0	0	0	0	0	0	0	0	0	0	0	0	0	0	0	0	0	0	0	0	0	0	0	0	0	24	49	110	85	155	52	112	86	95	37	115	107	89	124	73	66	124	158	33	80	118	45	55	73	60	92	152	82	147	120	46	99	137	42	121	86	96	131	56	69	38	119	80	51	74	117	121	111	83	59	100	140	85	90	63	105	115	138	86	133	138	57	94	87	35	44	43	86	153	20	138	85	53	130	112	61	139	116	64	137	78	26	105
0	0	0	0	0	0	0	0	0	0	0	0	0	0	0	0	0	0	0	0	0	0	0	0	0	0	0	0	0	0	0	0	0	0	0	0	0	0	0	0	0	0	0	0	0	0	97	81	12	59	106	82	87	65	39	41	20	103	59	143	78	104	15	133	84	70	134	48	67	41	142	60	88	101	51	48	126	113	53	131	138	60	80	70	109	163	119	105	19	65	86	85	12	85	105	169	67	48	73	74	69	100	111	129	64	39	80	74	101	88	84	78	77	147	126	143	111	124	37	20	96	74	113	15	80	44	62	147
0	0	0	0	0	0	0	0	0	0	0	0	0	0	0	0	0	0	0	0	0	0	0	0	0	0	0	0	0	0	0	0	0	0	0	0	0	0	0	0	0	0	0	0	0	0	0	152	67	107	50	62	66	163	79	152	78	143	48	43	135	105	42	67	83	82	117	81	50	94	48	50	72	20	80	155	122	158	124	54	110	17	136	65	130	146	39	124	95	8	74	72	69	91	87	54	59	114	75	93	70	67	116	88	110	23	22	54	128	50	161	82	89	126	117	98	40	62	47	89	60	15	27	90	26	105	36	11
0	0	0	0	0	0	0	0	0	0	0	0	0	0	0	0	0	0	0	0	0	0	0	0	0	0	0	0	0	0	0	0	0	0	0	0	0	0	0	0	0	0	0	0	0	0	0	0	82	144	81	62	46	26	104	79	142	116	70	104	68	105	167	22	69	85	29	35	39	113	83	79	58	149	143	94	33	85	72	74	128	69	114	41	39	100	154	129	116	41	116	8	35	93	118	152	44	152	99	77	129	45	115	105	153	137	33	97	152	139	4	61	118	131	58	144	114	70	126	95	122	75	57	77	114	108	130	47
0	0	0	0	0	0	0	0	0	0	0	0	0	0	0	0	0	0	0	0	0	0	0	0	0	0	0	0	0	0	0	0	0	0	0	0	0	0	0	0	0	0	0	0	0	0	0	0	0	54	72	57	111	94	73	93	106	40	117	45	107	142	124	138	139	114	78	4	60	49	102	52	145	119	94	99	83	107	143	32	63	120	62	49	36	85	169	127	62	22	131	135	164	44	151	103	10	122	71	121	49	112	127	123	89	136	25	136	62	69	56	126	84	106	132	58	73	142	53	75	66	112	139	76	43	64	147	46
0	0	0	0	0	0	0	0	0	0	0	0	0	0	0	0	0	0	0	0	0	0	0	0	0	0	0	0	0	0	0	0	0	0	0	0	0	0	0	0	0	0	0	0	0	0	0	0	0	0	68	116	128	112	93	168	56	53	47	69	67	98	91	93	110	60	69	64	144	51	46	66	68	58	86	133	128	44	106	49	45	8	108	110	152	29	129	130	132	80	121	128	114	125	118	58	18	86	120	111	121	48	100	153	99	90	78	160	151	76	119	108	130	158	76	58	160	93	82	61	32	45	66	71	113	162	106	152
0	0	0	0	0	0	0	0	0	0	0	0	0	0	0	0	0	0	0	0	0	0	0	0	0	0	0	0	0	0	0	0	0	0	0	0	0	0	0	0	0	0	0	0	0	0	0	0	0	0	0	17	142	94	106	122	54	77	53	87	21	102	124	151	99	59	35	63	175	148	64	31	109	114	151	98	138	132	94	32	103	63	102	77	91	172	105	50	96	143	24	116	151	88	139	80	117	112	144	133	80	62	46	110	47	40	116	124	41	58	154	131	121	112	100	93	125	88	35	117	110	92	52	61	124	40	115	81
0	0	0	0	0	0	0	0	0	0	0	0	0	0	0	0	0	0	0	0	0	0	0	0	0	0	0	0	0	0	0	0	0	0	0	0	0	0	0	0	0	0	0	0	0	0	0	0	0	0	0	0	93	122	75	135	110	119	52	15	131	123	87	53	126	67	50	84	135	51	159	174	66	26	90	64	124	75	156	97	113	53	120	165	56	40	129	141	110	130	45	42	73	150	77	143	90	145	63	168	73	117	128	85	103	123	107	123	85	114	130	75	115	114	73	132	132	104	81	104	42	56	161	161	68	103	74	44
0	0	0	0	0	0	0	0	0	0	0	0	0	0	0	0	0	0	0	0	0	0	0	0	0	0	0	0	0	0	0	0	0	0	0	0	0	0	0	0	0	0	0	0	0	0	0	0	0	0	0	0	0	143	73	58	130	64	159	143	123	51	140	76	77	76	149	99	74	139	152	49	101	68	10	79	149	91	103	87	22	20	52	28	140	47	35	79	75	89	80	49	94	106	94	122	63	122	28	90	50	110	41	94	145	81	86	107	147	165	169	88	136	103	93	68	127	88	66	130	110	126	86	46	155	165	52	103
0	0	0	0	0	0	0	0	0	0	0	0	0	0	0	0	0	0	0	0	0	0	0	0	0	0	0	0	0	0	0	0	0	0	0	0	0	0	0	0	0	0	0	0	0	0	0	0	0	0	0	0	0	0	121	119	140	112	106	20	146	61	83	53	102	68	145	50	126	95	121	144	40	106	69	106	103	88	108	134	71	56	53	125	47	16	112	49	83	9	23	45	11	34	131	42	103	133	72	23	35	62	72	52	15	85	149	114	74	61	22	20	73	54	60	98	96	100	24	80	52	145	53	63	163	142	70	106
0	0	0	0	0	0	0	0	0	0	0	0	0	0	0	0	0	0	0	0	0	0	0	0	0	0	0	0	0	0	0	0	0	0	0	0	0	0	0	0	0	0	0	0	0	0	0	0	0	0	0	0	0	0	0	90	98	107	128	137	140	48	148	131	65	114	32	45	109	47	58	37	58	68	141	52	131	56	110	99	148	89	102	82	148	32	127	99	98	46	74	90	118	112	116	130	96	55	85	9	156	111	73	23	49	116	81	151	88	40	147	102	115	105	90	104	48	136	110	63	87	55	169	84	44	24	131	49
0	0	0	0	0	0	0	0	0	0	0	0	0	0	0	0	0	0	0	0	0	0	0	0	0	0	0	0	0	0	0	0	0	0	0	0	0	0	0	0	0	0	0	0	0	0	0	0	0	0	0	0	0	0	0	0	26	111	76	62	84	84	24	48	134	31	69	16	154	63	143	83	83	125	137	54	170	124	91	160	50	32	139	107	96	82	73	106	19	18	130	29	127	62	114	81	67	105	96	75	99	96	36	153	42	122	99	54	36	128	41	119	109	139	49	117	103	128	120	93	100	67	61	114	128	36	115	151
0	0	0	0	0	0	0	0	0	0	0	0	0	0	0	0	0	0	0	0	0	0	0	0	0	0	0	0	0	0	0	0	0	0	0	0	0	0	0	0	0	0	0	0	0	0	0	0	0	0	0	0	0	0	0	0	0	58	97	124	48	139	70	120	92	64	60	52	25	87	19	81	117	37	114	60	153	111	152	88	93	169	160	84	86	16	80	75	129	24	51	166	181	123	123	109	86	52	126	98	158	102	20	56	82	92	145	109	75	123	15	100	170	128	37	107	139	128	33	175	90	99	85	40	26	154	153	147
0	0	0	0	0	0	0	0	0	0	0	0	0	0	0	0	0	0	0	0	0	0	0	0	0	0	0	0	0	0	0	0	0	0	0	0	0	0	0	0	0	0	0	0	0	0	0	0	0	0	0	0	0	0	0	0	0	0	151	48	58	167	96	98	147	92	17	58	147	82	80	123	136	31	59	86	83	112	81	71	122	61	71	157	165	48	27	112	75	31	105	87	146	167	109	141	49	160	90	146	155	103	42	6	118	56	92	116	182	128	19	103	66	165	62	150	155	146	118	30	116	65	129	58	25	149	61	113
0	0	0	0	0	0	0	0	0	0	0	0	0	0	0	0	0	0	0	0	0	0	0	0	0	0	0	0	0	0	0	0	0	0	0	0	0	0	0	0	0	0	0	0	0	0	0	0	0	0	0	0	0	0	0	0	0	0	0	139	90	147	139	53	56	52	113	128	144	99	177	55	77	108	25	158	83	91	63	146	115	49	68	86	40	25	46	64	65	137	85	102	67	88	170	26	136	75	29	14	128	132	94	88	31	124	46	109	116	107	43	141	104	113	134	160	116	101	54	81	101	96	178	171	47	146	77	92
0	0	0	0	0	0	0	0	0	0	0	0	0	0	0	0	0	0	0	0	0	0	0	0	0	0	0	0	0	0	0	0	0	0	0	0	0	0	0	0	0	0	0	0	0	0	0	0	0	0	0	0	0	0	0	0	0	0	0	0	141	33	130	129	101	45	48	149	78	155	60	114	132	83	121	112	146	42	11	74	158	73	109	168	88	58	61	93	158	72	94	112	85	45	82	66	146	21	24	166	43	154	54	45	133	69	70	149	51	28	34	38	47	32	53	75	112	35	28	65	123	87	60	57	118	80	56	166
0	0	0	0	0	0	0	0	0	0	0	0	0	0	0	0	0	0	0	0	0	0	0	0	0	0	0	0	0	0	0	0	0	0	0	0	0	0	0	0	0	0	0	0	0	0	0	0	0	0	0	0	0	0	0	0	0	0	0	0	0	127	74	76	64	173	57	73	72	45	149	57	100	21	92	90	133	117	105	50	132	79	55	13	130	176	140	94	115	86	58	104	146	152	45	100	100	34	77	79	178	112	14	77	26	29	139	73	59	126	87	67	31	42	49	58	114	91	94	64	123	55	43	163	118	47	62	54
0	0	0	0	0	0	0	0	0	0	0	0	0	0	0	0	0	0	0	0	0	0	0	0	0	0	0	0	0	0	0	0	0	0	0	0	0	0	0	0	0	0	0	0	0	0	0	0	0	0	0	0	0	0	0	0	0	0	0	0	0	0	143	88	32	168	10	62	135	65	31	58	85	127	79	22	81	123	25	69	56	107	55	52	96	79	38	50	139	98	133	71	37	163	149	60	149	86	102	106	133	104	81	49	169	63	132	47	90	55	68	98	89	76	87	150	146	112	78	51	148	59	127	156	145	106	108	101
0	0	0	0	0	0	0	0	0	0	0	0	0	0	0	0	0	0	0	0	0	0	0	0	0	0	0	0	0	0	0	0	0	0	0	0	0	0	0	0	0	0	0	0	0	0	0	0	0	0	0	0	0	0	0	0	0	0	0	0	0	0	0	42	116	82	176	100	55	117	18	94	132	71	60	147	138	41	72	39	138	49	61	55	59	67	93	32	108	42	72	141	142	124	99	144	32	113	91	95	160	152	136	17	120	112	86	162	73	136	108	85	54	111	124	139	109	86	64	172	33	81	31	77	32	69	111	89
0	0	0	0	0	0	0	0	0	0	0	0	0	0	0	0	0	0	0	0	0	0	0	0	0	0	0	0	0	0	0	0	0	0	0	0	0	0	0	0	0	0	0	0	0	0	0	0	0	0	0	0	0	0	0	0	0	0	0	0	0	0	0	0	148	123	129	155	135	35	72	144	96	130	103	69	63	145	97	59	61	46	112	79	153	163	74	94	75	153	50	42	63	50	71	140	82	168	47	80	100	41	95	57	104	64	75	50	92	29	168	140	136	132	131	159	105	64	38	127	31	172	151	13	56	58	63	126
0	0	0	0	0	0	0	0	0	0	0	0	0	0	0	0	0	0	0	0	0	0	0	0	0	0	0	0	0	0	0	0	0	0	0	0	0	0	0	0	0	0	0	0	0	0	0	0	0	0	0	0	0	0	0	0	0	0	0	0	0	0	0	0	0	125	32	123	77	131	98	28	136	45	146	68	68	42	130	67	85	143	45	166	81	83	89	78	149	149	61	138	74	133	66	156	151	94	91	162	156	75	34	77	160	129	101	59	126	42	95	44	158	58	181	117	125	54	146	72	105	153	161	105	24	130	39	122
0	0	0	0	0	0	0	0	0	0	0	0	0	0	0	0	0	0	0	0	0	0	0	0	0	0	0	0	0	0	0	0	0	0	0	0	0	0	0	0	0	0	0	0	0	0	0	0	0	0	0	0	0	0	0	0	0	0	0	0	0	0	0	0	0	0	110	94	102	116	44	91	88	182	118	68	61	47	119	111	73	76	99	97	15	135	105	120	34	140	60	139	48	93	52	150	66	135	101	60	90	87	130	191	96	171	62	108	106	151	135	144	71	88	58	83	99	81	153	52	57	135	114	174	41	120	106	141
0	0	0	0	0	0	0	0	0	0	0	0	0	0	0	0	0	0	0	0	0	0	0	0	0	0	0	0	0	0	0	0	0	0	0	0	0	0	0	0	0	0	0	0	0	0	0	0	0	0	0	0	0	0	0	0	0	0	0	0	0	0	0	0	0	0	0	55	165	109	95	126	12	80	60	168	179	145	141	130	98	19	96	190	23	56	101	96	132	153	24	42	105	68	167	82	84	57	126	140	162	124	82	71	122	91	49	93	156	110	113	132	76	105	105	162	158	129	148	126	162	156	146	87	70	127	32	65
0	0	0	0	0	0	0	0	0	0	0	0	0	0	0	0	0	0	0	0	0	0	0	0	0	0	0	0	0	0	0	0	0	0	0	0	0	0	0	0	0	0	0	0	0	0	0	0	0	0	0	0	0	0	0	0	0	0	0	0	0	0	0	0	0	0	0	0	32	103	50	58	144	175	44	58	128	50	146	81	116	125	55	97	65	94	156	156	133	101	166	102	104	123	122	84	65	147	65	101	36	116	94	70	129	172	89	107	123	96	177	126	79	176	76	86	138	58	106	28	174	130	126	165	159	133	121	30
0	0	0	0	0	0	0	0	0	0	0	0	0	0	0	0	0	0	0	0	0	0	0	0	0	0	0	0	0	0	0	0	0	0	0	0	0	0	0	0	0	0	0	0	0	0	0	0	0	0	0	0	0	0	0	0	0	0	0	0	0	0	0	0	0	0	0	0	0	67	38	63	103	107	97	80	141	180	20	143	37	171	155	112	98	102	83	32	94	29	62	106	27	82	101	136	80	75	82	65	117	72	131	45	97	91	83	150	144	188	191	111	197	137	94	58	88	53	132	57	98	103	64	40	96	138	159	128
0	0	0	0	0	0	0	0	0	0	0	0	0	0	0	0	0	0	0	0	0	0	0	0	0	0	0	0	0	0	0	0	0	0	0	0	0	0	0	0	0	0	0	0	0	0	0	0	0	0	0	0	0	0	0	0	0	0	0	0	0	0	0	0	0	0	0	0	0	0	68	20	125	126	166	118	160	51	116	117	151	42	81	156	56	117	166	171	100	184	36	120	38	142	154	161	172	50	15	171	89	122	150	57	86	160	78	24	138	126	127	111	62	103	14	51	67	169	89	44	101	70	18	23	81	47	66	105
0	0	0	0	0	0	0	0	0	0	0	0	0	0	0	0	0	0	0	0	0	0	0	0	0	0	0	0	0	0	0	0	0	0	0	0	0	0	0	0	0	0	0	0	0	0	0	0	0	0	0	0	0	0	0	0	0	0	0	0	0	0	0	0	0	0	0	0	0	0	0	90	43	25	126	123	98	123	70	84	83	87	33	90	80	127	95	140	137	58	177	115	157	80	73	58	140	143	97	152	46	132	123	62	106	153	143	92	39	127	145	120	175	129	30	45	59	79	86	167	74	138	23	111	91	172	180	97
0	0	0	0	0	0	0	0	0	0	0	0	0	0	0	0	0	0	0	0	0	0	0	0	0	0	0	0	0	0	0	0	0	0	0	0	0	0	0	0	0	0	0	0	0	0	0	0	0	0	0	0	0	0	0	0	0	0	0	0	0	0	0	0	0	0	0	0	0	0	0	0	150	24	44	54	133	126	150	79	140	60	89	74	68	110	177	118	79	102	141	120	84	38	117	121	80	125	101	109	146	197	87	128	102	81	104	65	163	145	103	193	196	67	94	71	167	75	92	78	173	60	121	74	111	121	99	68
0	0	0	0	0	0	0	0	0	0	0	0	0	0	0	0	0	0	0	0	0	0	0	0	0	0	0	0	0	0	0	0	0	0	0	0	0	0	0	0	0	0	0	0	0	0	0	0	0	0	0	0	0	0	0	0	0	0	0	0	0	0	0	0	0	0	0	0	0	0	0	0	0	170	65	134	64	85	29	88	106	25	143	100	108	141	150	40	101	181	72	92	194	146	134	180	120	143	60	102	105	125	181	85	139	100	143	5	90	45	103	144	106	82	129	56	75	62	174	84	70	35	128	65	97	50	97	54
0	0	0	0	0	0	0	0	0	0	0	0	0	0	0	0	0	0	0	0	0	0	0	0	0	0	0	0	0	0	0	0	0	0	0	0	0	0	0	0	0	0	0	0	0	0	0	0	0	0	0	0	0	0	0	0	0	0	0	0	0	0	0	0	0	0	0	0	0	0	0	0	0	0	130	114	78	86	134	197	90	38	158	111	172	101	25	33	75	80	130	117	134	121	131	129	47	167	49	39	78	156	106	31	139	118	97	115	43	150	37	137	79	133	127	37	132	84	78	71	99	80	71	163	86	136	65	133
0	0	0	0	0	0	0	0	0	0	0	0	0	0	0	0	0	0	0	0	0	0	0	0	0	0	0	0	0	0	0	0	0	0	0	0	0	0	0	0	0	0	0	0	0	0	0	0	0	0	0	0	0	0	0	0	0	0	0	0	0	0	0	0	0	0	0	0	0	0	0	0	0	0	0	51	38	125	166	24	150	180	153	83	127	84	91	182	97	168	32	106	95	82	63	79	151	102	119	109	78	113	97	127	28	99	72	96	98	174	133	109	97	192	87	158	134	134	98	102	144	59	84	168	163	124	90	135
0	0	0	0	0	0	0	0	0	0	0	0	0	0	0	0	0	0	0	0	0	0	0	0	0	0	0	0	0	0	0	0	0	0	0	0	0	0	0	0	0	0	0	0	0	0	0	0	0	0	0	0	0	0	0	0	0	0	0	0	0	0	0	0	0	0	0	0	0	0	0	0	0	0	0	0	111	12	130	78	155	60	98	155	60	84	107	112	85	30	79	100	172	101	131	148	73	102	202	118	101	58	107	163	90	158	82	133	159	53	28	197	87	107	61	139	72	94	42	128	76	180	46	28	13	98	56	121
0	0	0	0	0	0	0	0	0	0	0	0	0	0	0	0	0	0	0	0	0	0	0	0	0	0	0	0	0	0	0	0	0	0	0	0	0	0	0	0	0	0	0	0	0	0	0	0	0	0	0	0	0	0	0	0	0	0	0	0	0	0	0	0	0	0	0	0	0	0	0	0	0	0	0	0	0	71	141	142	142	181	125	68	127	73	122	89	16	29	39	16	157	145	109	42	57	155	47	124	88	107	55	102	96	146	145	58	140	47	80	49	107	96	32	132	121	201	102	90	126	124	65	120	86	163	134	126
0	0	0	0	0	0	0	0	0	0	0	0	0	0	0	0	0	0	0	0	0	0	0	0	0	0	0	0	0	0	0	0	0	0	0	0	0	0	0	0	0	0	0	0	0	0	0	0	0	0	0	0	0	0	0	0	0	0	0	0	0	0	0	0	0	0	0	0	0	0	0	0	0	0	0	0	0	0	144	160	102	83	63	182	50	54	25	27	28	91	158	98	92	122	137	56	81	108	120	185	164	60	95	88	57	101	53	90	84	70	114	96	158	132	123	180	112	72	71	84	130	70	52	50	126	103	127	70
0	0	0	0	0	0	0	0	0	0	0	0	0	0	0	0	0	0	0	0	0	0	0	0	0	0	0	0	0	0	0	0	0	0	0	0	0	0	0	0	0	0	0	0	0	0	0	0	0	0	0	0	0	0	0	0	0	0	0	0	0	0	0	0	0	0	0	0	0	0	0	0	0	0	0	0	0	0	0	135	92	122	96	111	108	154	129	149	133	59	25	126	59	129	119	89	186	132	129	152	114	169	85	139	49	164	172	58	83	46	69	53	22	175	182	154	139	96	122	79	167	175	204	121	74	81	148	116
0	0	0	0	0	0	0	0	0	0	0	0	0	0	0	0	0	0	0	0	0	0	0	0	0	0	0	0	0	0	0	0	0	0	0	0	0	0	0	0	0	0	0	0	0	0	0	0	0	0	0	0	0	0	0	0	0	0	0	0	0	0	0	0	0	0	0	0	0	0	0	0	0	0	0	0	0	0	0	0	120	133	108	168	82	145	137	76	87	96	145	170	129	89	103	160	80	118	75	155	122	129	155	31	108	133	24	105	100	159	86	77	163	56	150	141	118	172	108	178	106	113	46	93	69	141	162	65
0	0	0	0	0	0	0	0	0	0	0	0	0	0	0	0	0	0	0	0	0	0	0	0	0	0	0	0	0	0	0	0	0	0	0	0	0	0	0	0	0	0	0	0	0	0	0	0	0	0	0	0	0	0	0	0	0	0	0	0	0	0	0	0	0	0	0	0	0	0	0	0	0	0	0	0	0	0	0	0	0	27	95	130	106	50	35	200	118	180	141	177	103	113	189	155	137	135	128	161	39	68	155	39	76	110	43	60	132	96	177	109	117	74	72	79	146	152	54	89	92	99	84	182	101	70	107	106
0	0	0	0	0	0	0	0	0	0	0	0	0	0	0	0	0	0	0	0	0	0	0	0	0	0	0	0	0	0	0	0	0	0	0	0	0	0	0	0	0	0	0	0	0	0	0	0	0	0	0	0	0	0	0	0	0	0	0	0	0	0	0	0	0	0	0	0	0	0	0	0	0	0	0	0	0	0	0	0	0	0	100	126	118	115	177	104	18	102	122	95	84	132	101	54	67	47	72	175	18	172	117	98	155	143	114	62	9	134	99	53	84	52	29	143	90	159	52	58	163	75	108	108	153	57	100	41
0	0	0	0	0	0	0	0	0	0	0	0	0	0	0	0	0	0	0	0	0	0	0	0	0	0	0	0	0	0	0	0	0	0	0	0	0	0	0	0	0	0	0	0	0	0	0	0	0	0	0	0	0	0	0	0	0	0	0	0	0	0	0	0	0	0	0	0	0	0	0	0	0	0	0	0	0	0	0	0	0	0	0	54	95	131	89	123	118	138	148	138	110	153	133	129	85	162	153	87	50	125	128	124	128	57	184	89	56	89	28	135	104	78	53	147	26	70	114	198	53	106	16	200	108	120	167	133
0	0	0	0	0	0	0	0	0	0	0	0	0	0	0	0	0	0	0	0	0	0	0	0	0	0	0	0	0	0	0	0	0	0	0	0	0	0	0	0	0	0	0	0	0	0	0	0	0	0	0	0	0	0	0	0	0	0	0	0	0	0	0	0	0	0	0	0	0	0	0	0	0	0	0	0	0	0	0	0	0	0	0	0	120	124	142	115	105	83	123	134	192	114	97	77	107	167	46	147	183	142	110	151	122	114	33	84	58	120	33	120	189	95	116	21	194	114	144	120	85	57	35	90	121	115	175	95
0	0	0	0	0	0	0	0	0	0	0	0	0	0	0	0	0	0	0	0	0	0	0	0	0	0	0	0	0	0	0	0	0	0	0	0	0	0	0	0	0	0	0	0	0	0	0	0	0	0	0	0	0	0	0	0	0	0	0	0	0	0	0	0	0	0	0	0	0	0	0	0	0	0	0	0	0	0	0	0	0	0	0	0	0	56	52	86	200	86	133	147	50	151	102	180	130	161	209	54	43	191	94	189	63	164	135	87	182	106	115	126	92	159	118	72	140	132	95	112	110	106	129	107	74	37	132	140
0	0	0	0	0	0	0	0	0	0	0	0	0	0	0	0	0	0	0	0	0	0	0	0	0	0	0	0	0	0	0	0	0	0	0	0	0	0	0	0	0	0	0	0	0	0	0	0	0	0	0	0	0	0	0	0	0	0	0	0	0	0	0	0	0	0	0	0	0	0	0	0	0	0	0	0	0	0	0	0	0	0	0	0	0	0	109	202	50	160	138	140	148	61	80	198	117	203	57	122	62	142	60	68	92	92	140	155	151	102	97	53	55	90	158	77	55	193	34	86	129	162	27	47	116	119	176	116
0	0	0	0	0	0	0	0	0	0	0	0	0	0	0	0	0	0	0	0	0	0	0	0	0	0	0	0	0	0	0	0	0	0	0	0	0	0	0	0	0	0	0	0	0	0	0	0	0	0	0	0	0	0	0	0	0	0	0	0	0	0	0	0	0	0	0	0	0	0	0	0	0	0	0	0	0	0	0	0	0	0	0	0	0	0	0	43	150	37	184	87	163	87	96	89	132	118	109	105	89	40	134	197	10	119	47	97	74	58	116	179	82	135	86	153	88	159	59	136	92	93	59	194	66	38	92	181
0	0	0	0	0	0	0	0	0	0	0	0	0	0	0	0	0	0	0	0	0	0	0	0	0	0	0	0	0	0	0	0	0	0	0	0	0	0	0	0	0	0	0	0	0	0	0	0	0	0	0	0	0	0	0	0	0	0	0	0	0	0	0	0	0	0	0	0	0	0	0	0	0	0	0	0	0	0	0	0	0	0	0	0	0	0	0	0	119	29	113	215	6	175	161	133	38	175	28	104	104	102	77	150	142	71	80	111	179	103	49	132	113	121	96	163	85	58	88	20	71	95	72	154	138	64	63	142
0	0	0	0	0	0	0	0	0	0	0	0	0	0	0	0	0	0	0	0	0	0	0	0	0	0	0	0	0	0	0	0	0	0	0	0	0	0	0	0	0	0	0	0	0	0	0	0	0	0	0	0	0	0	0	0	0	0	0	0	0	0	0	0	0	0	0	0	0	0	0	0	0	0	0	0	0	0	0	0	0	0	0	0	0	0	0	0	0	169	112	133	106	79	114	89	57	18	61	171	77	125	66	151	94	100	123	138	52	189	79	84	50	39	101	103	97	58	138	50	93	64	48	90	160	92	176	67
0	0	0	0	0	0	0	0	0	0	0	0	0	0	0	0	0	0	0	0	0	0	0	0	0	0	0	0	0	0	0	0	0	0	0	0	0	0	0	0	0	0	0	0	0	0	0	0	0	0	0	0	0	0	0	0	0	0	0	0	0	0	0	0	0	0	0	0	0	0	0	0	0	0	0	0	0	0	0	0	0	0	0	0	0	0	0	0	0	0	126	118	54	99	133	111	77	99	79	157	153	137	115	102	50	145	146	135	152	116	146	104	35	119	93	48	15	129	83	73	136	188	80	135	117	117	82	190
0	0	0	0	0	0	0	0	0	0	0	0	0	0	0	0	0	0	0	0	0	0	0	0	0	0	0	0	0	0	0	0	0	0	0	0	0	0	0	0	0	0	0	0	0	0	0	0	0	0	0	0	0	0	0	0	0	0	0	0	0	0	0	0	0	0	0	0	0	0	0	0	0	0	0	0	0	0	0	0	0	0	0	0	0	0	0	0	0	0	0	131	98	145	105	118	89	173	149	96	94	65	44	56	124	110	118	100	113	156	126	97	67	127	17	43	123	23	97	127	137	104	135	68	154	66	165	197
0	0	0	0	0	0	0	0	0	0	0	0	0	0	0	0	0	0	0	0	0	0	0	0	0	0	0	0	0	0	0	0	0	0	0	0	0	0	0	0	0	0	0	0	0	0	0	0	0	0	0	0	0	0	0	0	0	0	0	0	0	0	0	0	0	0	0	0	0	0	0	0	0	0	0	0	0	0	0	0	0	0	0	0	0	0	0	0	0	0	0	0	85	136	47	63	110	102	118	150	185	129	188	117	35	66	145	33	56	90	34	78	95	166	170	206	165	129	183	173	135	84	47	187	31	129	189	140
0	0	0	0	0	0	0	0	0	0	0	0	0	0	0	0	0	0	0	0	0	0	0	0	0	0	0	0	0	0	0	0	0	0	0	0	0	0	0	0	0	0	0	0	0	0	0	0	0	0	0	0	0	0	0	0	0	0	0	0	0	0	0	0	0	0	0	0	0	0	0	0	0	0	0	0	0	0	0	0	0	0	0	0	0	0	0	0	0	0	0	0	0	98	33	86	81	75	108	148	81	125	149	158	149	77	199	155	106	71	63	143	143	45	132	90	72	145	40	180	159	176	44	42	168	128	197	150
0	0	0	0	0	0	0	0	0	0	0	0	0	0	0	0	0	0	0	0	0	0	0	0	0	0	0	0	0	0	0	0	0	0	0	0	0	0	0	0	0	0	0	0	0	0	0	0	0	0	0	0	0	0	0	0	0	0	0	0	0	0	0	0	0	0	0	0	0	0	0	0	0	0	0	0	0	0	0	0	0	0	0	0	0	0	0	0	0	0	0	0	0	0	175	103	108	155	191	117	144	116	150	73	33	146	102	100	114	120	143	129	66	72	38	79	121	56	15	202	83	167	65	159	107	149	113	64
0	0	0	0	0	0	0	0	0	0	0	0	0	0	0	0	0	0	0	0	0	0	0	0	0	0	0	0	0	0	0	0	0	0	0	0	0	0	0	0	0	0	0	0	0	0	0	0	0	0	0	0	0	0	0	0	0	0	0	0	0	0	0	0	0	0	0	0	0	0	0	0	0	0	0	0	0	0	0	0	0	0	0	0	0	0	0	0	0	0	0	0	0	0	0	22	159	117	72	70	190	109	152	103	162	73	148	22	196	137	88	172	76	163	123	139	49	96	154	84	118	61	122	88	93	105	142	42
0	0	0	0	0	0	0	0	0	0	0	0	0	0	0	0	0	0	0	0	0	0	0	0	0	0	0	0	0	0	0	0	0	0	0	0	0	0	0	0	0	0	0	0	0	0	0	0	0	0	0	0	0	0	0	0	0	0	0	0	0	0	0	0	0	0	0	0	0	0	0	0	0	0	0	0	0	0	0	0	0	0	0	0	0	0	0	0	0	0	0	0	0	0	0	0	74	215	134	176	179	142	178	40	82	33	127	148	115	85	108	139	27	171	75	35	127	149	176	207	148	171	138	150	116	186	75	203
0	0	0	0	0	0	0	0	0	0	0	0	0	0	0	0	0	0	0	0	0	0	0	0	0	0	0	0	0	0	0	0	0	0	0	0	0	0	0	0	0	0	0	0	0	0	0	0	0	0	0	0	0	0	0	0	0	0	0	0	0	0	0	0	0	0	0	0	0	0	0	0	0	0	0	0	0	0	0	0	0	0	0	0	0	0	0	0	0	0	0	0	0	0	0	0	0	139	49	49	159	138	89	80	169	168	138	77	77	49	83	119	181	127	155	122	106	101	166	160	125	89	112	174	18	141	151	92
0	0	0	0	0	0	0	0	0	0	0	0	0	0	0	0	0	0	0	0	0	0	0	0	0	0	0	0	0	0	0	0	0	0	0	0	0	0	0	0	0	0	0	0	0	0	0	0	0	0	0	0	0	0	0	0	0	0	0	0	0	0	0	0	0	0	0	0	0	0	0	0	0	0	0	0	0	0	0	0	0	0	0	0	0	0	0	0	0	0	0	0	0	0	0	0	0	0	113	178	154	76	44	116	180	61	126	55	57	134	146	78	110	86	102	101	173	110	186	123	87	139	203	162	173	85	183	128
0	0	0	0	0	0	0	0	0	0	0	0	0	0	0	0	0	0	0	0	0	0	0	0	0	0	0	0	0	0	0	0	0	0	0	0	0	0	0	0	0	0	0	0	0	0	0	0	0	0	0	0	0	0	0	0	0	0	0	0	0	0	0	0	0	0	0	0	0	0	0	0	0	0	0	0	0	0	0	0	0	0	0	0	0	0	0	0	0	0	0	0	0	0	0	0	0	0	0	141	151	133	108	154	125	71	129	115	126	91	139	146	87	89	149	120	195	21	145	103	86	59	156	112	98	55	62	132
0	0	0	0	0	0	0	0	0	0	0	0	0	0	0	0	0	0	0	0	0	0	0	0	0	0	0	0	0	0	0	0	0	0	0	0	0	0	0	0	0	0	0	0	0	0	0	0	0	0	0	0	0	0	0	0	0	0	0	0	0	0	0	0	0	0	0	0	0	0	0	0	0	0	0	0	0	0	0	0	0	0	0	0	0	0	0	0	0	0	0	0	0	0	0	0	0	0	0	0	152	74	70	128	181	78	105	16	210	93	128	113	128	58	181	154	125	155	93	151	143	16	170	78	75	179	143	177
0	0	0	0	0	0	0	0	0	0	0	0	0	0	0	0	0	0	0	0	0	0	0	0	0	0	0	0	0	0	0	0	0	0	0	0	0	0	0	0	0	0	0	0	0	0	0	0	0	0	0	0	0	0	0	0	0	0	0	0	0	0	0	0	0	0	0	0	0	0	0	0	0	0	0	0	0	0	0	0	0	0	0	0	0	0	0	0	0	0	0	0	0	0	0	0	0	0	0	0	0	60	183	54	125	173	170	75	141	35	48	107	34	155	35	135	136	189	126	206	192	105	162	136	20	67	87	206
0	0	0	0	0	0	0	0	0	0	0	0	0	0	0	0	0	0	0	0	0	0	0	0	0	0	0	0	0	0	0	0	0	0	0	0	0	0	0	0	0	0	0	0	0	0	0	0	0	0	0	0	0	0	0	0	0	0	0	0	0	0	0	0	0	0	0	0	0	0	0	0	0	0	0	0	0	0	0	0	0	0	0	0	0	0	0	0	0	0	0	0	0	0	0	0	0	0	0	0	0	0	166	149	122	107	137	167	145	107	160	106	155	106	134	109	124	66	113	148	220	17	167	105	93	128	42	131
0	0	0	0	0	0	0	0	0	0	0	0	0	0	0	0	0	0	0	0	0	0	0	0	0	0	0	0	0	0	0	0	0	0	0	0	0	0	0	0	0	0	0	0	0	0	0	0	0	0	0	0	0	0	0	0	0	0	0	0	0	0	0	0	0	0	0	0	0	0	0	0	0	0	0	0	0	0	0	0	0	0	0	0	0	0	0	0	0	0	0	0	0	0	0	0	0	0	0	0	0	0	0	207	159	145	143	179	127	131	138	106	110	189	14	58	131	46	64	75	86	127	143	116	90	125	128	39
0	0	0	0	0	0	0	0	0	0	0	0	0	0	0	0	0	0	0	0	0	0	0	0	0	0	0	0	0	0	0	0	0	0	0	0	0	0	0	0	0	0	0	0	0	0	0	0	0	0	0	0	0	0	0	0	0	0	0	0	0	0	0	0	0	0	0	0	0	0	0	0	0	0	0	0	0	0	0	0	0	0	0	0	0	0	0	0	0	0	0	0	0	0	0	0	0	0	0	0	0	0	0	0	11	195	152	145	117	63	59	83	37	133	11	108	230	119	158	73	54	102	153	106	88	57	85	179
0	0	0	0	0	0	0	0	0	0	0	0	0	0	0	0	0	0	0	0	0	0	0	0	0	0	0	0	0	0	0	0	0	0	0	0	0	0	0	0	0	0	0	0	0	0	0	0	0	0	0	0	0	0	0	0	0	0	0	0	0	0	0	0	0	0	0	0	0	0	0	0	0	0	0	0	0	0	0	0	0	0	0	0	0	0	0	0	0	0	0	0	0	0	0	0	0	0	0	0	0	0	0	0	0	109	143	42	165	165	161	164	93	82	30	117	95	131	94	192	56	85	54	18	83	10	157	70
0	0	0	0	0	0	0	0	0	0	0	0	0	0	0	0	0	0	0	0	0	0	0	0	0	0	0	0	0	0	0	0	0	0	0	0	0	0	0	0	0	0	0	0	0	0	0	0	0	0	0	0	0	0	0	0	0	0	0	0	0	0	0	0	0	0	0	0	0	0	0	0	0	0	0	0	0	0	0	0	0	0	0	0	0	0	0	0	0	0	0	0	0	0	0	0	0	0	0	0	0	0	0	0	0	0	164	225	94	133	164	194	99	66	82	191	198	114	67	143	120	76	204	81	99	122	86	62
0	0	0	0	0	0	0	0	0	0	0	0	0	0	0	0	0	0	0	0	0	0	0	0	0	0	0	0	0	0	0	0	0	0	0	0	0	0	0	0	0	0	0	0	0	0	0	0	0	0	0	0	0	0	0	0	0	0	0	0	0	0	0	0	0	0	0	0	0	0	0	0	0	0	0	0	0	0	0	0	0	0	0	0	0	0	0	0	0	0	0	0	0	0	0	0	0	0	0	0	0	0	0	0	0	0	0	151	183	154	135	185	144	88	146	195	78	105	145	158	192	226	91	64	165	171	97	69
0	0	0	0	0	0	0	0	0	0	0	0	0	0	0	0	0	0	0	0	0	0	0	0	0	0	0	0	0	0	0	0	0	0	0	0	0	0	0	0	0	0	0	0	0	0	0	0	0	0	0	0	0	0	0	0	0	0	0	0	0	0	0	0	0	0	0	0	0	0	0	0	0	0	0	0	0	0	0	0	0	0	0	0	0	0	0	0	0	0	0	0	0	0	0	0	0	0	0	0	0	0	0	0	0	0	0	0	65	109	52	145	196	169	112	172	96	156	88	178	157	197	127	71	199	161	112	48
0	0	0	0	0	0	0	0	0	0	0	0	0	0	0	0	0	0	0	0	0	0	0	0	0	0	0	0	0	0	0	0	0	0	0	0	0	0	0	0	0	0	0	0	0	0	0	0	0	0	0	0	0	0	0	0	0	0	0	0	0	0	0	0	0	0	0	0	0	0	0	0	0	0	0	0	0	0	0	0	0	0	0	0	0	0	0	0	0	0	0	0	0	0	0	0	0	0	0	0	0	0	0	0	0	0	0	0	0	49	165	70	217	132	135	203	106	124	120	175	136	127	137	143	160	136	112	40
0	0	0	0	0	0	0	0	0	0	0	0	0	0	0	0	0	0	0	0	0	0	0	0	0	0	0	0	0	0	0	0	0	0	0	0	0	0	0	0	0	0	0	0	0	0	0	0	0	0	0	0	0	0	0	0	0	0	0	0	0	0	0	0	0	0	0	0	0	0	0	0	0	0	0	0	0	0	0	0	0	0	0	0	0	0	0	0	0	0	0	0	0	0	0	0	0	0	0	0	0	0	0	0	0	0	0	0	0	0	105	162	21	102	129	108	22	198	178	155	182	169	78	174	114	117	216	120
0	0	0	0	0	0	0	0	0	0	0	0	0	0	0	0	0	0	0	0	0	0	0	0	0	0	0	0	0	0	0	0	0	0	0	0	0	0	0	0	0	0	0	0	0	0	0	0	0	0	0	0	0	0	0	0	0	0	0	0	0	0	0	0	0	0	0	0	0	0	0	0	0	0	0	0	0	0	0	0	0	0	0	0	0	0	0	0	0	0	0	0	0	0	0	0	0	0	0	0	0	0	0	0	0	0	0	0	0	0	0	194	31	154	152	32	93	101	122	142	66	157	211	56	166	114	61	170
0	0	0	0	0	0	0	0	0	0	0	0	0	0	0	0	0	0	0	0	0	0	0	0	0	0	0	0	0	0	0	0	0	0	0	0	0	0	0	0	0	0	0	0	0	0	0	0	0	0	0	0	0	0	0	0	0	0	0	0	0	0	0	0	0	0	0	0	0	0	0	0	0	0	0	0	0	0	0	0	0	0	0	0	0	0	0	0	0	0	0	0	0	0	0	0	0	0	0	0	0	0	0	0	0	0	0	0	0	0	0	0	230	96	51	169	178	233	108	21	207	118	91	165	125	101	203	52
0	0	0	0	0	0	0	0	0	0	0	0	0	0	0	0	0	0	0	0	0	0	0	0	0	0	0	0	0	0	0	0	0	0	0	0	0	0	0	0	0	0	0	0	0	0	0	0	0	0	0	0	0	0	0	0	0	0	0	0	0	0	0	0	0	0	0	0	0	0	0	0	0	0	0	0	0	0	0	0	0	0	0	0	0	0	0	0	0	0	0	0	0	0	0	0	0	0	0	0	0	0	0	0	0	0	0	0	0	0	0	0	0	125	108	99	187	152	30	182	51	146	112	212	113	69	185	62
0	0	0	0	0	0	0	0	0	0	0	0	0	0	0	0	0	0	0	0	0	0	0	0	0	0	0	0	0	0	0	0	0	0	0	0	0	0	0	0	0	0	0	0	0	0	0	0	0	0	0	0	0	0	0	0	0	0	0	0	0	0	0	0	0	0	0	0	0	0	0	0	0	0	0	0	0	0	0	0	0	0	0	0	0	0	0	0	0	0	0	0	0	0	0	0	0	0	0	0	0	0	0	0	0	0	0	0	0	0	0	0	0	0	133	150	93	129	234	178	88	7	140	208	127	225	149	116
0	0	0	0	0	0	0	0	0	0	0	0	0	0	0	0	0	0	0	0	0	0	0	0	0	0	0	0	0	0	0	0	0	0	0	0	0	0	0	0	0	0	0	0	0	0	0	0	0	0	0	0	0	0	0	0	0	0	0	0	0	0	0	0	0	0	0	0	0	0	0	0	0	0	0	0	0	0	0	0	0	0	0	0	0	0	0	0	0	0	0	0	0	0	0	0	0	0	0	0	0	0	0	0	0	0	0	0	0	0	0	0	0	0	0	100	155	81	145	150	168	41	58	140	93	140	109	160
0	0	0	0	0	0	0	0	0	0	0	0	0	0	0	0	0	0	0	0	0	0	0	0	0	0	0	0	0	0	0	0	0	0	0	0	0	0	0	0	0	0	0	0	0	0	0	0	0	0	0	0	0	0	0	0	0	0	0	0	0	0	0	0	0	0	0	0	0	0	0	0	0	0	0	0	0	0	0	0	0	0	0	0	0	0	0	0	0	0	0	0	0	0	0	0	0	0	0	0	0	0	0	0	0	0	0	0	0	0	0	0	0	0	0	0	97	111	106	152	146	132	207	129	187	125	171	44
0	0	0	0	0	0	0	0	0	0	0	0	0	0	0	0	0	0	0	0	0	0	0	0	0	0	0	0	0	0	0	0	0	0	0	0	0	0	0	0	0	0	0	0	0	0	0	0	0	0	0	0	0	0	0	0	0	0	0	0	0	0	0	0	0	0	0	0	0	0	0	0	0	0	0	0	0	0	0	0	0	0	0	0	0	0	0	0	0	0	0	0	0	0	0	0	0	0	0	0	0	0	0	0	0	0	0	0	0	0	0	0	0	0	0	0	0	121	80	197	187	137	119	142	126	169	90	16
0	0	0	0	0	0	0	0	0	0	0	0	0	0	0	0	0	0	0	0	0	0	0	0	0	0	0	0	0	0	0	0	0	0	0	0	0	0	0	0	0	0	0	0	0	0	0	0	0	0	0	0	0	0	0	0	0	0	0	0	0	0	0	0	0	0	0	0	0	0	0	0	0	0	0	0	0	0	0	0	0	0	0	0	0	0	0	0	0	0	0	0	0	0	0	0	0	0	0	0	0	0	0	0	0	0	0	0	0	0	0	0	0	0	0	0	0	0	187	40	132	191	94	144	114	78	128	34
0	0	0	0	0	0	0	0	0	0	0	0	0	0	0	0	0	0	0	0	0	0	0	0	0	0	0	0	0	0	0	0	0	0	0	0	0	0	0	0	0	0	0	0	0	0	0	0	0	0	0	0	0	0	0	0	0	0	0	0	0	0	0	0	0	0	0	0	0	0	0	0	0	0	0	0	0	0	0	0	0	0	0	0	0	0	0	0	0	0	0	0	0	0	0	0	0	0	0	0	0	0	0	0	0	0	0	0	0	0	0	0	0	0	0	0	0	0	0	173	144	131	76	64	162	153	138	86
0	0	0	0	0	0	0	0	0	0	0	0	0	0	0	0	0	0	0	0	0	0	0	0	0	0	0	0	0	0	0	0	0	0	0	0	0	0	0	0	0	0	0	0	0	0	0	0	0	0	0	0	0	0	0	0	0	0	0	0	0	0	0	0	0	0	0	0	0	0	0	0	0	0	0	0	0	0	0	0	0	0	0	0	0	0	0	0	0	0	0	0	0	0	0	0	0	0	0	0	0	0	0	0	0	0	0	0	0	0	0	0	0	0	0	0	0	0	0	0	164	91	122	94	205	164	105	137
0	0	0	0	0	0	0	0	0	0	0	0	0	0	0	0	0	0	0	0	0	0	0	0	0	0	0	0	0	0	0	0	0	0	0	0	0	0	0	0	0	0	0	0	0	0	0	0	0	0	0	0	0	0	0	0	0	0	0	0	0	0	0	0	0	0	0	0	0	0	0	0	0	0	0	0	0	0	0	0	0	0	0	0	0	0	0	0	0	0	0	0	0	0	0	0	0	0	0	0	0	0	0	0	0	0	0	0	0	0	0	0	0	0	0	0	0	0	0	0	0	205	173	157	105	155	51	115
0	0	0	0	0	0	0	0	0	0	0	0	0	0	0	0	0	0	0	0	0	0	0	0	0	0	0	0	0	0	0	0	0	0	0	0	0	0	0	0	0	0	0	0	0	0	0	0	0	0	0	0	0	0	0	0	0	0	0	0	0	0	0	0	0	0	0	0	0	0	0	0	0	0	0	0	0	0	0	0	0	0	0	0	0	0	0	0	0	0	0	0	0	0	0	0	0	0	0	0	0	0	0	0	0	0	0	0	0	0	0	0	0	0	0	0	0	0	0	0	0	0	54	170	60	162	162	118
0	0	0	0	0	0	0	0	0	0	0	0	0	0	0	0	0	0	0	0	0	0	0	0	0	0	0	0	0	0	0	0	0	0	0	0	0	0	0	0	0	0	0	0	0	0	0	0	0	0	0	0	0	0	0	0	0	0	0	0	0	0	0	0	0	0	0	0	0	0	0	0	0	0	0	0	0	0	0	0	0	0	0	0	0	0	0	0	0	0	0	0	0	0	0	0	0	0	0	0	0	0	0	0	0	0	0	0	0	0	0	0	0	0	0	0	0	0	0	0	0	0	0	22	26	115	56	23
0	0	0	0	0	0	0	0	0	0	0	0	0	0	0	0	0	0	0	0	0	0	0	0	0	0	0	0	0	0	0	0	0	0	0	0	0	0	0	0	0	0	0	0	0	0	0	0	0	0	0	0	0	0	0	0	0	0	0	0	0	0	0	0	0	0	0	0	0	0	0	0	0	0	0	0	0	0	0	0	0	0	0	0	0	0	0	0	0	0	0	0	0	0	0	0	0	0	0	0	0	0	0	0	0	0	0	0	0	0	0	0	0	0	0	0	0	0	0	0	0	0	0	0	139	164	137	85
0	0	0	0	0	0	0	0	0	0	0	0	0	0	0	0	0	0	0	0	0	0	0	0	0	0	0	0	0	0	0	0	0	0	0	0	0	0	0	0	0	0	0	0	0	0	0	0	0	0	0	0	0	0	0	0	0	0	0	0	0	0	0	0	0	0	0	0	0	0	0	0	0	0	0	0	0	0	0	0	0	0	0	0	0	0	0	0	0	0	0	0	0	0	0	0	0	0	0	0	0	0	0	0	0	0	0	0	0	0	0	0	0	0	0	0	0	0	0	0	0	0	0	0	0	99	89	107
0	0	0	0	0	0	0	0	0	0	0	0	0	0	0	0	0	0	0	0	0	0	0	0	0	0	0	0	0	0	0	0	0	0	0	0	0	0	0	0	0	0	0	0	0	0	0	0	0	0	0	0	0	0	0	0	0	0	0	0	0	0	0	0	0	0	0	0	0	0	0	0	0	0	0	0	0	0	0	0	0	0	0	0	0	0	0	0	0	0	0	0	0	0	0	0	0	0	0	0	0	0	0	0	0	0	0	0	0	0	0	0	0	0	0	0	0	0	0	0	0	0	0	0	0	0	79	118
0	0	0	0	0	0	0	0	0	0	0	0	0	0	0	0	0	0	0	0	0	0	0	0	0	0	0	0	0	0	0	0	0	0	0	0	0	0	0	0	0	0	0	0	0	0	0	0	0	0	0	0	0	0	0	0	0	0	0	0	0	0	0	0	0	0	0	0	0	0	0	0	0	0	0	0	0	0	0	0	0	0	0	0	0	0	0	0	0	0	0	0	0	0	0	0	0	0	0	0	0	0	0	0	0	0	0	0	0	0	0	0	0	0	0	0	0	0	0	0	0	0	0	0	0	0	0	159
0	0	0	0	0	0	0	0	0	0	0	0	0	0	0	0	0	0	0	0	0	0	0	0	0	0	0	0	0	0	0	0	0	0	0	0	0	0	0	0	0	0	0	0	0	0	0	0	0	0	0	0	0	0	0	0	0	0	0	0	0	0	0	0	0	0	0	0	0	0	0	0	0	0	0	0	0	0	0	0	0	0	0	0	0	0	0	0	0	0	0	0	0	0	0	0	0	0	0	0	0	0	0	0	0	0	0	0	0	0	0	0	0	0	0	0	0	0	0	0	0	0	0	0	0	0	0	0