0	120	120	51	82	65	106	40	93	126	31	95	77	105	32	12	33	54	80	124	82	127	64	15	129	14	15	56	67	68	123	79	49	128	46	93	112	116	104	23	35	68	23	118	23	66	128	106	73	7	9	120	43	109	42	57	32	116	92	61	103	68	20	125	94	110	44	95	94	29	32	8	49	123	38	27	62	105	62	104	45	15	65	66	44	116	32	98	96	17	11	4	10	32	53	36	91	100	117	27	128	31	78	14	16	18	54	96	116	82	17	34	68	88	27	121	90	44	5	71	9	57	128	51	63	16	56	6
0	0	99	93	98	84	10	104	104	30	25	29	82	33	58	93	65	2	84	13	116	85	64	43	74	51	128	109	58	75	70	15	22	3	98	16	4	3	108	54	117	63	70	27	26	8	63	56	16	86	80	5	55	94	111	128	116	107	82	111	66	79	115	11	42	108	109	22	23	23	38	96	50	28	29	121	102	126	78	127	127	47	93	16	6	22	13	111	65	91	66	109	23	22	26	128	111	16	129	24	121	6	87	28	65	77	118	55	39	18	93	12	75	63	54	50	16	52	48	91	114	94	50	35	28	89	116	90
0	0	0	34	108	118	105	12	95	52	124	81	13	14	125	76	55	78	118	103	101	112	97	85	123	19	93	11	120	56	50	81	85	119	72	35	99	38	32	69	48	17	63	106	5	96	37	123	93	52	54	59	29	12	55	124	16	18	91	77	7	12	23	33	21	61	3	27	102	45	115	71	37	63	111	5	73	21	35	60	13	34	8	100	45	93	41	52	46	34	30	4	125	19	31	119	116	13	126	111	8	93	47	129	105	105	106	92	33	38	74	88	61	107	113	69	108	125	5	82	57	5	121	83	127	37	21	77
0	0	0	0	113	93	13	70	66	112	16	16	50	12	98	17	10	112	5	72	53	77	93	40	62	53	44	94	83	29	14	116	98	114	49	121	128	26	52	83	111	109	90	80	111	111	110	84	72	54	2	102	59	62	120	126	105	82	86	117	36	86	29	44	117	58	18	74	79	22	3	81	73	48	100	108	110	15	99	109	107	56	103	19	67	61	29	91	27	63	113	40	10	42	53	95	92	117	55	42	58	87	122	127	7	48	121	2	66	108	127	125	130	83	12	121	86	46	85	91	87	17	64	82	44	53	27	21
0	0	0	0	0	23	69	54	64	46	119	96	91	41	34	52	105	90	104	103	86	26	96	84	115	75	41	71	119	83	44	124	52	93	7	39	99	33	122	67	85	79	43	99	36	122	92	123	124	33	61	109	65	126	37	32	79	20	28	129	5	79	117	109	66	102	118	49	60	21	86	71	104	124	62	91	95	28	112	110	45	112	104	108	43	102	118	94	123	23	84	36	67	119	108	75	46	52	8	100	13	35	133	64	68	90	22	122	30	125	33	64	50	106	55	86	3	81	38	82	25	10	58	16	116	75	51	64
0	0	0	0	0	0	42	50	40	23	134	31	125	88	28	69	103	35	49	64	99	4	30	69	80	109	81	81	51	41	13	25	60	50	6	61	25	94	53	80	44	21	127	109	68	62	15	108	116	109	77	63	89	23	74	132	88	9	51	70	112	34	78	74	61	54	99	49	21	38	106	66	122	38	78	91	96	49	129	52	19	48	94	68	36	26	70	11	8	74	94	18	33	34	49	27	83	99	47	61	51	35	73	36	107	77	115	111	46	88	113	63	47	110	50	49	82	58	87	102	112	40	17	88	58	38	28	96
0	0	0	0	0	0	0	89	96	94	94	77	66	79	92	91	10	48	111	86	83	98	73	37	75	37	85	18	97	81	117	78	69	128	54	74	11	54	10	114	56	53	34	47	118	96	88	90	14	131	104	71	12	61	48	73	71	12	9	118	121	34	122	39	80	74	70	99	105	12	92	65	47	81	49	34	32	44	60	109	107	46	63	109	24	11	102	113	104	37	83	129	47	112	91	113	115	104	122	116	30	45	59	42	27	68	62	2	12	68	94	105	102	39	38	70	35	37	52	43	86	75	54	22	90	31	7	88
0	0	0	0	0	0	0	0	14	115	40	65	15	28	48	67	4	90	112	31	114	22	7	30	5	84	79	68	90	48	80	102	80	20	127	107	62	105	63	42	16	44	63	83	78	53	124	47	105	53	115	96	76	44	127	9	25	88	99	109	12	10	109	52	13	88	120	70	100	6	124	56	73	132	85	84	72	91	109	75	11	69	46	28	50	11	45	60	102	77	121	116	41	39	15	79	102	64	131	97	106	67	107	35	57	52	53	117	131	98	27	34	68	97	35	10	95	91	8	87	73	60	101	49	111	77	37	72
0	0	0	0	0	0	0	0	0	116	56	7	21	38	26	105	124	124	135	107	114	98	96	104	53	67	124	13	104	47	115	58	30	26	19	133	127	31	30	46	125	103	29	65	117	107	65	28	81	58	132	13	66	23	18	78	46	98	104	21	36	3	67	78	42	110	72	89	131	9	39	114	32	114	79	121	33	89	110	106	49	29	56	32	19	132	35	55	19	42	22	52	32	31	81	49	16	90	71	27	122	114	59	95	18	69	9	19	53	62	59	48	65	106	100	106	36	111	49	19	88	37	117	58	92	44	109	93
0	0	0	0	0	0	0	0	0	0	23	54	55	109	64	20	68	120	80	33	57	32	124	116	40	102	107	128	114	81	61	32	78	26	124	134	113	56	35	128	39	107	95	10	124	44	116	6	102	23	41	90	126	66	79	17	87	115	51	126	107	126	111	111	50	104	36	63	51	104	9	73	69	95	11	90	11	126	67	60	25	120	121	29	14	64	85	120	94	47	97	36	73	47	29	63	60	20	55	98	89	45	48	51	70	38	94	96	53	77	104	20	61	40	56	35	128	102	69	24	87	98	20	113	30	107	9	63
0	0	0	0	0	0	0	0	0	0	0	76	127	98	48	63	43	98	117	17	47	55	111	134	10	104	90	103	44	28	11	15	104	83	83	63	129	56	64	30	69	97	89	14	32	95	66	8	72	68	53	10	129	16	23	24	85	134	136	31	95	17	85	36	48	108	46	124	12	125	96	23	34	92	126	64	80	67	110	78	41	43	127	37	122	24	90	88	119	33	66	38	52	6	135	54	107	66	38	2	108	96	50	128	57	27	57	32	120	59	86	32	133	49	17	133	50	40	34	55	123	64	128	66	79	38	76	122
0	0	0	0	0	0	0	0	0	0	0	0	17	27	126	63	81	63	104	103	91	69	126	92	23	27	33	44	71	21	76	62	26	41	24	73	97	111	114	72	50	132	69	110	39	8	30	107	83	59	34	81	120	19	58	116	110	49	16	46	10	81	127	40	116	68	76	106	79	79	122	79	37	106	34	22	35	34	116	80	15	80	57	80	99	24	72	61	130	111	31	79	34	116	115	62	38	72	85	13	92	67	125	13	18	98	33	95	74	52	121	18	93	58	16	26	68	22	80	131	35	108	37	101	120	65	25	29
0	0	0	0	0	0	0	0	0	0	0	0	0	72	108	37	88	114	12	100	123	46	38	96	57	73	93	112	11	110	95	69	81	53	34	77	50	53	63	11	79	74	56	113	95	87	81	45	38	72	65	71	130	108	114	19	71	131	42	66	81	125	59	54	78	74	49	25	68	124	76	125	17	80	139	113	115	91	100	10	113	128	71	123	22	85	54	88	31	105	75	37	23	87	91	95	94	34	21	58	47	117	76	17	7	124	99	50	103	139	66	91	61	128	24	110	86	67	118	116	60	90	65	10	110	57	129	93
0	0	0	0	0	0	0	0	0	0	0	0	0	0	24	66	37	27	80	112	59	95	43	18	42	16	98	11	94	73	47	38	103	67	48	84	46	82	55	23	69	74	88	111	126	15	84	20	28	102	109	96	37	57	56	56	86	116	117	38	115	73	24	114	24	122	49	54	123	6	18	27	140	114	95	65	91	88	37	113	126	19	127	42	54	16	39	82	54	41	125	97	33	49	33	80	30	45	55	45	61	72	49	101	34	101	7	35	80	125	87	23	63	24	90	99	84	124	133	42	116	19	51	20	77	70	54	25
0	0	0	0	0	0	0	0	0	0	0	0	0	0	0	136	38	59	23	41	84	19	129	100	50	66	135	43	51	101	116	39	109	89	77	12	49	46	111	83	48	17	112	116	94	122	44	74	132	45	106	127	126	89	32	63	123	79	116	28	98	112	29	30	80	55	46	6	119	24	19	121	138	113	99	135	47	139	96	114	122	21	101	127	30	79	130	121	85	82	89	104	115	80	78	13	41	63	70	24	26	115	78	116	60	59	43	52	24	42	42	125	61	16	76	20	40	96	18	29	42	123	123	68	104	36	17	67
0	0	0	0	0	0	0	0	0	0	0	0	0	0	0	0	23	36	105	100	107	101	50	88	47	67	63	96	63	82	53	4	23	83	64	42	133	51	104	101	54	98	112	75	64	58	116	21	121	50	14	82	43	32	114	139	130	103	135	135	33	49	58	126	102	126	85	71	57	45	102	138	36	75	130	69	38	59	62	53	14	87	53	50	115	95	26	49	53	114	28	63	77	13	62	79	119	17	100	99	58	19	98	61	101	88	11	72	92	72	105	85	95	76	133	14	20	51	90	34	130	41	39	45	40	50	104	19
0	0	0	0	0	0	0	0	0	0	0	0	0	0	0	0	0	2	130	94	125	128	89	48	70	60	37	113	94	94	138	44	74	135	89	49	32	12	81	122	17	111	8	89	12	121	110	90	46	10	89	135	126	30	123	47	75	34	45	76	79	119	100	117	102	136	28	84	33	25	34	45	68	113	32	57	60	117	117	71	135	103	49	31	124	65	139	62	79	6	86	84	117	88	43	77	94	122	90	28	64	71	114	131	131	54	23	71	130	113	59	30	43	79	64	13	116	84	74	73	67	35	66	32	75	45	34	80
0	0	0	0	0	0	0	0	0	0	0	0	0	0	0	0	0	0	119	56	124	74	63	62	68	94	45	78	105	104	92	58	39	23	80	68	125	87	29	27	15	22	124	77	90	49	29	86	104	96	17	58	97	80	96	124	79	134	130	30	108	127	70	135	116	107	71	87	49	73	19	29	51	19	22	36	91	114	86	122	34	109	105	111	30	105	108	97	98	10	122	100	71	18	125	80	71	82	108	61	118	104	17	31	41	34	19	139	80	34	116	75	29	24	113	62	139	13	32	120	120	126	94	76	135	106	61	136
0	0	0	0	0	0	0	0	0	0	0	0	0	0	0	0	0	0	0	29	115	10	142	58	64	100	78	27	95	107	104	134	4	17	56	29	16	54	26	140	123	45	124	64	73	85	50	115	108	27	12	6	130	97	122	118	116	81	141	81	45	98	111	107	134	96	133	95	136	89	55	89	123	7	128	140	81	137	112	46	69	80	48	82	135	18	46	99	32	136	100	44	18	105	17	57	133	128	113	119	119	25	131	77	103	58	24	32	86	66	137	27	34	33	37	127	95	102	129	44	73	7	97	16	113	99	131	29
0	0	0	0	0	0	0	0	0	0	0	0	0	0	0	0	0	0	0	0	28	53	118	22	99	103	141	30	103	119	83	66	109	118	120	24	22	109	136	129	48	61	134	115	54	118	130	96	56	41	124	15	127	67	94	42	87	60	114	58	114	61	30	54	64	98	84	88	25	137	53	17	68	79	120	59	37	87	91	28	47	7	67	65	104	71	45	133	27	123	111	100	120	120	16	53	80	118	127	30	54	14	115	92	18	66	63	6	35	94	11	105	122	69	134	44	92	128	48	67	37	139	55	108	45	71	109	69
0	0	0	0	0	0	0	0	0	0	0	0	0	0	0	0	0	0	0	0	0	141	50	89	102	34	127	48	104	137	82	30	45	131	16	73	83	16	90	111	32	103	122	29	32	99	42	125	64	134	42	135	88	62	109	47	50	62	83	83	129	112	114	74	28	13	126	98	55	96	74	123	124	103	86	41	127	106	31	110	95	100	128	45	42	88	101	124	135	35	131	82	114	126	21	101	133	82	56	105	138	63	77	96	45	136	102	105	30	108	106	30	31	27	95	130	123	48	88	135	27	78	113	34	16	78	39	30
0	0	0	0	0	0	0	0	0	0	0	0	0	0	0	0	0	0	0	0	0	0	81	105	89	47	25	82	40	23	67	129	110	22	58	68	43	119	125	82	31	10	98	67	61	75	140	10	109	95	32	99	107	126	63	54	126	66	122	118	120	25	49	97	113	91	79	95	92	95	26	27	89	126	57	13	48	95	25	67	35	136	50	82	101	81	44	96	54	119	39	50	98	53	49	115	77	40	115	101	114	76	59	87	122	130	106	128	144	87	85	59	84	68	41	95	61	52	48	37	105	49	28	23	34	21	70	139
0	0	0	0	0	0	0	0	0	0	0	0	0	0	0	0	0	0	0	0	0	0	0	99	89	94	38	111	89	83	21	118	124	48	12	58	133	43	108	118	71	121	136	130	81	132	20	91	72	114	111	34	50	59	75	20	87	73	11	122	59	42	91	44	44	91	69	133	97	67	53	11	55	59	47	12	107	122	41	58	32	56	123	38	89	108	16	10	113	22	3	14	70	48	128	147	60	13	53	71	97	124	126	148	81	122	146	83	24	29	107	9	21	40	74	137	80	65	43	139	126	118	125	135	102	141	80	28
0	0	0	0	0	0	0	0	0	0	0	0	0	0	0	0	0	0	0	0	0	0	0	0	72	71	32	110	76	54	39	120	17	71	92	90	105	132	73	123	145	95	84	110	140	81	88	101	119	21	73	90	56	131	35	15	8	44	119	117	147	43	55	15	104	93	32	116	70	98	43	46	88	18	60	40	148	113	82	26	98	76	82	95	126	117	64	82	128	107	74	106	132	25	94	126	78	34	23	59	46	97	76	130	139	90	83	146	106	102	17	49	31	74	104	76	25	122	63	131	87	127	20	101	144	91	73	126
0	0	0	0	0	0	0	0	0	0	0	0	0	0	0	0	0	0	0	0	0	0	0	0	0	135	60	100	135	108	101	109	55	105	66	133	122	109	44	114	115	52	76	43	35	90	105	98	105	50	61	130	131	107	51	122	8	83	34	87	112	18	52	58	8	15	51	11	27	38	51	101	45	59	65	113	26	18	104	115	77	19	106	43	87	22	50	11	104	22	79	114	22	67	66	70	95	95	87	83	133	29	56	62	79	70	126	54	83	94	40	16	41	45	45	109	76	38	47	127	24	72	103	79	64	102	13	113
0	0	0	0	0	0	0	0	0	0	0	0	0	0	0	0	0	0	0	0	0	0	0	0	0	0	62	114	23	105	74	21	113	57	107	26	100	107	29	42	77	81	66	42	108	70	33	12	119	142	65	65	110	93	137	63	138	25	101	106	62	33	120	104	92	97	36	91	124	48	112	111	128	48	91	85	39	111	72	74	31	28	120	142	119	118	127	35	20	24	77	11	40	97	94	73	67	91	126	104	44	25	91	27	61	118	99	51	43	81	72	78	22	145	40	113	44	64	98	35	60	46	4	10	26	74	79	122
0	0	0	0	0	0	0	0	0	0	0	0	0	0	0	0	0	0	0	0	0	0	0	0	0	0	0	67	58	105	58	67	21	21	122	64	70	108	128	26	59	130	21	23	77	57	128	69	27	8	6	74	136	131	82	13	115	79	146	120	56	59	86	16	23	91	94	141	115	15	108	93	125	58	107	132	30	95	50	116	126	53	12	129	18	92	64	30	26	49	96	89	115	93	143	59	150	112	93	101	118	151	27	82	114	106	49	26	18	54	76	91	71	81	107	24	43	106	83	108	42	140	41	94	97	86	134	145
0	0	0	0	0	0	0	0	0	0	0	0	0	0	0	0	0	0	0	0	0	0	0	0	0	0	0	0	78	87	98	56	92	111	18	70	144	112	96	136	40	76	95	119	49	115	57	26	131	73	22	43	32	24	120	81	98	39	127	140	123	87	68	56	93	32	93	15	41	32	115	98	117	83	30	129	83	115	124	67	82	105	126	18	77	148	70	44	88	65	118	130	120	72	12	38	56	139	36	35	60	84	36	83	94	96	76	66	45	144	140	86	70	126	61	27	6	95	74	99	53	70	96	140	65	80	151	104
0	0	0	0	0	0	0	0	0	0	0	0	0	0	0	0	0	0	0	0	0	0	0	0	0	0	0	0	0	89	65	21	119	136	92	28	30	68	80	97	10	22	138	24	110	33	37	61	110	58	9	31	38	20	54	52	99	40	26	56	135	72	139	123	64	50	87	129	126	55	34	46	139	144	61	92	103	122	69	76	37	84	90	11	81	85	30	40	70	94	28	125	122	49	99	93	63	147	24	46	93	80	98	133	32	53	103	25	47	74	108	33	105	42	79	68	49	101	81	41	139	71	129	42	112	149	92	102
0	0	0	0	0	0	0	0	0	0	0	0	0	0	0	0	0	0	0	0	0	0	0	0	0	0	0	0	0	0	93	66	108	82	13	57	86	21	79	87	99	105	76	82	105	70	49	37	142	95	117	73	104	23	75	117	80	121	59	52	117	93	47	60	89	77	121	98	124	55	107	156	83	134	148	23	44	157	133	134	142	74	115	140	29	56	133	151	61	68	62	87	119	100	72	98	96	126	67	82	54	16	71	121	128	102	143	35	57	77	44	106	89	31	115	80	94	57	36	101	28	94	82	69	43	95	73	93
0	0	0	0	0	0	0	0	0	0	0	0	0	0	0	0	0	0	0	0	0	0	0	0	0	0	0	0	0	0	0	5	41	143	107	60	75	97	41	52	69	38	19	53	131	116	97	37	151	91	49	80	60	100	36	69	107	120	132	132	38	109	33	65	116	36	36	101	98	158	116	32	48	109	44	36	136	62	79	141	22	85	72	61	57	82	132	9	77	117	116	67	60	109	120	50	101	115	78	98	53	147	76	113	113	39	101	96	128	117	68	87	127	39	103	45	14	97	121	74	104	53	105	11	87	88	100	58
0	0	0	0	0	0	0	0	0	0	0	0	0	0	0	0	0	0	0	0	0	0	0	0	0	0	0	0	0	0	0	0	34	137	105	18	37	62	102	130	146	118	30	27	46	23	135	127	61	53	127	126	116	44	76	139	38	45	21	57	96	131	81	42	107	55	104	27	46	136	83	75	96	46	87	113	33	60	37	141	136	98	120	40	90	116	103	15	127	63	3	30	55	95	126	88	23	147	55	100	140	51	43	14	73	119	96	92	121	63	92	24	33	108	147	142	136	92	122	34	110	126	33	35	93	43	62	102
0	0	0	0	0	0	0	0	0	0	0	0	0	0	0	0	0	0	0	0	0	0	0	0	0	0	0	0	0	0	0	0	0	121	144	28	127	79	100	84	146	22	132	134	112	109	111	156	118	119	92	94	68	76	85	97	27	80	40	132	71	121	109	51	54	93	15	41	150	30	127	47	109	120	127	22	121	126	119	94	118	134	53	54	38	46	50	127	131	124	107	10	51	44	52	47	101	94	74	84	13	135	109	106	80	58	48	69	156	5	20	122	3	128	75	29	50	38	68	99	83	21	118	48	139	99	131	118
0	0	0	0	0	0	0	0	0	0	0	0	0	0	0	0	0	0	0	0	0	0	0	0	0	0	0	0	0	0	0	0	0	0	120	124	87	76	142	39	58	103	78	146	66	102	48	113	132	113	97	47	61	44	149	87	24	29	122	66	142	57	6	87	79	74	50	29	5	86	24	121	94	40	28	81	19	153	64	116	87	87	145	54	99	127	97	95	107	52	100	48	91	153	139	58	78	94	45	109	123	94	55	42	64	140	65	19	130	92	128	116	104	116	84	95	122	134	32	143	111	72	38	124	113	119	129	147
0	0	0	0	0	0	0	0	0	0	0	0	0	0	0	0	0	0	0	0	0	0	0	0	0	0	0	0	0	0	0	0	0	0	0	64	130	28	25	133	40	152	145	60	75	67	108	56	123	115	73	77	34	81	129	129	91	54	7	72	116	82	147	138	81	6	139	87	33	72	68	36	55	127	123	62	147	129	119	127	64	64	87	123	29	63	110	131	140	58	55	56	79	122	16	129	102	132	76	52	128	23	54	72	58	25	16	102	32	94	21	66	59	87	31	96	107	16	112	26	111	117	122	81	55	26	55	39
0	0	0	0	0	0	0	0	0	0	0	0	0	0	0	0	0	0	0	0	0	0	0	0	0	0	0	0	0	0	0	0	0	0	0	0	30	138	154	25	62	75	75	88	11	102	32	104	116	52	97	28	74	62	47	112	75	153	71	116	100	75	132	76	81	112	127	126	145	52	127	104	91	65	108	84	68	136	94	91	125	39	118	46	94	130	74	52	138	71	74	87	130	44	108	30	137	103	91	156	84	52	79	96	71	63	100	101	100	104	91	63	26	122	77	95	151	125	73	123	100	136	66	128	124	81	77	59
0	0	0	0	0	0	0	0	0	0	0	0	0	0	0	0	0	0	0	0	0	0	0	0	0	0	0	0	0	0	0	0	0	0	0	0	0	101	137	165	89	94	55	123	84	123	146	97	139	123	129	63	30	44	17	114	117	128	152	124	58	130	134	155	85	94	46	9	127	63	32	85	99	63	100	53	89	131	88	20	93	138	49	88	38	90	19	86	90	38	157	63	112	44	94	24	23	67	118	91	31	126	86	67	53	156	48	71	48	60	128	99	129	53	154	132	110	40	128	102	53	103	143	44	35	102	127	143
0	0	0	0	0	0	0	0	0	0	0	0	0	0	0	0	0	0	0	0	0	0	0	0	0	0	0	0	0	0	0	0	0	0	0	0	0	0	50	89	70	142	128	130	42	77	78	103	82	128	144	130	59	125	129	80	69	119	72	79	11	148	36	74	157	101	32	112	126	65	129	142	37	63	32	77	35	9	58	85	102	156	55	102	43	46	53	59	65	35	151	108	103	92	133	44	108	139	100	145	92	64	67	67	37	75	54	93	48	11	133	81	19	113	25	40	156	118	97	75	151	103	117	64	61	125	92	48
0	0	0	0	0	0	0	0	0	0	0	0	0	0	0	0	0	0	0	0	0	0	0	0	0	0	0	0	0	0	0	0	0	0	0	0	0	0	0	75	37	36	39	104	31	82	90	39	127	97	20	71	141	37	43	78	82	121	153	103	160	106	89	123	115	40	92	36	86	128	37	116	72	120	133	101	44	109	149	23	156	47	111	74	110	83	144	75	130	144	109	48	162	143	7	92	18	88	132	88	95	82	59	110	108	101	123	98	159	16	127	78	151	119	93	87	89	72	75	137	49	66	102	110	109	109	84	107
0	0	0	0	0	0	0	0	0	0	0	0	0	0	0	0	0	0	0	0	0	0	0	0	0	0	0	0	0	0	0	0	0	0	0	0	0	0	0	0	49	153	63	117	81	125	80	57	130	41	44	38	152	69	85	112	44	46	13	110	127	108	105	16	88	11	30	6	25	69	105	119	148	114	68	10	153	76	51	71	74	140	50	92	94	98	71	51	125	76	40	130	46	125	134	122	160	131	115	43	38	95	147	130	57	22	28	140	40	129	119	52	56	34	88	117	85	102	62	36	115	114	17	67	155	77	81	94
0	0	0	0	0	0	0	0	0	0	0	0	0	0	0	0	0	0	0	0	0	0	0	0	0	0	0	0	0	0	0	0	0	0	0	0	0	0	0	0	0	66	132	33	70	61	11	30	65	32	147	104	152	51	140	52	163	36	113	81	123	137	66	77	149	54	78	109	146	81	60	114	99	139	28	122	147	151	116	48	82	76	98	70	150	65	106	48	31	59	48	51	105	13	84	61	96	132	81	122	129	73	97	36	159	37	135	29	110	97	51	113	96	14	81	108	118	128	23	139	64	18	126	144	80	158	46	129
0	0	0	0	0	0	0	0	0	0	0	0	0	0	0	0	0	0	0	0	0	0	0	0	0	0	0	0	0	0	0	0	0	0	0	0	0	0	0	0	0	0	24	28	4	77	81	133	129	158	59	152	116	152	87	57	54	70	84	55	42	56	97	118	137	50	93	85	148	56	71	137	52	156	111	43	35	47	136	73	61	20	74	39	97	104	59	77	105	121	38	56	162	115	3	102	126	63	130	104	124	31	32	147	14	80	128	101	134	103	104	113	39	112	68	30	94	32	125	45	41	58	43	37	105	34	133	77
0	0	0	0	0	0	0	0	0	0	0	0	0	0	0	0	0	0	0	0	0	0	0	0	0	0	0	0	0	0	0	0	0	0	0	0	0	0	0	0	0	0	0	113	80	118	71	77	107	98	154	59	64	73	95	69	140	78	73	55	119	113	143	94	90	63	26	102	124	121	33	151	126	106	112	14	70	83	15	32	102	134	45	153	129	58	45	66	164	110	153	45	21	23	46	136	87	129	132	113	93	153	44	123	99	69	65	98	59	122	81	135	29	146	126	124	99	103	28	43	65	57	126	95	37	47	114	82
0	0	0	0	0	0	0	0	0	0	0	0	0	0	0	0	0	0	0	0	0	0	0	0	0	0	0	0	0	0	0	0	0	0	0	0	0	0	0	0	0	0	0	0	84	94	52	133	136	133	114	75	55	51	114	144	30	144	144	81	74	125	142	10	114	97	83	30	107	144	163	15	50	66	110	158	139	113	131	78	36	96	71	66	101	95	88	77	99	81	135	55	131	63	141	105	151	67	85	74	83	128	129	43	132	58	64	81	96	60	100	42	158	39	13	53	90	98	85	21	115	31	129	107	160	128	38	63
0	0	0	0	0	0	0	0	0	0	0	0	0	0	0	0	0	0	0	0	0	0	0	0	0	0	0	0	0	0	0	0	0	0	0	0	0	0	0	0	0	0	0	0	0	94	145	51	105	115	93	144	131	138	106	161	56	47	72	47	90	110	30	66	151	130	24	50	58	12	128	88	77	15	112	149	6	26	33	126	37	145	136	58	107	150	45	166	156	28	82	117	61	47	134	100	128	23	138	55	72	111	101	50	104	114	77	64	75	31	46	90	66	53	61	88	143	94	39	155	113	143	51	108	60	47	72	126
0	0	0	0	0	0	0	0	0	0	0	0	0	0	0	0	0	0	0	0	0	0	0	0	0	0	0	0	0	0	0	0	0	0	0	0	0	0	0	0	0	0	0	0	0	0	116	65	161	82	37	158	88	49	137	110	133	163	118	43	49	151	95	131	94	79	23	101	130	92	79	43	141	125	107	55	72	64	156	96	120	101	60	108	38	133	60	29	127	155	6	138	90	125	93	128	96	82	75	71	67	89	100	91	115	106	123	158	158	92	37	66	40	79	53	129	111	105	40	116	112	51	67	48	38	102	130	109
0	0	0	0	0	0	0	0	0	0	0	0	0	0	0	0	0	0	0	0	0	0	0	0	0	0	0	0	0	0	0	0	0	0	0	0	0	0	0	0	0	0	0	0	0	0	0	38	127	33	101	38	51	75	156	122	119	111	115	64	72	99	28	136	50	25	32	41	74	48	88	95	77	31	85	48	93	79	111	48	123	79	43	90	56	49	60	49	52	122	98	101	130	162	64	71	60	126	46	56	116	34	129	85	129	104	47	76	89	92	137	141	138	111	131	87	126	104	83	135	130	77	85	20	75	122	88	58
0	0	0	0	0	0	0	0	0	0	0	0	0	0	0	0	0	0	0	0	0	0	0	0	0	0	0	0	0	0	0	0	0	0	0	0	0	0	0	0	0	0	0	0	0	0	0	0	13	84	113	161	65	127	145	102	109	113	25	50	134	110	71	135	106	76	42	49	22	125	61	96	148	58	15	102	40	125	76	59	121	51	53	77	136	162	84	100	54	137	97	53	81	70	120	71	58	25	153	80	143	122	22	76	33	77	80	61	81	101	64	72	166	71	73	36	112	78	105	88	61	80	127	120	94	69	18	150
0	0	0	0	0	0	0	0	0	0	0	0	0	0	0	0	0	0	0	0	0	0	0	0	0	0	0	0	0	0	0	0	0	0	0	0	0	0	0	0	0	0	0	0	0	0	0	0	0	140	26	64	95	81	122	149	126	123	80	132	21	102	92	41	130	61	166	108	82	93	125	151	42	63	138	100	81	97	138	44	149	57	160	47	87	137	121	71	125	123	44	78	42	116	107	77	69	48	69	91	51	52	27	163	102	126	49	102	120	113	32	70	123	88	133	89	106	111	16	79	111	33	35	68	132	110	113	75
0	0	0	0	0	0	0	0	0	0	0	0	0	0	0	0	0	0	0	0	0	0	0	0	0	0	0	0	0	0	0	0	0	0	0	0	0	0	0	0	0	0	0	0	0	0	0	0	0	0	122	52	135	56	87	31	158	98	142	119	130	112	139	137	29	56	95	68	135	66	147	28	63	95	107	138	108	122	68	93	138	112	59	135	152	133	118	41	58	75	87	33	138	84	45	81	105	137	61	109	103	89	121	61	142	115	132	43	72	85	90	51	90	84	136	85	108	64	110	26	44	96	93	75	135	71	78	70
0	0	0	0	0	0	0	0	0	0	0	0	0	0	0	0	0	0	0	0	0	0	0	0	0	0	0	0	0	0	0	0	0	0	0	0	0	0	0	0	0	0	0	0	0	0	0	0	0	0	0	44	136	79	129	96	98	68	130	94	132	101	51	134	64	152	134	67	38	47	35	21	160	85	124	77	42	64	64	92	44	119	121	97	171	41	23	136	90	97	59	77	166	116	127	81	81	125	46	104	43	115	126	142	71	77	54	117	148	96	127	161	76	77	131	122	92	161	131	32	70	5	84	161	161	156	139	116
0	0	0	0	0	0	0	0	0	0	0	0	0	0	0	0	0	0	0	0	0	0	0	0	0	0	0	0	0	0	0	0	0	0	0	0	0	0	0	0	0	0	0	0	0	0	0	0	0	0	0	0	153	43	77	113	50	46	70	175	56	64	55	57	86	82	79	55	18	70	137	54	3	158	30	117	162	73	165	139	101	20	8	31	108	99	138	48	95	98	114	64	56	113	24	164	56	87	89	122	135	153	45	11	63	106	11	81	115	118	131	75	89	161	160	83	90	60	74	130	78	52	112	98	72	100	37	113
0	0	0	0	0	0	0	0	0	0	0	0	0	0	0	0	0	0	0	0	0	0	0	0	0	0	0	0	0	0	0	0	0	0	0	0	0	0	0	0	0	0	0	0	0	0	0	0	0	0	0	0	0	68	155	57	141	102	106	58	152	131	118	83	82	51	126	57	116	58	96	37	72	75	175	68	15	85	118	84	71	69	89	170	140	131	95	127	130	52	88	62	26	163	108	113	59	165	43	35	51	47	119	84	66	78	101	101	108	91	125	164	64	7	157	80	148	126	69	100	130	78	105	137	66	145	116	151
0	0	0	0	0	0	0	0	0	0	0	0	0	0	0	0	0	0	0	0	0	0	0	0	0	0	0	0	0	0	0	0	0	0	0	0	0	0	0	0	0	0	0	0	0	0	0	0	0	0	0	0	0	0	127	72	131	46	98	43	86	74	115	85	59	118	165	44	143	86	138	117	74	63	36	111	77	27	100	134	83	68	94	144	39	132	49	136	19	77	132	80	124	132	118	64	44	140	44	114	120	102	140	106	93	90	76	84	49	41	141	170	61	65	43	150	73	58	135	93	116	115	53	97	62	70	121	41
0	0	0	0	0	0	0	0	0	0	0	0	0	0	0	0	0	0	0	0	0	0	0	0	0	0	0	0	0	0	0	0	0	0	0	0	0	0	0	0	0	0	0	0	0	0	0	0	0	0	0	0	0	0	0	11	76	110	97	51	69	64	128	80	113	93	158	131	110	115	164	31	98	98	75	78	19	69	40	93	10	37	98	104	90	84	180	152	126	45	20	36	94	56	74	56	71	4	17	20	92	44	163	71	130	69	84	71	82	78	81	67	65	75	44	121	6	71	126	153	103	77	69	106	95	119	79	117
0	0	0	0	0	0	0	0	0	0	0	0	0	0	0	0	0	0	0	0	0	0	0	0	0	0	0	0	0	0	0	0	0	0	0	0	0	0	0	0	0	0	0	0	0	0	0	0	0	0	0	0	0	0	0	0	80	108	97	141	160	169	76	122	49	88	68	34	66	49	149	87	64	92	144	163	21	76	109	40	146	77	119	65	125	71	150	93	128	93	155	165	85	119	61	79	77	79	136	111	176	77	126	76	61	88	101	97	129	116	92	70	82	174	97	88	114	85	147	138	105	95	68	112	154	68	104	124
0	0	0	0	0	0	0	0	0	0	0	0	0	0	0	0	0	0	0	0	0	0	0	0	0	0	0	0	0	0	0	0	0	0	0	0	0	0	0	0	0	0	0	0	0	0	0	0	0	0	0	0	0	0	0	0	0	89	87	140	13	132	49	121	30	160	96	79	126	30	63	85	168	172	33	78	53	15	82	130	134	110	120	138	96	48	141	65	46	107	61	122	128	102	125	41	22	174	52	58	94	140	108	135	142	51	71	92	26	111	99	121	11	24	89	142	161	40	169	104	142	65	61	35	42	30	150	151
0	0	0	0	0	0	0	0	0	0	0	0	0	0	0	0	0	0	0	0	0	0	0	0	0	0	0	0	0	0	0	0	0	0	0	0	0	0	0	0	0	0	0	0	0	0	0	0	0	0	0	0	0	0	0	0	0	0	139	80	49	119	117	150	59	65	88	138	51	161	155	99	66	43	149	74	148	138	117	69	133	45	80	39	52	51	44	113	121	106	98	112	45	123	53	156	108	100	158	70	91	138	108	149	133	158	103	71	25	50	51	129	159	68	40	91	46	111	36	104	118	139	59	36	41	142	55	159
0	0	0	0	0	0	0	0	0	0	0	0	0	0	0	0	0	0	0	0	0	0	0	0	0	0	0	0	0	0	0	0	0	0	0	0	0	0	0	0	0	0	0	0	0	0	0	0	0	0	0	0	0	0	0	0	0	0	0	59	95	115	148	159	139	85	116	44	115	118	126	110	134	108	54	118	35	79	170	152	25	47	109	44	80	42	38	35	13	153	89	184	66	76	182	152	37	65	104	83	42	122	37	113	38	183	76	69	53	70	39	134	118	99	30	99	151	18	118	67	36	135	43	108	79	161	81	99
0	0	0	0	0	0	0	0	0	0	0	0	0	0	0	0	0	0	0	0	0	0	0	0	0	0	0	0	0	0	0	0	0	0	0	0	0	0	0	0	0	0	0	0	0	0	0	0	0	0	0	0	0	0	0	0	0	0	0	0	114	141	157	104	125	73	52	67	147	126	125	70	67	120	47	47	118	91	53	162	89	105	100	139	111	24	114	146	178	121	107	63	50	137	122	128	47	117	96	20	148	106	109	40	118	58	97	52	27	83	127	169	167	151	74	126	161	72	23	114	95	21	128	50	101	92	27	122
0	0	0	0	0	0	0	0	0	0	0	0	0	0	0	0	0	0	0	0	0	0	0	0	0	0	0	0	0	0	0	0	0	0	0	0	0	0	0	0	0	0	0	0	0	0	0	0	0	0	0	0	0	0	0	0	0	0	0	0	0	20	13	107	96	76	69	80	172	143	142	47	56	130	134	62	145	182	102	69	72	82	108	80	43	87	77	76	21	50	76	113	87	73	52	60	38	141	111	17	107	134	61	50	77	69	91	123	62	141	47	139	84	184	146	123	83	101	58	119	156	49	73	164	155	77	74	31
0	0	0	0	0	0	0	0	0	0	0	0	0	0	0	0	0	0	0	0	0	0	0	0	0	0	0	0	0	0	0	0	0	0	0	0	0	0	0	0	0	0	0	0	0	0	0	0	0	0	0	0	0	0	0	0	0	0	0	0	0	0	62	78	100	56	113	129	119	40	56	104	111	82	147	68	145	61	47	52	124	50	64	126	129	86	36	120	109	45	139	74	145	66	78	117	164	53	60	127	27	91	103	45	62	98	91	139	98	120	139	140	67	87	134	62	121	107	117	73	89	123	108	150	135	46	159	156
0	0	0	0	0	0	0	0	0	0	0	0	0	0	0	0	0	0	0	0	0	0	0	0	0	0	0	0	0	0	0	0	0	0	0	0	0	0	0	0	0	0	0	0	0	0	0	0	0	0	0	0	0	0	0	0	0	0	0	0	0	0	0	48	82	64	39	176	48	126	124	72	74	147	81	74	20	60	127	169	80	54	171	140	130	52	50	116	103	91	112	109	88	60	129	62	60	88	90	169	66	38	149	104	153	123	53	118	55	93	172	140	53	173	169	159	25	185	21	60	138	141	32	58	49	54	113	50
0	0	0	0	0	0	0	0	0	0	0	0	0	0	0	0	0	0	0	0	0	0	0	0	0	0	0	0	0	0	0	0	0	0	0	0	0	0	0	0	0	0	0	0	0	0	0	0	0	0	0	0	0	0	0	0	0	0	0	0	0	0	0	0	74	45	61	70	62	158	102	118	182	111	72	102	72	140	53	106	135	159	138	121	80	166	74	96	59	120	125	50	106	59	118	114	125	88	88	40	155	119	78	134	145	109	101	137	31	144	171	192	28	94	160	124	144	112	56	127	93	72	136	105	39	50	149	105
0	0	0	0	0	0	0	0	0	0	0	0	0	0	0	0	0	0	0	0	0	0	0	0	0	0	0	0	0	0	0	0	0	0	0	0	0	0	0	0	0	0	0	0	0	0	0	0	0	0	0	0	0	0	0	0	0	0	0	0	0	0	0	0	0	126	48	166	63	160	120	53	104	74	26	155	167	55	160	61	112	157	118	75	45	176	139	25	75	181	114	152	139	65	43	30	145	68	102	87	130	127	116	100	109	166	143	94	35	178	107	152	154	135	99	120	100	129	60	36	74	131	80	137	113	87	159	69
0	0	0	0	0	0	0	0	0	0	0	0	0	0	0	0	0	0	0	0	0	0	0	0	0	0	0	0	0	0	0	0	0	0	0	0	0	0	0	0	0	0	0	0	0	0	0	0	0	0	0	0	0	0	0	0	0	0	0	0	0	0	0	0	0	0	70	168	151	56	63	163	140	55	62	57	18	81	68	116	93	75	32	38	106	82	43	47	137	120	66	11	46	99	60	112	110	87	52	78	34	69	86	75	58	96	109	140	110	137	175	137	60	118	60	129	98	78	128	170	138	37	127	131	44	96	140	71
0	0	0	0	0	0	0	0	0	0	0	0	0	0	0	0	0	0	0	0	0	0	0	0	0	0	0	0	0	0	0	0	0	0	0	0	0	0	0	0	0	0	0	0	0	0	0	0	0	0	0	0	0	0	0	0	0	0	0	0	0	0	0	0	0	0	0	124	88	88	154	47	71	37	108	85	73	45	38	67	36	125	52	69	160	51	37	174	70	123	118	127	85	73	32	24	100	32	52	55	33	44	160	105	52	61	106	114	54	128	160	124	109	60	106	121	50	67	168	108	175	95	138	89	51	167	32	24
0	0	0	0	0	0	0	0	0	0	0	0	0	0	0	0	0	0	0	0	0	0	0	0	0	0	0	0	0	0	0	0	0	0	0	0	0	0	0	0	0	0	0	0	0	0	0	0	0	0	0	0	0	0	0	0	0	0	0	0	0	0	0	0	0	0	0	0	125	146	89	58	129	127	77	107	123	138	149	149	118	87	194	158	155	62	69	122	136	169	72	99	137	52	52	40	131	92	52	181	83	103	94	71	106	51	55	30	133	127	95	67	125	141	128	94	164	64	141	114	133	97	61	41	20	141	134	69
0	0	0	0	0	0	0	0	0	0	0	0	0	0	0	0	0	0	0	0	0	0	0	0	0	0	0	0	0	0	0	0	0	0	0	0	0	0	0	0	0	0	0	0	0	0	0	0	0	0	0	0	0	0	0	0	0	0	0	0	0	0	0	0	0	0	0	0	0	136	125	94	124	65	65	50	119	43	101	151	109	33	156	152	118	57	23	138	113	103	100	88	42	106	64	139	106	54	155	131	65	119	37	73	119	58	36	129	109	121	33	84	72	173	18	124	20	92	124	86	33	59	97	70	118	80	141	67
0	0	0	0	0	0	0	0	0	0	0	0	0	0	0	0	0	0	0	0	0	0	0	0	0	0	0	0	0	0	0	0	0	0	0	0	0	0	0	0	0	0	0	0	0	0	0	0	0	0	0	0	0	0	0	0	0	0	0	0	0	0	0	0	0	0	0	0	0	0	84	140	140	96	133	69	81	28	101	122	69	91	80	53	48	68	158	102	89	117	125	75	162	163	135	67	122	146	76	70	86	105	57	135	108	152	76	68	131	172	165	37	83	169	140	120	164	92	64	81	120	114	94	159	82	94	35	33
0	0	0	0	0	0	0	0	0	0	0	0	0	0	0	0	0	0	0	0	0	0	0	0	0	0	0	0	0	0	0	0	0	0	0	0	0	0	0	0	0	0	0	0	0	0	0	0	0	0	0	0	0	0	0	0	0	0	0	0	0	0	0	0	0	0	0	0	0	0	0	115	127	85	162	116	22	66	102	178	64	23	109	130	157	61	113	99	111	139	74	96	80	142	59	125	160	56	117	141	161	80	13	78	95	28	133	77	79	45	125	47	91	46	110	134	59	134	54	33	112	66	82	116	59	79	169	49
0	0	0	0	0	0	0	0	0	0	0	0	0	0	0	0	0	0	0	0	0	0	0	0	0	0	0	0	0	0	0	0	0	0	0	0	0	0	0	0	0	0	0	0	0	0	0	0	0	0	0	0	0	0	0	0	0	0	0	0	0	0	0	0	0	0	0	0	0	0	0	0	143	83	143	123	190	60	81	54	80	44	180	126	70	164	51	135	148	137	108	94	26	80	72	6	158	98	146	148	166	17	103	82	20	57	115	166	139	164	47	104	54	114	173	95	104	63	85	94	88	88	150	188	59	72	174	77
0	0	0	0	0	0	0	0	0	0	0	0	0	0	0	0	0	0	0	0	0	0	0	0	0	0	0	0	0	0	0	0	0	0	0	0	0	0	0	0	0	0	0	0	0	0	0	0	0	0	0	0	0	0	0	0	0	0	0	0	0	0	0	0	0	0	0	0	0	0	0	0	0	96	37	44	72	85	177	86	159	55	65	81	48	78	57	35	98	38	181	62	114	95	48	79	93	101	99	128	106	146	112	192	67	94	115	55	136	113	135	79	170	112	50	141	63	96	47	70	168	86	71	98	133	152	165	14
0	0	0	0	0	0	0	0	0	0	0	0	0	0	0	0	0	0	0	0	0	0	0	0	0	0	0	0	0	0	0	0	0	0	0	0	0	0	0	0	0	0	0	0	0	0	0	0	0	0	0	0	0	0	0	0	0	0	0	0	0	0	0	0	0	0	0	0	0	0	0	0	0	0	104	133	190	149	195	53	163	20	114	35	160	137	74	17	78	128	69	158	60	120	119	31	117	109	117	132	176	74	46	108	104	87	50	52	117	113	135	114	102	25	154	89	145	85	85	87	138	117	32	123	131	79	40	88
0	0	0	0	0	0	0	0	0	0	0	0	0	0	0	0	0	0	0	0	0	0	0	0	0	0	0	0	0	0	0	0	0	0	0	0	0	0	0	0	0	0	0	0	0	0	0	0	0	0	0	0	0	0	0	0	0	0	0	0	0	0	0	0	0	0	0	0	0	0	0	0	0	0	0	114	158	82	84	51	36	34	39	78	131	104	30	41	82	103	150	123	44	24	129	71	96	169	107	152	104	63	99	69	101	32	37	68	126	45	104	58	9	115	103	49	165	87	143	79	177	42	85	144	180	60	21	109
0	0	0	0	0	0	0	0	0	0	0	0	0	0	0	0	0	0	0	0	0	0	0	0	0	0	0	0	0	0	0	0	0	0	0	0	0	0	0	0	0	0	0	0	0	0	0	0	0	0	0	0	0	0	0	0	0	0	0	0	0	0	0	0	0	0	0	0	0	0	0	0	0	0	0	0	137	89	176	152	125	122	137	78	79	157	104	113	60	72	15	56	110	116	125	146	94	98	124	88	86	37	131	100	184	84	182	137	125	99	60	129	96	10	161	146	69	50	132	42	108	128	103	117	119	173	93	117
0	0	0	0	0	0	0	0	0	0	0	0	0	0	0	0	0	0	0	0	0	0	0	0	0	0	0	0	0	0	0	0	0	0	0	0	0	0	0	0	0	0	0	0	0	0	0	0	0	0	0	0	0	0	0	0	0	0	0	0	0	0	0	0	0	0	0	0	0	0	0	0	0	0	0	0	0	119	132	178	164	66	94	55	141	143	46	60	119	39	130	32	102	102	88	74	144	187	104	34	114	84	37	116	169	80	43	60	133	147	72	160	89	102	86	83	73	99	89	114	109	123	160	163	78	196	201	137
0	0	0	0	0	0	0	0	0	0	0	0	0	0	0	0	0	0	0	0	0	0	0	0	0	0	0	0	0	0	0	0	0	0	0	0	0	0	0	0	0	0	0	0	0	0	0	0	0	0	0	0	0	0	0	0	0	0	0	0	0	0	0	0	0	0	0	0	0	0	0	0	0	0	0	0	0	0	188	120	181	85	124	77	122	115	18	80	77	79	181	112	192	142	27	67	85	191	146	49	30	98	173	162	14	148	105	135	139	101	91	143	150	75	98	123	51	58	120	116	165	74	117	60	87	58	62	141
0	0	0	0	0	0	0	0	0	0	0	0	0	0	0	0	0	0	0	0	0	0	0	0	0	0	0	0	0	0	0	0	0	0	0	0	0	0	0	0	0	0	0	0	0	0	0	0	0	0	0	0	0	0	0	0	0	0	0	0	0	0	0	0	0	0	0	0	0	0	0	0	0	0	0	0	0	0	0	104	191	22	46	65	144	28	49	65	113	18	139	82	187	83	150	127	107	159	129	92	163	106	127	81	137	95	115	70	139	111	46	114	91	35	133	59	81	99	111	12	146	170	15	130	99	110	145	106
0	0	0	0	0	0	0	0	0	0	0	0	0	0	0	0	0	0	0	0	0	0	0	0	0	0	0	0	0	0	0	0	0	0	0	0	0	0	0	0	0	0	0	0	0	0	0	0	0	0	0	0	0	0	0	0	0	0	0	0	0	0	0	0	0	0	0	0	0	0	0	0	0	0	0	0	0	0	0	0	95	57	93	106	136	133	33	166	64	125	137	117	93	61	140	34	13	17	113	120	173	143	125	135	177	93	153	130	82	126	30	124	62	172	90	149	110	132	133	71	44	187	65	146	160	123	157	152
0	0	0	0	0	0	0	0	0	0	0	0	0	0	0	0	0	0	0	0	0	0	0	0	0	0	0	0	0	0	0	0	0	0	0	0	0	0	0	0	0	0	0	0	0	0	0	0	0	0	0	0	0	0	0	0	0	0	0	0	0	0	0	0	0	0	0	0	0	0	0	0	0	0	0	0	0	0	0	0	0	80	103	90	23	174	167	68	140	118	147	97	135	47	67	147	172	107	83	162	60	87	60	68	65	131	139	129	69	82	153	67	125	73	71	81	68	101	150	173	134	37	133	176	147	134	146	191
0	0	0	0	0	0	0	0	0	0	0	0	0	0	0	0	0	0	0	0	0	0	0	0	0	0	0	0	0	0	0	0	0	0	0	0	0	0	0	0	0	0	0	0	0	0	0	0	0	0	0	0	0	0	0	0	0	0	0	0	0	0	0	0	0	0	0	0	0	0	0	0	0	0	0	0	0	0	0	0	0	0	133	202	86	74	135	155	67	137	48	61	80	148	81	61	98	117	105	121	154	35	152	11	117	92	41	120	105	68	147	40	110	116	156	124	138	113	98	145	52	52	128	106	157	49	74	24
0	0	0	0	0	0	0	0	0	0	0	0	0	0	0	0	0	0	0	0	0	0	0	0	0	0	0	0	0	0	0	0	0	0	0	0	0	0	0	0	0	0	0	0	0	0	0	0	0	0	0	0	0	0	0	0	0	0	0	0	0	0	0	0	0	0	0	0	0	0	0	0	0	0	0	0	0	0	0	0	0	0	0	128	74	107	73	168	117	43	173	76	90	80	168	156	174	94	81	181	189	56	115	82	129	85	104	206	145	76	65	97	169	108	116	196	51	181	97	192	65	141	72	98	41	41	183	108
0	0	0	0	0	0	0	0	0	0	0	0	0	0	0	0	0	0	0	0	0	0	0	0	0	0	0	0	0	0	0	0	0	0	0	0	0	0	0	0	0	0	0	0	0	0	0	0	0	0	0	0	0	0	0	0	0	0	0	0	0	0	0	0	0	0	0	0	0	0	0	0	0	0	0	0	0	0	0	0	0	0	0	0	132	118	118	52	98	86	123	56	51	131	78	54	112	138	133	75	88	117	41	103	140	188	101	151	148	61	113	125	124	150	147	91	96	119	164	90	92	94	150	114	111	53	124	77
0	0	0	0	0	0	0	0	0	0	0	0	0	0	0	0	0	0	0	0	0	0	0	0	0	0	0	0	0	0	0	0	0	0	0	0	0	0	0	0	0	0	0	0	0	0	0	0	0	0	0	0	0	0	0	0	0	0	0	0	0	0	0	0	0	0	0	0	0	0	0	0	0	0	0	0	0	0	0	0	0	0	0	0	0	79	73	142	31	126	200	186	117	117	161	92	101	91	69	63	115	105	136	47	132	80	123	114	169	98	31	79	134	124	194	118	129	40	89	189	48	134	157	143	81	165	116	134
0	0	0	0	0	0	0	0	0	0	0	0	0	0	0	0	0	0	0	0	0	0	0	0	0	0	0	0	0	0	0	0	0	0	0	0	0	0	0	0	0	0	0	0	0	0	0	0	0	0	0	0	0	0	0	0	0	0	0	0	0	0	0	0	0	0	0	0	0	0	0	0	0	0	0	0	0	0	0	0	0	0	0	0	0	0	48	32	71	51	43	48	123	69	169	152	129	135	140	88	133	89	82	48	126	139	119	166	120	98	122	99	42	107	148	48	46	80	56	176	100	146	208	47	89	99	76	84
0	0	0	0	0	0	0	0	0	0	0	0	0	0	0	0	0	0	0	0	0	0	0	0	0	0	0	0	0	0	0	0	0	0	0	0	0	0	0	0	0	0	0	0	0	0	0	0	0	0	0	0	0	0	0	0	0	0	0	0	0	0	0	0	0	0	0	0	0	0	0	0	0	0	0	0	0	0	0	0	0	0	0	0	0	0	0	78	34	64	193	97	96	106	160	49	157	134	123	63	193	198	173	127	75	156	161	126	19	53	101	136	142	43	78	85	186	116	100	190	52	67	108	77	175	123	129	136
0	0	0	0	0	0	0	0	0	0	0	0	0	0	0	0	0	0	0	0	0	0	0	0	0	0	0	0	0	0	0	0	0	0	0	0	0	0	0	0	0	0	0	0	0	0	0	0	0	0	0	0	0	0	0	0	0	0	0	0	0	0	0	0	0	0	0	0	0	0	0	0	0	0	0	0	0	0	0	0	0	0	0	0	0	0	0	0	42	108	117	190	83	77	160	174	177	74	111	113	124	105	59	165	35	170	116	163	66	137	95	156	203	166	128	95	175	127	101	104	108	47	34	85	54	173	164	74
0	0	0	0	0	0	0	0	0	0	0	0	0	0	0	0	0	0	0	0	0	0	0	0	0	0	0	0	0	0	0	0	0	0	0	0	0	0	0	0	0	0	0	0	0	0	0	0	0	0	0	0	0	0	0	0	0	0	0	0	0	0	0	0	0	0	0	0	0	0	0	0	0	0	0	0	0	0	0	0	0	0	0	0	0	0	0	0	0	157	26	180	122	72	184	76	40	157	54	149	36	88	132	128	55	131	163	138	174	139	182	156	64	72	121	83	127	137	107	109	82	42	83	73	146	48	116	98
0	0	0	0	0	0	0	0	0	0	0	0	0	0	0	0	0	0	0	0	0	0	0	0	0	0	0	0	0	0	0	0	0	0	0	0	0	0	0	0	0	0	0	0	0	0	0	0	0	0	0	0	0	0	0	0	0	0	0	0	0	0	0	0	0	0	0	0	0	0	0	0	0	0	0	0	0	0	0	0	0	0	0	0	0	0	0	0	0	0	120	66	130	85	168	163	208	116	172	105	151	141	55	97	120	149	176	107	74	142	155	115	138	96	101	183	132	117	65	174	102	98	149	180	82	206	94	48
0	0	0	0	0	0	0	0	0	0	0	0	0	0	0	0	0	0	0	0	0	0	0	0	0	0	0	0	0	0	0	0	0	0	0	0	0	0	0	0	0	0	0	0	0	0	0	0	0	0	0	0	0	0	0	0	0	0	0	0	0	0	0	0	0	0	0	0	0	0	0	0	0	0	0	0	0	0	0	0	0	0	0	0	0	0	0	0	0	0	0	64	125	95	133	133	172	77	35	128	100	92	51	141	125	50	96	140	154	184	126	64	148	124	72	196	89	119	126	109	177	179	67	169	51	96	174	8
0	0	0	0	0	0	0	0	0	0	0	0	0	0	0	0	0	0	0	0	0	0	0	0	0	0	0	0	0	0	0	0	0	0	0	0	0	0	0	0	0	0	0	0	0	0	0	0	0	0	0	0	0	0	0	0	0	0	0	0	0	0	0	0	0	0	0	0	0	0	0	0	0	0	0	0	0	0	0	0	0	0	0	0	0	0	0	0	0	0	0	0	151	42	105	189	125	207	166	181	94	169	167	78	55	57	32	122	115	84	114	73	24	30	91	112	50	87	67	149	171	190	36	74	135	69	115	43
0	0	0	0	0	0	0	0	0	0	0	0	0	0	0	0	0	0	0	0	0	0	0	0	0	0	0	0	0	0	0	0	0	0	0	0	0	0	0	0	0	0	0	0	0	0	0	0	0	0	0	0	0	0	0	0	0	0	0	0	0	0	0	0	0	0	0	0	0	0	0	0	0	0	0	0	0	0	0	0	0	0	0	0	0	0	0	0	0	0	0	0	0	106	61	83	139	185	148	123	185	132	29	53	94	161	181	74	91	161	160	52	161	119	112	110	130	67	126	151	173	35	122	32	95	141	77	131
0	0	0	0	0	0	0	0	0	0	0	0	0	0	0	0	0	0	0	0	0	0	0	0	0	0	0	0	0	0	0	0	0	0	0	0	0	0	0	0	0	0	0	0	0	0	0	0	0	0	0	0	0	0	0	0	0	0	0	0	0	0	0	0	0	0	0	0	0	0	0	0	0	0	0	0	0	0	0	0	0	0	0	0	0	0	0	0	0	0	0	0	0	0	172	127	43	67	150	139	170	80	170	136	71	126	161	62	66	170	142	172	83	159	146	93	164	127	161	174	69	179	94	140	39	79	170	90
0	0	0	0	0	0	0	0	0	0	0	0	0	0	0	0	0	0	0	0	0	0	0	0	0	0	0	0	0	0	0	0	0	0	0	0	0	0	0	0	0	0	0	0	0	0	0	0	0	0	0	0	0	0	0	0	0	0	0	0	0	0	0	0	0	0	0	0	0	0	0	0	0	0	0	0	0	0	0	0	0	0	0	0	0	0	0	0	0	0	0	0	0	0	0	6	91	87	50	23	173	186	117	43	159	175	124	95	106	84	127	90	77	95	113	109	162	129	135	104	88	102	70	157	64	163	89	120
0	0	0	0	0	0	0	0	0	0	0	0	0	0	0	0	0	0	0	0	0	0	0	0	0	0	0	0	0	0	0	0	0	0	0	0	0	0	0	0	0	0	0	0	0	0	0	0	0	0	0	0	0	0	0	0	0	0	0	0	0	0	0	0	0	0	0	0	0	0	0	0	0	0	0	0	0	0	0	0	0	0	0	0	0	0	0	0	0	0	0	0	0	0	0	0	192	128	175	143	131	135	148	105	168	98	167	51	158	120	139	35	129	178	31	137	141	71	83	43	118	97	164	86	195	172	144	158
0	0	0	0	0	0	0	0	0	0	0	0	0	0	0	0	0	0	0	0	0	0	0	0	0	0	0	0	0	0	0	0	0	0	0	0	0	0	0	0	0	0	0	0	0	0	0	0	0	0	0	0	0	0	0	0	0	0	0	0	0	0	0	0	0	0	0	0	0	0	0	0	0	0	0	0	0	0	0	0	0	0	0	0	0	0	0	0	0	0	0	0	0	0	0	0	0	92	130	135	114	55	101	14	73	82	145	77	118	190	95	160	158	184	212	133	100	139	78	138	116	61	72	78	166	45	108	57
0	0	0	0	0	0	0	0	0	0	0	0	0	0	0	0	0	0	0	0	0	0	0	0	0	0	0	0	0	0	0	0	0	0	0	0	0	0	0	0	0	0	0	0	0	0	0	0	0	0	0	0	0	0	0	0	0	0	0	0	0	0	0	0	0	0	0	0	0	0	0	0	0	0	0	0	0	0	0	0	0	0	0	0	0	0	0	0	0	0	0	0	0	0	0	0	0	0	96	133	28	137	94	174	108	47	74	58	106	106	132	156	157	71	75	115	87	104	129	218	136	115	135	9	70	101	110	34
0	0	0	0	0	0	0	0	0	0	0	0	0	0	0	0	0	0	0	0	0	0	0	0	0	0	0	0	0	0	0	0	0	0	0	0	0	0	0	0	0	0	0	0	0	0	0	0	0	0	0	0	0	0	0	0	0	0	0	0	0	0	0	0	0	0	0	0	0	0	0	0	0	0	0	0	0	0	0	0	0	0	0	0	0	0	0	0	0	0	0	0	0	0	0	0	0	0	0	206	91	219	97	193	145	104	121	124	135	115	92	175	179	196	163	103	183	128	81	167	139	82	103	149	84	51	137	153
0	0	0	0	0	0	0	0	0	0	0	0	0	0	0	0	0	0	0	0	0	0	0	0	0	0	0	0	0	0	0	0	0	0	0	0	0	0	0	0	0	0	0	0	0	0	0	0	0	0	0	0	0	0	0	0	0	0	0	0	0	0	0	0	0	0	0	0	0	0	0	0	0	0	0	0	0	0	0	0	0	0	0	0	0	0	0	0	0	0	0	0	0	0	0	0	0	0	0	0	110	69	74	48	56	118	189	133	149	75	71	113	117	191	136	78	139	132	215	197	83	170	114	215	108	126	153	194
0	0	0	0	0	0	0	0	0	0	0	0	0	0	0	0	0	0	0	0	0	0	0	0	0	0	0	0	0	0	0	0	0	0	0	0	0	0	0	0	0	0	0	0	0	0	0	0	0	0	0	0	0	0	0	0	0	0	0	0	0	0	0	0	0	0	0	0	0	0	0	0	0	0	0	0	0	0	0	0	0	0	0	0	0	0	0	0	0	0	0	0	0	0	0	0	0	0	0	0	0	179	165	70	126	87	172	145	126	4	137	86	154	80	124	164	68	55	106	88	119	133	133	203	154	54	44	179
0	0	0	0	0	0	0	0	0	0	0	0	0	0	0	0	0	0	0	0	0	0	0	0	0	0	0	0	0	0	0	0	0	0	0	0	0	0	0	0	0	0	0	0	0	0	0	0	0	0	0	0	0	0	0	0	0	0	0	0	0	0	0	0	0	0	0	0	0	0	0	0	0	0	0	0	0	0	0	0	0	0	0	0	0	0	0	0	0	0	0	0	0	0	0	0	0	0	0	0	0	0	62	140	77	133	20	53	172	132	74	130	122	77	160	62	78	46	58	178	82	55	186	36	200	129	212	103
0	0	0	0	0	0	0	0	0	0	0	0	0	0	0	0	0	0	0	0	0	0	0	0	0	0	0	0	0	0	0	0	0	0	0	0	0	0	0	0	0	0	0	0	0	0	0	0	0	0	0	0	0	0	0	0	0	0	0	0	0	0	0	0	0	0	0	0	0	0	0	0	0	0	0	0	0	0	0	0	0	0	0	0	0	0	0	0	0	0	0	0	0	0	0	0	0	0	0	0	0	0	0	32	127	159	93	143	189	70	76	110	45	98	85	130	205	164	132	78	170	98	190	105	180	165	142	52
0	0	0	0	0	0	0	0	0	0	0	0	0	0	0	0	0	0	0	0	0	0	0	0	0	0	0	0	0	0	0	0	0	0	0	0	0	0	0	0	0	0	0	0	0	0	0	0	0	0	0	0	0	0	0	0	0	0	0	0	0	0	0	0	0	0	0	0	0	0	0	0	0	0	0	0	0	0	0	0	0	0	0	0	0	0	0	0	0	0	0	0	0	0	0	0	0	0	0	0	0	0	0	0	35	168	72	61	125	84	186	121	107	124	143	175	105	89	63	79	66	191	102	68	129	218	47	58
0	0	0	0	0	0	0	0	0	0	0	0	0	0	0	0	0	0	0	0	0	0	0	0	0	0	0	0	0	0	0	0	0	0	0	0	0	0	0	0	0	0	0	0	0	0	0	0	0	0	0	0	0	0	0	0	0	0	0	0	0	0	0	0	0	0	0	0	0	0	0	0	0	0	0	0	0	0	0	0	0	0	0	0	0	0	0	0	0	0	0	0	0	0	0	0	0	0	0	0	0	0	0	0	0	133	148	83	100	77	49	40	97	111	159	104	92	157	151	89	128	109	55	134	101	45	125	68
0	0	0	0	0	0	0	0	0	0	0	0	0	0	0	0	0	0	0	0	0	0	0	0	0	0	0	0	0	0	0	0	0	0	0	0	0	0	0	0	0	0	0	0	0	0	0	0	0	0	0	0	0	0	0	0	0	0	0	0	0	0	0	0	0	0	0	0	0	0	0	0	0	0	0	0	0	0	0	0	0	0	0	0	0	0	0	0	0	0	0	0	0	0	0	0	0	0	0	0	0	0	0	0	0	0	185	104	104	154	55	152	57	41	133	60	103	72	99	130	172	47	49	55	117	121	23	110
0	0	0	0	0	0	0	0	0	0	0	0	0	0	0	0	0	0	0	0	0	0	0	0	0	0	0	0	0	0	0	0	0	0	0	0	0	0	0	0	0	0	0	0	0	0	0	0	0	0	0	0	0	0	0	0	0	0	0	0	0	0	0	0	0	0	0	0	0	0	0	0	0	0	0	0	0	0	0	0	0	0	0	0	0	0	0	0	0	0	0	0	0	0	0	0	0	0	0	0	0	0	0	0	0	0	0	148	132	17	222	49	132	110	126	92	30	45	149	118	207	108	61	201	170	108	134	120
0	0	0	0	0	0	0	0	0	0	0	0	0	0	0	0	0	0	0	0	0	0	0	0	0	0	0	0	0	0	0	0	0	0	0	0	0	0	0	0	0	0	0	0	0	0	0	0	0	0	0	0	0	0	0	0	0	0	0	0	0	0	0	0	0	0	0	0	0	0	0	0	0	0	0	0	0	0	0	0	0	0	0	0	0	0	0	0	0	0	0	0	0	0	0	0	0	0	0	0	0	0	0	0	0	0	0	0	115	120	79	35	185	162	63	138	62	67	130	153	129	106	162	145	102	72	68	119
0	0	0	0	0	0	0	0	0	0	0	0	0	0	0	0	0	0	0	0	0	0	0	0	0	0	0	0	0	0	0	0	0	0	0	0	0	0	0	0	0	0	0	0	0	0	0	0	0	0	0	0	0	0	0	0	0	0	0	0	0	0	0	0	0	0	0	0	0	0	0	0	0	0	0	0	0	0	0	0	0	0	0	0	0	0	0	0	0	0	0	0	0	0	0	0	0	0	0	0	0	0	0	0	0	0	0	0	0	121	100	119	151	27	195	97	84	155	100	188	123	54	141	103	136	47	38	169
0	0	0	0	0	0	0	0	0	0	0	0	0	0	0	0	0	0	0	0	0	0	0	0	0	0	0	0	0	0	0	0	0	0	0	0	0	0	0	0	0	0	0	0	0	0	0	0	0	0	0	0	0	0	0	0	0	0	0	0	0	0	0	0	0	0	0	0	0	0	0	0	0	0	0	0	0	0	0	0	0	0	0	0	0	0	0	0	0	0	0	0	0	0	0	0	0	0	0	0	0	0	0	0	0	0	0	0	0	0	120	126	60	129	74	142	135	156	208	116	90	13	72	159	61	189	54	95
0	0	0	0	0	0	0	0	0	0	0	0	0	0	0	0	0	0	0	0	0	0	0	0	0	0	0	0	0	0	0	0	0	0	0	0	0	0	0	0	0	0	0	0	0	0	0	0	0	0	0	0	0	0	0	0	0	0	0	0	0	0	0	0	0	0	0	0	0	0	0	0	0	0	0	0	0	0	0	0	0	0	0	0	0	0	0	0	0	0	0	0	0	0	0	0	0	0	0	0	0	0	0	0	0	0	0	0	0	0	0	175	39	174	86	36	136	109	134	98	112	146	118	111	30	22	69	101
0	0	0	0	0	0	0	0	0	0	0	0	0	0	0	0	0	0	0	0	0	0	0	0	0	0	0	0	0	0	0	0	0	0	0	0	0	0	0	0	0	0	0	0	0	0	0	0	0	0	0	0	0	0	0	0	0	0	0	0	0	0	0	0	0	0	0	0	0	0	0	0	0	0	0	0	0	0	0	0	0	0	0	0	0	0	0	0	0	0	0	0	0	0	0	0	0	0	0	0	0	0	0	0	0	0	0	0	0	0	0	0	69	204	46	52	170	188	96	53	196	123	125	134	63	179	116	60
0	0	0	0	0	0	0	0	0	0	0	0	0	0	0	0	0	0	0	0	0	0	0	0	0	0	0	0	0	0	0	0	0	0	0	0	0	0	0	0	0	0	0	0	0	0	0	0	0	0	0	0	0	0	0	0	0	0	0	0	0	0	0	0	0	0	0	0	0	0	0	0	0	0	0	0	0	0	0	0	0	0	0	0	0	0	0	0	0	0	0	0	0	0	0	0	0	0	0	0	0	0	0	0	0	0	0	0	0	0	0	0	0	160	108	85	149	148	64	118	109	216	129	157	70	48	88	144
0	0	0	0	0	0	0	0	0	0	0	0	0	0	0	0	0	0	0	0	0	0	0	0	0	0	0	0	0	0	0	0	0	0	0	0	0	0	0	0	0	0	0	0	0	0	0	0	0	0	0	0	0	0	0	0	0	0	0	0	0	0	0	0	0	0	0	0	0	0	0	0	0	0	0	0	0	0	0	0	0	0	0	0	0	0	0	0	0	0	0	0	0	0	0	0	0	0	0	0	0	0	0	0	0	0	0	0	0	0	0	0	0	0	181	32	110	52	134	72	130	92	160	119	176	204	128	223
0	0	0	0	0	0	0	0	0	0	0	0	0	0	0	0	0	0	0	0	0	0	0	0	0	0	0	0	0	0	0	0	0	0	0	0	0	0	0	0	0	0	0	0	0	0	0	0	0	0	0	0	0	0	0	0	0	0	0	0	0	0	0	0	0	0	0	0	0	0	0	0	0	0	0	0	0	0	0	0	0	0	0	0	0	0	0	0	0	0	0	0	0	0	0	0	0	0	0	0	0	0	0	0	0	0	0	0	0	0	0	0	0	0	0	180	7	146	109	65	63	146	185	137	146	88	164	215
0	0	0	0	0	0	0	0	0	0	0	0	0	0	0	0	0	0	0	0	0	0	0	0	0	0	0	0	0	0	0	0	0	0	0	0	0	0	0	0	0	0	0	0	0	0	0	0	0	0	0	0	0	0	0	0	0	0	0	0	0	0	0	0	0	0	0	0	0	0	0	0	0	0	0	0	0	0	0	0	0	0	0	0	0	0	0	0	0	0	0	0	0	0	0	0	0	0	0	0	0	0	0	0	0	0	0	0	0	0	0	0	0	0	0	0	196	175	190	219	112	230	207	72	127	75	179	56
0	0	0	0	0	0	0	0	0	0	0	0	0	0	0	0	0	0	0	0	0	0	0	0	0	0	0	0	0	0	0	0	0	0	0	0	0	0	0	0	0	0	0	0	0	0	0	0	0	0	0	0	0	0	0	0	0	0	0	0	0	0	0	0	0	0	0	0	0	0	0	0	0	0	0	0	0	0	0	0	0	0	0	0	0	0	0	0	0	0	0	0	0	0	0	0	0	0	0	0	0	0	0	0	0	0	0	0	0	0	0	0	0	0	0	0	0	166	145	192	123	164	171	161	17	69	27	198
0	0	0	0	0	0	0	0	0	0	0	0	0	0	0	0	0	0	0	0	0	0	0	0	0	0	0	0	0	0	0	0	0	0	0	0	0	0	0	0	0	0	0	0	0	0	0	0	0	0	0	0	0	0	0	0	0	0	0	0	0	0	0	0	0	0	0	0	0	0	0	0	0	0	0	0	0	0	0	0	0	0	0	0	0	0	0	0	0	0	0	0	0	0	0	0	0	0	0	0	0	0	0	0	0	0	0	0	0	0	0	0	0	0	0	0	0	0	146	78	25	76	36	115	96	112	93	187
0	0	0	0	0	0	0	0	0	0	0	0	0	0	0	0	0	0	0	0	0	0	0	0	0	0	0	0	0	0	0	0	0	0	0	0	0	0	0	0	0	0	0	0	0	0	0	0	0	0	0	0	0	0	0	0	0	0	0	0	0	0	0	0	0	0	0	0	0	0	0	0	0	0	0	0	0	0	0	0	0	0	0	0	0	0	0	0	0	0	0	0	0	0	0	0	0	0	0	0	0	0	0	0	0	0	0	0	0	0	0	0	0	0	0	0	0	0	0	105	238	114	129	90	35	206	192	97
0	0	0	0	0	0	0	0	0	0	0	0	0	0	0	0	0	0	0	0	0	0	0	0	0	0	0	0	0	0	0	0	0	0	0	0	0	0	0	0	0	0	0	0	0	0	0	0	0	0	0	0	0	0	0	0	0	0	0	0	0	0	0	0	0	0	0	0	0	0	0	0	0	0	0	0	0	0	0	0	0	0	0	0	0	0	0	0	0	0	0	0	0	0	0	0	0	0	0	0	0	0	0	0	0	0	0	0	0	0	0	0	0	0	0	0	0	0	0	0	209	80	109	130	77	163	39	110
0	0	0	0	0	0	0	0	0	0	0	0	0	0	0	0	0	0	0	0	0	0	0	0	0	0	0	0	0	0	0	0	0	0	0	0	0	0	0	0	0	0	0	0	0	0	0	0	0	0	0	0	0	0	0	0	0	0	0	0	0	0	0	0	0	0	0	0	0	0	0	0	0	0	0	0	0	0	0	0	0	0	0	0	0	0	0	0	0	0	0	0	0	0	0	0	0	0	0	0	0	0	0	0	0	0	0	0	0	0	0	0	0	0	0	0	0	0	0	0	0	117	190	140	203	138	142	190
0	0	0	0	0	0	0	0	0	0	0	0	0	0	0	0	0	0	0	0	0	0	0	0	0	0	0	0	0	0	0	0	0	0	0	0	0	0	0	0	0	0	0	0	0	0	0	0	0	0	0	0	0	0	0	0	0	0	0	0	0	0	0	0	0	0	0	0	0	0	0	0	0	0	0	0	0	0	0	0	0	0	0	0	0	0	0	0	0	0	0	0	0	0	0	0	0	0	0	0	0	0	0	0	0	0	0	0	0	0	0	0	0	0	0	0	0	0	0	0	0	0	129	145	131	131	136	127
0	0	0	0	0	0	0	0	0	0	0	0	0	0	0	0	0	0	0	0	0	0	0	0	0	0	0	0	0	0	0	0	0	0	0	0	0	0	0	0	0	0	0	0	0	0	0	0	0	0	0	0	0	0	0	0	0	0	0	0	0	0	0	0	0	0	0	0	0	0	0	0	0	0	0	0	0	0	0	0	0	0	0	0	0	0	0	0	0	0	0	0	0	0	0	0	0	0	0	0	0	0	0	0	0	0	0	0	0	0	0	0	0	0	0	0	0	0	0	0	0	0	0	127	75	137	144	151
0	0	0	0	0	0	0	0	0	0	0	0	0	0	0	0	0	0	0	0	0	0	0	0	0	0	0	0	0	0	0	0	0	0	0	0	0	0	0	0	0	0	0	0	0	0	0	0	0	0	0	0	0	0	0	0	0	0	0	0	0	0	0	0	0	0	0	0	0	0	0	0	0	0	0	0	0	0	0	0	0	0	0	0	0	0	0	0	0	0	0	0	0	0	0	0	0	0	0	0	0	0	0	0	0	0	0	0	0	0	0	0	0	0	0	0	0	0	0	0	0	0	0	0	105	164	110	55
0	0	0	0	0	0	0	0	0	0	0	0	0	0	0	0	0	0	0	0	0	0	0	0	0	0	0	0	0	0	0	0	0	0	0	0	0	0	0	0	0	0	0	0	0	0	0	0	0	0	0	0	0	0	0	0	0	0	0	0	0	0	0	0	0	0	0	0	0	0	0	0	0	0	0	0	0	0	0	0	0	0	0	0	0	0	0	0	0	0	0	0	0	0	0	0	0	0	0	0	0	0	0	0	0	0	0	0	0	0	0	0	0	0	0	0	0	0	0	0	0	0	0	0	0	113	91	58
0	0	0	0	0	0	0	0	0	0	0	0	0	0	0	0	0	0	0	0	0	0	0	0	0	0	0	0	0	0	0	0	0	0	0	0	0	0	0	0	0	0	0	0	0	0	0	0	0	0	0	0	0	0	0	0	0	0	0	0	0	0	0	0	0	0	0	0	0	0	0	0	0	0	0	0	0	0	0	0	0	0	0	0	0	0	0	0	0	0	0	0	0	0	0	0	0	0	0	0	0	0	0	0	0	0	0	0	0	0	0	0	0	0	0	0	0	0	0	0	0	0	0	0	0	0	40	124
0	0	0	0	0	0	0	0	0	0	0	0	0	0	0	0	0	0	0	0	0	0	0	0	0	0	0	0	0	0	0	0	0	0	0	0	0	0	0	0	0	0	0	0	0	0	0	0	0	0	0	0	0	0	0	0	0	0	0	0	0	0	0	0	0	0	0	0	0	0	0	0	0	0	0	0	0	0	0	0	0	0	0	0	0	0	0	0	0	0	0	0	0	0	0	0	0	0	0	0	0	0	0	0	0	0	0	0	0	0	0	0	0	0	0	0	0	0	0	0	0	0	0	0	0	0	0	30
0	0	0	0	0	0	0	0	0	0	0	0	0	0	0	0	0	0	0	0	0	0	0	0	0	0	0	0	0	0	0	0	0	0	0	0	0	0	0	0	0	0	0	0	0	0	0	0	0	0	0	0	0	0	0	0	0	0	0	0	0	0	0	0	0	0	0	0	0	0	0	0	0	0	0	0	0	0	0	0	0	0	0	0	0	0	0	0	0	0	0	0	0	0	0	0	0	0	0	0	0	0	0	0	0	0	0	0	0	0	0	0	0	0	0	0	0	0	0	0	0	0	0	0	0	0	0	0