0	54	54	113	33	79	73	121	118	53	69	128	37	53	75	64	32	30	59	4	25	5	45	18	107	11	92	19	11	79	15	6	13	108	113	35	2	38	59	108	83	35	81	23	125	74	26	10	81	107	64	90	45	102	72	72	86	46	30	87	49	8	34	20	43	123	67	125	55	29	102	50	106	51	96	31	68	128	34	119	8	119	104	119	85	111	41	52	91	22	63	109	125	30	6	108	75	29	95	37	3	79	34	124	127	38	78	40	89	69	52	100	82	60	105	127	128	103	80	85	100	45	70	69	37	12	8	97
0	0	70	48	124	7	33	115	73	27	42	46	58	115	35	124	121	38	126	70	124	97	108	123	106	64	38	66	120	83	47	105	108	28	112	81	51	45	19	70	121	124	14	67	93	39	70	76	31	92	112	64	115	107	83	123	10	74	6	108	122	41	111	107	29	114	66	74	76	68	124	20	101	63	108	35	80	71	30	102	8	58	99	41	89	78	93	56	54	117	89	44	115	28	105	46	29	128	96	118	84	56	34	15	45	72	3	71	99	14	26	97	82	94	93	25	36	50	36	48	13	21	16	67	28	4	117	40
0	0	0	77	118	57	22	2	90	49	89	43	98	128	9	92	23	78	13	1	93	1	87	69	65	40	10	81	63	62	8	96	46	126	48	17	74	9	96	20	54	124	78	122	8	93	17	32	56	91	75	7	122	56	3	4	24	95	123	79	98	110	124	98	101	66	73	23	119	31	86	98	98	23	71	40	88	14	96	3	100	34	111	67	77	118	76	10	2	30	39	82	32	127	107	51	38	106	25	65	31	78	11	67	94	107	104	47	119	94	28	99	45	55	81	98	89	127	67	65	91	75	77	114	15	3	111	37
0	0	0	0	114	121	37	53	65	90	7	47	91	70	3	31	57	125	34	100	38	115	99	36	126	20	7	37	18	128	94	127	55	106	50	7	29	17	61	42	9	29	26	58	82	116	107	8	42	123	57	14	106	38	45	52	43	81	79	121	124	18	39	47	104	55	35	51	45	30	37	26	73	58	63	74	65	115	30	90	52	100	20	69	84	94	11	58	75	28	71	79	97	73	15	41	64	116	18	39	70	45	35	65	64	45	5	80	4	88	76	49	105	127	21	83	116	125	125	88	14	52	20	99	59	101	104	32
0	0	0	0	0	99	76	70	61	18	48	74	76	118	2	37	48	37	125	117	28	29	39	25	99	82	86	58	77	1	70	124	112	11	109	60	57	40	121	70	59	105	17	38	25	86	38	58	51	30	28	53	94	110	103	72	20	87	55	32	11	74	108	5	47	75	16	90	10	86	27	34	69	1	8	105	22	91	93	29	117	89	1	28	114	16	8	41	31	1	119	34	121	18	10	70	124	29	74	92	20	79	56	42	85	106	60	47	58	111	126	97	109	28	108	70	60	16	50	104	117	23	23	28	13	76	67	72
0	0	0	0	0	0	125	117	84	96	80	30	20	86	37	85	27	10	61	70	56	63	123	68	49	122	30	70	47	121	119	91	23	84	104	82	26	118	16	15	35	42	90	59	121	83	37	67	77	66	23	74	49	99	33	70	118	56	52	120	32	76	104	125	46	76	46	83	18	126	5	59	110	34	21	49	74	45	79	126	97	95	94	23	16	57	69	19	5	9	14	14	93	64	50	10	90	123	101	58	96	7	16	6	44	76	74	85	70	123	54	19	46	68	96	87	10	102	102	69	13	61	10	9	66	8	37	9
0	0	0	0	0	0	0	43	127	61	111	124	5	19	39	26	32	124	63	3	26	82	32	120	31	32	65	59	11	75	95	124	93	128	60	31	90	45	118	23	3	70	52	111	85	31	60	107	124	72	29	105	58	85	34	122	41	118	44	122	102	108	1	37	79	13	34	116	82	100	121	119	77	114	107	71	84	77	59	73	5	96	113	110	100	117	96	109	30	82	48	101	47	102	56	55	47	122	111	87	17	7	1	12	81	5	95	115	38	93	23	85	94	8	3	20	55	32	28	99	3	60	29	6	24	111	71	6
0	0	0	0	0	0	0	0	80	24	57	19	106	59	44	5	100	53	23	48	40	49	33	87	62	40	65	44	116	4	61	17	31	120	39	84	51	109	69	7	44	124	106	87	127	69	122	112	46	93	43	91	1	112	98	99	107	50	93	77	16	58	72	15	72	82	104	116	64	104	33	113	57	87	72	117	79	52	90	70	65	46	128	39	120	110	35	61	97	61	47	40	79	52	29	33	95	30	35	42	75	87	80	7	43	100	61	110	48	67	128	5	53	50	44	41	118	85	120	79	62	85	43	116	13	95	10	41
0	0	0	0	0	0	0	0	0	60	19	30	90	58	47	68	51	65	94	122	119	106	5	58	108	57	66	59	33	2	112	27	97	96	92	125	4	82	52	37	73	57	64	52	15	127	30	91	97	67	128	116	25	105	14	126	65	109	115	58	90	57	37	124	58	46	42	61	93	116	10	39	76	12	40	33	98	118	57	74	47	65	68	115	108	41	33	7	58	37	76	121	121	61	14	10	16	22	51	17	89	73	7	54	71	11	85	7	16	57	45	70	125	10	19	67	62	102	49	91	33	82	19	33	76	36	18	26
0	0	0	0	0	0	0	0	0	0	34	124	68	38	59	118	71	123	29	26	69	68	42	113	121	79	106	17	106	26	52	1	47	63	63	15	30	86	87	110	60	28	93	86	122	41	119	81	38	56	15	26	46	29	13	90	125	16	9	100	20	16	89	20	41	71	1	68	117	49	95	35	106	63	11	26	117	72	9	102	68	56	45	110	68	35	67	76	4	119	75	1	47	63	21	49	44	14	100	53	97	57	37	121	84	35	6	29	95	86	84	55	33	10	113	35	82	86	67	88	15	28	21	91	32	120	32	28
0	0	0	0	0	0	0	0	0	0	0	14	67	88	38	74	77	33	111	18	105	52	22	60	79	122	99	91	39	85	99	34	20	50	122	11	82	73	86	79	113	122	76	34	109	66	78	114	9	98	2	42	69	105	16	53	18	54	51	21	99	34	70	28	38	56	102	109	53	102	53	59	79	127	126	42	51	111	106	53	40	102	83	102	19	82	36	19	119	99	84	117	73	67	94	68	16	85	62	93	81	63	94	96	8	14	25	125	59	46	53	74	95	5	118	89	118	117	91	48	123	37	48	100	73	43	55	46
0	0	0	0	0	0	0	0	0	0	0	0	98	58	102	14	128	95	109	33	92	28	18	88	97	41	47	100	95	42	100	78	48	35	69	50	106	66	87	101	117	51	36	98	7	75	99	54	113	34	87	28	89	54	105	85	111	73	43	23	48	20	51	7	118	35	33	29	16	42	1	101	110	96	2	67	87	47	100	50	104	111	101	112	40	80	24	35	85	112	88	40	3	46	26	108	43	23	38	115	40	31	18	105	66	97	33	110	73	43	18	91	108	5	8	109	21	66	107	15	31	20	117	64	8	38	85	77
0	0	0	0	0	0	0	0	0	0	0	0	0	31	82	91	51	44	43	125	1	92	77	26	65	95	84	26	118	102	53	61	56	112	104	127	63	104	66	89	84	60	1	105	78	12	34	6	50	20	83	87	23	48	23	25	127	69	5	26	101	110	36	30	28	78	37	17	21	121	74	49	108	50	29	111	60	115	35	89	43	11	71	51	48	39	74	105	12	38	127	22	2	37	82	94	83	32	121	34	6	23	74	124	70	34	45	115	120	65	22	109	110	62	126	62	25	92	75	19	44	65	2	57	104	36	22	34
0	0	0	0	0	0	0	0	0	0	0	0	0	0	95	53	116	85	10	124	64	49	68	41	24	116	60	9	35	52	114	119	124	41	99	124	56	117	39	116	121	70	37	13	100	90	98	24	6	35	57	116	115	49	118	6	92	52	101	117	30	97	66	72	16	108	86	56	82	113	49	16	45	74	119	77	58	64	14	82	37	43	125	35	100	18	127	114	76	16	49	100	68	23	124	40	52	42	34	29	81	59	90	21	124	99	12	76	85	42	71	21	56	116	60	103	72	56	83	62	34	54	73	105	45	111	116	53
0	0	0	0	0	0	0	0	0	0	0	0	0	0	0	32	72	24	84	77	51	91	68	20	17	23	55	103	75	110	48	77	67	84	123	83	55	101	126	28	48	117	12	117	94	33	5	81	46	1	92	110	13	111	2	58	65	114	104	84	34	81	108	80	68	54	80	52	107	68	82	43	11	7	90	81	127	35	122	69	71	111	66	68	46	120	97	73	98	67	46	98	11	68	64	30	71	123	39	123	30	128	20	8	31	110	16	57	117	60	70	115	60	57	35	112	114	24	105	10	123	60	21	81	109	32	47	122
0	0	0	0	0	0	0	0	0	0	0	0	0	0	0	0	111	91	101	65	106	44	112	6	81	34	110	42	79	2	4	74	32	83	125	83	79	19	14	90	103	3	21	44	88	32	40	121	118	22	7	2	119	80	65	27	100	6	40	114	117	82	63	19	75	38	39	42	120	42	120	105	78	31	94	78	11	81	15	20	15	46	34	44	22	16	46	114	42	23	92	4	73	101	16	74	3	75	106	95	75	57	78	88	40	4	4	38	119	123	126	9	69	104	114	8	28	6	17	112	75	61	64	125	11	23	100	53
0	0	0	0	0	0	0	0	0	0	0	0	0	0	0	0	0	87	108	19	38	108	42	110	83	113	52	98	39	108	16	53	101	32	121	63	51	86	86	107	5	22	16	123	17	72	8	40	102	125	87	116	33	33	28	68	117	9	26	47	126	88	88	128	41	8	57	115	117	113	119	70	110	53	68	19	30	97	121	50	113	49	26	31	24	73	97	11	85	7	106	17	80	39	113	87	2	119	46	22	21	22	56	27	58	94	105	74	23	17	61	122	78	53	48	92	122	56	113	10	117	9	127	66	96	50	16	117
0	0	0	0	0	0	0	0	0	0	0	0	0	0	0	0	0	0	102	2	114	17	39	35	87	99	15	113	24	13	43	90	47	46	47	91	37	73	125	101	103	3	21	47	14	124	75	22	45	61	46	9	51	121	73	30	116	53	55	22	96	47	79	58	32	85	121	4	85	9	32	58	111	32	27	16	28	110	28	86	63	28	17	69	88	36	42	93	115	44	98	80	76	103	31	124	33	27	105	122	63	112	84	83	82	55	2	13	75	17	51	88	18	76	19	102	44	8	101	25	62	87	118	68	47	96	111	79
0	0	0	0	0	0	0	0	0	0	0	0	0	0	0	0	0	0	0	23	113	30	71	39	62	103	77	53	35	69	56	77	106	42	107	13	118	40	84	84	109	115	71	19	61	125	45	70	95	97	112	80	76	33	42	33	7	50	92	51	62	97	125	41	18	42	33	55	74	87	123	34	47	82	99	89	50	112	25	71	86	102	114	93	43	47	84	19	35	65	20	65	63	104	25	96	11	66	72	71	77	46	36	65	56	12	27	74	57	108	84	56	27	45	43	41	34	95	18	99	122	95	59	36	31	48	50	4
0	0	0	0	0	0	0	0	0	0	0	0	0	0	0	0	0	0	0	0	1	118	96	32	65	90	63	52	117	30	24	96	18	54	49	91	31	38	55	95	78	74	5	35	86	56	9	96	62	119	110	94	37	111	127	62	71	101	91	46	88	88	72	87	16	107	89	75	100	63	104	59	40	3	25	27	33	115	100	108	126	17	40	50	98	3	115	86	113	13	66	78	14	128	74	76	124	69	10	89	23	122	24	99	20	80	14	116	70	14	122	64	80	87	13	56	78	115	73	123	19	40	111	80	111	13	62	73
0	0	0	0	0	0	0	0	0	0	0	0	0	0	0	0	0	0	0	0	0	17	12	2	55	4	58	127	110	119	30	118	24	97	25	3	81	77	18	18	113	55	37	40	113	110	91	84	41	6	20	38	43	73	38	7	74	39	40	34	35	73	93	19	11	5	11	37	67	70	47	73	86	114	114	13	73	64	22	16	73	37	101	77	45	74	125	40	86	73	4	75	82	96	74	7	13	108	40	15	91	5	7	25	63	19	22	37	44	49	97	64	117	7	17	91	124	70	30	37	79	116	120	91	52	21	39	2
0	0	0	0	0	0	0	0	0	0	0	0	0	0	0	0	0	0	0	0	0	0	49	58	48	15	74	58	107	107	41	90	40	42	34	94	16	43	115	52	119	29	88	95	3	2	79	79	59	67	52	50	95	2	31	119	29	22	112	59	48	64	31	74	111	43	34	44	69	61	83	44	68	100	8	103	45	2	111	54	91	91	12	1	9	83	7	109	88	34	25	93	35	8	71	92	23	47	23	33	101	40	127	126	87	81	42	122	98	97	83	125	89	120	56	60	44	65	111	13	22	43	44	21	123	20	68	43
0	0	0	0	0	0	0	0	0	0	0	0	0	0	0	0	0	0	0	0	0	0	0	91	122	64	106	71	4	127	106	45	10	67	51	21	77	48	83	86	95	96	117	26	71	18	100	24	34	75	21	8	98	90	119	94	80	11	20	62	98	7	54	50	18	124	108	119	84	12	75	6	17	18	66	89	89	55	6	30	9	9	102	75	126	90	8	104	72	71	79	26	73	48	62	106	61	38	68	61	13	35	110	13	69	7	82	116	15	5	32	53	30	20	96	14	19	113	53	96	45	15	62	97	128	30	71	6
0	0	0	0	0	0	0	0	0	0	0	0	0	0	0	0	0	0	0	0	0	0	0	0	44	44	21	55	101	102	34	57	107	115	47	48	33	13	25	121	108	128	21	76	98	119	30	17	23	128	99	56	74	17	109	105	114	15	10	86	109	8	85	121	81	1	20	120	7	10	112	13	91	66	112	68	80	33	53	114	28	108	120	95	27	1	24	113	36	51	105	10	9	100	107	69	104	5	16	61	59	75	25	73	47	42	54	4	26	117	113	61	26	82	127	105	88	112	79	12	62	52	95	14	79	8	82	72
0	0	0	0	0	0	0	0	0	0	0	0	0	0	0	0	0	0	0	0	0	0	0	0	0	91	127	4	115	116	2	121	88	48	100	119	115	44	65	86	115	104	22	114	122	24	96	26	84	41	128	51	89	35	98	59	17	97	104	44	95	97	57	120	77	23	121	87	33	101	70	40	111	89	29	7	55	50	108	18	15	15	122	87	19	96	1	53	84	124	95	49	40	86	116	88	97	113	25	98	96	12	102	42	49	79	106	115	89	27	113	12	38	6	46	50	6	22	21	16	86	15	49	19	23	70	128	28
0	0	0	0	0	0	0	0	0	0	0	0	0	0	0	0	0	0	0	0	0	0	0	0	0	0	10	80	28	124	93	68	81	104	120	63	125	62	65	66	25	114	121	35	95	45	64	59	97	41	62	1	7	73	12	13	74	105	11	99	50	38	42	37	114	95	7	50	64	124	46	83	22	41	31	112	12	126	5	26	83	28	88	72	66	26	41	27	13	10	62	79	79	127	106	47	91	128	100	24	20	50	27	36	91	28	89	111	69	23	85	94	75	14	93	112	110	6	111	17	123	126	19	7	32	29	58	20
0	0	0	0	0	0	0	0	0	0	0	0	0	0	0	0	0	0	0	0	0	0	0	0	0	0	0	114	121	76	61	72	95	119	41	53	18	16	118	33	91	98	125	120	48	17	9	103	64	107	28	24	63	104	93	97	79	119	57	67	78	125	25	85	62	35	55	107	88	125	8	52	27	11	12	67	111	16	94	116	119	115	38	99	114	18	114	114	30	90	80	57	13	90	127	118	37	74	26	61	112	99	64	8	92	89	101	94	56	23	27	40	55	108	47	19	7	72	34	23	82	116	62	119	55	114	89	4
0	0	0	0	0	0	0	0	0	0	0	0	0	0	0	0	0	0	0	0	0	0	0	0	0	0	0	0	51	2	7	65	95	105	62	56	111	11	74	79	57	20	102	90	61	104	35	27	14	10	53	17	65	2	47	123	113	13	62	103	126	117	53	33	74	78	39	113	37	115	88	70	97	43	64	72	119	126	52	119	117	35	84	57	48	91	22	113	113	42	70	30	2	21	123	48	21	50	30	55	97	13	103	105	102	106	36	103	108	80	96	29	116	106	113	60	54	41	45	2	80	105	127	21	55	103	111	4
0	0	0	0	0	0	0	0	0	0	0	0	0	0	0	0	0	0	0	0	0	0	0	0	0	0	0	0	0	119	9	6	96	24	104	15	58	76	84	31	32	109	106	82	104	126	15	124	65	37	45	93	108	110	56	62	45	21	11	73	110	61	120	71	103	57	93	121	117	52	125	53	38	51	115	49	42	16	103	107	52	52	110	25	21	124	123	78	95	15	111	33	34	3	80	4	26	52	96	1	67	13	75	99	31	59	92	17	36	5	61	44	8	69	74	109	96	34	108	115	20	9	79	64	46	8	9	47
0	0	0	0	0	0	0	0	0	0	0	0	0	0	0	0	0	0	0	0	0	0	0	0	0	0	0	0	0	0	37	11	87	88	113	51	71	58	32	77	96	31	99	14	75	49	21	43	75	89	54	86	91	31	13	51	65	11	80	64	69	53	19	51	116	94	100	113	119	115	69	46	56	102	31	109	38	62	25	39	90	36	13	28	18	32	39	19	30	40	71	71	21	87	36	105	39	13	127	13	22	112	18	70	69	58	3	106	21	91	112	100	30	8	128	115	29	49	32	27	99	104	81	99	90	45	29	61
0	0	0	0	0	0	0	0	0	0	0	0	0	0	0	0	0	0	0	0	0	0	0	0	0	0	0	0	0	0	0	94	94	23	2	114	88	5	13	65	33	86	101	4	125	106	114	80	24	10	20	38	82	119	47	124	19	4	125	75	85	27	54	46	8	127	69	47	113	42	96	48	7	1	103	18	96	69	121	99	89	6	45	80	117	66	116	21	8	77	7	38	124	5	53	8	86	74	6	4	58	29	75	111	44	60	31	80	114	35	50	45	102	8	5	27	3	29	72	49	90	78	16	58	103	104	13	6
0	0	0	0	0	0	0	0	0	0	0	0	0	0	0	0	0	0	0	0	0	0	0	0	0	0	0	0	0	0	0	0	69	107	7	41	86	21	51	126	124	38	27	74	124	27	22	62	38	64	19	14	113	75	51	56	1	119	115	17	14	39	54	124	56	50	121	20	64	68	43	110	124	24	119	84	85	63	86	42	112	78	98	59	52	128	73	44	69	78	40	46	98	85	26	84	5	103	42	74	73	82	40	95	28	12	28	64	70	86	54	92	54	40	107	91	38	83	61	6	77	89	125	7	23	122	121	50
0	0	0	0	0	0	0	0	0	0	0	0	0	0	0	0	0	0	0	0	0	0	0	0	0	0	0	0	0	0	0	0	0	70	58	13	30	89	105	94	20	74	84	33	39	102	33	125	38	51	102	39	33	113	55	30	127	126	5	84	97	9	68	108	46	51	111	46	15	30	67	107	110	29	32	82	37	23	28	15	102	47	30	97	9	46	102	21	92	127	127	27	16	18	36	8	124	123	54	54	106	119	36	74	37	72	56	123	24	46	54	85	23	15	104	69	20	102	1	124	125	101	117	70	40	62	34	29
0	0	0	0	0	0	0	0	0	0	0	0	0	0	0	0	0	0	0	0	0	0	0	0	0	0	0	0	0	0	0	0	0	0	75	38	17	12	32	54	50	96	65	65	34	106	65	92	90	14	47	61	42	3	42	116	100	22	36	2	89	86	117	62	46	101	30	66	30	79	107	41	65	1	76	78	2	57	57	49	60	35	9	107	103	31	31	100	126	56	55	57	79	101	39	75	7	51	125	15	107	91	123	120	124	103	52	128	109	3	113	95	14	42	109	92	48	49	59	36	43	61	58	121	106	53	47	30
0	0	0	0	0	0	0	0	0	0	0	0	0	0	0	0	0	0	0	0	0	0	0	0	0	0	0	0	0	0	0	0	0	0	0	112	89	22	60	100	11	78	107	85	72	35	97	9	116	66	110	128	69	48	111	102	104	18	118	5	93	83	60	15	38	79	49	114	38	16	73	102	86	6	60	100	21	61	80	69	7	9	72	86	61	45	27	27	7	116	40	49	127	110	22	107	37	127	96	120	75	111	35	107	85	48	39	113	32	123	114	95	121	43	87	68	94	96	36	117	78	10	128	100	5	16	93	25
0	0	0	0	0	0	0	0	0	0	0	0	0	0	0	0	0	0	0	0	0	0	0	0	0	0	0	0	0	0	0	0	0	0	0	0	107	53	81	25	106	117	31	50	32	89	111	82	60	101	82	97	52	82	64	2	106	66	54	58	111	103	45	80	65	99	72	128	19	74	3	77	98	20	52	88	14	119	78	26	49	35	60	10	63	111	122	101	36	40	83	3	29	71	1	82	63	38	36	25	12	54	84	112	78	7	65	52	29	83	32	16	62	54	60	104	95	63	99	47	10	14	36	50	24	62	94	60
0	0	0	0	0	0	0	0	0	0	0	0	0	0	0	0	0	0	0	0	0	0	0	0	0	0	0	0	0	0	0	0	0	0	0	0	0	40	101	120	66	9	9	58	105	75	90	72	18	55	114	25	74	61	59	57	43	26	72	43	122	14	4	110	72	13	41	26	91	116	17	95	63	70	83	93	88	43	2	88	101	90	42	30	44	121	13	39	116	87	62	61	93	34	111	41	44	18	119	71	46	46	119	117	49	25	54	86	66	51	21	70	14	89	8	14	84	11	127	35	48	84	15	78	85	38	45	102
0	0	0	0	0	0	0	0	0	0	0	0	0	0	0	0	0	0	0	0	0	0	0	0	0	0	0	0	0	0	0	0	0	0	0	0	0	0	126	97	81	99	82	38	92	114	111	118	62	45	68	125	113	105	98	128	51	38	98	36	88	55	36	65	15	6	56	50	119	78	47	64	1	23	93	76	45	2	66	74	22	127	12	59	33	47	103	17	16	11	64	58	38	127	39	128	56	69	20	49	12	120	102	74	26	123	100	13	32	64	35	18	43	120	68	73	100	107	98	67	108	67	43	59	119	111	1	89
0	0	0	0	0	0	0	0	0	0	0	0	0	0	0	0	0	0	0	0	0	0	0	0	0	0	0	0	0	0	0	0	0	0	0	0	0	0	0	86	5	71	20	114	15	98	127	64	80	74	59	68	62	48	21	90	50	20	76	17	19	116	30	73	120	85	71	40	4	29	60	109	94	61	123	85	34	31	81	70	106	53	96	85	83	107	40	119	114	14	109	50	34	69	18	15	10	85	107	116	101	100	128	77	127	38	87	40	86	128	68	10	61	73	76	36	45	76	118	97	46	56	117	57	25	90	105	42
0	0	0	0	0	0	0	0	0	0	0	0	0	0	0	0	0	0	0	0	0	0	0	0	0	0	0	0	0	0	0	0	0	0	0	0	0	0	0	0	119	46	97	8	63	58	97	68	123	81	78	117	14	92	27	36	127	43	54	126	114	111	76	6	70	49	47	28	26	17	90	23	121	115	92	50	13	2	88	30	37	67	112	77	68	109	119	63	19	116	5	1	42	88	121	62	103	57	19	13	36	80	64	26	106	55	2	46	128	8	99	108	101	22	41	47	38	87	100	92	12	93	43	35	6	63	87	14
0	0	0	0	0	0	0	0	0	0	0	0	0	0	0	0	0	0	0	0	0	0	0	0	0	0	0	0	0	0	0	0	0	0	0	0	0	0	0	0	0	120	112	125	33	43	21	98	104	36	17	38	76	111	94	5	109	90	53	66	100	114	89	81	57	92	4	119	120	6	7	104	122	22	12	48	117	98	23	54	106	117	48	32	67	45	59	122	29	36	110	69	118	128	62	19	52	23	62	119	128	5	115	72	25	38	127	116	85	30	103	51	90	93	71	26	82	107	56	115	121	6	108	34	67	78	70	56
0	0	0	0	0	0	0	0	0	0	0	0	0	0	0	0	0	0	0	0	0	0	0	0	0	0	0	0	0	0	0	0	0	0	0	0	0	0	0	0	0	0	65	53	58	44	20	117	105	73	120	59	44	11	45	115	5	90	38	107	2	116	12	126	33	15	34	65	60	91	3	96	50	33	42	15	59	35	16	102	23	118	86	49	107	8	119	122	28	121	27	29	43	108	59	79	86	2	18	89	10	23	40	39	105	44	74	96	7	18	79	106	76	107	80	78	66	78	105	107	62	97	69	27	63	56	21	103
0	0	0	0	0	0	0	0	0	0	0	0	0	0	0	0	0	0	0	0	0	0	0	0	0	0	0	0	0	0	0	0	0	0	0	0	0	0	0	0	0	0	0	90	110	108	77	34	24	126	72	43	39	43	95	28	85	32	122	27	90	113	51	4	101	47	50	7	93	82	39	72	112	125	28	109	96	3	108	116	2	87	69	48	118	47	106	96	70	17	93	118	31	37	23	115	16	101	89	68	10	33	5	97	111	47	5	116	34	72	19	122	3	41	45	65	35	12	75	44	71	45	107	74	100	99	101	59
0	0	0	0	0	0	0	0	0	0	0	0	0	0	0	0	0	0	0	0	0	0	0	0	0	0	0	0	0	0	0	0	0	0	0	0	0	0	0	0	0	0	0	0	2	91	62	111	73	113	110	48	2	93	113	98	35	81	83	104	3	62	21	10	101	44	58	84	107	95	106	14	14	75	83	83	126	67	103	76	29	45	95	88	86	98	28	78	118	61	48	41	84	49	102	40	111	125	87	12	67	97	112	121	43	112	106	9	88	34	73	26	78	105	25	19	62	117	37	44	18	17	56	25	119	7	14	62
0	0	0	0	0	0	0	0	0	0	0	0	0	0	0	0	0	0	0	0	0	0	0	0	0	0	0	0	0	0	0	0	0	0	0	0	0	0	0	0	0	0	0	0	0	105	87	78	86	102	44	87	99	41	89	1	12	22	67	127	80	32	70	31	87	7	89	26	24	96	67	10	94	49	120	69	59	9	26	15	91	107	70	47	4	100	89	32	49	63	105	39	65	120	71	78	7	48	128	9	60	104	14	13	30	89	73	6	68	16	109	18	1	57	42	37	13	92	55	15	5	104	98	121	18	49	103	49
0	0	0	0	0	0	0	0	0	0	0	0	0	0	0	0	0	0	0	0	0	0	0	0	0	0	0	0	0	0	0	0	0	0	0	0	0	0	0	0	0	0	0	0	0	0	50	68	13	20	77	79	117	37	40	107	4	115	109	92	93	20	30	79	87	95	10	125	28	127	90	106	54	11	15	59	114	20	107	87	102	14	118	87	116	75	6	39	110	27	19	102	67	128	2	118	57	82	5	116	80	114	33	48	90	86	2	100	8	99	3	38	123	90	49	5	19	119	122	124	27	64	12	56	120	77	128	106
0	0	0	0	0	0	0	0	0	0	0	0	0	0	0	0	0	0	0	0	0	0	0	0	0	0	0	0	0	0	0	0	0	0	0	0	0	0	0	0	0	0	0	0	0	0	0	34	114	22	65	31	101	64	52	122	99	13	70	22	63	23	106	111	25	28	30	128	47	41	91	77	98	2	103	37	12	80	23	85	108	12	45	23	114	23	6	55	5	38	43	35	51	123	26	96	113	58	79	116	39	69	124	77	120	126	40	97	31	108	35	3	35	120	124	61	92	8	65	88	34	74	32	126	11	73	100	79
0	0	0	0	0	0	0	0	0	0	0	0	0	0	0	0	0	0	0	0	0	0	0	0	0	0	0	0	0	0	0	0	0	0	0	0	0	0	0	0	0	0	0	0	0	0	0	0	119	88	32	16	61	5	53	88	68	36	96	6	62	49	33	51	34	31	69	86	76	57	85	113	86	104	90	53	44	115	103	121	7	84	62	67	98	61	93	58	113	80	20	78	88	27	49	74	60	107	88	48	109	104	16	96	59	128	83	99	101	42	4	59	59	60	76	74	37	85	33	127	47	72	88	113	68	23	60	41
0	0	0	0	0	0	0	0	0	0	0	0	0	0	0	0	0	0	0	0	0	0	0	0	0	0	0	0	0	0	0	0	0	0	0	0	0	0	0	0	0	0	0	0	0	0	0	0	0	11	116	96	127	84	9	86	103	120	90	82	118	103	33	108	36	33	60	111	65	75	49	42	119	92	49	48	96	75	120	50	66	82	43	36	56	35	85	71	103	86	4	56	38	124	74	101	117	66	59	126	71	70	90	61	28	70	100	76	66	119	63	12	62	31	28	101	116	123	17	22	79	128	81	55	25	78	43	108
0	0	0	0	0	0	0	0	0	0	0	0	0	0	0	0	0	0	0	0	0	0	0	0	0	0	0	0	0	0	0	0	0	0	0	0	0	0	0	0	0	0	0	0	0	0	0	0	0	0	1	13	74	36	53	81	90	81	89	121	10	41	49	26	50	37	40	36	16	18	53	73	7	121	25	2	101	38	103	103	37	122	125	26	126	22	11	84	106	116	94	22	89	115	27	5	63	122	14	78	57	84	39	26	97	43	31	88	108	49	48	88	21	128	20	50	12	69	93	56	13	79	14	125	47	116	42	21
0	0	0	0	0	0	0	0	0	0	0	0	0	0	0	0	0	0	0	0	0	0	0	0	0	0	0	0	0	0	0	0	0	0	0	0	0	0	0	0	0	0	0	0	0	0	0	0	0	0	0	116	40	105	15	55	85	61	100	120	21	93	89	45	92	86	20	81	79	88	39	86	8	36	117	119	28	29	107	121	97	33	116	48	79	50	121	96	122	28	37	27	117	52	53	41	90	15	89	97	5	29	19	3	30	91	113	74	74	10	101	65	38	32	79	89	116	12	103	14	78	31	51	122	37	108	3	8
0	0	0	0	0	0	0	0	0	0	0	0	0	0	0	0	0	0	0	0	0	0	0	0	0	0	0	0	0	0	0	0	0	0	0	0	0	0	0	0	0	0	0	0	0	0	0	0	0	0	0	0	3	13	102	96	119	110	126	69	71	95	56	113	128	118	44	32	80	83	57	102	89	72	99	63	57	75	91	106	2	75	111	69	33	13	30	20	64	105	77	68	65	12	7	65	36	29	43	125	14	10	31	53	27	47	54	30	21	93	22	103	10	15	53	75	7	106	20	76	65	68	81	123	108	21	48	28
0	0	0	0	0	0	0	0	0	0	0	0	0	0	0	0	0	0	0	0	0	0	0	0	0	0	0	0	0	0	0	0	0	0	0	0	0	0	0	0	0	0	0	0	0	0	0	0	0	0	0	0	0	47	54	43	4	123	66	62	79	123	84	95	73	33	44	58	118	1	32	115	7	127	85	34	10	110	78	82	118	79	58	103	3	121	17	105	65	51	75	117	81	128	78	43	126	34	32	48	80	84	52	71	61	107	106	109	92	123	97	116	63	41	20	88	120	51	59	108	5	99	31	105	61	79	93	90
0	0	0	0	0	0	0	0	0	0	0	0	0	0	0	0	0	0	0	0	0	0	0	0	0	0	0	0	0	0	0	0	0	0	0	0	0	0	0	0	0	0	0	0	0	0	0	0	0	0	0	0	0	0	51	74	110	75	59	3	8	107	1	54	105	107	128	24	99	8	93	121	27	46	25	19	8	99	43	86	100	31	54	92	22	29	66	124	63	38	126	37	64	3	123	84	117	93	6	113	102	116	82	19	8	80	51	115	72	4	43	56	106	5	101	40	126	99	13	30	99	109	14	79	122	15	34	94
0	0	0	0	0	0	0	0	0	0	0	0	0	0	0	0	0	0	0	0	0	0	0	0	0	0	0	0	0	0	0	0	0	0	0	0	0	0	0	0	0	0	0	0	0	0	0	0	0	0	0	0	0	0	0	29	99	59	14	119	47	7	4	123	23	13	18	70	40	120	62	5	13	95	20	115	32	92	1	115	67	52	43	83	64	85	110	8	77	126	73	102	99	108	21	83	80	122	39	25	112	61	90	73	100	71	40	27	72	17	120	94	50	65	79	115	88	107	94	90	64	47	27	49	103	33	20	8
0	0	0	0	0	0	0	0	0	0	0	0	0	0	0	0	0	0	0	0	0	0	0	0	0	0	0	0	0	0	0	0	0	0	0	0	0	0	0	0	0	0	0	0	0	0	0	0	0	0	0	0	0	0	0	0	26	65	16	126	91	37	94	118	123	84	100	76	105	42	24	108	18	115	55	26	79	19	81	56	22	114	124	79	41	61	115	66	40	82	79	99	71	2	45	99	56	116	50	124	44	29	102	84	86	112	21	106	115	91	66	64	27	25	3	105	39	2	41	91	79	25	4	118	124	8	71	50
0	0	0	0	0	0	0	0	0	0	0	0	0	0	0	0	0	0	0	0	0	0	0	0	0	0	0	0	0	0	0	0	0	0	0	0	0	0	0	0	0	0	0	0	0	0	0	0	0	0	0	0	0	0	0	0	0	2	52	67	38	12	1	56	60	112	84	121	128	36	65	11	85	18	89	99	123	57	23	117	38	60	13	22	121	8	61	53	54	126	88	75	91	23	80	92	60	87	36	25	19	59	118	56	109	83	114	75	5	93	85	118	99	29	26	25	101	63	48	12	124	9	13	81	54	119	119	65
0	0	0	0	0	0	0	0	0	0	0	0	0	0	0	0	0	0	0	0	0	0	0	0	0	0	0	0	0	0	0	0	0	0	0	0	0	0	0	0	0	0	0	0	0	0	0	0	0	0	0	0	0	0	0	0	0	0	17	45	110	43	71	9	8	42	65	39	79	113	64	60	41	2	118	83	29	29	114	13	51	1	8	75	110	98	33	43	21	96	73	116	50	46	45	124	6	68	92	4	99	127	47	13	115	53	15	77	46	104	9	23	120	47	123	127	111	5	12	24	17	51	95	93	36	120	26	106
0	0	0	0	0	0	0	0	0	0	0	0	0	0	0	0	0	0	0	0	0	0	0	0	0	0	0	0	0	0	0	0	0	0	0	0	0	0	0	0	0	0	0	0	0	0	0	0	0	0	0	0	0	0	0	0	0	0	0	97	112	36	66	114	8	2	29	101	21	113	73	50	119	92	88	111	90	35	65	61	127	125	33	128	111	56	112	53	84	31	68	85	106	63	23	67	102	74	62	6	111	65	24	114	91	62	105	39	2	74	61	60	126	120	26	19	69	61	41	45	12	74	12	59	53	119	68	127
0	0	0	0	0	0	0	0	0	0	0	0	0	0	0	0	0	0	0	0	0	0	0	0	0	0	0	0	0	0	0	0	0	0	0	0	0	0	0	0	0	0	0	0	0	0	0	0	0	0	0	0	0	0	0	0	0	0	0	0	72	81	28	32	114	85	63	106	59	15	65	65	34	80	8	104	116	19	52	110	105	54	27	107	88	77	32	5	105	114	105	98	68	23	80	15	105	33	128	42	80	80	115	60	110	90	77	111	13	61	68	104	6	63	110	16	27	46	77	75	20	75	49	71	68	90	26	116
0	0	0	0	0	0	0	0	0	0	0	0	0	0	0	0	0	0	0	0	0	0	0	0	0	0	0	0	0	0	0	0	0	0	0	0	0	0	0	0	0	0	0	0	0	0	0	0	0	0	0	0	0	0	0	0	0	0	0	0	0	28	106	24	100	24	105	50	121	10	49	106	24	44	115	47	76	35	30	44	28	24	16	71	53	102	85	89	5	4	31	82	116	103	9	4	62	64	2	112	2	1	3	103	127	37	56	92	38	99	75	75	43	78	14	39	55	112	43	62	37	76	85	87	47	41	95	86
0	0	0	0	0	0	0	0	0	0	0	0	0	0	0	0	0	0	0	0	0	0	0	0	0	0	0	0	0	0	0	0	0	0	0	0	0	0	0	0	0	0	0	0	0	0	0	0	0	0	0	0	0	0	0	0	0	0	0	0	0	0	78	83	90	121	37	105	68	44	4	62	74	6	94	27	87	102	26	76	8	40	12	119	92	94	70	77	15	36	41	73	56	64	61	39	89	87	59	71	82	62	21	117	97	28	73	81	80	33	17	29	24	40	50	52	14	20	16	4	13	5	51	57	11	114	75	118
0	0	0	0	0	0	0	0	0	0	0	0	0	0	0	0	0	0	0	0	0	0	0	0	0	0	0	0	0	0	0	0	0	0	0	0	0	0	0	0	0	0	0	0	0	0	0	0	0	0	0	0	0	0	0	0	0	0	0	0	0	0	0	107	127	5	5	34	25	128	85	45	36	115	1	5	119	69	107	125	84	128	122	55	12	112	69	16	89	66	13	125	66	44	105	22	101	90	58	101	31	56	101	75	67	55	120	42	46	55	50	34	126	43	62	51	78	46	63	33	115	5	42	41	101	45	62	30
0	0	0	0	0	0	0	0	0	0	0	0	0	0	0	0	0	0	0	0	0	0	0	0	0	0	0	0	0	0	0	0	0	0	0	0	0	0	0	0	0	0	0	0	0	0	0	0	0	0	0	0	0	0	0	0	0	0	0	0	0	0	0	0	124	73	102	3	13	122	101	101	2	61	34	106	14	40	127	35	20	56	75	111	46	64	98	10	35	75	24	64	8	124	79	48	99	8	57	91	62	105	127	31	75	23	61	74	90	100	55	18	109	118	102	117	107	123	13	94	11	91	7	118	61	95	107	125
0	0	0	0	0	0	0	0	0	0	0	0	0	0	0	0	0	0	0	0	0	0	0	0	0	0	0	0	0	0	0	0	0	0	0	0	0	0	0	0	0	0	0	0	0	0	0	0	0	0	0	0	0	0	0	0	0	0	0	0	0	0	0	0	0	90	75	45	114	111	99	112	44	19	84	25	2	37	10	25	39	38	45	106	94	95	124	65	11	28	63	108	18	75	62	39	59	58	76	113	39	119	121	3	103	46	14	27	4	9	74	77	61	34	11	61	126	124	75	6	1	66	37	28	125	118	88	47
0	0	0	0	0	0	0	0	0	0	0	0	0	0	0	0	0	0	0	0	0	0	0	0	0	0	0	0	0	0	0	0	0	0	0	0	0	0	0	0	0	0	0	0	0	0	0	0	0	0	0	0	0	0	0	0	0	0	0	0	0	0	0	0	0	0	54	112	96	21	85	69	116	19	113	44	37	94	58	53	120	118	101	37	6	23	29	124	99	118	112	39	52	4	1	5	113	10	115	22	13	103	1	103	50	84	88	81	71	122	58	65	29	58	71	25	78	36	62	13	19	64	50	84	65	122	72	42
0	0	0	0	0	0	0	0	0	0	0	0	0	0	0	0	0	0	0	0	0	0	0	0	0	0	0	0	0	0	0	0	0	0	0	0	0	0	0	0	0	0	0	0	0	0	0	0	0	0	0	0	0	0	0	0	0	0	0	0	0	0	0	0	0	0	0	73	55	54	79	76	40	74	117	127	116	119	4	21	124	36	94	38	84	47	106	52	46	59	105	102	49	95	65	81	28	126	63	74	100	41	110	67	39	85	112	86	6	24	17	113	83	44	72	24	48	95	16	54	8	118	9	80	66	51	116	45
0	0	0	0	0	0	0	0	0	0	0	0	0	0	0	0	0	0	0	0	0	0	0	0	0	0	0	0	0	0	0	0	0	0	0	0	0	0	0	0	0	0	0	0	0	0	0	0	0	0	0	0	0	0	0	0	0	0	0	0	0	0	0	0	0	0	0	0	70	99	49	60	82	17	10	68	10	109	106	16	6	13	68	86	120	74	45	96	68	13	53	40	76	95	88	20	113	28	105	90	81	52	79	36	31	6	127	93	41	114	114	68	2	47	28	31	105	18	77	117	19	123	100	76	21	29	43	12
0	0	0	0	0	0	0	0	0	0	0	0	0	0	0	0	0	0	0	0	0	0	0	0	0	0	0	0	0	0	0	0	0	0	0	0	0	0	0	0	0	0	0	0	0	0	0	0	0	0	0	0	0	0	0	0	0	0	0	0	0	0	0	0	0	0	0	0	0	9	20	9	36	30	95	51	36	16	110	103	9	103	40	4	81	101	57	1	108	85	50	63	35	56	80	57	107	66	82	50	16	17	123	45	59	105	90	109	114	31	52	128	109	36	92	86	122	2	48	32	94	63	53	64	88	72	109	65
0	0	0	0	0	0	0	0	0	0	0	0	0	0	0	0	0	0	0	0	0	0	0	0	0	0	0	0	0	0	0	0	0	0	0	0	0	0	0	0	0	0	0	0	0	0	0	0	0	0	0	0	0	0	0	0	0	0	0	0	0	0	0	0	0	0	0	0	0	0	69	91	102	86	26	113	63	123	13	111	11	30	10	10	94	101	4	125	125	6	125	84	126	9	7	61	41	49	4	127	56	73	22	73	24	4	22	64	90	38	108	56	48	110	100	71	39	100	73	10	117	96	46	8	108	115	95	9
0	0	0	0	0	0	0	0	0	0	0	0	0	0	0	0	0	0	0	0	0	0	0	0	0	0	0	0	0	0	0	0	0	0	0	0	0	0	0	0	0	0	0	0	0	0	0	0	0	0	0	0	0	0	0	0	0	0	0	0	0	0	0	0	0	0	0	0	0	0	0	13	119	111	126	17	16	39	99	8	43	38	86	120	118	83	65	116	123	77	31	27	15	18	44	21	41	83	23	42	5	108	111	84	30	37	104	71	127	98	38	99	109	74	2	55	64	66	78	123	28	125	114	80	83	28	48	102
0	0	0	0	0	0	0	0	0	0	0	0	0	0	0	0	0	0	0	0	0	0	0	0	0	0	0	0	0	0	0	0	0	0	0	0	0	0	0	0	0	0	0	0	0	0	0	0	0	0	0	0	0	0	0	0	0	0	0	0	0	0	0	0	0	0	0	0	0	0	0	0	118	98	65	53	7	82	16	36	78	112	87	12	112	124	58	73	122	64	109	60	85	55	45	29	52	115	36	122	12	42	99	83	79	82	68	14	19	113	28	67	51	79	77	114	45	123	106	80	86	55	81	115	96	105	38	100
0	0	0	0	0	0	0	0	0	0	0	0	0	0	0	0	0	0	0	0	0	0	0	0	0	0	0	0	0	0	0	0	0	0	0	0	0	0	0	0	0	0	0	0	0	0	0	0	0	0	0	0	0	0	0	0	0	0	0	0	0	0	0	0	0	0	0	0	0	0	0	0	0	113	83	32	70	53	96	52	102	117	66	14	52	68	26	56	30	115	54	90	101	100	48	27	40	78	23	85	38	94	38	109	58	90	71	14	43	16	113	20	111	109	61	54	68	7	6	38	66	118	112	32	20	47	47	4
0	0	0	0	0	0	0	0	0	0	0	0	0	0	0	0	0	0	0	0	0	0	0	0	0	0	0	0	0	0	0	0	0	0	0	0	0	0	0	0	0	0	0	0	0	0	0	0	0	0	0	0	0	0	0	0	0	0	0	0	0	0	0	0	0	0	0	0	0	0	0	0	0	0	76	2	114	83	124	96	4	62	46	49	98	122	30	23	105	49	53	84	76	69	84	2	30	101	105	25	65	111	24	72	62	94	53	53	50	112	57	57	22	128	8	95	67	94	124	112	38	128	46	14	127	94	35	55
0	0	0	0	0	0	0	0	0	0	0	0	0	0	0	0	0	0	0	0	0	0	0	0	0	0	0	0	0	0	0	0	0	0	0	0	0	0	0	0	0	0	0	0	0	0	0	0	0	0	0	0	0	0	0	0	0	0	0	0	0	0	0	0	0	0	0	0	0	0	0	0	0	0	0	46	14	76	102	42	123	75	75	45	60	96	72	57	46	23	49	23	46	40	61	92	34	45	69	106	44	51	10	86	91	110	4	32	75	57	32	30	127	24	66	65	28	24	56	8	27	45	42	127	6	83	8	48
0	0	0	0	0	0	0	0	0	0	0	0	0	0	0	0	0	0	0	0	0	0	0	0	0	0	0	0	0	0	0	0	0	0	0	0	0	0	0	0	0	0	0	0	0	0	0	0	0	0	0	0	0	0	0	0	0	0	0	0	0	0	0	0	0	0	0	0	0	0	0	0	0	0	0	0	17	64	28	119	102	119	71	15	60	51	30	20	115	88	98	29	119	17	110	91	95	24	1	124	5	109	98	49	29	53	25	71	99	31	47	48	30	75	117	29	94	94	57	70	72	36	20	100	72	20	55	101
0	0	0	0	0	0	0	0	0	0	0	0	0	0	0	0	0	0	0	0	0	0	0	0	0	0	0	0	0	0	0	0	0	0	0	0	0	0	0	0	0	0	0	0	0	0	0	0	0	0	0	0	0	0	0	0	0	0	0	0	0	0	0	0	0	0	0	0	0	0	0	0	0	0	0	0	0	118	114	105	75	70	19	10	35	47	83	73	71	74	2	111	109	125	84	120	72	117	60	63	3	87	44	115	73	96	2	106	102	64	112	5	24	109	120	75	119	102	105	113	114	102	47	18	14	57	94	48
0	0	0	0	0	0	0	0	0	0	0	0	0	0	0	0	0	0	0	0	0	0	0	0	0	0	0	0	0	0	0	0	0	0	0	0	0	0	0	0	0	0	0	0	0	0	0	0	0	0	0	0	0	0	0	0	0	0	0	0	0	0	0	0	0	0	0	0	0	0	0	0	0	0	0	0	0	0	57	8	39	78	58	125	3	33	125	63	25	35	98	30	95	83	7	51	2	35	21	116	123	63	113	108	54	52	93	120	40	39	112	106	79	15	84	42	101	102	80	51	22	114	8	52	127	22	119	53
0	0	0	0	0	0	0	0	0	0	0	0	0	0	0	0	0	0	0	0	0	0	0	0	0	0	0	0	0	0	0	0	0	0	0	0	0	0	0	0	0	0	0	0	0	0	0	0	0	0	0	0	0	0	0	0	0	0	0	0	0	0	0	0	0	0	0	0	0	0	0	0	0	0	0	0	0	0	0	66	61	82	28	49	109	27	106	41	101	104	106	106	124	114	68	38	14	12	39	34	101	73	23	90	22	5	67	93	24	26	36	102	101	91	73	103	38	60	18	101	5	76	37	64	52	14	25	62
0	0	0	0	0	0	0	0	0	0	0	0	0	0	0	0	0	0	0	0	0	0	0	0	0	0	0	0	0	0	0	0	0	0	0	0	0	0	0	0	0	0	0	0	0	0	0	0	0	0	0	0	0	0	0	0	0	0	0	0	0	0	0	0	0	0	0	0	0	0	0	0	0	0	0	0	0	0	0	0	117	109	108	64	122	70	13	62	99	99	21	76	69	10	96	52	40	103	5	46	1	39	100	128	127	52	47	27	59	13	103	97	53	46	18	84	37	21	81	121	25	69	114	17	64	98	92	40
0	0	0	0	0	0	0	0	0	0	0	0	0	0	0	0	0	0	0	0	0	0	0	0	0	0	0	0	0	0	0	0	0	0	0	0	0	0	0	0	0	0	0	0	0	0	0	0	0	0	0	0	0	0	0	0	0	0	0	0	0	0	0	0	0	0	0	0	0	0	0	0	0	0	0	0	0	0	0	0	0	77	89	48	99	68	96	72	19	74	95	99	110	13	35	72	124	14	17	71	127	62	49	24	95	34	78	116	14	50	75	54	108	110	121	51	40	52	121	103	66	15	25	124	67	19	17	74
0	0	0	0	0	0	0	0	0	0	0	0	0	0	0	0	0	0	0	0	0	0	0	0	0	0	0	0	0	0	0	0	0	0	0	0	0	0	0	0	0	0	0	0	0	0	0	0	0	0	0	0	0	0	0	0	0	0	0	0	0	0	0	0	0	0	0	0	0	0	0	0	0	0	0	0	0	0	0	0	0	0	13	89	75	73	87	70	9	69	96	52	105	119	93	57	112	37	90	92	58	126	88	122	122	24	37	43	59	50	90	10	47	47	31	56	3	58	53	51	1	47	14	111	114	108	14	18
0	0	0	0	0	0	0	0	0	0	0	0	0	0	0	0	0	0	0	0	0	0	0	0	0	0	0	0	0	0	0	0	0	0	0	0	0	0	0	0	0	0	0	0	0	0	0	0	0	0	0	0	0	0	0	0	0	0	0	0	0	0	0	0	0	0	0	0	0	0	0	0	0	0	0	0	0	0	0	0	0	0	0	19	36	92	128	5	63	10	111	6	108	19	78	121	61	36	62	56	122	92	51	68	23	67	26	44	121	110	74	15	31	126	67	102	39	49	7	39	53	49	15	50	94	75	77	28
0	0	0	0	0	0	0	0	0	0	0	0	0	0	0	0	0	0	0	0	0	0	0	0	0	0	0	0	0	0	0	0	0	0	0	0	0	0	0	0	0	0	0	0	0	0	0	0	0	0	0	0	0	0	0	0	0	0	0	0	0	0	0	0	0	0	0	0	0	0	0	0	0	0	0	0	0	0	0	0	0	0	0	0	88	84	56	1	108	30	55	46	122	89	73	93	59	11	97	89	115	117	17	105	57	15	96	104	96	57	3	126	28	77	121	90	113	91	23	76	16	103	73	15	13	125	8	63
0	0	0	0	0	0	0	0	0	0	0	0	0	0	0	0	0	0	0	0	0	0	0	0	0	0	0	0	0	0	0	0	0	0	0	0	0	0	0	0	0	0	0	0	0	0	0	0	0	0	0	0	0	0	0	0	0	0	0	0	0	0	0	0	0	0	0	0	0	0	0	0	0	0	0	0	0	0	0	0	0	0	0	0	0	51	75	11	117	114	38	111	47	61	19	30	35	118	106	20	37	90	19	65	47	24	61	117	106	35	123	19	29	26	103	116	110	118	47	57	6	70	110	58	56	126	95	37
0	0	0	0	0	0	0	0	0	0	0	0	0	0	0	0	0	0	0	0	0	0	0	0	0	0	0	0	0	0	0	0	0	0	0	0	0	0	0	0	0	0	0	0	0	0	0	0	0	0	0	0	0	0	0	0	0	0	0	0	0	0	0	0	0	0	0	0	0	0	0	0	0	0	0	0	0	0	0	0	0	0	0	0	0	0	58	83	113	109	86	86	85	70	42	63	121	24	123	104	97	61	101	33	116	102	98	56	32	3	114	7	75	29	76	5	125	25	31	22	10	17	21	93	103	112	5	85
0	0	0	0	0	0	0	0	0	0	0	0	0	0	0	0	0	0	0	0	0	0	0	0	0	0	0	0	0	0	0	0	0	0	0	0	0	0	0	0	0	0	0	0	0	0	0	0	0	0	0	0	0	0	0	0	0	0	0	0	0	0	0	0	0	0	0	0	0	0	0	0	0	0	0	0	0	0	0	0	0	0	0	0	0	0	0	37	35	113	114	52	44	91	63	17	9	124	108	105	44	92	41	95	108	109	43	7	79	12	89	51	126	100	57	64	118	109	70	5	32	27	30	34	43	116	18	45
0	0	0	0	0	0	0	0	0	0	0	0	0	0	0	0	0	0	0	0	0	0	0	0	0	0	0	0	0	0	0	0	0	0	0	0	0	0	0	0	0	0	0	0	0	0	0	0	0	0	0	0	0	0	0	0	0	0	0	0	0	0	0	0	0	0	0	0	0	0	0	0	0	0	0	0	0	0	0	0	0	0	0	0	0	0	0	0	120	75	127	44	24	97	96	97	29	125	49	19	92	64	74	48	28	44	95	43	110	107	46	58	93	26	126	62	18	72	112	3	72	33	54	34	42	122	26	87
0	0	0	0	0	0	0	0	0	0	0	0	0	0	0	0	0	0	0	0	0	0	0	0	0	0	0	0	0	0	0	0	0	0	0	0	0	0	0	0	0	0	0	0	0	0	0	0	0	0	0	0	0	0	0	0	0	0	0	0	0	0	0	0	0	0	0	0	0	0	0	0	0	0	0	0	0	0	0	0	0	0	0	0	0	0	0	0	0	110	3	105	69	68	82	71	63	1	61	46	29	44	5	5	46	13	122	82	52	90	58	67	74	2	84	93	20	94	50	114	104	122	14	126	12	122	87	41
0	0	0	0	0	0	0	0	0	0	0	0	0	0	0	0	0	0	0	0	0	0	0	0	0	0	0	0	0	0	0	0	0	0	0	0	0	0	0	0	0	0	0	0	0	0	0	0	0	0	0	0	0	0	0	0	0	0	0	0	0	0	0	0	0	0	0	0	0	0	0	0	0	0	0	0	0	0	0	0	0	0	0	0	0	0	0	0	0	0	32	13	41	81	20	80	65	9	123	110	15	64	23	16	43	76	29	85	13	81	1	109	56	107	82	17	9	25	26	124	44	68	24	24	5	80	68	80
0	0	0	0	0	0	0	0	0	0	0	0	0	0	0	0	0	0	0	0	0	0	0	0	0	0	0	0	0	0	0	0	0	0	0	0	0	0	0	0	0	0	0	0	0	0	0	0	0	0	0	0	0	0	0	0	0	0	0	0	0	0	0	0	0	0	0	0	0	0	0	0	0	0	0	0	0	0	0	0	0	0	0	0	0	0	0	0	0	0	0	40	36	24	4	71	16	57	72	57	17	65	80	38	96	91	22	20	28	102	37	99	114	80	4	102	30	48	101	23	84	115	107	110	38	13	80	23
0	0	0	0	0	0	0	0	0	0	0	0	0	0	0	0	0	0	0	0	0	0	0	0	0	0	0	0	0	0	0	0	0	0	0	0	0	0	0	0	0	0	0	0	0	0	0	0	0	0	0	0	0	0	0	0	0	0	0	0	0	0	0	0	0	0	0	0	0	0	0	0	0	0	0	0	0	0	0	0	0	0	0	0	0	0	0	0	0	0	0	0	127	76	48	33	50	59	35	42	40	26	14	96	50	99	101	36	58	64	125	117	39	68	106	76	18	89	40	125	23	69	104	57	96	62	28	86
0	0	0	0	0	0	0	0	0	0	0	0	0	0	0	0	0	0	0	0	0	0	0	0	0	0	0	0	0	0	0	0	0	0	0	0	0	0	0	0	0	0	0	0	0	0	0	0	0	0	0	0	0	0	0	0	0	0	0	0	0	0	0	0	0	0	0	0	0	0	0	0	0	0	0	0	0	0	0	0	0	0	0	0	0	0	0	0	0	0	0	0	0	1	81	65	100	34	61	107	43	60	120	86	20	101	67	91	19	25	115	76	45	40	113	62	99	42	84	7	43	105	82	47	38	66	3	30
0	0	0	0	0	0	0	0	0	0	0	0	0	0	0	0	0	0	0	0	0	0	0	0	0	0	0	0	0	0	0	0	0	0	0	0	0	0	0	0	0	0	0	0	0	0	0	0	0	0	0	0	0	0	0	0	0	0	0	0	0	0	0	0	0	0	0	0	0	0	0	0	0	0	0	0	0	0	0	0	0	0	0	0	0	0	0	0	0	0	0	0	0	0	77	127	53	3	122	80	39	68	56	117	108	27	63	2	78	109	125	7	28	97	125	125	42	37	17	8	103	21	48	11	1	17	122	80
0	0	0	0	0	0	0	0	0	0	0	0	0	0	0	0	0	0	0	0	0	0	0	0	0	0	0	0	0	0	0	0	0	0	0	0	0	0	0	0	0	0	0	0	0	0	0	0	0	0	0	0	0	0	0	0	0	0	0	0	0	0	0	0	0	0	0	0	0	0	0	0	0	0	0	0	0	0	0	0	0	0	0	0	0	0	0	0	0	0	0	0	0	0	0	78	64	17	108	61	101	79	119	118	75	75	101	121	95	19	90	79	23	96	115	118	116	117	105	49	113	1	69	26	75	90	95	52
0	0	0	0	0	0	0	0	0	0	0	0	0	0	0	0	0	0	0	0	0	0	0	0	0	0	0	0	0	0	0	0	0	0	0	0	0	0	0	0	0	0	0	0	0	0	0	0	0	0	0	0	0	0	0	0	0	0	0	0	0	0	0	0	0	0	0	0	0	0	0	0	0	0	0	0	0	0	0	0	0	0	0	0	0	0	0	0	0	0	0	0	0	0	0	0	14	85	18	32	98	48	27	111	97	77	71	11	124	48	83	28	107	61	101	30	43	38	23	53	26	19	98	13	45	118	53	49
0	0	0	0	0	0	0	0	0	0	0	0	0	0	0	0	0	0	0	0	0	0	0	0	0	0	0	0	0	0	0	0	0	0	0	0	0	0	0	0	0	0	0	0	0	0	0	0	0	0	0	0	0	0	0	0	0	0	0	0	0	0	0	0	0	0	0	0	0	0	0	0	0	0	0	0	0	0	0	0	0	0	0	0	0	0	0	0	0	0	0	0	0	0	0	0	0	96	22	91	35	108	18	51	73	128	51	64	57	32	41	32	128	72	95	123	101	3	16	74	121	49	54	40	102	11	87	7
0	0	0	0	0	0	0	0	0	0	0	0	0	0	0	0	0	0	0	0	0	0	0	0	0	0	0	0	0	0	0	0	0	0	0	0	0	0	0	0	0	0	0	0	0	0	0	0	0	0	0	0	0	0	0	0	0	0	0	0	0	0	0	0	0	0	0	0	0	0	0	0	0	0	0	0	0	0	0	0	0	0	0	0	0	0	0	0	0	0	0	0	0	0	0	0	0	0	5	80	120	91	87	37	55	63	37	40	46	128	55	26	93	77	94	75	15	28	7	15	75	10	66	46	66	46	25	1
0	0	0	0	0	0	0	0	0	0	0	0	0	0	0	0	0	0	0	0	0	0	0	0	0	0	0	0	0	0	0	0	0	0	0	0	0	0	0	0	0	0	0	0	0	0	0	0	0	0	0	0	0	0	0	0	0	0	0	0	0	0	0	0	0	0	0	0	0	0	0	0	0	0	0	0	0	0	0	0	0	0	0	0	0	0	0	0	0	0	0	0	0	0	0	0	0	0	0	109	123	89	92	14	25	80	104	106	33	36	42	116	8	51	104	24	64	11	5	17	19	118	4	2	54	17	66	68
0	0	0	0	0	0	0	0	0	0	0	0	0	0	0	0	0	0	0	0	0	0	0	0	0	0	0	0	0	0	0	0	0	0	0	0	0	0	0	0	0	0	0	0	0	0	0	0	0	0	0	0	0	0	0	0	0	0	0	0	0	0	0	0	0	0	0	0	0	0	0	0	0	0	0	0	0	0	0	0	0	0	0	0	0	0	0	0	0	0	0	0	0	0	0	0	0	0	0	0	46	90	96	23	62	107	96	110	23	77	54	87	69	49	32	43	3	34	95	58	54	114	87	107	114	68	32	15
0	0	0	0	0	0	0	0	0	0	0	0	0	0	0	0	0	0	0	0	0	0	0	0	0	0	0	0	0	0	0	0	0	0	0	0	0	0	0	0	0	0	0	0	0	0	0	0	0	0	0	0	0	0	0	0	0	0	0	0	0	0	0	0	0	0	0	0	0	0	0	0	0	0	0	0	0	0	0	0	0	0	0	0	0	0	0	0	0	0	0	0	0	0	0	0	0	0	0	0	0	109	27	78	40	54	102	96	92	88	99	31	14	118	29	118	27	100	21	8	67	24	82	105	20	105	16	42
0	0	0	0	0	0	0	0	0	0	0	0	0	0	0	0	0	0	0	0	0	0	0	0	0	0	0	0	0	0	0	0	0	0	0	0	0	0	0	0	0	0	0	0	0	0	0	0	0	0	0	0	0	0	0	0	0	0	0	0	0	0	0	0	0	0	0	0	0	0	0	0	0	0	0	0	0	0	0	0	0	0	0	0	0	0	0	0	0	0	0	0	0	0	0	0	0	0	0	0	0	0	14	4	63	111	122	101	97	94	119	61	54	21	52	58	58	121	3	15	116	75	68	88	97	106	125	28
0	0	0	0	0	0	0	0	0	0	0	0	0	0	0	0	0	0	0	0	0	0	0	0	0	0	0	0	0	0	0	0	0	0	0	0	0	0	0	0	0	0	0	0	0	0	0	0	0	0	0	0	0	0	0	0	0	0	0	0	0	0	0	0	0	0	0	0	0	0	0	0	0	0	0	0	0	0	0	0	0	0	0	0	0	0	0	0	0	0	0	0	0	0	0	0	0	0	0	0	0	0	0	24	5	121	71	118	125	19	47	56	78	3	98	128	20	30	24	94	17	122	72	111	51	106	110	10
0	0	0	0	0	0	0	0	0	0	0	0	0	0	0	0	0	0	0	0	0	0	0	0	0	0	0	0	0	0	0	0	0	0	0	0	0	0	0	0	0	0	0	0	0	0	0	0	0	0	0	0	0	0	0	0	0	0	0	0	0	0	0	0	0	0	0	0	0	0	0	0	0	0	0	0	0	0	0	0	0	0	0	0	0	0	0	0	0	0	0	0	0	0	0	0	0	0	0	0	0	0	0	0	97	87	125	96	64	38	121	9	48	123	4	115	92	32	60	25	115	67	41	49	9	37	64	95
0	0	0	0	0	0	0	0	0	0	0	0	0	0	0	0	0	0	0	0	0	0	0	0	0	0	0	0	0	0	0	0	0	0	0	0	0	0	0	0	0	0	0	0	0	0	0	0	0	0	0	0	0	0	0	0	0	0	0	0	0	0	0	0	0	0	0	0	0	0	0	0	0	0	0	0	0	0	0	0	0	0	0	0	0	0	0	0	0	0	0	0	0	0	0	0	0	0	0	0	0	0	0	0	0	36	96	19	96	95	121	10	9	91	91	123	103	43	42	112	15	15	83	58	14	24	117	75
0	0	0	0	0	0	0	0	0	0	0	0	0	0	0	0	0	0	0	0	0	0	0	0	0	0	0	0	0	0	0	0	0	0	0	0	0	0	0	0	0	0	0	0	0	0	0	0	0	0	0	0	0	0	0	0	0	0	0	0	0	0	0	0	0	0	0	0	0	0	0	0	0	0	0	0	0	0	0	0	0	0	0	0	0	0	0	0	0	0	0	0	0	0	0	0	0	0	0	0	0	0	0	0	0	0	86	19	9	22	49	32	83	29	52	23	117	112	98	40	68	60	8	107	119	38	2	111
0	0	0	0	0	0	0	0	0	0	0	0	0	0	0	0	0	0	0	0	0	0	0	0	0	0	0	0	0	0	0	0	0	0	0	0	0	0	0	0	0	0	0	0	0	0	0	0	0	0	0	0	0	0	0	0	0	0	0	0	0	0	0	0	0	0	0	0	0	0	0	0	0	0	0	0	0	0	0	0	0	0	0	0	0	0	0	0	0	0	0	0	0	0	0	0	0	0	0	0	0	0	0	0	0	0	0	34	124	3	100	92	71	39	111	78	122	94	62	26	74	102	56	14	111	90	50	46
0	0	0	0	0	0	0	0	0	0	0	0	0	0	0	0	0	0	0	0	0	0	0	0	0	0	0	0	0	0	0	0	0	0	0	0	0	0	0	0	0	0	0	0	0	0	0	0	0	0	0	0	0	0	0	0	0	0	0	0	0	0	0	0	0	0	0	0	0	0	0	0	0	0	0	0	0	0	0	0	0	0	0	0	0	0	0	0	0	0	0	0	0	0	0	0	0	0	0	0	0	0	0	0	0	0	0	0	99	99	105	122	84	50	11	25	94	108	74	63	36	37	88	121	125	52	15	41
0	0	0	0	0	0	0	0	0	0	0	0	0	0	0	0	0	0	0	0	0	0	0	0	0	0	0	0	0	0	0	0	0	0	0	0	0	0	0	0	0	0	0	0	0	0	0	0	0	0	0	0	0	0	0	0	0	0	0	0	0	0	0	0	0	0	0	0	0	0	0	0	0	0	0	0	0	0	0	0	0	0	0	0	0	0	0	0	0	0	0	0	0	0	0	0	0	0	0	0	0	0	0	0	0	0	0	0	0	69	128	57	30	96	122	86	109	44	73	110	20	103	56	13	83	87	50	3
0	0	0	0	0	0	0	0	0	0	0	0	0	0	0	0	0	0	0	0	0	0	0	0	0	0	0	0	0	0	0	0	0	0	0	0	0	0	0	0	0	0	0	0	0	0	0	0	0	0	0	0	0	0	0	0	0	0	0	0	0	0	0	0	0	0	0	0	0	0	0	0	0	0	0	0	0	0	0	0	0	0	0	0	0	0	0	0	0	0	0	0	0	0	0	0	0	0	0	0	0	0	0	0	0	0	0	0	0	0	28	20	109	61	110	27	44	85	80	5	44	101	33	104	96	65	40	57
0	0	0	0	0	0	0	0	0	0	0	0	0	0	0	0	0	0	0	0	0	0	0	0	0	0	0	0	0	0	0	0	0	0	0	0	0	0	0	0	0	0	0	0	0	0	0	0	0	0	0	0	0	0	0	0	0	0	0	0	0	0	0	0	0	0	0	0	0	0	0	0	0	0	0	0	0	0	0	0	0	0	0	0	0	0	0	0	0	0	0	0	0	0	0	0	0	0	0	0	0	0	0	0	0	0	0	0	0	0	0	5	112	11	7	16	76	26	13	42	32	82	116	37	114	37	3	109
0	0	0	0	0	0	0	0	0	0	0	0	0	0	0	0	0	0	0	0	0	0	0	0	0	0	0	0	0	0	0	0	0	0	0	0	0	0	0	0	0	0	0	0	0	0	0	0	0	0	0	0	0	0	0	0	0	0	0	0	0	0	0	0	0	0	0	0	0	0	0	0	0	0	0	0	0	0	0	0	0	0	0	0	0	0	0	0	0	0	0	0	0	0	0	0	0	0	0	0	0	0	0	0	0	0	0	0	0	0	0	0	112	6	118	4	88	48	119	97	47	57	52	73	71	95	11	117
0	0	0	0	0	0	0	0	0	0	0	0	0	0	0	0	0	0	0	0	0	0	0	0	0	0	0	0	0	0	0	0	0	0	0	0	0	0	0	0	0	0	0	0	0	0	0	0	0	0	0	0	0	0	0	0	0	0	0	0	0	0	0	0	0	0	0	0	0	0	0	0	0	0	0	0	0	0	0	0	0	0	0	0	0	0	0	0	0	0	0	0	0	0	0	0	0	0	0	0	0	0	0	0	0	0	0	0	0	0	0	0	0	16	43	24	68	24	8	65	33	16	49	19	86	67	117	18
0	0	0	0	0	0	0	0	0	0	0	0	0	0	0	0	0	0	0	0	0	0	0	0	0	0	0	0	0	0	0	0	0	0	0	0	0	0	0	0	0	0	0	0	0	0	0	0	0	0	0	0	0	0	0	0	0	0	0	0	0	0	0	0	0	0	0	0	0	0	0	0	0	0	0	0	0	0	0	0	0	0	0	0	0	0	0	0	0	0	0	0	0	0	0	0	0	0	0	0	0	0	0	0	0	0	0	0	0	0	0	0	0	0	63	107	107	9	96	46	93	21	32	111	112	8	26	91
0	0	0	0	0	0	0	0	0	0	0	0	0	0	0	0	0	0	0	0	0	0	0	0	0	0	0	0	0	0	0	0	0	0	0	0	0	0	0	0	0	0	0	0	0	0	0	0	0	0	0	0	0	0	0	0	0	0	0	0	0	0	0	0	0	0	0	0	0	0	0	0	0	0	0	0	0	0	0	0	0	0	0	0	0	0	0	0	0	0	0	0	0	0	0	0	0	0	0	0	0	0	0	0	0	0	0	0	0	0	0	0	0	0	0	92	53	97	117	93	112	19	42	4	111	9	91	106
0	0	0	0	0	0	0	0	0	0	0	0	0	0	0	0	0	0	0	0	0	0	0	0	0	0	0	0	0	0	0	0	0	0	0	0	0	0	0	0	0	0	0	0	0	0	0	0	0	0	0	0	0	0	0	0	0	0	0	0	0	0	0	0	0	0	0	0	0	0	0	0	0	0	0	0	0	0	0	0	0	0	0	0	0	0	0	0	0	0	0	0	0	0	0	0	0	0	0	0	0	0	0	0	0	0	0	0	0	0	0	0	0	0	0	0	20	14	103	117	70	84	7	127	73	103	24	114
0	0	0	0	0	0	0	0	0	0	0	0	0	0	0	0	0	0	0	0	0	0	0	0	0	0	0	0	0	0	0	0	0	0	0	0	0	0	0	0	0	0	0	0	0	0	0	0	0	0	0	0	0	0	0	0	0	0	0	0	0	0	0	0	0	0	0	0	0	0	0	0	0	0	0	0	0	0	0	0	0	0	0	0	0	0	0	0	0	0	0	0	0	0	0	0	0	0	0	0	0	0	0	0	0	0	0	0	0	0	0	0	0	0	0	0	0	3	99	93	23	24	28	116	71	23	16	61
0	0	0	0	0	0	0	0	0	0	0	0	0	0	0	0	0	0	0	0	0	0	0	0	0	0	0	0	0	0	0	0	0	0	0	0	0	0	0	0	0	0	0	0	0	0	0	0	0	0	0	0	0	0	0	0	0	0	0	0	0	0	0	0	0	0	0	0	0	0	0	0	0	0	0	0	0	0	0	0	0	0	0	0	0	0	0	0	0	0	0	0	0	0	0	0	0	0	0	0	0	0	0	0	0	0	0	0	0	0	0	0	0	0	0	0	0	0	128	65	20	74	68	38	120	33	111	106
0	0	0	0	0	0	0	0	0	0	0	0	0	0	0	0	0	0	0	0	0	0	0	0	0	0	0	0	0	0	0	0	0	0	0	0	0	0	0	0	0	0	0	0	0	0	0	0	0	0	0	0	0	0	0	0	0	0	0	0	0	0	0	0	0	0	0	0	0	0	0	0	0	0	0	0	0	0	0	0	0	0	0	0	0	0	0	0	0	0	0	0	0	0	0	0	0	0	0	0	0	0	0	0	0	0	0	0	0	0	0	0	0	0	0	0	0	0	0	10	11	23	101	70	93	75	43	58
0	0	0	0	0	0	0	0	0	0	0	0	0	0	0	0	0	0	0	0	0	0	0	0	0	0	0	0	0	0	0	0	0	0	0	0	0	0	0	0	0	0	0	0	0	0	0	0	0	0	0	0	0	0	0	0	0	0	0	0	0	0	0	0	0	0	0	0	0	0	0	0	0	0	0	0	0	0	0	0	0	0	0	0	0	0	0	0	0	0	0	0	0	0	0	0	0	0	0	0	0	0	0	0	0	0	0	0	0	0	0	0	0	0	0	0	0	0	0	0	102	111	118	37	113	92	31	25
0	0	0	0	0	0	0	0	0	0	0	0	0	0	0	0	0	0	0	0	0	0	0	0	0	0	0	0	0	0	0	0	0	0	0	0	0	0	0	0	0	0	0	0	0	0	0	0	0	0	0	0	0	0	0	0	0	0	0	0	0	0	0	0	0	0	0	0	0	0	0	0	0	0	0	0	0	0	0	0	0	0	0	0	0	0	0	0	0	0	0	0	0	0	0	0	0	0	0	0	0	0	0	0	0	0	0	0	0	0	0	0	0	0	0	0	0	0	0	0	0	59	40	2	71	71	73	80
0	0	0	0	0	0	0	0	0	0	0	0	0	0	0	0	0	0	0	0	0	0	0	0	0	0	0	0	0	0	0	0	0	0	0	0	0	0	0	0	0	0	0	0	0	0	0	0	0	0	0	0	0	0	0	0	0	0	0	0	0	0	0	0	0	0	0	0	0	0	0	0	0	0	0	0	0	0	0	0	0	0	0	0	0	0	0	0	0	0	0	0	0	0	0	0	0	0	0	0	0	0	0	0	0	0	0	0	0	0	0	0	0	0	0	0	0	0	0	0	0	0	10	105	72	42	25	97
0	0	0	0	0	0	0	0	0	0	0	0	0	0	0	0	0	0	0	0	0	0	0	0	0	0	0	0	0	0	0	0	0	0	0	0	0	0	0	0	0	0	0	0	0	0	0	0	0	0	0	0	0	0	0	0	0	0	0	0	0	0	0	0	0	0	0	0	0	0	0	0	0	0	0	0	0	0	0	0	0	0	0	0	0	0	0	0	0	0	0	0	0	0	0	0	0	0	0	0	0	0	0	0	0	0	0	0	0	0	0	0	0	0	0	0	0	0	0	0	0	0	0	18	11	31	41	64
0	0	0	0	0	0	0	0	0	0	0	0	0	0	0	0	0	0	0	0	0	0	0	0	0	0	0	0	0	0	0	0	0	0	0	0	0	0	0	0	0	0	0	0	0	0	0	0	0	0	0	0	0	0	0	0	0	0	0	0	0	0	0	0	0	0	0	0	0	0	0	0	0	0	0	0	0	0	0	0	0	0	0	0	0	0	0	0	0	0	0	0	0	0	0	0	0	0	0	0	0	0	0	0	0	0	0	0	0	0	0	0	0	0	0	0	0	0	0	0	0	0	0	0	82	93	104	113
0	0	0	0	0	0	0	0	0	0	0	0	0	0	0	0	0	0	0	0	0	0	0	0	0	0	0	0	0	0	0	0	0	0	0	0	0	0	0	0	0	0	0	0	0	0	0	0	0	0	0	0	0	0	0	0	0	0	0	0	0	0	0	0	0	0	0	0	0	0	0	0	0	0	0	0	0	0	0	0	0	0	0	0	0	0	0	0	0	0	0	0	0	0	0	0	0	0	0	0	0	0	0	0	0	0	0	0	0	0	0	0	0	0	0	0	0	0	0	0	0	0	0	0	0	5	21	107
0	0	0	0	0	0	0	0	0	0	0	0	0	0	0	0	0	0	0	0	0	0	0	0	0	0	0	0	0	0	0	0	0	0	0	0	0	0	0	0	0	0	0	0	0	0	0	0	0	0	0	0	0	0	0	0	0	0	0	0	0	0	0	0	0	0	0	0	0	0	0	0	0	0	0	0	0	0	0	0	0	0	0	0	0	0	0	0	0	0	0	0	0	0	0	0	0	0	0	0	0	0	0	0	0	0	0	0	0	0	0	0	0	0	0	0	0	0	0	0	0	0	0	0	0	0	43	105
0	0	0	0	0	0	0	0	0	0	0	0	0	0	0	0	0	0	0	0	0	0	0	0	0	0	0	0	0	0	0	0	0	0	0	0	0	0	0	0	0	0	0	0	0	0	0	0	0	0	0	0	0	0	0	0	0	0	0	0	0	0	0	0	0	0	0	0	0	0	0	0	0	0	0	0	0	0	0	0	0	0	0	0	0	0	0	0	0	0	0	0	0	0	0	0	0	0	0	0	0	0	0	0	0	0	0	0	0	0	0	0	0	0	0	0	0	0	0	0	0	0	0	0	0	0	0	118
0	0	0	0	0	0	0	0	0	0	0	0	0	0	0	0	0	0	0	0	0	0	0	0	0	0	0	0	0	0	0	0	0	0	0	0	0	0	0	0	0	0	0	0	0	0	0	0	0	0	0	0	0	0	0	0	0	0	0	0	0	0	0	0	0	0	0	0	0	0	0	0	0	0	0	0	0	0	0	0	0	0	0	0	0	0	0	0	0	0	0	0	0	0	0	0	0	0	0	0	0	0	0	0	0	0	0	0	0	0	0	0	0	0	0	0	0	0	0	0	0	0	0	0	0	0	0	0