0	4	116	79	76	4	13	7	55	71	61	87	77	112	48	78	48	39	84	12	11	123	49	23	59	59	58	3	9	127	113	49	52	70	69	85	64	6	43	95	70	69	20	62	87	20	19	37	112	36	80	69	116	116	66	55	77	22	15	30	104	10	86	86	28	17	113	2	23	69	122	125	7	38	52	62	33	75	76	68	13	123	19	56	16	26	39	35	105	84	38	80	98	17	74	70	8	117	118	51	126	30	79	102	71	6	117	10	44	21	73	110	121	95	79	56	2	50	98	19	50	42	92	31	119	1	52	26
0	0	69	12	114	97	44	63	61	31	2	13	82	67	62	13	62	4	95	29	39	80	88	102	42	45	110	51	120	6	117	62	24	83	97	20	65	13	25	31	115	60	9	127	36	84	73	61	22	121	42	82	16	114	111	106	59	94	31	81	60	12	102	61	118	13	93	128	44	10	81	105	106	88	72	84	15	31	25	72	1	2	91	65	34	91	22	76	27	17	44	121	103	36	83	31	82	55	96	57	67	14	67	56	1	12	13	84	26	1	92	121	49	80	53	101	85	21	74	111	23	16	78	84	68	94	117	94
0	0	0	91	30	120	49	121	114	114	112	69	24	78	124	71	22	30	19	61	15	9	101	124	48	36	41	85	29	121	19	51	48	23	35	24	67	76	12	24	75	91	82	82	61	117	104	91	22	116	5	45	58	121	118	87	69	20	26	32	89	31	109	62	111	20	110	126	5	77	14	112	21	125	88	85	4	32	108	11	32	68	49	47	76	96	111	88	114	88	18	114	44	85	103	50	44	95	11	16	105	90	47	35	24	78	22	55	79	7	1	99	83	74	50	29	53	74	124	107	20	65	126	59	84	72	9	116
0	0	0	0	21	33	46	41	119	63	108	22	82	64	36	119	33	37	96	94	44	103	5	51	17	86	116	9	91	39	18	20	90	128	12	90	34	35	6	26	7	99	91	89	11	108	81	72	10	36	91	10	98	96	78	110	81	100	10	7	39	78	70	79	49	26	60	41	108	22	23	66	1	22	96	3	38	39	26	67	89	82	80	50	116	23	3	89	91	51	126	121	78	37	23	29	34	106	51	5	89	22	63	21	18	3	113	19	64	36	19	81	88	21	34	98	51	110	46	23	92	11	125	46	49	121	70	74
0	0	0	0	0	83	19	95	53	88	37	108	83	11	16	46	24	60	68	92	91	40	40	105	49	75	30	47	67	17	105	82	117	4	120	5	41	14	64	85	5	61	68	126	84	109	23	38	53	56	117	123	113	68	122	63	112	123	55	77	8	113	75	30	60	18	43	32	74	62	6	1	21	83	3	101	112	38	9	115	23	61	55	50	37	43	36	80	91	112	122	55	121	33	69	19	128	52	91	24	109	112	22	85	26	73	28	17	73	65	61	48	4	128	106	1	111	71	12	85	46	34	1	115	80	54	120	47
0	0	0	0	0	0	9	14	117	101	72	74	35	64	128	83	110	18	112	19	114	114	85	43	63	99	92	31	23	126	6	88	124	24	4	48	110	112	98	28	95	117	104	64	120	61	7	83	118	25	119	99	79	74	73	7	21	113	71	15	89	67	100	79	52	38	101	89	35	111	109	117	15	28	101	43	30	125	22	102	126	14	46	37	22	88	16	113	9	109	60	85	44	125	48	106	52	11	124	39	113	73	50	81	103	49	56	110	40	60	91	30	81	125	19	59	115	112	90	34	76	104	128	117	22	39	124	82
0	0	0	0	0	0	0	88	106	121	101	119	15	127	41	94	74	1	31	74	71	8	108	100	107	95	15	105	108	106	19	13	113	128	50	57	12	29	40	1	54	114	6	12	123	33	26	126	98	8	20	86	110	103	124	127	40	2	19	127	123	5	118	49	102	88	97	55	102	75	46	43	87	120	12	62	111	97	73	82	124	109	119	26	54	78	44	88	48	121	28	29	29	12	16	82	65	8	5	20	10	61	17	19	3	22	76	1	12	70	13	6	79	94	9	109	43	29	62	44	118	110	14	39	9	43	32	56
0	0	0	0	0	0	0	0	4	123	37	86	24	97	116	124	42	64	19	96	21	63	23	18	113	71	7	3	2	80	66	14	114	92	117	45	17	107	83	24	117	41	58	124	114	32	6	78	64	77	65	92	9	45	91	38	32	45	113	101	62	12	28	9	101	113	27	56	121	42	49	15	106	87	85	80	100	79	85	10	20	58	97	96	60	103	84	113	11	115	83	23	45	29	27	89	37	102	120	77	42	95	8	26	22	10	123	105	33	2	58	1	32	109	45	30	127	70	71	122	43	10	68	127	31	100	97	108
0	0	0	0	0	0	0	0	0	68	39	53	83	41	18	102	76	89	52	104	128	108	125	73	38	16	34	115	42	92	60	118	112	41	11	40	99	94	57	77	89	103	94	87	75	4	88	98	74	60	90	82	35	116	12	34	23	109	26	53	63	105	67	115	50	62	54	67	50	62	82	118	85	6	50	29	37	71	78	91	51	109	57	34	15	35	118	115	41	96	53	33	120	1	75	19	2	21	41	42	12	24	52	20	23	126	8	68	7	6	103	35	28	73	14	100	37	86	74	60	46	115	72	125	86	41	35	58
0	0	0	0	0	0	0	0	0	0	120	79	112	35	53	34	99	45	66	32	42	90	74	59	127	55	107	31	111	14	59	37	18	127	93	13	63	81	6	86	92	75	124	49	70	127	122	13	85	46	119	102	56	105	122	52	70	14	105	38	37	41	68	88	58	30	80	106	120	112	33	48	107	102	45	61	112	66	30	74	35	13	90	125	57	120	128	49	15	119	72	104	80	13	8	2	116	57	31	63	52	38	121	60	65	64	12	81	121	57	77	125	122	73	51	64	51	46	57	22	40	58	116	79	127	124	48	15
0	0	0	0	0	0	0	0	0	0	0	45	17	88	114	109	111	13	80	26	40	39	48	111	98	40	32	57	74	74	97	14	28	35	69	12	32	104	9	81	21	64	77	66	115	60	87	105	125	73	120	97	112	110	100	43	36	39	15	84	40	5	82	77	30	35	38	74	47	27	115	37	90	79	44	21	115	93	126	100	79	30	47	91	72	113	124	84	42	124	29	63	102	87	106	13	124	62	68	47	35	44	61	55	57	112	44	87	17	21	8	55	56	10	103	105	54	41	71	98	96	52	116	62	91	29	115	51
0	0	0	0	0	0	0	0	0	0	0	0	83	81	33	108	23	86	74	127	16	17	125	83	61	54	61	62	91	84	126	64	54	122	67	14	62	10	36	55	75	75	103	21	27	28	59	100	57	109	51	64	28	125	113	46	5	87	21	104	72	55	16	24	103	5	48	127	40	106	42	22	32	53	87	41	34	94	65	54	72	13	56	42	47	119	51	117	26	89	90	87	38	18	80	21	14	44	100	125	13	16	128	22	65	55	97	31	86	67	15	23	1	76	120	32	61	38	9	128	108	15	102	9	86	34	4	1
0	0	0	0	0	0	0	0	0	0	0	0	0	108	112	42	114	108	71	48	62	33	88	7	56	41	89	64	52	76	51	65	23	15	128	92	126	13	29	76	31	71	1	126	35	101	74	112	59	17	16	32	20	102	56	85	73	39	31	61	10	39	85	104	49	28	124	26	41	79	22	66	79	39	86	10	20	4	26	117	93	84	111	18	27	53	86	29	29	51	120	111	97	10	20	89	65	51	64	52	23	60	20	113	114	50	63	116	85	96	16	86	56	61	44	36	71	73	7	27	55	107	63	115	119	104	3	2
0	0	0	0	0	0	0	0	0	0	0	0	0	0	109	126	67	49	43	104	114	6	69	86	93	100	81	71	58	88	96	41	31	63	16	14	92	126	81	12	86	94	118	120	9	73	85	16	82	92	105	15	59	42	26	78	104	50	65	22	72	19	100	127	124	4	91	72	31	64	58	59	62	128	18	29	69	75	114	91	44	54	89	35	8	23	101	62	92	40	19	28	32	31	15	76	35	103	24	30	81	54	32	86	112	60	22	115	27	107	86	110	32	47	73	97	45	23	33	24	16	87	27	102	72	9	116	4
0	0	0	0	0	0	0	0	0	0	0	0	0	0	0	31	26	78	63	120	97	42	85	71	125	93	42	71	86	33	87	109	15	113	103	56	63	117	107	111	21	95	120	27	19	125	116	90	91	108	111	13	50	50	34	90	107	124	96	44	90	52	31	84	72	102	32	121	53	28	83	43	37	42	77	69	105	124	87	58	73	24	59	125	82	111	61	85	2	126	122	66	126	43	127	24	28	25	98	20	102	32	96	19	43	79	96	8	38	70	56	21	7	54	8	88	48	84	118	57	55	35	57	71	51	52	73	6
0	0	0	0	0	0	0	0	0	0	0	0	0	0	0	0	64	84	17	115	69	1	47	7	10	27	127	90	47	124	49	27	118	122	109	46	80	81	22	61	51	127	128	72	28	78	34	110	52	17	22	51	96	94	68	57	59	106	81	53	102	63	94	14	29	62	4	85	111	27	27	42	98	59	55	49	10	19	11	86	45	109	124	83	7	12	94	1	42	119	41	58	91	16	22	41	117	67	103	100	112	29	53	52	71	51	60	95	65	117	2	37	106	15	8	50	9	88	55	72	60	42	95	59	26	25	64	105
0	0	0	0	0	0	0	0	0	0	0	0	0	0	0	0	0	10	49	99	66	117	110	100	73	114	17	77	66	15	116	23	68	22	64	119	111	58	122	59	119	114	90	54	104	58	70	60	74	44	44	87	44	48	47	80	43	32	127	41	53	41	32	102	12	3	104	83	20	80	127	67	97	56	104	1	50	11	122	8	119	31	35	60	27	62	76	116	26	39	33	80	29	90	126	106	7	27	86	20	97	42	63	48	35	15	125	117	61	86	68	49	118	63	96	39	86	96	16	50	16	11	107	37	78	43	58	85
0	0	0	0	0	0	0	0	0	0	0	0	0	0	0	0	0	0	98	29	127	62	51	33	29	127	6	9	70	123	50	60	33	35	43	53	19	109	116	62	23	53	109	50	39	44	34	32	93	24	66	76	70	102	53	1	78	94	38	117	99	121	102	28	47	41	38	96	38	24	24	94	74	96	22	7	123	59	46	53	122	43	72	85	8	12	123	7	77	54	73	120	117	122	124	81	108	93	81	8	105	60	79	120	88	34	3	55	80	14	102	75	88	64	54	92	26	66	128	49	88	99	7	30	77	50	20	58
0	0	0	0	0	0	0	0	0	0	0	0	0	0	0	0	0	0	0	18	23	75	108	108	19	118	115	84	90	68	12	85	17	40	20	104	49	22	3	93	12	81	86	112	6	96	23	41	7	53	25	118	46	56	7	54	85	124	94	59	120	38	18	92	25	126	11	120	11	66	34	25	14	82	101	21	11	13	70	9	8	120	124	77	71	48	44	32	114	102	7	78	38	2	45	35	31	121	89	84	49	6	13	67	49	93	19	26	99	61	120	104	60	113	41	6	84	39	74	105	51	72	94	62	73	102	55	125
0	0	0	0	0	0	0	0	0	0	0	0	0	0	0	0	0	0	0	0	43	10	85	76	90	49	51	74	44	68	42	13	103	55	40	73	68	22	95	92	97	24	30	122	25	112	56	115	96	69	100	49	110	77	107	48	110	22	123	58	47	3	58	117	26	97	49	81	111	56	73	110	52	79	61	110	27	92	109	6	110	49	47	64	83	20	77	16	21	27	29	64	107	45	39	25	29	31	30	74	123	49	109	37	117	2	48	119	83	116	60	15	10	123	115	49	28	9	7	73	88	103	114	17	101	80	27	123
0	0	0	0	0	0	0	0	0	0	0	0	0	0	0	0	0	0	0	0	0	19	13	102	28	114	57	125	73	118	106	75	118	69	121	111	101	71	96	10	122	70	102	34	103	47	113	125	113	115	8	111	81	116	89	13	67	83	94	79	91	61	91	71	4	19	73	54	22	14	116	78	115	36	124	28	53	120	68	99	39	64	84	123	99	125	18	31	54	87	128	45	51	85	2	70	117	26	87	126	78	86	117	23	42	54	1	124	123	85	93	93	107	23	67	47	87	33	12	120	40	11	32	115	13	22	5	26
0	0	0	0	0	0	0	0	0	0	0	0	0	0	0	0	0	0	0	0	0	0	106	15	112	82	77	24	7	113	93	124	40	49	56	116	114	43	33	101	128	38	122	39	125	105	17	117	107	73	22	92	67	92	24	70	37	118	118	112	112	26	116	74	28	19	64	16	23	68	66	110	115	123	121	9	70	106	128	6	2	59	81	72	21	105	5	65	95	43	107	120	53	70	19	72	76	90	113	25	126	18	20	13	116	16	91	35	95	94	36	99	20	61	110	42	28	125	78	96	69	36	5	34	24	128	68	83
0	0	0	0	0	0	0	0	0	0	0	0	0	0	0	0	0	0	0	0	0	0	0	107	66	30	111	9	112	29	114	18	66	36	40	55	24	5	127	35	105	68	86	67	74	3	78	72	25	87	79	121	49	117	71	102	44	4	13	81	41	36	12	24	66	111	53	24	66	43	6	11	25	94	80	93	100	85	9	25	72	15	102	20	94	108	72	85	76	23	25	50	77	72	113	95	83	125	11	53	17	93	101	74	7	18	86	78	90	43	96	45	27	97	2	80	33	36	53	66	35	8	123	64	107	72	49	120
0	0	0	0	0	0	0	0	0	0	0	0	0	0	0	0	0	0	0	0	0	0	0	0	88	111	2	39	27	9	109	81	9	38	54	57	6	108	28	65	16	69	96	5	65	91	71	58	36	78	121	60	121	95	40	29	52	108	37	36	52	54	110	122	15	10	41	67	39	34	117	84	32	14	99	118	53	58	27	123	2	68	32	125	95	96	108	58	57	71	116	6	85	117	112	43	55	96	14	31	100	11	65	43	94	58	108	83	21	57	48	51	32	85	99	81	79	107	81	5	4	53	43	36	85	59	119	33
0	0	0	0	0	0	0	0	0	0	0	0	0	0	0	0	0	0	0	0	0	0	0	0	0	22	121	57	92	38	73	27	30	12	120	1	83	102	13	12	85	18	115	67	116	62	122	75	64	128	8	40	81	120	123	79	32	85	82	36	118	19	76	117	115	123	66	34	93	115	70	24	11	2	30	5	107	101	121	15	76	99	49	117	25	25	99	119	41	107	17	79	125	3	7	112	77	19	93	83	98	93	46	4	119	127	112	43	71	15	69	121	94	21	15	3	98	54	118	103	78	64	102	69	33	109	117	18
0	0	0	0	0	0	0	0	0	0	0	0	0	0	0	0	0	0	0	0	0	0	0	0	0	0	110	47	27	44	39	109	106	127	87	72	89	30	127	102	50	66	83	118	9	69	103	3	117	57	8	112	27	19	13	49	43	48	23	107	7	35	27	23	4	8	100	125	113	114	124	109	74	22	15	59	73	67	30	57	80	110	68	72	38	38	5	69	97	25	40	54	39	119	24	18	17	84	84	6	66	123	60	87	122	34	38	92	27	85	88	68	72	15	50	110	12	60	3	85	124	84	11	10	118	67	32	44
0	0	0	0	0	0	0	0	0	0	0	0	0	0	0	0	0	0	0	0	0	0	0	0	0	0	0	48	98	84	107	115	42	116	78	124	23	37	79	21	95	58	1	96	46	80	75	8	34	69	102	120	25	36	92	65	108	109	4	123	3	75	78	100	9	96	92	63	77	26	71	79	47	16	54	69	92	104	111	97	36	56	126	112	1	118	107	95	97	6	20	56	25	51	4	4	102	66	6	68	75	56	57	49	50	81	62	72	85	97	103	113	5	2	80	125	4	117	12	5	127	61	97	84	4	86	104	17
0	0	0	0	0	0	0	0	0	0	0	0	0	0	0	0	0	0	0	0	0	0	0	0	0	0	0	0	128	74	29	117	21	47	32	68	100	30	25	57	112	25	25	63	85	29	38	77	112	116	109	78	94	91	10	75	11	49	61	19	108	74	126	68	79	125	118	92	124	88	27	22	22	112	27	26	79	66	4	51	32	51	84	104	90	64	10	36	5	30	95	95	113	109	37	35	62	44	36	107	77	10	44	94	100	74	26	69	112	33	75	20	99	91	127	54	26	110	47	103	111	128	8	97	29	48	42	74
0	0	0	0	0	0	0	0	0	0	0	0	0	0	0	0	0	0	0	0	0	0	0	0	0	0	0	0	0	109	83	83	96	26	12	79	63	54	86	68	47	117	48	94	72	127	64	20	99	12	117	67	61	7	87	109	57	117	65	88	94	45	2	108	54	107	45	42	125	94	81	30	32	20	111	63	60	71	105	7	11	15	9	128	107	39	36	1	92	118	110	60	48	99	104	46	49	103	96	13	6	17	111	125	127	127	21	5	105	79	104	79	53	61	80	104	20	81	33	5	127	85	117	2	70	83	34	36
0	0	0	0	0	0	0	0	0	0	0	0	0	0	0	0	0	0	0	0	0	0	0	0	0	0	0	0	0	0	16	10	90	14	5	6	94	97	71	116	20	55	83	25	31	34	124	39	48	96	1	55	42	97	63	34	31	125	44	55	92	55	112	72	9	54	115	38	108	3	22	128	127	106	80	35	123	74	57	39	92	59	29	51	100	50	118	27	63	121	125	20	4	116	42	85	57	128	83	120	72	67	12	101	111	46	64	30	45	125	99	22	90	117	24	29	5	66	29	7	88	67	71	71	49	120	79	62
0	0	0	0	0	0	0	0	0	0	0	0	0	0	0	0	0	0	0	0	0	0	0	0	0	0	0	0	0	0	0	125	34	81	79	78	67	18	112	77	7	69	93	27	71	68	94	44	84	4	6	74	76	24	114	95	119	62	34	8	66	28	84	52	18	33	18	33	67	16	116	125	96	51	103	126	110	5	9	71	35	23	4	11	90	47	117	14	1	50	38	78	109	47	24	114	8	99	67	61	78	30	59	99	37	126	97	113	92	73	26	69	10	60	125	67	24	24	3	73	14	121	85	59	97	68	114	42
0	0	0	0	0	0	0	0	0	0	0	0	0	0	0	0	0	0	0	0	0	0	0	0	0	0	0	0	0	0	0	0	27	40	109	103	7	58	82	25	49	101	70	47	35	70	9	120	119	35	114	93	127	98	46	21	106	33	120	32	90	95	106	39	16	34	65	112	10	4	69	123	70	102	87	31	81	4	121	123	77	122	106	69	74	120	50	103	89	50	91	89	65	124	99	43	29	15	17	31	43	70	94	128	74	84	12	75	75	55	125	8	48	115	108	126	11	39	66	13	50	31	56	24	104	18	21	55
0	0	0	0	0	0	0	0	0	0	0	0	0	0	0	0	0	0	0	0	0	0	0	0	0	0	0	0	0	0	0	0	0	54	51	118	42	71	64	75	85	56	102	60	118	89	2	78	49	95	112	27	35	91	6	49	93	31	98	53	38	68	97	128	70	13	115	72	16	118	48	74	128	18	50	45	74	55	39	9	89	55	3	10	70	105	38	45	23	124	7	124	51	20	127	127	71	54	6	77	52	55	16	16	9	44	85	41	14	97	6	71	3	62	4	114	106	60	96	97	87	63	18	119	69	18	87	50
0	0	0	0	0	0	0	0	0	0	0	0	0	0	0	0	0	0	0	0	0	0	0	0	0	0	0	0	0	0	0	0	0	0	96	77	65	59	27	72	28	86	28	51	5	95	100	112	59	1	76	108	28	106	128	55	62	13	43	88	56	114	122	100	82	77	17	110	84	105	1	92	42	5	78	79	27	71	77	36	30	125	46	62	56	73	68	54	5	120	51	21	127	121	120	51	78	49	108	81	59	20	55	92	9	93	51	11	117	38	62	105	102	17	17	69	24	26	43	90	27	31	12	21	27	101	23	35
0	0	0	0	0	0	0	0	0	0	0	0	0	0	0	0	0	0	0	0	0	0	0	0	0	0	0	0	0	0	0	0	0	0	0	13	114	76	106	86	103	94	32	81	17	85	33	14	72	121	4	10	57	118	85	27	112	34	4	81	81	24	103	9	57	82	68	88	121	82	5	104	4	26	80	100	61	56	111	23	101	27	19	79	94	18	9	71	15	76	118	7	3	80	58	62	56	84	90	28	103	46	80	37	3	120	63	8	43	40	103	72	9	69	90	76	87	89	2	68	38	29	13	51	24	74	19	11
0	0	0	0	0	0	0	0	0	0	0	0	0	0	0	0	0	0	0	0	0	0	0	0	0	0	0	0	0	0	0	0	0	0	0	0	102	103	128	119	98	109	121	42	25	48	41	66	1	89	90	26	128	10	27	43	119	61	35	30	42	68	124	91	12	102	117	40	1	86	122	99	120	3	38	95	111	87	114	70	29	20	105	2	24	119	112	87	84	44	47	110	112	98	39	22	3	14	118	116	30	116	81	14	79	40	104	3	58	70	118	60	122	64	58	118	78	59	4	109	103	49	40	86	85	28	102	78
0	0	0	0	0	0	0	0	0	0	0	0	0	0	0	0	0	0	0	0	0	0	0	0	0	0	0	0	0	0	0	0	0	0	0	0	0	41	114	31	103	91	86	90	66	102	105	20	127	21	54	116	77	31	101	6	17	114	109	8	100	122	75	122	122	16	51	23	119	57	47	71	127	81	87	12	96	93	126	37	79	73	45	105	11	18	18	115	106	92	65	2	62	40	109	64	45	125	125	117	66	23	41	103	114	54	53	26	105	107	117	58	20	73	87	11	117	109	10	96	35	24	37	40	26	49	121	40
0	0	0	0	0	0	0	0	0	0	0	0	0	0	0	0	0	0	0	0	0	0	0	0	0	0	0	0	0	0	0	0	0	0	0	0	0	0	64	74	61	80	2	109	10	57	86	107	19	121	29	90	117	91	83	57	125	43	122	55	33	123	90	115	8	86	70	44	106	32	36	23	79	24	27	109	71	65	11	50	75	87	106	96	109	92	22	82	92	61	126	32	33	8	84	43	66	46	53	93	15	49	100	39	105	9	18	113	123	51	71	124	35	112	108	88	116	3	38	53	59	1	78	51	116	69	122	60
0	0	0	0	0	0	0	0	0	0	0	0	0	0	0	0	0	0	0	0	0	0	0	0	0	0	0	0	0	0	0	0	0	0	0	0	0	0	0	36	14	87	127	28	99	87	28	23	105	40	97	121	50	93	29	50	127	33	115	95	75	94	95	60	121	120	99	21	103	22	37	122	26	101	78	74	25	75	82	69	48	83	79	15	64	61	35	66	72	125	8	109	9	105	9	116	107	43	54	5	125	74	34	33	69	54	119	90	17	76	112	58	16	54	67	90	42	30	104	128	92	26	3	95	6	122	18	59
0	0	0	0	0	0	0	0	0	0	0	0	0	0	0	0	0	0	0	0	0	0	0	0	0	0	0	0	0	0	0	0	0	0	0	0	0	0	0	0	37	60	40	128	20	90	52	40	88	83	27	102	60	89	26	47	83	37	93	53	105	104	91	106	30	86	4	5	126	63	20	90	107	22	104	46	80	27	70	105	109	109	96	14	35	123	10	114	40	28	9	77	32	117	43	52	60	92	95	24	122	114	15	99	70	61	113	95	46	50	81	66	77	61	84	100	123	49	80	35	82	18	96	39	33	57	25	113
0	0	0	0	0	0	0	0	0	0	0	0	0	0	0	0	0	0	0	0	0	0	0	0	0	0	0	0	0	0	0	0	0	0	0	0	0	0	0	0	0	123	50	42	39	34	48	88	69	39	106	69	10	3	41	34	48	72	70	84	91	109	100	115	27	71	33	71	36	99	10	110	46	53	61	77	84	84	109	21	52	66	33	92	126	128	62	99	34	113	59	10	103	22	40	71	31	18	7	61	104	69	108	61	115	122	46	92	93	52	83	58	47	14	11	108	41	78	47	13	65	105	14	19	106	67	109	36
0	0	0	0	0	0	0	0	0	0	0	0	0	0	0	0	0	0	0	0	0	0	0	0	0	0	0	0	0	0	0	0	0	0	0	0	0	0	0	0	0	0	117	12	115	5	73	118	98	92	25	51	19	64	102	91	93	90	119	63	70	98	105	100	58	119	42	36	41	48	85	68	128	105	76	128	76	107	63	28	32	45	88	11	42	57	34	117	128	33	2	9	119	36	32	127	55	7	83	93	121	106	22	94	32	109	53	122	84	63	111	66	79	97	58	56	8	42	63	19	74	44	78	43	32	123	113	53
0	0	0	0	0	0	0	0	0	0	0	0	0	0	0	0	0	0	0	0	0	0	0	0	0	0	0	0	0	0	0	0	0	0	0	0	0	0	0	0	0	0	0	75	29	55	43	45	18	77	127	18	23	100	118	24	14	19	62	27	27	111	34	27	1	62	47	122	96	68	115	79	52	21	120	8	41	19	81	121	127	115	60	53	23	116	93	27	74	58	57	55	99	62	37	95	124	4	98	21	111	65	40	28	9	14	75	57	25	47	25	90	61	106	109	89	32	55	46	91	20	82	45	86	91	58	24	53
0	0	0	0	0	0	0	0	0	0	0	0	0	0	0	0	0	0	0	0	0	0	0	0	0	0	0	0	0	0	0	0	0	0	0	0	0	0	0	0	0	0	0	0	3	30	49	22	19	32	98	64	41	65	61	47	50	17	92	117	124	60	68	39	10	78	41	111	49	119	65	8	65	53	41	9	73	73	70	119	47	60	63	119	113	109	8	61	97	28	21	87	62	38	90	110	34	106	43	82	47	118	70	80	4	47	91	36	91	9	76	111	42	53	31	41	1	6	15	30	111	5	63	33	56	29	43	70
0	0	0	0	0	0	0	0	0	0	0	0	0	0	0	0	0	0	0	0	0	0	0	0	0	0	0	0	0	0	0	0	0	0	0	0	0	0	0	0	0	0	0	0	0	55	36	100	109	110	100	112	17	81	127	49	113	14	88	47	59	123	124	5	3	95	29	69	108	100	58	107	109	127	32	18	95	127	86	33	88	33	124	15	20	28	107	67	121	43	8	127	73	106	76	78	98	126	90	25	37	90	52	80	36	3	41	45	13	65	101	66	126	106	67	100	42	118	93	57	55	27	75	38	105	124	47	40
0	0	0	0	0	0	0	0	0	0	0	0	0	0	0	0	0	0	0	0	0	0	0	0	0	0	0	0	0	0	0	0	0	0	0	0	0	0	0	0	0	0	0	0	0	0	51	74	89	64	99	26	83	22	50	127	74	107	31	5	68	57	69	127	70	75	7	119	127	98	93	55	93	108	69	83	123	99	6	109	14	94	96	84	56	13	72	49	68	98	73	81	35	22	50	120	100	110	24	4	29	97	113	10	50	122	109	33	79	109	111	123	40	95	102	5	116	72	118	50	67	79	89	121	124	19	78	102
0	0	0	0	0	0	0	0	0	0	0	0	0	0	0	0	0	0	0	0	0	0	0	0	0	0	0	0	0	0	0	0	0	0	0	0	0	0	0	0	0	0	0	0	0	0	0	55	53	34	102	96	64	6	115	61	29	74	33	3	35	13	76	25	44	1	103	123	69	117	106	90	116	91	87	88	14	90	29	74	2	104	104	60	34	39	103	127	126	55	6	17	85	49	82	128	93	67	115	121	89	67	6	26	77	112	45	102	21	81	78	17	32	11	116	92	109	117	92	78	126	15	108	111	88	10	13	111
0	0	0	0	0	0	0	0	0	0	0	0	0	0	0	0	0	0	0	0	0	0	0	0	0	0	0	0	0	0	0	0	0	0	0	0	0	0	0	0	0	0	0	0	0	0	0	0	70	108	69	61	64	2	10	49	59	40	60	119	75	56	41	16	43	19	79	46	45	87	127	51	65	15	17	39	43	18	94	108	62	105	19	97	65	115	101	105	103	89	1	86	125	100	47	125	13	55	74	127	45	49	52	128	70	32	100	86	90	9	105	90	10	60	121	121	69	79	58	42	123	44	109	88	128	40	33	77
0	0	0	0	0	0	0	0	0	0	0	0	0	0	0	0	0	0	0	0	0	0	0	0	0	0	0	0	0	0	0	0	0	0	0	0	0	0	0	0	0	0	0	0	0	0	0	0	0	48	21	104	111	83	31	28	124	49	101	92	50	55	65	4	19	93	15	49	5	33	61	115	127	86	36	4	111	61	107	5	31	29	49	119	23	97	7	87	89	64	82	62	27	59	34	126	113	45	16	116	51	107	21	88	64	70	92	121	30	80	125	57	84	73	103	63	87	5	37	103	81	38	87	105	13	42	41	12
0	0	0	0	0	0	0	0	0	0	0	0	0	0	0	0	0	0	0	0	0	0	0	0	0	0	0	0	0	0	0	0	0	0	0	0	0	0	0	0	0	0	0	0	0	0	0	0	0	0	65	89	82	80	32	52	30	95	21	17	13	59	93	28	5	117	82	63	64	34	4	8	127	123	127	85	22	48	45	93	60	77	43	58	89	102	125	117	10	109	6	58	113	105	127	61	115	83	62	36	79	109	69	93	100	48	49	86	3	100	11	12	89	37	107	55	18	119	107	120	39	71	77	68	26	44	109	69
0	0	0	0	0	0	0	0	0	0	0	0	0	0	0	0	0	0	0	0	0	0	0	0	0	0	0	0	0	0	0	0	0	0	0	0	0	0	0	0	0	0	0	0	0	0	0	0	0	0	0	122	92	21	69	76	89	74	100	78	39	2	105	92	49	125	69	12	71	69	41	14	74	46	8	62	126	108	10	38	54	119	33	120	117	23	72	80	98	80	91	115	62	88	97	127	63	4	16	99	40	101	66	2	17	92	127	85	88	22	57	119	111	67	20	93	83	97	33	121	10	48	53	25	5	3	15	79
0	0	0	0	0	0	0	0	0	0	0	0	0	0	0	0	0	0	0	0	0	0	0	0	0	0	0	0	0	0	0	0	0	0	0	0	0	0	0	0	0	0	0	0	0	0	0	0	0	0	0	0	68	46	94	108	116	56	110	86	49	77	109	49	45	128	5	87	46	53	8	19	94	80	68	21	71	77	74	83	107	10	84	114	106	27	80	10	116	70	106	1	16	21	63	121	78	28	106	112	56	42	56	14	61	115	87	77	115	43	20	104	3	58	111	54	103	108	124	59	109	62	124	46	55	79	10	113
0	0	0	0	0	0	0	0	0	0	0	0	0	0	0	0	0	0	0	0	0	0	0	0	0	0	0	0	0	0	0	0	0	0	0	0	0	0	0	0	0	0	0	0	0	0	0	0	0	0	0	0	0	35	118	96	80	123	23	101	65	40	53	70	95	60	98	66	113	60	117	61	104	40	10	47	19	117	2	1	6	54	18	91	113	120	21	52	71	109	49	57	86	31	27	48	17	18	74	77	46	102	45	7	102	80	102	114	102	124	110	108	57	99	27	116	87	72	96	115	8	128	55	110	37	48	20	121
0	0	0	0	0	0	0	0	0	0	0	0	0	0	0	0	0	0	0	0	0	0	0	0	0	0	0	0	0	0	0	0	0	0	0	0	0	0	0	0	0	0	0	0	0	0	0	0	0	0	0	0	0	0	79	10	5	32	54	71	58	79	96	20	91	97	86	36	87	50	35	81	3	77	48	84	83	49	89	99	84	110	1	115	128	33	107	36	44	102	95	38	95	104	24	21	61	66	124	97	110	74	54	55	34	92	1	70	94	61	99	5	103	90	92	87	63	65	38	107	68	4	23	107	118	24	56	17
0	0	0	0	0	0	0	0	0	0	0	0	0	0	0	0	0	0	0	0	0	0	0	0	0	0	0	0	0	0	0	0	0	0	0	0	0	0	0	0	0	0	0	0	0	0	0	0	0	0	0	0	0	0	0	20	21	66	116	103	79	89	87	75	36	24	90	73	79	59	26	16	70	113	41	16	9	23	49	113	15	16	82	90	7	90	23	113	125	41	86	7	75	56	11	97	102	59	44	93	107	23	107	81	46	116	75	36	6	46	41	62	36	101	101	62	112	112	88	89	88	1	32	45	93	40	124	90
0	0	0	0	0	0	0	0	0	0	0	0	0	0	0	0	0	0	0	0	0	0	0	0	0	0	0	0	0	0	0	0	0	0	0	0	0	0	0	0	0	0	0	0	0	0	0	0	0	0	0	0	0	0	0	0	47	72	40	50	67	45	37	75	65	77	78	14	112	4	77	20	40	88	5	47	117	96	73	122	31	13	9	107	15	15	26	82	30	115	34	111	73	32	41	67	39	119	122	64	83	121	6	65	54	117	16	4	45	125	11	121	127	58	11	3	73	113	77	70	111	39	118	113	103	29	65	68
0	0	0	0	0	0	0	0	0	0	0	0	0	0	0	0	0	0	0	0	0	0	0	0	0	0	0	0	0	0	0	0	0	0	0	0	0	0	0	0	0	0	0	0	0	0	0	0	0	0	0	0	0	0	0	0	0	93	5	57	96	38	77	78	119	69	71	5	52	112	70	45	92	49	124	59	44	103	111	58	122	95	73	63	42	108	82	96	25	56	100	35	1	35	72	72	1	95	64	31	57	125	19	69	28	60	45	107	6	83	51	122	94	52	47	42	88	63	67	26	43	7	59	127	85	59	35	106
0	0	0	0	0	0	0	0	0	0	0	0	0	0	0	0	0	0	0	0	0	0	0	0	0	0	0	0	0	0	0	0	0	0	0	0	0	0	0	0	0	0	0	0	0	0	0	0	0	0	0	0	0	0	0	0	0	0	27	87	6	58	127	46	25	36	114	3	106	116	56	88	106	1	23	17	20	26	117	11	62	36	55	66	48	10	44	76	20	50	120	95	117	45	57	102	23	65	35	114	104	123	3	121	73	113	36	117	5	119	80	55	104	116	126	103	106	58	69	87	115	36	16	51	19	38	92	20
0	0	0	0	0	0	0	0	0	0	0	0	0	0	0	0	0	0	0	0	0	0	0	0	0	0	0	0	0	0	0	0	0	0	0	0	0	0	0	0	0	0	0	0	0	0	0	0	0	0	0	0	0	0	0	0	0	0	0	92	27	75	9	25	32	3	49	101	17	82	89	91	123	74	100	126	39	2	46	40	34	43	41	17	67	44	33	42	111	83	80	119	7	96	64	18	82	120	84	88	109	97	70	44	107	86	36	98	91	118	90	112	7	83	21	33	64	72	77	96	8	73	88	40	60	104	46	5
0	0	0	0	0	0	0	0	0	0	0	0	0	0	0	0	0	0	0	0	0	0	0	0	0	0	0	0	0	0	0	0	0	0	0	0	0	0	0	0	0	0	0	0	0	0	0	0	0	0	0	0	0	0	0	0	0	0	0	0	65	73	118	125	111	89	99	113	25	104	30	71	14	36	22	14	51	94	78	50	49	33	122	118	117	123	105	23	121	8	29	120	45	111	73	79	12	3	23	128	43	80	44	48	56	80	29	81	51	50	38	61	106	46	120	110	118	43	30	33	110	43	117	86	53	120	22	4
0	0	0	0	0	0	0	0	0	0	0	0	0	0	0	0	0	0	0	0	0	0	0	0	0	0	0	0	0	0	0	0	0	0	0	0	0	0	0	0	0	0	0	0	0	0	0	0	0	0	0	0	0	0	0	0	0	0	0	0	0	20	112	80	46	103	93	19	40	52	10	95	90	9	13	66	85	58	36	106	33	62	27	27	111	112	24	111	16	125	66	49	24	10	127	54	63	125	85	121	12	104	114	121	100	93	61	103	127	1	20	13	18	22	83	41	62	98	126	98	27	70	7	103	59	8	15	1
0	0	0	0	0	0	0	0	0	0	0	0	0	0	0	0	0	0	0	0	0	0	0	0	0	0	0	0	0	0	0	0	0	0	0	0	0	0	0	0	0	0	0	0	0	0	0	0	0	0	0	0	0	0	0	0	0	0	0	0	0	0	90	100	25	42	117	27	109	72	108	107	66	122	113	72	30	50	46	120	99	47	61	83	42	37	21	33	123	80	39	91	10	126	80	60	50	118	101	33	12	111	110	23	17	93	120	105	3	83	2	46	25	5	28	101	30	67	55	30	115	39	116	100	106	54	40	47
0	0	0	0	0	0	0	0	0	0	0	0	0	0	0	0	0	0	0	0	0	0	0	0	0	0	0	0	0	0	0	0	0	0	0	0	0	0	0	0	0	0	0	0	0	0	0	0	0	0	0	0	0	0	0	0	0	0	0	0	0	0	0	101	116	31	22	32	64	120	16	24	115	9	18	55	109	15	105	46	22	21	115	112	53	62	68	76	18	66	61	67	74	22	38	62	103	97	98	17	40	50	120	100	112	46	73	63	85	98	2	117	36	36	103	91	126	56	19	84	12	19	91	53	105	8	21	93
0	0	0	0	0	0	0	0	0	0	0	0	0	0	0	0	0	0	0	0	0	0	0	0	0	0	0	0	0	0	0	0	0	0	0	0	0	0	0	0	0	0	0	0	0	0	0	0	0	0	0	0	0	0	0	0	0	0	0	0	0	0	0	0	3	99	41	80	10	67	10	18	16	16	42	35	17	94	95	30	108	101	48	118	122	57	111	49	103	8	106	43	31	10	52	66	47	77	39	117	89	83	33	108	85	109	15	5	98	81	75	36	90	56	8	42	27	36	14	77	83	24	86	27	31	51	47	18
0	0	0	0	0	0	0	0	0	0	0	0	0	0	0	0	0	0	0	0	0	0	0	0	0	0	0	0	0	0	0	0	0	0	0	0	0	0	0	0	0	0	0	0	0	0	0	0	0	0	0	0	0	0	0	0	0	0	0	0	0	0	0	0	0	78	86	83	109	37	46	59	73	23	32	67	35	128	111	48	32	91	5	95	10	31	66	18	37	94	2	82	31	69	121	87	17	28	75	34	49	104	66	2	95	43	31	77	128	20	23	72	57	109	85	60	48	44	128	121	24	84	39	35	112	87	45	80
0	0	0	0	0	0	0	0	0	0	0	0	0	0	0	0	0	0	0	0	0	0	0	0	0	0	0	0	0	0	0	0	0	0	0	0	0	0	0	0	0	0	0	0	0	0	0	0	0	0	0	0	0	0	0	0	0	0	0	0	0	0	0	0	0	0	17	10	18	92	118	44	99	82	57	100	112	33	105	17	33	128	60	91	45	67	98	9	29	54	22	61	113	14	94	121	77	74	63	83	46	14	125	81	46	115	82	1	90	55	69	55	4	40	106	120	57	25	82	37	9	53	13	123	64	22	126	96
0	0	0	0	0	0	0	0	0	0	0	0	0	0	0	0	0	0	0	0	0	0	0	0	0	0	0	0	0	0	0	0	0	0	0	0	0	0	0	0	0	0	0	0	0	0	0	0	0	0	0	0	0	0	0	0	0	0	0	0	0	0	0	0	0	0	0	113	20	84	47	13	36	63	93	82	45	70	104	28	103	75	20	21	47	23	86	43	52	72	104	15	65	71	94	45	118	65	77	24	83	28	2	113	124	67	117	7	11	30	106	111	18	62	3	29	69	106	20	26	31	18	38	45	54	118	51	37
0	0	0	0	0	0	0	0	0	0	0	0	0	0	0	0	0	0	0	0	0	0	0	0	0	0	0	0	0	0	0	0	0	0	0	0	0	0	0	0	0	0	0	0	0	0	0	0	0	0	0	0	0	0	0	0	0	0	0	0	0	0	0	0	0	0	0	0	60	71	29	26	58	88	97	13	128	94	34	85	22	125	84	48	79	69	68	92	34	61	125	7	56	91	76	126	8	27	128	44	45	112	64	86	100	126	16	85	13	91	90	17	116	2	119	66	20	7	28	16	42	110	17	29	61	10	89	57
0	0	0	0	0	0	0	0	0	0	0	0	0	0	0	0	0	0	0	0	0	0	0	0	0	0	0	0	0	0	0	0	0	0	0	0	0	0	0	0	0	0	0	0	0	0	0	0	0	0	0	0	0	0	0	0	0	0	0	0	0	0	0	0	0	0	0	0	0	43	39	99	128	13	81	83	81	102	126	25	14	53	76	89	127	50	105	99	6	10	86	52	30	17	121	41	72	111	97	42	43	3	123	128	71	57	63	36	34	20	35	56	6	111	11	12	104	13	22	1	21	5	110	58	10	69	125	128
0	0	0	0	0	0	0	0	0	0	0	0	0	0	0	0	0	0	0	0	0	0	0	0	0	0	0	0	0	0	0	0	0	0	0	0	0	0	0	0	0	0	0	0	0	0	0	0	0	0	0	0	0	0	0	0	0	0	0	0	0	0	0	0	0	0	0	0	0	0	38	112	117	11	76	119	83	26	32	6	107	95	26	116	97	23	36	52	99	36	41	10	35	73	75	112	4	83	9	34	48	48	76	33	42	13	23	7	97	105	110	94	89	116	128	124	82	113	7	124	73	115	6	106	64	91	112	23
0	0	0	0	0	0	0	0	0	0	0	0	0	0	0	0	0	0	0	0	0	0	0	0	0	0	0	0	0	0	0	0	0	0	0	0	0	0	0	0	0	0	0	0	0	0	0	0	0	0	0	0	0	0	0	0	0	0	0	0	0	0	0	0	0	0	0	0	0	0	0	90	26	97	86	95	58	112	120	13	42	64	101	93	21	47	97	11	9	92	78	34	79	17	102	33	23	28	117	124	9	81	24	103	128	46	87	79	112	38	98	63	79	41	29	27	23	14	99	52	84	11	29	100	8	54	116	43
0	0	0	0	0	0	0	0	0	0	0	0	0	0	0	0	0	0	0	0	0	0	0	0	0	0	0	0	0	0	0	0	0	0	0	0	0	0	0	0	0	0	0	0	0	0	0	0	0	0	0	0	0	0	0	0	0	0	0	0	0	0	0	0	0	0	0	0	0	0	0	0	22	11	95	35	21	56	19	95	53	36	117	26	22	8	54	98	88	125	126	33	77	84	128	20	10	23	46	77	126	118	15	7	68	92	100	53	84	5	87	52	111	103	108	116	51	59	114	1	19	68	63	7	39	55	122	10
0	0	0	0	0	0	0	0	0	0	0	0	0	0	0	0	0	0	0	0	0	0	0	0	0	0	0	0	0	0	0	0	0	0	0	0	0	0	0	0	0	0	0	0	0	0	0	0	0	0	0	0	0	0	0	0	0	0	0	0	0	0	0	0	0	0	0	0	0	0	0	0	0	62	113	57	76	46	38	38	98	47	106	63	111	77	46	112	104	47	23	84	49	8	45	105	77	94	121	36	80	77	117	9	107	56	99	61	53	119	38	17	17	24	1	12	52	81	58	53	28	97	90	36	63	126	99	102
0	0	0	0	0	0	0	0	0	0	0	0	0	0	0	0	0	0	0	0	0	0	0	0	0	0	0	0	0	0	0	0	0	0	0	0	0	0	0	0	0	0	0	0	0	0	0	0	0	0	0	0	0	0	0	0	0	0	0	0	0	0	0	0	0	0	0	0	0	0	0	0	0	0	127	45	50	116	66	45	119	28	84	2	94	23	55	36	127	65	26	88	23	111	92	69	127	107	117	33	49	117	113	32	100	103	32	106	15	82	45	123	58	74	13	103	33	77	49	65	11	84	29	122	119	68	25	70
0	0	0	0	0	0	0	0	0	0	0	0	0	0	0	0	0	0	0	0	0	0	0	0	0	0	0	0	0	0	0	0	0	0	0	0	0	0	0	0	0	0	0	0	0	0	0	0	0	0	0	0	0	0	0	0	0	0	0	0	0	0	0	0	0	0	0	0	0	0	0	0	0	0	0	67	11	38	7	9	100	57	21	23	35	25	46	109	62	127	16	83	18	48	39	5	100	108	115	78	111	58	120	87	95	27	59	108	46	91	88	63	83	105	6	75	97	34	30	12	106	20	21	8	89	50	115	43
0	0	0	0	0	0	0	0	0	0	0	0	0	0	0	0	0	0	0	0	0	0	0	0	0	0	0	0	0	0	0	0	0	0	0	0	0	0	0	0	0	0	0	0	0	0	0	0	0	0	0	0	0	0	0	0	0	0	0	0	0	0	0	0	0	0	0	0	0	0	0	0	0	0	0	0	78	80	86	44	48	40	84	53	84	33	89	8	62	58	100	45	102	113	58	113	13	61	29	1	75	75	14	41	31	9	34	67	122	101	92	21	14	54	68	126	118	42	21	105	7	1	61	76	23	26	118	5
0	0	0	0	0	0	0	0	0	0	0	0	0	0	0	0	0	0	0	0	0	0	0	0	0	0	0	0	0	0	0	0	0	0	0	0	0	0	0	0	0	0	0	0	0	0	0	0	0	0	0	0	0	0	0	0	0	0	0	0	0	0	0	0	0	0	0	0	0	0	0	0	0	0	0	0	0	60	9	91	66	36	52	47	47	125	13	66	86	73	63	98	17	90	122	117	123	112	1	12	122	14	13	75	62	74	88	89	107	122	14	13	122	15	85	125	119	122	7	62	87	16	103	21	95	82	56	95
0	0	0	0	0	0	0	0	0	0	0	0	0	0	0	0	0	0	0	0	0	0	0	0	0	0	0	0	0	0	0	0	0	0	0	0	0	0	0	0	0	0	0	0	0	0	0	0	0	0	0	0	0	0	0	0	0	0	0	0	0	0	0	0	0	0	0	0	0	0	0	0	0	0	0	0	0	0	86	90	84	112	21	120	45	1	30	125	128	12	65	38	71	5	99	44	34	53	81	72	75	82	91	29	51	124	117	5	89	89	17	28	78	24	70	123	66	8	40	114	63	120	126	113	92	89	84	38
0	0	0	0	0	0	0	0	0	0	0	0	0	0	0	0	0	0	0	0	0	0	0	0	0	0	0	0	0	0	0	0	0	0	0	0	0	0	0	0	0	0	0	0	0	0	0	0	0	0	0	0	0	0	0	0	0	0	0	0	0	0	0	0	0	0	0	0	0	0	0	0	0	0	0	0	0	0	0	78	22	57	38	90	75	123	115	30	58	77	43	94	45	94	13	117	45	61	104	67	41	88	105	22	95	29	49	43	66	10	5	3	32	60	8	81	43	71	76	9	74	65	38	90	123	80	113	54
0	0	0	0	0	0	0	0	0	0	0	0	0	0	0	0	0	0	0	0	0	0	0	0	0	0	0	0	0	0	0	0	0	0	0	0	0	0	0	0	0	0	0	0	0	0	0	0	0	0	0	0	0	0	0	0	0	0	0	0	0	0	0	0	0	0	0	0	0	0	0	0	0	0	0	0	0	0	0	0	71	22	26	75	63	13	9	88	29	15	71	122	108	56	70	111	52	7	43	72	112	13	122	21	82	59	126	7	25	59	101	111	127	79	87	44	118	53	62	52	43	58	83	87	55	20	123	5
0	0	0	0	0	0	0	0	0	0	0	0	0	0	0	0	0	0	0	0	0	0	0	0	0	0	0	0	0	0	0	0	0	0	0	0	0	0	0	0	0	0	0	0	0	0	0	0	0	0	0	0	0	0	0	0	0	0	0	0	0	0	0	0	0	0	0	0	0	0	0	0	0	0	0	0	0	0	0	0	0	44	38	17	101	33	106	66	46	61	28	86	96	121	41	79	112	19	15	50	47	92	73	68	96	51	67	108	72	52	17	76	30	116	61	115	87	2	86	111	126	64	37	13	125	62	7	30
0	0	0	0	0	0	0	0	0	0	0	0	0	0	0	0	0	0	0	0	0	0	0	0	0	0	0	0	0	0	0	0	0	0	0	0	0	0	0	0	0	0	0	0	0	0	0	0	0	0	0	0	0	0	0	0	0	0	0	0	0	0	0	0	0	0	0	0	0	0	0	0	0	0	0	0	0	0	0	0	0	0	62	71	41	26	72	17	75	2	102	47	92	23	78	86	79	94	75	71	80	8	127	44	118	26	69	17	108	83	42	34	78	64	13	52	88	32	71	36	76	89	31	124	14	101	33	78
0	0	0	0	0	0	0	0	0	0	0	0	0	0	0	0	0	0	0	0	0	0	0	0	0	0	0	0	0	0	0	0	0	0	0	0	0	0	0	0	0	0	0	0	0	0	0	0	0	0	0	0	0	0	0	0	0	0	0	0	0	0	0	0	0	0	0	0	0	0	0	0	0	0	0	0	0	0	0	0	0	0	0	13	9	62	128	107	61	62	87	120	12	44	44	21	125	110	123	89	32	18	102	123	121	28	122	15	83	92	27	125	90	17	32	114	20	2	104	73	3	18	86	24	75	101	89	55
0	0	0	0	0	0	0	0	0	0	0	0	0	0	0	0	0	0	0	0	0	0	0	0	0	0	0	0	0	0	0	0	0	0	0	0	0	0	0	0	0	0	0	0	0	0	0	0	0	0	0	0	0	0	0	0	0	0	0	0	0	0	0	0	0	0	0	0	0	0	0	0	0	0	0	0	0	0	0	0	0	0	0	0	69	43	124	76	84	116	94	61	3	78	40	63	31	39	127	89	60	33	71	26	84	89	4	122	100	94	51	107	70	100	1	128	31	29	18	126	75	96	118	74	69	123	84	76
0	0	0	0	0	0	0	0	0	0	0	0	0	0	0	0	0	0	0	0	0	0	0	0	0	0	0	0	0	0	0	0	0	0	0	0	0	0	0	0	0	0	0	0	0	0	0	0	0	0	0	0	0	0	0	0	0	0	0	0	0	0	0	0	0	0	0	0	0	0	0	0	0	0	0	0	0	0	0	0	0	0	0	0	0	94	5	46	81	73	47	99	17	2	121	86	25	46	110	56	97	126	69	64	11	28	123	39	9	94	98	30	17	65	113	17	36	36	124	102	126	79	62	53	103	116	19	58
0	0	0	0	0	0	0	0	0	0	0	0	0	0	0	0	0	0	0	0	0	0	0	0	0	0	0	0	0	0	0	0	0	0	0	0	0	0	0	0	0	0	0	0	0	0	0	0	0	0	0	0	0	0	0	0	0	0	0	0	0	0	0	0	0	0	0	0	0	0	0	0	0	0	0	0	0	0	0	0	0	0	0	0	0	0	127	100	93	43	47	100	4	68	48	27	3	43	93	55	71	15	108	1	3	30	38	32	5	117	9	40	48	69	78	47	121	43	60	127	84	56	74	58	90	53	12	97
0	0	0	0	0	0	0	0	0	0	0	0	0	0	0	0	0	0	0	0	0	0	0	0	0	0	0	0	0	0	0	0	0	0	0	0	0	0	0	0	0	0	0	0	0	0	0	0	0	0	0	0	0	0	0	0	0	0	0	0	0	0	0	0	0	0	0	0	0	0	0	0	0	0	0	0	0	0	0	0	0	0	0	0	0	0	0	84	126	2	38	112	51	97	25	12	82	84	106	73	37	2	9	118	101	32	96	8	55	92	47	13	67	12	109	34	66	34	77	99	50	40	42	17	7	40	91	30
0	0	0	0	0	0	0	0	0	0	0	0	0	0	0	0	0	0	0	0	0	0	0	0	0	0	0	0	0	0	0	0	0	0	0	0	0	0	0	0	0	0	0	0	0	0	0	0	0	0	0	0	0	0	0	0	0	0	0	0	0	0	0	0	0	0	0	0	0	0	0	0	0	0	0	0	0	0	0	0	0	0	0	0	0	0	0	0	127	107	14	83	128	49	115	71	114	56	116	59	123	37	125	116	73	123	5	17	45	89	7	41	85	33	74	111	67	5	102	12	109	82	107	2	14	95	105	96
0	0	0	0	0	0	0	0	0	0	0	0	0	0	0	0	0	0	0	0	0	0	0	0	0	0	0	0	0	0	0	0	0	0	0	0	0	0	0	0	0	0	0	0	0	0	0	0	0	0	0	0	0	0	0	0	0	0	0	0	0	0	0	0	0	0	0	0	0	0	0	0	0	0	0	0	0	0	0	0	0	0	0	0	0	0	0	0	0	44	50	116	44	78	15	25	9	18	64	11	61	112	116	93	80	96	72	86	76	88	70	125	109	70	94	78	126	125	71	11	101	115	103	15	97	103	29	93
0	0	0	0	0	0	0	0	0	0	0	0	0	0	0	0	0	0	0	0	0	0	0	0	0	0	0	0	0	0	0	0	0	0	0	0	0	0	0	0	0	0	0	0	0	0	0	0	0	0	0	0	0	0	0	0	0	0	0	0	0	0	0	0	0	0	0	0	0	0	0	0	0	0	0	0	0	0	0	0	0	0	0	0	0	0	0	0	0	0	45	128	74	106	19	95	12	39	6	100	27	119	116	119	6	107	57	18	9	2	43	46	16	61	78	23	40	118	113	102	51	93	42	15	2	40	64	3
0	0	0	0	0	0	0	0	0	0	0	0	0	0	0	0	0	0	0	0	0	0	0	0	0	0	0	0	0	0	0	0	0	0	0	0	0	0	0	0	0	0	0	0	0	0	0	0	0	0	0	0	0	0	0	0	0	0	0	0	0	0	0	0	0	0	0	0	0	0	0	0	0	0	0	0	0	0	0	0	0	0	0	0	0	0	0	0	0	0	0	15	56	31	51	3	19	26	6	32	87	118	20	111	34	96	90	78	83	55	101	54	94	59	111	36	1	38	72	37	86	113	1	32	48	49	44	124
0	0	0	0	0	0	0	0	0	0	0	0	0	0	0	0	0	0	0	0	0	0	0	0	0	0	0	0	0	0	0	0	0	0	0	0	0	0	0	0	0	0	0	0	0	0	0	0	0	0	0	0	0	0	0	0	0	0	0	0	0	0	0	0	0	0	0	0	0	0	0	0	0	0	0	0	0	0	0	0	0	0	0	0	0	0	0	0	0	0	0	0	127	46	85	92	26	61	78	45	128	29	65	99	31	32	103	112	88	100	47	86	100	55	11	34	67	29	17	87	103	3	103	36	122	36	83	51
0	0	0	0	0	0	0	0	0	0	0	0	0	0	0	0	0	0	0	0	0	0	0	0	0	0	0	0	0	0	0	0	0	0	0	0	0	0	0	0	0	0	0	0	0	0	0	0	0	0	0	0	0	0	0	0	0	0	0	0	0	0	0	0	0	0	0	0	0	0	0	0	0	0	0	0	0	0	0	0	0	0	0	0	0	0	0	0	0	0	0	0	0	114	17	50	124	76	25	64	67	128	7	71	30	71	90	61	76	3	125	48	112	62	99	123	30	11	2	10	123	12	60	106	68	69	32	86
0	0	0	0	0	0	0	0	0	0	0	0	0	0	0	0	0	0	0	0	0	0	0	0	0	0	0	0	0	0	0	0	0	0	0	0	0	0	0	0	0	0	0	0	0	0	0	0	0	0	0	0	0	0	0	0	0	0	0	0	0	0	0	0	0	0	0	0	0	0	0	0	0	0	0	0	0	0	0	0	0	0	0	0	0	0	0	0	0	0	0	0	0	0	49	101	3	72	18	2	20	43	81	5	63	7	59	45	56	28	125	99	52	28	83	58	107	18	96	55	29	117	10	97	101	88	10	18
0	0	0	0	0	0	0	0	0	0	0	0	0	0	0	0	0	0	0	0	0	0	0	0	0	0	0	0	0	0	0	0	0	0	0	0	0	0	0	0	0	0	0	0	0	0	0	0	0	0	0	0	0	0	0	0	0	0	0	0	0	0	0	0	0	0	0	0	0	0	0	0	0	0	0	0	0	0	0	0	0	0	0	0	0	0	0	0	0	0	0	0	0	0	0	79	34	65	68	67	121	24	78	58	122	24	50	1	20	37	34	104	118	124	93	110	83	4	10	81	32	65	92	62	69	3	9	69
0	0	0	0	0	0	0	0	0	0	0	0	0	0	0	0	0	0	0	0	0	0	0	0	0	0	0	0	0	0	0	0	0	0	0	0	0	0	0	0	0	0	0	0	0	0	0	0	0	0	0	0	0	0	0	0	0	0	0	0	0	0	0	0	0	0	0	0	0	0	0	0	0	0	0	0	0	0	0	0	0	0	0	0	0	0	0	0	0	0	0	0	0	0	0	0	28	51	124	109	90	84	71	54	95	77	90	123	101	95	109	38	97	59	115	109	4	57	77	44	101	43	68	79	26	119	53	35
0	0	0	0	0	0	0	0	0	0	0	0	0	0	0	0	0	0	0	0	0	0	0	0	0	0	0	0	0	0	0	0	0	0	0	0	0	0	0	0	0	0	0	0	0	0	0	0	0	0	0	0	0	0	0	0	0	0	0	0	0	0	0	0	0	0	0	0	0	0	0	0	0	0	0	0	0	0	0	0	0	0	0	0	0	0	0	0	0	0	0	0	0	0	0	0	0	56	114	72	70	117	12	51	82	88	105	77	62	15	96	58	52	7	97	83	99	111	89	102	109	64	66	72	38	94	74	20
0	0	0	0	0	0	0	0	0	0	0	0	0	0	0	0	0	0	0	0	0	0	0	0	0	0	0	0	0	0	0	0	0	0	0	0	0	0	0	0	0	0	0	0	0	0	0	0	0	0	0	0	0	0	0	0	0	0	0	0	0	0	0	0	0	0	0	0	0	0	0	0	0	0	0	0	0	0	0	0	0	0	0	0	0	0	0	0	0	0	0	0	0	0	0	0	0	0	71	117	60	84	77	88	36	76	60	6	116	119	4	51	48	27	125	113	21	117	25	97	45	118	97	120	65	120	74	33
0	0	0	0	0	0	0	0	0	0	0	0	0	0	0	0	0	0	0	0	0	0	0	0	0	0	0	0	0	0	0	0	0	0	0	0	0	0	0	0	0	0	0	0	0	0	0	0	0	0	0	0	0	0	0	0	0	0	0	0	0	0	0	0	0	0	0	0	0	0	0	0	0	0	0	0	0	0	0	0	0	0	0	0	0	0	0	0	0	0	0	0	0	0	0	0	0	0	0	121	123	85	47	22	74	84	22	7	71	107	2	113	127	8	64	8	12	96	117	94	83	43	96	67	1	103	120	83
0	0	0	0	0	0	0	0	0	0	0	0	0	0	0	0	0	0	0	0	0	0	0	0	0	0	0	0	0	0	0	0	0	0	0	0	0	0	0	0	0	0	0	0	0	0	0	0	0	0	0	0	0	0	0	0	0	0	0	0	0	0	0	0	0	0	0	0	0	0	0	0	0	0	0	0	0	0	0	0	0	0	0	0	0	0	0	0	0	0	0	0	0	0	0	0	0	0	0	0	12	28	3	67	84	14	68	23	69	54	110	126	78	55	128	107	98	7	65	81	60	19	12	35	91	114	43	119
0	0	0	0	0	0	0	0	0	0	0	0	0	0	0	0	0	0	0	0	0	0	0	0	0	0	0	0	0	0	0	0	0	0	0	0	0	0	0	0	0	0	0	0	0	0	0	0	0	0	0	0	0	0	0	0	0	0	0	0	0	0	0	0	0	0	0	0	0	0	0	0	0	0	0	0	0	0	0	0	0	0	0	0	0	0	0	0	0	0	0	0	0	0	0	0	0	0	0	0	0	73	41	65	45	70	30	2	75	42	77	22	59	66	78	95	57	59	43	96	8	23	7	70	15	121	53	33
0	0	0	0	0	0	0	0	0	0	0	0	0	0	0	0	0	0	0	0	0	0	0	0	0	0	0	0	0	0	0	0	0	0	0	0	0	0	0	0	0	0	0	0	0	0	0	0	0	0	0	0	0	0	0	0	0	0	0	0	0	0	0	0	0	0	0	0	0	0	0	0	0	0	0	0	0	0	0	0	0	0	0	0	0	0	0	0	0	0	0	0	0	0	0	0	0	0	0	0	0	0	68	41	49	105	13	85	46	80	8	74	74	25	81	101	109	2	55	58	81	66	71	30	4	124	56	120
0	0	0	0	0	0	0	0	0	0	0	0	0	0	0	0	0	0	0	0	0	0	0	0	0	0	0	0	0	0	0	0	0	0	0	0	0	0	0	0	0	0	0	0	0	0	0	0	0	0	0	0	0	0	0	0	0	0	0	0	0	0	0	0	0	0	0	0	0	0	0	0	0	0	0	0	0	0	0	0	0	0	0	0	0	0	0	0	0	0	0	0	0	0	0	0	0	0	0	0	0	0	0	10	77	72	10	117	2	3	17	57	9	108	73	93	10	9	102	116	54	47	85	49	40	103	85	127
0	0	0	0	0	0	0	0	0	0	0	0	0	0	0	0	0	0	0	0	0	0	0	0	0	0	0	0	0	0	0	0	0	0	0	0	0	0	0	0	0	0	0	0	0	0	0	0	0	0	0	0	0	0	0	0	0	0	0	0	0	0	0	0	0	0	0	0	0	0	0	0	0	0	0	0	0	0	0	0	0	0	0	0	0	0	0	0	0	0	0	0	0	0	0	0	0	0	0	0	0	0	0	0	51	83	25	92	100	3	11	14	98	51	109	93	26	74	77	55	54	108	44	13	89	25	85	120
0	0	0	0	0	0	0	0	0	0	0	0	0	0	0	0	0	0	0	0	0	0	0	0	0	0	0	0	0	0	0	0	0	0	0	0	0	0	0	0	0	0	0	0	0	0	0	0	0	0	0	0	0	0	0	0	0	0	0	0	0	0	0	0	0	0	0	0	0	0	0	0	0	0	0	0	0	0	0	0	0	0	0	0	0	0	0	0	0	0	0	0	0	0	0	0	0	0	0	0	0	0	0	0	0	23	99	85	69	70	78	19	97	48	4	125	62	47	79	32	106	81	107	35	114	98	122	11
0	0	0	0	0	0	0	0	0	0	0	0	0	0	0	0	0	0	0	0	0	0	0	0	0	0	0	0	0	0	0	0	0	0	0	0	0	0	0	0	0	0	0	0	0	0	0	0	0	0	0	0	0	0	0	0	0	0	0	0	0	0	0	0	0	0	0	0	0	0	0	0	0	0	0	0	0	0	0	0	0	0	0	0	0	0	0	0	0	0	0	0	0	0	0	0	0	0	0	0	0	0	0	0	0	0	105	40	42	57	34	51	84	38	62	68	28	37	25	2	18	47	12	6	13	111	116	26
0	0	0	0	0	0	0	0	0	0	0	0	0	0	0	0	0	0	0	0	0	0	0	0	0	0	0	0	0	0	0	0	0	0	0	0	0	0	0	0	0	0	0	0	0	0	0	0	0	0	0	0	0	0	0	0	0	0	0	0	0	0	0	0	0	0	0	0	0	0	0	0	0	0	0	0	0	0	0	0	0	0	0	0	0	0	0	0	0	0	0	0	0	0	0	0	0	0	0	0	0	0	0	0	0	0	0	124	97	30	119	50	91	115	96	45	5	127	3	4	72	8	10	76	91	29	38	96
0	0	0	0	0	0	0	0	0	0	0	0	0	0	0	0	0	0	0	0	0	0	0	0	0	0	0	0	0	0	0	0	0	0	0	0	0	0	0	0	0	0	0	0	0	0	0	0	0	0	0	0	0	0	0	0	0	0	0	0	0	0	0	0	0	0	0	0	0	0	0	0	0	0	0	0	0	0	0	0	0	0	0	0	0	0	0	0	0	0	0	0	0	0	0	0	0	0	0	0	0	0	0	0	0	0	0	0	54	52	7	98	69	51	33	28	73	110	94	9	108	108	126	120	111	15	71	99
0	0	0	0	0	0	0	0	0	0	0	0	0	0	0	0	0	0	0	0	0	0	0	0	0	0	0	0	0	0	0	0	0	0	0	0	0	0	0	0	0	0	0	0	0	0	0	0	0	0	0	0	0	0	0	0	0	0	0	0	0	0	0	0	0	0	0	0	0	0	0	0	0	0	0	0	0	0	0	0	0	0	0	0	0	0	0	0	0	0	0	0	0	0	0	0	0	0	0	0	0	0	0	0	0	0	0	0	0	80	31	31	67	104	42	91	15	70	122	120	17	41	33	60	42	24	34	107
0	0	0	0	0	0	0	0	0	0	0	0	0	0	0	0	0	0	0	0	0	0	0	0	0	0	0	0	0	0	0	0	0	0	0	0	0	0	0	0	0	0	0	0	0	0	0	0	0	0	0	0	0	0	0	0	0	0	0	0	0	0	0	0	0	0	0	0	0	0	0	0	0	0	0	0	0	0	0	0	0	0	0	0	0	0	0	0	0	0	0	0	0	0	0	0	0	0	0	0	0	0	0	0	0	0	0	0	0	0	18	106	36	29	42	9	123	28	14	118	61	75	128	79	30	47	32	87
0	0	0	0	0	0	0	0	0	0	0	0	0	0	0	0	0	0	0	0	0	0	0	0	0	0	0	0	0	0	0	0	0	0	0	0	0	0	0	0	0	0	0	0	0	0	0	0	0	0	0	0	0	0	0	0	0	0	0	0	0	0	0	0	0	0	0	0	0	0	0	0	0	0	0	0	0	0	0	0	0	0	0	0	0	0	0	0	0	0	0	0	0	0	0	0	0	0	0	0	0	0	0	0	0	0	0	0	0	0	0	121	47	57	76	78	33	19	125	3	85	116	120	71	56	39	40	52
0	0	0	0	0	0	0	0	0	0	0	0	0	0	0	0	0	0	0	0	0	0	0	0	0	0	0	0	0	0	0	0	0	0	0	0	0	0	0	0	0	0	0	0	0	0	0	0	0	0	0	0	0	0	0	0	0	0	0	0	0	0	0	0	0	0	0	0	0	0	0	0	0	0	0	0	0	0	0	0	0	0	0	0	0	0	0	0	0	0	0	0	0	0	0	0	0	0	0	0	0	0	0	0	0	0	0	0	0	0	0	0	127	57	29	106	24	80	49	122	80	65	82	80	42	101	127	2
0	0	0	0	0	0	0	0	0	0	0	0	0	0	0	0	0	0	0	0	0	0	0	0	0	0	0	0	0	0	0	0	0	0	0	0	0	0	0	0	0	0	0	0	0	0	0	0	0	0	0	0	0	0	0	0	0	0	0	0	0	0	0	0	0	0	0	0	0	0	0	0	0	0	0	0	0	0	0	0	0	0	0	0	0	0	0	0	0	0	0	0	0	0	0	0	0	0	0	0	0	0	0	0	0	0	0	0	0	0	0	0	0	101	89	101	37	22	46	89	20	71	75	40	17	17	111	44
0	0	0	0	0	0	0	0	0	0	0	0	0	0	0	0	0	0	0	0	0	0	0	0	0	0	0	0	0	0	0	0	0	0	0	0	0	0	0	0	0	0	0	0	0	0	0	0	0	0	0	0	0	0	0	0	0	0	0	0	0	0	0	0	0	0	0	0	0	0	0	0	0	0	0	0	0	0	0	0	0	0	0	0	0	0	0	0	0	0	0	0	0	0	0	0	0	0	0	0	0	0	0	0	0	0	0	0	0	0	0	0	0	0	44	14	65	123	4	109	8	68	17	70	64	124	60	76
0	0	0	0	0	0	0	0	0	0	0	0	0	0	0	0	0	0	0	0	0	0	0	0	0	0	0	0	0	0	0	0	0	0	0	0	0	0	0	0	0	0	0	0	0	0	0	0	0	0	0	0	0	0	0	0	0	0	0	0	0	0	0	0	0	0	0	0	0	0	0	0	0	0	0	0	0	0	0	0	0	0	0	0	0	0	0	0	0	0	0	0	0	0	0	0	0	0	0	0	0	0	0	0	0	0	0	0	0	0	0	0	0	0	0	121	22	113	37	103	76	111	70	70	7	103	98	116
0	0	0	0	0	0	0	0	0	0	0	0	0	0	0	0	0	0	0	0	0	0	0	0	0	0	0	0	0	0	0	0	0	0	0	0	0	0	0	0	0	0	0	0	0	0	0	0	0	0	0	0	0	0	0	0	0	0	0	0	0	0	0	0	0	0	0	0	0	0	0	0	0	0	0	0	0	0	0	0	0	0	0	0	0	0	0	0	0	0	0	0	0	0	0	0	0	0	0	0	0	0	0	0	0	0	0	0	0	0	0	0	0	0	0	0	31	100	69	97	64	107	30	36	72	100	23	23
0	0	0	0	0	0	0	0	0	0	0	0	0	0	0	0	0	0	0	0	0	0	0	0	0	0	0	0	0	0	0	0	0	0	0	0	0	0	0	0	0	0	0	0	0	0	0	0	0	0	0	0	0	0	0	0	0	0	0	0	0	0	0	0	0	0	0	0	0	0	0	0	0	0	0	0	0	0	0	0	0	0	0	0	0	0	0	0	0	0	0	0	0	0	0	0	0	0	0	0	0	0	0	0	0	0	0	0	0	0	0	0	0	0	0	0	0	65	12	64	111	5	80	11	119	72	91	37
0	0	0	0	0	0	0	0	0	0	0	0	0	0	0	0	0	0	0	0	0	0	0	0	0	0	0	0	0	0	0	0	0	0	0	0	0	0	0	0	0	0	0	0	0	0	0	0	0	0	0	0	0	0	0	0	0	0	0	0	0	0	0	0	0	0	0	0	0	0	0	0	0	0	0	0	0	0	0	0	0	0	0	0	0	0	0	0	0	0	0	0	0	0	0	0	0	0	0	0	0	0	0	0	0	0	0	0	0	0	0	0	0	0	0	0	0	0	4	37	16	66	3	51	100	34	77	97
0	0	0	0	0	0	0	0	0	0	0	0	0	0	0	0	0	0	0	0	0	0	0	0	0	0	0	0	0	0	0	0	0	0	0	0	0	0	0	0	0	0	0	0	0	0	0	0	0	0	0	0	0	0	0	0	0	0	0	0	0	0	0	0	0	0	0	0	0	0	0	0	0	0	0	0	0	0	0	0	0	0	0	0	0	0	0	0	0	0	0	0	0	0	0	0	0	0	0	0	0	0	0	0	0	0	0	0	0	0	0	0	0	0	0	0	0	0	0	118	40	45	22	26	43	27	19	24
0	0	0	0	0	0	0	0	0	0	0	0	0	0	0	0	0	0	0	0	0	0	0	0	0	0	0	0	0	0	0	0	0	0	0	0	0	0	0	0	0	0	0	0	0	0	0	0	0	0	0	0	0	0	0	0	0	0	0	0	0	0	0	0	0	0	0	0	0	0	0	0	0	0	0	0	0	0	0	0	0	0	0	0	0	0	0	0	0	0	0	0	0	0	0	0	0	0	0	0	0	0	0	0	0	0	0	0	0	0	0	0	0	0	0	0	0	0	0	0	84	22	9	21	86	49	86	48
0	0	0	0	0	0	0	0	0	0	0	0	0	0	0	0	0	0	0	0	0	0	0	0	0	0	0	0	0	0	0	0	0	0	0	0	0	0	0	0	0	0	0	0	0	0	0	0	0	0	0	0	0	0	0	0	0	0	0	0	0	0	0	0	0	0	0	0	0	0	0	0	0	0	0	0	0	0	0	0	0	0	0	0	0	0	0	0	0	0	0	0	0	0	0	0	0	0	0	0	0	0	0	0	0	0	0	0	0	0	0	0	0	0	0	0	0	0	0	0	0	5	8	82	25	21	10	4
0	0	0	0	0	0	0	0	0	0	0	0	0	0	0	0	0	0	0	0	0	0	0	0	0	0	0	0	0	0	0	0	0	0	0	0	0	0	0	0	0	0	0	0	0	0	0	0	0	0	0	0	0	0	0	0	0	0	0	0	0	0	0	0	0	0	0	0	0	0	0	0	0	0	0	0	0	0	0	0	0	0	0	0	0	0	0	0	0	0	0	0	0	0	0	0	0	0	0	0	0	0	0	0	0	0	0	0	0	0	0	0	0	0	0	0	0	0	0	0	0	0	67	123	121	83	34	23
0	0	0	0	0	0	0	0	0	0	0	0	0	0	0	0	0	0	0	0	0	0	0	0	0	0	0	0	0	0	0	0	0	0	0	0	0	0	0	0	0	0	0	0	0	0	0	0	0	0	0	0	0	0	0	0	0	0	0	0	0	0	0	0	0	0	0	0	0	0	0	0	0	0	0	0	0	0	0	0	0	0	0	0	0	0	0	0	0	0	0	0	0	0	0	0	0	0	0	0	0	0	0	0	0	0	0	0	0	0	0	0	0	0	0	0	0	0	0	0	0	0	0	12	4	127	119	109
0	0	0	0	0	0	0	0	0	0	0	0	0	0	0	0	0	0	0	0	0	0	0	0	0	0	0	0	0	0	0	0	0	0	0	0	0	0	0	0	0	0	0	0	0	0	0	0	0	0	0	0	0	0	0	0	0	0	0	0	0	0	0	0	0	0	0	0	0	0	0	0	0	0	0	0	0	0	0	0	0	0	0	0	0	0	0	0	0	0	0	0	0	0	0	0	0	0	0	0	0	0	0	0	0	0	0	0	0	0	0	0	0	0	0	0	0	0	0	0	0	0	0	0	5	28	27	26
0	0	0	0	0	0	0	0	0	0	0	0	0	0	0	0	0	0	0	0	0	0	0	0	0	0	0	0	0	0	0	0	0	0	0	0	0	0	0	0	0	0	0	0	0	0	0	0	0	0	0	0	0	0	0	0	0	0	0	0	0	0	0	0	0	0	0	0	0	0	0	0	0	0	0	0	0	0	0	0	0	0	0	0	0	0	0	0	0	0	0	0	0	0	0	0	0	0	0	0	0	0	0	0	0	0	0	0	0	0	0	0	0	0	0	0	0	0	0	0	0	0	0	0	0	100	94	4
0	0	0	0	0	0	0	0	0	0	0	0	0	0	0	0	0	0	0	0	0	0	0	0	0	0	0	0	0	0	0	0	0	0	0	0	0	0	0	0	0	0	0	0	0	0	0	0	0	0	0	0	0	0	0	0	0	0	0	0	0	0	0	0	0	0	0	0	0	0	0	0	0	0	0	0	0	0	0	0	0	0	0	0	0	0	0	0	0	0	0	0	0	0	0	0	0	0	0	0	0	0	0	0	0	0	0	0	0	0	0	0	0	0	0	0	0	0	0	0	0	0	0	0	0	0	93	88
0	0	0	0	0	0	0	0	0	0	0	0	0	0	0	0	0	0	0	0	0	0	0	0	0	0	0	0	0	0	0	0	0	0	0	0	0	0	0	0	0	0	0	0	0	0	0	0	0	0	0	0	0	0	0	0	0	0	0	0	0	0	0	0	0	0	0	0	0	0	0	0	0	0	0	0	0	0	0	0	0	0	0	0	0	0	0	0	0	0	0	0	0	0	0	0	0	0	0	0	0	0	0	0	0	0	0	0	0	0	0	0	0	0	0	0	0	0	0	0	0	0	0	0	0	0	0	43
0	0	0	0	0	0	0	0	0	0	0	0	0	0	0	0	0	0	0	0	0	0	0	0	0	0	0	0	0	0	0	0	0	0	0	0	0	0	0	0	0	0	0	0	0	0	0	0	0	0	0	0	0	0	0	0	0	0	0	0	0	0	0	0	0	0	0	0	0	0	0	0	0	0	0	0	0	0	0	0	0	0	0	0	0	0	0	0	0	0	0	0	0	0	0	0	0	0	0	0	0	0	0	0	0	0	0	0	0	0	0	0	0	0	0	0	0	0	0	0	0	0	0	0	0	0	0	0