0	122	54	22	111	81	25	58	110	19	115	74	47	68	64	11	99	45	28	23	19	89	97	111	63	50	21	111	90	3	65	66	66	7	77	36	99	61	122	72	128	60	108	86	3	110	43	125	82	51	8	54	50	93	127	120	95	102	12	17	4	41	63	96	17	10	49	46	93	82	62	29	18	65	50	103	18	74	57	74	122	35	104	120	107	79	11	94	76	90	4	109	8	80	37	58	17	1	15	23	78	84	54	54	42	73	3	56	80	53	10	30	120	125	69	21	51	3	101	113	41	93	15	106	62	33	123	62
0	0	82	53	116	110	1	115	94	12	10	8	2	8	61	118	124	103	118	33	122	109	75	50	60	40	65	85	32	55	32	56	66	85	91	116	93	87	99	85	23	78	64	37	42	76	2	102	27	34	23	81	124	13	37	56	72	66	126	7	28	30	16	74	97	38	2	16	25	127	43	100	93	50	58	15	13	36	32	66	13	78	22	128	116	84	114	66	98	98	83	87	49	62	60	19	26	99	18	119	123	76	118	39	18	74	105	83	120	76	116	64	22	113	2	124	84	111	40	5	83	99	116	51	77	33	61	65
0	0	0	89	25	11	127	76	35	69	110	103	56	120	63	102	111	51	127	60	94	8	62	51	105	50	68	58	79	85	84	74	78	117	95	94	67	82	45	95	45	121	98	57	75	63	113	85	74	106	18	123	126	85	16	80	100	62	5	55	76	108	60	105	46	124	9	75	19	39	41	8	114	126	100	52	38	73	54	75	91	55	13	85	105	120	109	103	115	34	51	109	6	59	68	34	7	27	15	31	47	34	66	43	73	18	86	68	52	61	61	4	3	79	85	104	75	6	14	123	113	30	1	26	107	6	124	107
0	0	0	0	89	17	25	88	31	48	94	64	128	79	81	63	52	95	69	86	39	126	83	39	53	10	70	6	46	86	17	31	56	115	70	84	83	115	7	9	97	113	122	128	41	80	69	78	31	35	1	92	111	71	66	46	31	125	113	107	125	93	95	62	49	109	105	123	49	94	80	75	71	80	35	119	58	32	116	36	127	99	43	62	22	23	90	11	49	56	39	99	111	17	27	91	110	49	35	103	30	51	41	8	21	91	16	21	49	71	97	42	51	42	88	66	35	74	82	118	55	60	39	118	43	26	23	54
0	0	0	0	0	116	88	52	21	91	111	9	79	59	1	31	62	118	39	15	58	11	109	116	45	71	44	3	54	124	28	84	37	40	112	41	56	54	46	110	84	105	39	122	74	44	11	83	123	41	6	113	1	121	2	100	91	31	74	42	70	4	111	122	103	91	13	19	11	103	93	82	86	114	21	39	92	54	13	34	119	65	60	93	16	125	92	43	128	105	27	76	109	118	93	10	103	82	24	116	42	80	80	45	51	51	89	44	24	78	86	82	107	20	84	73	81	55	46	56	4	24	119	123	91	97	18	100
0	0	0	0	0	0	65	94	73	108	122	52	122	108	93	31	40	10	98	105	17	32	18	36	85	46	56	82	90	39	24	104	101	64	34	70	28	59	88	34	108	72	67	19	17	42	34	67	6	62	104	49	70	124	44	10	75	7	22	93	126	61	128	30	117	36	107	70	17	69	68	74	28	94	82	45	43	16	31	60	5	47	65	55	19	11	57	85	41	32	13	22	24	96	1	36	119	69	3	124	62	127	86	33	30	126	22	102	11	98	27	17	79	68	78	57	2	100	41	108	124	26	102	13	36	117	57	15
0	0	0	0	0	0	0	70	32	63	23	57	62	46	111	7	17	29	127	77	76	104	63	117	17	88	32	66	32	74	119	113	60	42	41	98	117	22	108	95	119	21	109	127	86	57	112	4	68	82	112	32	42	13	106	86	122	59	116	67	101	85	88	68	69	49	38	74	85	83	67	88	106	11	77	94	77	117	110	106	6	116	11	110	22	28	72	107	2	20	126	49	92	51	62	53	19	109	91	48	75	14	64	68	75	124	109	43	61	31	25	53	24	90	110	46	106	112	36	64	83	77	53	77	125	111	19	128
0	0	0	0	0	0	0	0	67	12	12	57	116	60	125	106	2	46	117	20	15	69	45	31	32	85	42	6	13	95	96	73	109	19	113	118	123	71	8	57	38	110	102	12	124	117	50	124	36	42	63	91	71	126	40	121	38	31	97	30	22	45	53	122	96	64	67	119	2	60	45	113	25	78	104	37	114	107	93	126	88	22	108	93	24	119	71	91	111	120	96	103	120	125	60	79	118	20	52	116	60	11	92	11	46	26	3	48	32	43	121	118	120	22	25	30	41	25	107	35	61	120	118	88	60	124	19	81
0	0	0	0	0	0	0	0	0	73	89	55	70	105	12	92	30	34	38	17	121	81	100	15	90	56	43	30	59	120	47	65	94	92	24	125	70	29	13	83	8	105	52	85	101	128	30	58	99	72	94	106	93	28	113	36	84	44	69	91	67	36	64	41	46	98	115	67	123	75	2	91	108	44	33	32	26	99	69	105	67	17	128	81	125	72	105	114	31	44	10	45	36	21	11	114	29	99	59	117	77	59	70	76	32	15	22	23	100	37	68	114	41	87	87	53	106	80	35	123	61	92	42	49	36	20	20	71
0	0	0	0	0	0	0	0	0	0	81	20	16	106	51	28	70	26	87	47	72	65	73	55	18	53	104	86	103	87	84	123	89	30	125	79	32	48	120	115	69	84	38	25	101	52	84	93	76	101	89	17	17	43	77	74	93	110	48	126	90	125	85	95	32	119	65	81	89	25	25	94	117	38	108	63	70	30	32	60	4	108	110	114	79	99	2	87	110	53	1	93	93	19	63	50	38	119	50	27	89	106	69	96	83	11	97	38	6	58	28	92	55	101	36	31	11	97	82	105	48	111	54	19	18	14	118	127
0	0	0	0	0	0	0	0	0	0	0	75	126	61	29	27	9	103	68	113	61	44	17	68	90	96	68	119	82	51	44	111	100	33	70	82	127	109	54	124	39	30	9	40	38	22	6	40	30	63	11	27	118	46	41	86	94	78	80	38	24	44	123	85	51	99	65	65	81	120	112	80	19	37	81	27	34	13	75	78	66	49	35	27	9	2	55	107	102	23	28	60	93	89	74	107	89	39	51	127	58	60	43	16	62	22	100	43	76	67	124	4	124	20	28	12	100	54	123	64	75	1	27	51	5	22	63	122
0	0	0	0	0	0	0	0	0	0	0	0	45	49	39	84	65	69	67	124	35	100	35	86	5	108	109	69	63	64	66	86	87	121	70	41	39	41	48	26	52	48	34	10	126	17	85	41	55	35	24	42	75	1	106	51	105	12	80	120	10	77	36	2	7	69	35	45	42	58	78	22	24	30	58	7	76	13	48	3	21	12	117	34	93	84	77	29	34	5	44	53	81	20	53	29	52	24	48	6	13	68	120	87	79	23	43	108	61	9	83	90	94	83	85	51	88	91	88	39	117	11	76	12	100	128	57	49
0	0	0	0	0	0	0	0	0	0	0	0	0	30	127	47	45	47	58	64	100	53	5	62	81	49	73	109	2	112	29	114	114	32	58	21	95	65	35	125	53	69	43	119	16	20	99	35	113	52	106	24	14	4	30	91	112	34	16	73	49	1	93	30	71	30	91	90	124	76	99	114	112	24	45	97	97	29	66	21	79	101	78	112	48	47	88	88	40	27	30	113	95	32	79	39	51	2	101	14	91	75	45	23	128	59	26	29	2	92	5	43	51	41	55	2	1	116	84	24	127	112	74	1	2	55	123	16
0	0	0	0	0	0	0	0	0	0	0	0	0	0	67	59	93	58	87	79	102	22	8	76	8	37	23	2	29	1	110	102	81	22	72	71	87	24	20	69	86	80	2	27	30	121	107	81	15	43	86	90	115	5	39	95	93	5	1	94	100	28	124	49	62	47	13	81	32	104	99	62	80	44	84	94	126	127	64	59	115	38	80	102	97	14	81	10	107	61	45	62	80	58	21	119	3	22	18	96	97	117	77	120	78	119	15	6	18	98	118	79	83	92	78	69	34	40	107	31	70	53	119	65	66	29	59	96
0	0	0	0	0	0	0	0	0	0	0	0	0	0	0	54	99	17	118	98	88	79	105	123	78	21	108	116	19	65	51	126	79	63	22	82	95	70	4	78	87	3	26	114	73	54	56	90	51	87	101	124	57	89	5	96	90	113	66	66	3	14	91	34	91	97	98	118	39	77	14	13	99	67	100	60	53	53	99	103	79	119	21	46	112	9	125	68	87	95	49	118	41	71	24	20	14	61	64	74	83	95	47	51	126	29	22	112	20	96	66	125	9	49	2	122	42	117	17	109	53	42	60	128	68	79	17	114
0	0	0	0	0	0	0	0	0	0	0	0	0	0	0	0	16	49	84	43	69	53	128	122	124	69	40	72	47	109	60	29	24	16	109	5	7	112	17	41	55	73	73	32	73	34	61	39	49	42	105	114	97	13	94	82	60	81	71	116	15	42	30	118	69	128	41	48	56	16	26	30	46	76	2	55	8	108	77	107	16	84	67	15	106	101	104	76	107	126	63	60	47	114	75	41	3	9	71	105	122	89	11	102	4	48	66	109	114	115	62	125	101	19	103	106	42	68	101	121	23	109	59	100	84	70	14	14
0	0	0	0	0	0	0	0	0	0	0	0	0	0	0	0	0	65	11	24	8	122	39	103	93	100	124	128	125	101	26	97	11	26	117	87	54	16	91	79	115	125	94	51	94	105	42	18	60	109	127	36	54	118	104	95	15	27	104	40	2	22	51	19	78	11	98	22	66	29	58	99	78	40	128	72	70	88	65	116	17	114	32	88	25	44	95	50	61	21	24	82	97	52	8	25	49	81	59	18	58	93	81	116	109	93	29	38	7	79	58	98	21	119	2	111	103	110	30	2	39	117	65	94	15	111	117	108
0	0	0	0	0	0	0	0	0	0	0	0	0	0	0	0	0	0	6	29	93	108	6	23	97	47	11	9	98	98	55	66	4	35	50	18	30	109	62	90	50	88	69	69	3	16	10	55	108	31	93	99	68	34	113	57	37	83	22	115	36	74	8	32	53	1	60	103	49	42	55	28	69	53	49	93	83	89	58	15	45	47	47	63	73	124	87	114	116	113	96	90	92	23	46	95	3	82	101	29	122	122	59	97	123	28	110	25	65	95	7	68	7	67	58	124	59	54	103	87	51	39	53	122	90	50	23	45
0	0	0	0	0	0	0	0	0	0	0	0	0	0	0	0	0	0	0	7	48	1	83	116	88	111	13	49	127	87	53	19	48	65	115	121	55	32	113	60	96	66	117	88	115	125	18	66	89	11	1	128	11	7	44	66	83	27	87	18	41	38	93	128	39	60	87	83	107	20	84	112	42	85	80	117	11	29	125	11	79	35	75	19	110	60	81	54	46	97	123	4	12	37	42	98	47	53	123	64	113	112	31	80	14	128	124	101	44	25	30	91	41	125	100	76	73	37	78	35	29	21	49	68	121	74	29	125
0	0	0	0	0	0	0	0	0	0	0	0	0	0	0	0	0	0	0	0	91	104	30	124	118	104	114	96	78	45	111	128	57	8	50	100	54	91	20	33	49	56	126	62	120	121	5	53	89	54	80	127	59	44	91	37	49	61	100	85	48	30	99	21	32	92	71	33	36	44	74	71	37	54	15	42	31	2	105	38	66	11	35	103	102	124	55	88	43	98	102	54	77	117	71	71	35	63	86	48	102	66	87	35	65	52	73	71	97	6	84	40	106	63	55	87	39	126	64	122	109	119	74	123	90	28	7	9
0	0	0	0	0	0	0	0	0	0	0	0	0	0	0	0	0	0	0	0	0	27	91	65	65	77	124	30	8	57	52	38	79	53	97	23	84	36	47	20	71	94	116	86	8	49	94	18	75	119	16	13	115	76	122	61	64	9	127	43	44	89	101	22	51	66	20	45	10	30	53	55	96	41	110	112	51	59	4	110	32	124	95	2	63	29	23	114	106	119	66	34	15	109	6	40	31	41	60	120	54	34	126	42	70	82	66	100	21	24	103	8	110	44	11	123	16	70	10	17	98	64	111	116	104	51	29	67
0	0	0	0	0	0	0	0	0	0	0	0	0	0	0	0	0	0	0	0	0	0	14	11	13	49	49	123	103	21	72	112	76	40	121	120	121	59	58	46	110	103	16	68	76	45	107	74	22	109	40	17	10	62	17	119	36	39	111	19	101	117	29	26	64	13	21	38	80	13	72	99	102	77	18	93	87	15	94	25	47	91	127	93	44	15	118	104	92	76	88	110	56	112	116	58	14	14	124	86	43	70	25	114	42	29	84	74	89	67	7	84	5	48	26	45	93	88	112	108	10	83	82	128	116	105	31	72
0	0	0	0	0	0	0	0	0	0	0	0	0	0	0	0	0	0	0	0	0	0	0	2	77	17	123	61	24	84	98	67	27	10	52	106	122	40	86	61	75	78	29	92	6	84	57	126	120	69	72	89	66	101	61	69	11	8	34	74	13	35	4	58	69	34	74	13	49	64	37	46	25	114	90	59	94	49	95	76	40	23	92	117	46	112	120	40	9	67	124	15	63	114	35	97	34	31	61	44	84	66	16	74	5	8	43	28	115	68	65	122	116	126	118	100	95	88	125	29	104	56	43	26	18	98	11	21
0	0	0	0	0	0	0	0	0	0	0	0	0	0	0	0	0	0	0	0	0	0	0	0	14	47	121	13	100	84	113	25	6	104	70	14	61	14	119	102	122	121	115	62	101	95	99	46	35	113	77	13	43	117	78	121	70	70	10	111	22	3	34	124	94	27	43	1	89	50	100	55	38	38	10	37	25	48	99	106	119	66	43	75	20	67	76	65	56	15	97	15	118	26	21	120	81	70	6	50	101	127	66	30	100	116	6	85	54	78	74	33	45	39	126	105	128	32	18	81	75	33	105	5	41	41	45	4
0	0	0	0	0	0	0	0	0	0	0	0	0	0	0	0	0	0	0	0	0	0	0	0	0	95	43	13	34	32	34	120	82	20	4	7	128	61	99	85	30	16	28	74	25	83	113	77	82	70	46	8	10	55	19	56	21	10	21	24	44	104	115	113	85	30	3	52	121	15	114	65	53	25	122	85	49	46	90	120	102	50	128	53	114	94	98	24	73	68	98	109	4	9	121	113	62	31	57	21	50	38	61	66	108	76	57	40	99	4	54	1	102	28	45	27	61	113	98	5	108	64	48	47	53	104	68	118
0	0	0	0	0	0	0	0	0	0	0	0	0	0	0	0	0	0	0	0	0	0	0	0	0	0	117	124	22	14	109	114	108	34	72	94	22	63	64	112	2	117	8	33	92	15	79	61	38	89	68	83	52	57	20	111	9	78	90	7	64	121	23	65	86	96	86	74	119	72	61	93	104	2	9	10	35	11	110	120	25	54	66	68	74	21	76	121	104	67	99	74	124	1	51	114	100	21	65	17	8	66	92	79	42	29	121	56	15	116	118	14	66	43	113	101	112	68	108	60	48	43	104	75	98	113	80	85
0	0	0	0	0	0	0	0	0	0	0	0	0	0	0	0	0	0	0	0	0	0	0	0	0	0	0	31	32	5	97	9	64	66	27	7	1	78	118	20	10	22	82	26	58	105	24	119	81	60	22	121	2	40	116	32	32	3	84	14	71	92	13	89	34	58	75	109	15	119	110	8	16	94	70	17	89	29	66	66	65	52	120	90	53	13	18	18	41	56	118	65	65	68	74	76	60	74	41	84	102	13	105	109	93	37	40	116	39	51	6	23	34	47	37	106	96	4	65	26	82	96	60	69	90	120	56	40
0	0	0	0	0	0	0	0	0	0	0	0	0	0	0	0	0	0	0	0	0	0	0	0	0	0	0	0	55	78	85	120	70	57	80	15	125	66	26	69	59	62	16	4	111	98	68	121	96	80	21	115	96	109	17	7	3	89	111	51	83	14	54	5	23	40	32	117	67	110	29	60	96	15	101	63	61	64	11	51	70	118	72	124	103	95	90	33	123	44	97	55	78	119	42	17	44	26	127	48	23	50	119	128	40	71	12	78	89	53	23	105	89	63	34	51	46	79	3	128	82	110	65	68	54	27	119	45
0	0	0	0	0	0	0	0	0	0	0	0	0	0	0	0	0	0	0	0	0	0	0	0	0	0	0	0	0	121	99	121	73	41	72	57	42	111	31	85	95	38	127	10	77	94	78	78	110	91	43	47	45	5	114	103	8	7	97	105	67	63	71	27	41	16	25	9	22	87	91	70	22	32	45	73	39	67	18	121	118	124	93	61	17	18	125	121	90	108	28	29	57	28	125	104	110	17	60	101	75	36	37	39	90	77	26	120	91	31	55	89	104	126	116	21	8	72	37	77	62	70	82	58	74	59	2	40
0	0	0	0	0	0	0	0	0	0	0	0	0	0	0	0	0	0	0	0	0	0	0	0	0	0	0	0	0	0	119	24	119	84	70	123	71	23	50	27	37	55	63	20	59	117	21	50	60	18	33	78	48	44	54	19	108	90	107	101	10	11	94	68	87	62	18	103	13	70	13	52	25	62	65	58	38	21	80	102	31	27	31	87	91	128	69	111	7	64	60	20	111	96	128	106	56	65	92	49	119	1	14	84	38	51	105	43	114	86	71	26	14	46	76	75	10	103	100	112	17	80	101	5	97	93	10	51
0	0	0	0	0	0	0	0	0	0	0	0	0	0	0	0	0	0	0	0	0	0	0	0	0	0	0	0	0	0	0	70	119	111	21	94	79	87	85	46	53	43	103	67	40	7	63	31	70	99	2	41	78	17	48	66	111	12	118	69	55	91	67	74	59	16	123	67	120	75	100	2	87	58	35	83	121	45	7	14	123	51	12	7	1	31	1	28	26	67	5	20	106	70	105	19	33	83	12	114	26	14	100	117	76	109	41	45	9	35	59	48	87	106	105	27	18	101	128	46	76	96	112	27	81	26	20	69
0	0	0	0	0	0	0	0	0	0	0	0	0	0	0	0	0	0	0	0	0	0	0	0	0	0	0	0	0	0	0	0	113	84	57	118	50	123	107	91	60	35	68	36	82	12	23	55	4	5	49	48	64	99	82	13	111	126	35	126	96	58	111	120	65	47	78	71	47	115	94	118	97	75	73	65	70	114	25	79	74	10	60	40	16	49	41	67	98	87	9	26	29	102	71	110	66	56	95	83	30	36	107	118	28	125	104	11	102	38	91	61	35	29	82	105	2	13	51	116	86	60	41	110	21	104	109	101
0	0	0	0	0	0	0	0	0	0	0	0	0	0	0	0	0	0	0	0	0	0	0	0	0	0	0	0	0	0	0	0	0	88	45	3	67	19	97	15	107	55	71	116	116	124	49	109	5	56	44	23	116	117	101	22	92	82	4	79	33	87	74	62	59	117	86	111	62	25	119	32	1	106	104	17	32	78	47	44	80	83	108	120	118	67	53	24	41	54	72	60	82	15	80	123	53	39	57	58	125	4	22	73	110	2	94	42	30	11	21	112	110	80	115	25	126	91	73	71	18	57	68	86	11	122	113	128
0	0	0	0	0	0	0	0	0	0	0	0	0	0	0	0	0	0	0	0	0	0	0	0	0	0	0	0	0	0	0	0	0	0	103	21	31	17	57	110	28	68	70	19	19	83	71	99	123	101	53	9	66	71	32	4	122	43	5	2	67	68	79	5	88	16	43	90	23	94	15	113	110	123	60	6	48	105	62	85	56	96	3	20	69	113	104	76	19	97	95	32	26	79	33	71	89	29	21	63	116	81	110	80	91	56	59	54	27	45	35	55	29	66	19	9	46	20	70	38	37	91	124	13	6	105	41	100
0	0	0	0	0	0	0	0	0	0	0	0	0	0	0	0	0	0	0	0	0	0	0	0	0	0	0	0	0	0	0	0	0	0	0	65	62	75	6	84	74	21	67	101	38	15	28	57	86	53	110	97	4	67	111	44	54	10	76	1	77	58	2	75	60	76	87	26	112	104	46	95	120	13	61	62	116	74	18	10	19	50	88	120	86	76	4	79	23	128	16	69	88	111	13	74	67	83	84	109	102	8	91	46	65	79	61	15	36	36	14	111	32	91	99	91	72	23	18	69	10	33	113	67	59	53	34	115
0	0	0	0	0	0	0	0	0	0	0	0	0	0	0	0	0	0	0	0	0	0	0	0	0	0	0	0	0	0	0	0	0	0	0	0	50	54	46	65	56	10	103	63	11	43	106	33	55	78	110	120	118	115	123	59	59	7	29	116	37	29	11	52	56	124	20	107	37	56	5	30	119	107	1	66	2	119	42	50	101	54	46	107	39	70	7	40	5	48	11	50	68	107	31	83	122	33	74	75	39	106	1	79	49	63	104	98	97	74	31	93	55	16	14	76	86	15	21	108	17	107	112	116	91	67	100	104
0	0	0	0	0	0	0	0	0	0	0	0	0	0	0	0	0	0	0	0	0	0	0	0	0	0	0	0	0	0	0	0	0	0	0	0	0	14	103	12	18	10	70	12	79	14	84	123	43	28	18	77	27	92	119	85	44	54	43	49	11	61	11	48	60	77	25	1	65	74	100	124	51	1	63	3	120	104	48	102	116	75	119	114	124	22	7	35	24	73	107	2	44	31	67	67	3	37	112	49	13	124	32	66	10	121	43	22	120	55	105	79	23	60	62	74	74	84	94	102	48	107	100	95	3	58	101	26
0	0	0	0	0	0	0	0	0	0	0	0	0	0	0	0	0	0	0	0	0	0	0	0	0	0	0	0	0	0	0	0	0	0	0	0	0	0	76	53	5	51	96	62	98	5	107	77	51	60	44	123	118	8	70	119	54	55	68	37	102	107	119	84	58	116	107	79	106	127	14	79	38	51	43	37	85	16	124	61	16	87	77	103	28	124	46	126	113	23	104	80	61	35	113	85	40	86	90	115	53	70	39	76	100	47	49	102	120	10	5	50	30	106	33	113	93	102	41	110	90	3	24	57	83	47	109	24
0	0	0	0	0	0	0	0	0	0	0	0	0	0	0	0	0	0	0	0	0	0	0	0	0	0	0	0	0	0	0	0	0	0	0	0	0	0	0	8	52	81	108	57	30	11	30	21	25	19	25	42	69	28	80	25	93	23	56	42	45	50	20	55	61	57	36	60	60	73	26	31	11	48	99	75	71	25	46	120	105	120	42	72	50	27	71	95	86	99	46	110	73	41	40	107	15	40	52	128	107	67	13	11	74	6	34	2	81	5	15	103	25	109	11	76	31	93	89	11	38	49	50	5	5	84	35	76
0	0	0	0	0	0	0	0	0	0	0	0	0	0	0	0	0	0	0	0	0	0	0	0	0	0	0	0	0	0	0	0	0	0	0	0	0	0	0	0	25	111	16	31	98	116	115	61	46	49	63	67	65	41	82	46	45	123	76	104	117	78	117	123	34	40	39	96	21	21	47	60	43	15	65	6	39	18	71	93	88	50	102	97	2	124	117	82	23	9	95	34	74	53	24	32	118	42	18	48	99	95	125	94	92	127	3	118	81	124	51	97	105	39	11	103	77	43	79	65	119	76	77	47	54	68	91	71
0	0	0	0	0	0	0	0	0	0	0	0	0	0	0	0	0	0	0	0	0	0	0	0	0	0	0	0	0	0	0	0	0	0	0	0	0	0	0	0	0	59	127	107	122	20	87	91	69	75	27	23	48	13	49	119	99	72	70	52	7	57	84	86	35	91	67	36	115	116	110	82	62	41	67	59	64	81	6	65	97	26	75	75	127	97	67	100	11	112	82	42	77	73	95	128	56	90	37	76	127	113	5	104	64	103	12	35	108	43	71	6	95	115	89	127	105	91	51	32	47	101	120	104	110	41	48	121
0	0	0	0	0	0	0	0	0	0	0	0	0	0	0	0	0	0	0	0	0	0	0	0	0	0	0	0	0	0	0	0	0	0	0	0	0	0	0	0	0	0	65	118	79	55	96	28	104	102	107	90	92	117	105	71	57	6	65	50	128	1	53	17	29	120	33	32	87	26	108	92	111	33	112	120	76	44	30	93	52	72	31	91	120	27	42	5	47	40	13	56	103	81	62	53	61	120	26	52	80	47	36	64	27	32	3	124	27	117	91	108	55	61	28	34	107	55	38	119	85	68	115	78	118	54	24	88
0	0	0	0	0	0	0	0	0	0	0	0	0	0	0	0	0	0	0	0	0	0	0	0	0	0	0	0	0	0	0	0	0	0	0	0	0	0	0	0	0	0	0	114	110	122	94	29	58	47	103	118	49	96	16	60	18	4	73	56	78	29	38	64	59	85	34	62	23	29	49	91	123	72	94	19	63	5	23	85	18	116	93	92	60	50	107	122	81	111	105	51	19	15	126	55	127	122	97	107	29	53	48	117	8	98	31	123	117	81	83	48	125	90	109	53	45	98	116	54	26	19	102	5	113	35	118	87
0	0	0	0	0	0	0	0	0	0	0	0	0	0	0	0	0	0	0	0	0	0	0	0	0	0	0	0	0	0	0	0	0	0	0	0	0	0	0	0	0	0	0	0	50	92	109	94	30	48	105	29	98	110	27	25	116	94	106	100	82	120	93	102	16	123	17	55	43	11	65	86	118	27	70	15	22	2	6	29	62	51	14	78	37	3	70	42	45	101	95	21	80	117	47	65	82	54	88	75	3	62	60	36	58	60	53	38	128	98	58	10	116	94	47	73	103	89	74	104	23	104	80	2	125	74	119	35
0	0	0	0	0	0	0	0	0	0	0	0	0	0	0	0	0	0	0	0	0	0	0	0	0	0	0	0	0	0	0	0	0	0	0	0	0	0	0	0	0	0	0	0	0	1	29	14	3	121	15	55	5	48	25	37	59	101	102	86	15	37	7	101	99	10	76	56	51	17	42	60	110	5	8	45	113	93	77	54	37	44	91	90	95	120	54	31	83	71	127	64	71	59	88	47	128	68	103	31	64	99	2	83	64	10	86	115	23	21	10	111	15	77	5	4	1	82	22	74	104	50	50	46	90	21	105	38
0	0	0	0	0	0	0	0	0	0	0	0	0	0	0	0	0	0	0	0	0	0	0	0	0	0	0	0	0	0	0	0	0	0	0	0	0	0	0	0	0	0	0	0	0	0	92	122	9	97	26	15	68	99	56	57	117	6	30	99	102	52	115	114	100	54	126	91	18	24	121	33	115	49	23	58	50	45	124	126	27	41	26	39	2	122	13	40	63	87	128	53	96	61	23	11	127	52	30	20	27	65	59	85	117	28	32	14	71	94	40	45	32	124	35	89	54	55	107	83	122	5	121	43	7	102	35	92
0	0	0	0	0	0	0	0	0	0	0	0	0	0	0	0	0	0	0	0	0	0	0	0	0	0	0	0	0	0	0	0	0	0	0	0	0	0	0	0	0	0	0	0	0	0	0	21	75	99	95	37	113	125	46	31	44	65	121	83	74	7	94	54	128	118	92	112	16	122	114	2	98	80	109	40	5	19	98	57	115	70	40	83	46	117	78	8	5	44	39	19	41	65	60	80	38	113	64	38	121	82	107	60	71	106	60	109	64	128	56	4	105	106	125	99	6	44	29	77	68	121	67	68	64	101	86	16
0	0	0	0	0	0	0	0	0	0	0	0	0	0	0	0	0	0	0	0	0	0	0	0	0	0	0	0	0	0	0	0	0	0	0	0	0	0	0	0	0	0	0	0	0	0	0	0	37	34	47	82	121	43	80	13	102	126	83	24	39	67	18	90	36	41	37	125	15	28	100	107	29	73	116	114	68	63	126	33	16	25	120	114	24	61	13	20	70	92	111	72	66	19	41	18	92	6	18	85	65	74	74	96	87	40	102	67	123	83	17	106	3	65	92	102	10	29	117	33	61	27	43	16	75	9	61	96
0	0	0	0	0	0	0	0	0	0	0	0	0	0	0	0	0	0	0	0	0	0	0	0	0	0	0	0	0	0	0	0	0	0	0	0	0	0	0	0	0	0	0	0	0	0	0	0	0	21	77	27	53	15	103	113	78	83	36	35	54	28	49	100	97	48	43	40	48	92	105	69	57	61	121	65	52	101	92	11	24	30	115	21	45	120	7	40	120	44	65	1	120	117	78	14	122	41	102	100	118	24	17	104	52	40	6	94	55	76	55	110	58	119	100	66	75	90	49	21	93	47	101	9	35	33	20	7
0	0	0	0	0	0	0	0	0	0	0	0	0	0	0	0	0	0	0	0	0	0	0	0	0	0	0	0	0	0	0	0	0	0	0	0	0	0	0	0	0	0	0	0	0	0	0	0	0	0	123	51	125	44	50	113	92	124	26	8	97	35	53	60	110	125	122	42	105	47	67	11	113	99	85	45	31	97	122	128	8	62	75	63	90	1	44	119	109	13	109	104	19	80	6	98	18	127	52	74	52	9	127	69	93	125	9	29	84	106	20	50	105	32	89	105	112	46	76	70	95	8	54	74	106	106	43	104
0	0	0	0	0	0	0	0	0	0	0	0	0	0	0	0	0	0	0	0	0	0	0	0	0	0	0	0	0	0	0	0	0	0	0	0	0	0	0	0	0	0	0	0	0	0	0	0	0	0	0	106	98	73	92	42	83	110	57	103	120	105	31	8	23	95	79	86	89	8	8	113	28	9	66	54	27	26	113	23	123	18	113	15	116	31	125	47	36	51	54	4	84	50	97	46	101	6	16	5	15	81	27	76	84	71	102	18	76	30	62	88	12	37	10	15	36	120	128	6	51	21	36	54	78	123	107	117
0	0	0	0	0	0	0	0	0	0	0	0	0	0	0	0	0	0	0	0	0	0	0	0	0	0	0	0	0	0	0	0	0	0	0	0	0	0	0	0	0	0	0	0	0	0	0	0	0	0	0	0	40	67	90	97	28	94	17	110	59	24	91	84	33	66	4	40	104	102	123	20	126	46	28	122	28	87	115	1	108	45	83	3	1	53	125	127	28	70	90	60	85	92	69	27	38	84	115	41	82	14	106	105	118	90	25	4	11	61	69	6	83	103	106	81	3	43	78	79	109	105	24	87	3	29	75	75
0	0	0	0	0	0	0	0	0	0	0	0	0	0	0	0	0	0	0	0	0	0	0	0	0	0	0	0	0	0	0	0	0	0	0	0	0	0	0	0	0	0	0	0	0	0	0	0	0	0	0	0	0	53	77	23	24	61	70	45	124	99	27	91	69	111	88	114	60	75	126	85	24	58	126	72	71	82	119	28	123	123	125	60	88	1	127	6	69	120	70	127	58	56	123	66	63	79	114	81	66	114	3	12	85	1	5	3	9	92	99	34	79	11	95	10	100	65	91	11	111	72	31	9	50	45	77	90
0	0	0	0	0	0	0	0	0	0	0	0	0	0	0	0	0	0	0	0	0	0	0	0	0	0	0	0	0	0	0	0	0	0	0	0	0	0	0	0	0	0	0	0	0	0	0	0	0	0	0	0	0	0	84	28	25	4	12	32	2	122	120	15	51	82	25	40	88	53	5	114	49	72	60	52	27	115	121	93	72	40	88	113	89	9	21	31	127	64	33	22	104	29	28	106	70	6	47	65	53	25	60	87	13	25	33	69	20	46	112	125	97	66	94	119	77	91	81	85	104	85	49	101	33	62	97	123
0	0	0	0	0	0	0	0	0	0	0	0	0	0	0	0	0	0	0	0	0	0	0	0	0	0	0	0	0	0	0	0	0	0	0	0	0	0	0	0	0	0	0	0	0	0	0	0	0	0	0	0	0	0	0	29	98	46	22	79	89	98	19	11	1	122	121	66	97	11	2	113	35	39	11	10	44	66	12	51	51	46	115	99	51	71	40	49	56	23	13	44	27	74	64	126	106	74	65	31	56	84	39	20	122	24	43	99	8	16	99	47	99	76	7	5	25	108	100	71	36	87	78	123	58	103	68	60
0	0	0	0	0	0	0	0	0	0	0	0	0	0	0	0	0	0	0	0	0	0	0	0	0	0	0	0	0	0	0	0	0	0	0	0	0	0	0	0	0	0	0	0	0	0	0	0	0	0	0	0	0	0	0	0	102	94	36	53	84	70	74	17	110	95	73	59	31	84	121	41	77	117	109	7	48	126	13	126	67	44	41	118	28	84	117	92	61	58	95	77	94	29	20	56	96	19	40	112	93	81	105	106	47	30	76	12	81	26	123	11	121	64	43	28	71	114	110	121	89	29	117	71	50	122	25	124
0	0	0	0	0	0	0	0	0	0	0	0	0	0	0	0	0	0	0	0	0	0	0	0	0	0	0	0	0	0	0	0	0	0	0	0	0	0	0	0	0	0	0	0	0	0	0	0	0	0	0	0	0	0	0	0	0	69	86	10	84	30	101	115	84	49	101	24	36	52	90	53	99	66	49	12	79	9	61	127	125	72	11	70	59	71	39	94	9	92	110	92	79	8	18	91	67	12	27	34	68	26	104	65	100	26	64	91	55	37	32	118	55	101	58	64	17	68	108	19	123	70	89	1	90	60	96	38
0	0	0	0	0	0	0	0	0	0	0	0	0	0	0	0	0	0	0	0	0	0	0	0	0	0	0	0	0	0	0	0	0	0	0	0	0	0	0	0	0	0	0	0	0	0	0	0	0	0	0	0	0	0	0	0	0	0	16	69	98	14	24	105	27	128	62	17	72	118	33	96	26	77	124	20	55	21	20	108	117	47	86	109	49	101	100	34	1	58	98	100	53	2	116	126	22	119	122	24	48	102	7	56	97	50	127	49	107	87	98	47	68	32	49	77	13	97	58	34	29	43	62	80	37	104	84	123
0	0	0	0	0	0	0	0	0	0	0	0	0	0	0	0	0	0	0	0	0	0	0	0	0	0	0	0	0	0	0	0	0	0	0	0	0	0	0	0	0	0	0	0	0	0	0	0	0	0	0	0	0	0	0	0	0	0	0	38	58	104	15	27	8	114	37	33	54	89	53	57	50	7	111	41	91	126	25	127	121	10	65	85	96	112	55	95	80	121	24	18	47	82	87	23	37	44	79	74	56	57	105	77	124	8	126	117	19	63	93	66	32	103	42	43	98	100	128	37	5	11	33	10	41	95	90	86
0	0	0	0	0	0	0	0	0	0	0	0	0	0	0	0	0	0	0	0	0	0	0	0	0	0	0	0	0	0	0	0	0	0	0	0	0	0	0	0	0	0	0	0	0	0	0	0	0	0	0	0	0	0	0	0	0	0	0	0	126	49	11	81	1	22	107	107	104	93	122	84	104	48	101	100	73	95	41	77	16	85	13	78	53	20	103	45	69	60	62	51	70	58	64	32	15	37	23	28	82	8	8	127	112	37	2	70	106	43	31	92	82	24	10	9	95	30	14	109	29	97	10	5	61	55	61	102
0	0	0	0	0	0	0	0	0	0	0	0	0	0	0	0	0	0	0	0	0	0	0	0	0	0	0	0	0	0	0	0	0	0	0	0	0	0	0	0	0	0	0	0	0	0	0	0	0	0	0	0	0	0	0	0	0	0	0	0	0	119	128	85	86	76	9	12	118	56	62	110	60	57	86	18	75	60	33	31	121	51	98	122	99	79	33	49	66	110	126	52	86	54	35	74	83	67	119	120	74	122	58	41	27	77	15	94	48	15	32	19	70	100	85	121	79	18	114	22	81	123	51	100	31	68	79	39
0	0	0	0	0	0	0	0	0	0	0	0	0	0	0	0	0	0	0	0	0	0	0	0	0	0	0	0	0	0	0	0	0	0	0	0	0	0	0	0	0	0	0	0	0	0	0	0	0	0	0	0	0	0	0	0	0	0	0	0	0	0	28	29	109	39	123	81	33	107	116	20	108	12	98	30	121	1	97	114	105	50	16	121	97	63	31	85	72	41	36	106	44	69	38	19	31	122	5	62	93	62	23	34	22	59	118	55	88	96	23	101	75	59	96	39	81	55	100	100	40	116	26	43	113	27	3	60
0	0	0	0	0	0	0	0	0	0	0	0	0	0	0	0	0	0	0	0	0	0	0	0	0	0	0	0	0	0	0	0	0	0	0	0	0	0	0	0	0	0	0	0	0	0	0	0	0	0	0	0	0	0	0	0	0	0	0	0	0	0	0	86	122	47	116	93	8	113	67	126	39	74	59	75	25	60	21	120	124	79	33	16	9	30	50	97	72	83	44	13	11	70	126	75	99	81	76	24	84	94	36	19	94	124	96	40	2	76	40	50	69	15	65	88	29	23	83	112	16	19	29	31	117	8	11	99
0	0	0	0	0	0	0	0	0	0	0	0	0	0	0	0	0	0	0	0	0	0	0	0	0	0	0	0	0	0	0	0	0	0	0	0	0	0	0	0	0	0	0	0	0	0	0	0	0	0	0	0	0	0	0	0	0	0	0	0	0	0	0	0	21	19	27	54	120	124	66	28	69	101	63	14	20	58	104	120	70	38	102	128	112	119	9	31	108	38	60	11	55	119	116	56	33	124	83	7	30	84	99	12	101	128	5	30	86	9	55	54	1	9	30	94	112	65	73	19	37	81	30	107	57	94	2	111
0	0	0	0	0	0	0	0	0	0	0	0	0	0	0	0	0	0	0	0	0	0	0	0	0	0	0	0	0	0	0	0	0	0	0	0	0	0	0	0	0	0	0	0	0	0	0	0	0	0	0	0	0	0	0	0	0	0	0	0	0	0	0	0	0	111	11	80	71	71	21	79	117	95	71	52	18	107	39	120	52	13	100	56	35	68	106	25	89	101	44	83	68	51	16	12	92	56	48	65	65	1	26	9	79	17	45	95	71	117	117	7	5	47	59	14	110	16	128	39	63	94	57	39	14	67	68	116
0	0	0	0	0	0	0	0	0	0	0	0	0	0	0	0	0	0	0	0	0	0	0	0	0	0	0	0	0	0	0	0	0	0	0	0	0	0	0	0	0	0	0	0	0	0	0	0	0	0	0	0	0	0	0	0	0	0	0	0	0	0	0	0	0	0	42	67	95	4	19	119	66	65	45	36	46	33	113	113	35	125	28	110	14	53	57	69	12	47	124	29	78	122	88	20	24	122	25	11	97	61	70	120	61	122	107	76	15	1	21	88	114	77	83	1	81	60	74	10	100	93	107	10	93	104	2	40
0	0	0	0	0	0	0	0	0	0	0	0	0	0	0	0	0	0	0	0	0	0	0	0	0	0	0	0	0	0	0	0	0	0	0	0	0	0	0	0	0	0	0	0	0	0	0	0	0	0	0	0	0	0	0	0	0	0	0	0	0	0	0	0	0	0	0	91	26	62	33	118	89	5	15	105	18	110	115	113	84	50	85	88	118	14	113	126	29	104	109	94	4	24	127	94	59	2	38	36	13	32	90	124	67	82	109	107	8	55	8	16	62	27	83	113	116	109	114	59	54	60	23	11	13	44	34	125
0	0	0	0	0	0	0	0	0	0	0	0	0	0	0	0	0	0	0	0	0	0	0	0	0	0	0	0	0	0	0	0	0	0	0	0	0	0	0	0	0	0	0	0	0	0	0	0	0	0	0	0	0	0	0	0	0	0	0	0	0	0	0	0	0	0	0	0	25	53	87	42	117	93	51	21	113	28	36	50	21	32	121	64	69	46	104	23	44	47	72	66	102	57	31	12	88	42	3	47	127	58	63	78	69	88	66	22	36	52	50	23	86	7	51	95	73	72	61	120	100	17	116	70	98	69	17	46
0	0	0	0	0	0	0	0	0	0	0	0	0	0	0	0	0	0	0	0	0	0	0	0	0	0	0	0	0	0	0	0	0	0	0	0	0	0	0	0	0	0	0	0	0	0	0	0	0	0	0	0	0	0	0	0	0	0	0	0	0	0	0	0	0	0	0	0	0	104	98	116	36	68	12	96	100	18	23	128	113	91	53	115	13	104	48	23	89	88	30	43	124	71	16	48	63	71	78	107	31	126	100	6	91	110	7	59	65	113	114	128	127	55	76	54	6	103	48	54	18	70	62	62	104	94	11	23
0	0	0	0	0	0	0	0	0	0	0	0	0	0	0	0	0	0	0	0	0	0	0	0	0	0	0	0	0	0	0	0	0	0	0	0	0	0	0	0	0	0	0	0	0	0	0	0	0	0	0	0	0	0	0	0	0	0	0	0	0	0	0	0	0	0	0	0	0	0	18	2	57	103	103	96	58	96	79	120	52	79	53	43	68	118	65	6	67	69	74	26	77	17	107	19	85	94	63	72	20	91	52	50	40	6	64	43	33	23	103	125	73	8	59	63	93	121	93	87	53	6	17	124	11	105	56	75
0	0	0	0	0	0	0	0	0	0	0	0	0	0	0	0	0	0	0	0	0	0	0	0	0	0	0	0	0	0	0	0	0	0	0	0	0	0	0	0	0	0	0	0	0	0	0	0	0	0	0	0	0	0	0	0	0	0	0	0	0	0	0	0	0	0	0	0	0	0	0	28	104	32	101	68	96	98	50	116	44	30	43	110	26	47	113	7	35	119	95	37	92	68	73	5	104	105	89	113	104	103	24	31	124	95	74	72	45	119	9	38	90	81	92	52	78	106	62	55	32	67	67	105	59	46	95	46
0	0	0	0	0	0	0	0	0	0	0	0	0	0	0	0	0	0	0	0	0	0	0	0	0	0	0	0	0	0	0	0	0	0	0	0	0	0	0	0	0	0	0	0	0	0	0	0	0	0	0	0	0	0	0	0	0	0	0	0	0	0	0	0	0	0	0	0	0	0	0	0	32	59	71	102	53	15	94	74	103	15	63	41	22	12	65	68	14	126	127	23	60	3	123	96	81	87	102	65	102	15	122	66	28	81	56	76	45	107	49	38	35	51	30	67	99	72	96	47	118	11	50	92	99	64	87	74
0	0	0	0	0	0	0	0	0	0	0	0	0	0	0	0	0	0	0	0	0	0	0	0	0	0	0	0	0	0	0	0	0	0	0	0	0	0	0	0	0	0	0	0	0	0	0	0	0	0	0	0	0	0	0	0	0	0	0	0	0	0	0	0	0	0	0	0	0	0	0	0	0	101	55	126	38	44	26	114	92	115	31	89	115	91	43	47	120	39	28	91	88	107	97	34	85	89	56	125	17	49	56	41	38	97	56	122	103	21	70	7	102	91	11	113	105	127	60	61	12	89	19	105	71	75	56	73
0	0	0	0	0	0	0	0	0	0	0	0	0	0	0	0	0	0	0	0	0	0	0	0	0	0	0	0	0	0	0	0	0	0	0	0	0	0	0	0	0	0	0	0	0	0	0	0	0	0	0	0	0	0	0	0	0	0	0	0	0	0	0	0	0	0	0	0	0	0	0	0	0	0	28	73	117	101	51	125	12	107	69	42	98	80	128	91	76	89	23	120	81	93	35	72	2	102	95	111	38	22	121	119	61	101	27	71	98	76	106	24	24	33	27	9	109	124	99	19	12	77	9	116	8	105	27	1
0	0	0	0	0	0	0	0	0	0	0	0	0	0	0	0	0	0	0	0	0	0	0	0	0	0	0	0	0	0	0	0	0	0	0	0	0	0	0	0	0	0	0	0	0	0	0	0	0	0	0	0	0	0	0	0	0	0	0	0	0	0	0	0	0	0	0	0	0	0	0	0	0	0	0	83	48	37	51	66	104	7	115	92	100	7	18	116	116	22	118	106	70	99	18	105	108	20	8	91	35	9	31	68	4	56	66	91	73	5	20	8	40	32	84	9	74	106	95	93	114	91	53	21	100	64	67	63
0	0	0	0	0	0	0	0	0	0	0	0	0	0	0	0	0	0	0	0	0	0	0	0	0	0	0	0	0	0	0	0	0	0	0	0	0	0	0	0	0	0	0	0	0	0	0	0	0	0	0	0	0	0	0	0	0	0	0	0	0	0	0	0	0	0	0	0	0	0	0	0	0	0	0	0	18	2	121	28	111	85	91	7	37	48	2	43	20	47	59	78	121	87	114	41	62	80	9	105	126	115	50	124	35	74	46	68	16	93	127	75	10	17	12	93	17	25	69	92	42	107	32	12	34	99	7	100
0	0	0	0	0	0	0	0	0	0	0	0	0	0	0	0	0	0	0	0	0	0	0	0	0	0	0	0	0	0	0	0	0	0	0	0	0	0	0	0	0	0	0	0	0	0	0	0	0	0	0	0	0	0	0	0	0	0	0	0	0	0	0	0	0	0	0	0	0	0	0	0	0	0	0	0	0	71	23	33	29	30	55	57	56	58	74	43	80	56	65	86	94	43	41	101	92	107	51	25	82	95	65	63	98	88	22	76	29	39	117	11	50	41	17	89	67	20	100	31	126	56	18	53	116	20	26	47
0	0	0	0	0	0	0	0	0	0	0	0	0	0	0	0	0	0	0	0	0	0	0	0	0	0	0	0	0	0	0	0	0	0	0	0	0	0	0	0	0	0	0	0	0	0	0	0	0	0	0	0	0	0	0	0	0	0	0	0	0	0	0	0	0	0	0	0	0	0	0	0	0	0	0	0	0	0	115	114	71	126	10	97	93	54	88	23	55	113	99	94	102	26	78	41	43	15	60	26	77	3	40	95	97	26	69	124	107	46	39	119	92	56	92	4	108	119	125	63	113	13	91	37	61	9	13	73
0	0	0	0	0	0	0	0	0	0	0	0	0	0	0	0	0	0	0	0	0	0	0	0	0	0	0	0	0	0	0	0	0	0	0	0	0	0	0	0	0	0	0	0	0	0	0	0	0	0	0	0	0	0	0	0	0	0	0	0	0	0	0	0	0	0	0	0	0	0	0	0	0	0	0	0	0	0	0	109	82	22	89	93	76	34	73	89	17	27	53	47	27	119	98	10	93	92	119	51	56	89	15	35	59	110	24	84	119	25	91	7	99	28	124	53	111	34	4	119	46	52	3	108	79	80	11	19
0	0	0	0	0	0	0	0	0	0	0	0	0	0	0	0	0	0	0	0	0	0	0	0	0	0	0	0	0	0	0	0	0	0	0	0	0	0	0	0	0	0	0	0	0	0	0	0	0	0	0	0	0	0	0	0	0	0	0	0	0	0	0	0	0	0	0	0	0	0	0	0	0	0	0	0	0	0	0	0	103	46	65	106	59	83	30	110	127	80	31	23	5	123	87	11	97	49	34	44	8	31	20	88	34	29	74	57	41	74	65	67	60	51	27	87	30	21	96	49	112	61	127	32	61	22	102	59
0	0	0	0	0	0	0	0	0	0	0	0	0	0	0	0	0	0	0	0	0	0	0	0	0	0	0	0	0	0	0	0	0	0	0	0	0	0	0	0	0	0	0	0	0	0	0	0	0	0	0	0	0	0	0	0	0	0	0	0	0	0	0	0	0	0	0	0	0	0	0	0	0	0	0	0	0	0	0	0	0	67	30	46	66	36	10	118	108	30	125	8	36	6	23	104	53	57	63	79	109	99	12	76	5	69	96	48	3	61	70	78	47	12	123	114	11	86	32	91	42	84	20	23	64	66	80	15
0	0	0	0	0	0	0	0	0	0	0	0	0	0	0	0	0	0	0	0	0	0	0	0	0	0	0	0	0	0	0	0	0	0	0	0	0	0	0	0	0	0	0	0	0	0	0	0	0	0	0	0	0	0	0	0	0	0	0	0	0	0	0	0	0	0	0	0	0	0	0	0	0	0	0	0	0	0	0	0	0	0	47	102	120	60	72	4	105	9	26	4	116	4	93	82	72	40	77	104	81	124	65	46	49	35	17	120	102	40	64	66	108	92	4	87	91	36	92	9	114	54	6	49	35	3	105	39
0	0	0	0	0	0	0	0	0	0	0	0	0	0	0	0	0	0	0	0	0	0	0	0	0	0	0	0	0	0	0	0	0	0	0	0	0	0	0	0	0	0	0	0	0	0	0	0	0	0	0	0	0	0	0	0	0	0	0	0	0	0	0	0	0	0	0	0	0	0	0	0	0	0	0	0	0	0	0	0	0	0	0	76	116	12	13	93	41	75	55	10	97	12	116	125	121	104	102	26	8	84	43	29	120	49	81	116	107	103	93	32	37	7	96	112	120	29	14	18	33	76	86	65	121	50	15	32
0	0	0	0	0	0	0	0	0	0	0	0	0	0	0	0	0	0	0	0	0	0	0	0	0	0	0	0	0	0	0	0	0	0	0	0	0	0	0	0	0	0	0	0	0	0	0	0	0	0	0	0	0	0	0	0	0	0	0	0	0	0	0	0	0	0	0	0	0	0	0	0	0	0	0	0	0	0	0	0	0	0	0	0	10	38	87	85	28	116	20	84	118	67	33	98	7	55	87	32	10	9	59	113	22	120	33	45	94	127	106	60	53	45	59	114	22	73	42	60	70	43	89	29	99	123	60	56
0	0	0	0	0	0	0	0	0	0	0	0	0	0	0	0	0	0	0	0	0	0	0	0	0	0	0	0	0	0	0	0	0	0	0	0	0	0	0	0	0	0	0	0	0	0	0	0	0	0	0	0	0	0	0	0	0	0	0	0	0	0	0	0	0	0	0	0	0	0	0	0	0	0	0	0	0	0	0	0	0	0	0	0	0	72	123	116	77	124	119	47	53	126	62	62	16	30	84	75	36	31	69	127	23	58	5	26	37	92	104	100	88	71	82	97	53	86	100	52	128	87	31	36	16	9	126	26
0	0	0	0	0	0	0	0	0	0	0	0	0	0	0	0	0	0	0	0	0	0	0	0	0	0	0	0	0	0	0	0	0	0	0	0	0	0	0	0	0	0	0	0	0	0	0	0	0	0	0	0	0	0	0	0	0	0	0	0	0	0	0	0	0	0	0	0	0	0	0	0	0	0	0	0	0	0	0	0	0	0	0	0	0	0	68	49	92	84	100	65	3	49	60	97	108	86	64	122	46	25	60	117	107	76	127	14	46	65	25	46	15	124	56	33	90	8	101	64	65	92	122	19	15	72	122	45
0	0	0	0	0	0	0	0	0	0	0	0	0	0	0	0	0	0	0	0	0	0	0	0	0	0	0	0	0	0	0	0	0	0	0	0	0	0	0	0	0	0	0	0	0	0	0	0	0	0	0	0	0	0	0	0	0	0	0	0	0	0	0	0	0	0	0	0	0	0	0	0	0	0	0	0	0	0	0	0	0	0	0	0	0	0	0	34	100	5	31	76	55	84	19	88	93	92	128	14	83	106	41	75	106	10	45	94	27	56	124	47	100	65	60	21	63	50	40	46	19	19	35	116	22	121	75	123
0	0	0	0	0	0	0	0	0	0	0	0	0	0	0	0	0	0	0	0	0	0	0	0	0	0	0	0	0	0	0	0	0	0	0	0	0	0	0	0	0	0	0	0	0	0	0	0	0	0	0	0	0	0	0	0	0	0	0	0	0	0	0	0	0	0	0	0	0	0	0	0	0	0	0	0	0	0	0	0	0	0	0	0	0	0	0	0	90	72	109	68	64	112	21	68	33	4	27	123	93	86	7	103	114	1	35	18	65	8	44	18	89	78	111	47	77	71	67	56	104	102	37	8	11	119	76	19
0	0	0	0	0	0	0	0	0	0	0	0	0	0	0	0	0	0	0	0	0	0	0	0	0	0	0	0	0	0	0	0	0	0	0	0	0	0	0	0	0	0	0	0	0	0	0	0	0	0	0	0	0	0	0	0	0	0	0	0	0	0	0	0	0	0	0	0	0	0	0	0	0	0	0	0	0	0	0	0	0	0	0	0	0	0	0	0	0	24	89	32	45	123	23	19	47	94	87	82	19	25	59	63	8	25	89	70	21	109	126	15	6	17	126	33	21	69	1	114	77	116	89	89	23	16	53	73
0	0	0	0	0	0	0	0	0	0	0	0	0	0	0	0	0	0	0	0	0	0	0	0	0	0	0	0	0	0	0	0	0	0	0	0	0	0	0	0	0	0	0	0	0	0	0	0	0	0	0	0	0	0	0	0	0	0	0	0	0	0	0	0	0	0	0	0	0	0	0	0	0	0	0	0	0	0	0	0	0	0	0	0	0	0	0	0	0	0	63	42	69	19	36	65	23	127	128	67	14	20	52	127	107	27	21	32	4	4	29	36	101	32	25	29	109	43	83	66	91	114	42	88	8	77	33	3
0	0	0	0	0	0	0	0	0	0	0	0	0	0	0	0	0	0	0	0	0	0	0	0	0	0	0	0	0	0	0	0	0	0	0	0	0	0	0	0	0	0	0	0	0	0	0	0	0	0	0	0	0	0	0	0	0	0	0	0	0	0	0	0	0	0	0	0	0	0	0	0	0	0	0	0	0	0	0	0	0	0	0	0	0	0	0	0	0	0	0	39	23	117	23	25	112	44	104	56	66	67	22	67	102	94	81	76	123	14	60	6	114	89	29	18	99	52	92	116	69	110	56	24	68	126	90	108
0	0	0	0	0	0	0	0	0	0	0	0	0	0	0	0	0	0	0	0	0	0	0	0	0	0	0	0	0	0	0	0	0	0	0	0	0	0	0	0	0	0	0	0	0	0	0	0	0	0	0	0	0	0	0	0	0	0	0	0	0	0	0	0	0	0	0	0	0	0	0	0	0	0	0	0	0	0	0	0	0	0	0	0	0	0	0	0	0	0	0	0	106	102	91	4	12	69	96	6	12	28	111	17	63	95	108	14	11	5	115	116	53	38	16	67	119	123	47	52	110	74	124	13	98	3	11	63
0	0	0	0	0	0	0	0	0	0	0	0	0	0	0	0	0	0	0	0	0	0	0	0	0	0	0	0	0	0	0	0	0	0	0	0	0	0	0	0	0	0	0	0	0	0	0	0	0	0	0	0	0	0	0	0	0	0	0	0	0	0	0	0	0	0	0	0	0	0	0	0	0	0	0	0	0	0	0	0	0	0	0	0	0	0	0	0	0	0	0	0	0	63	65	114	110	15	5	49	81	93	107	57	110	124	18	115	126	108	57	111	48	126	67	61	10	119	86	76	36	72	124	23	37	51	28	98
0	0	0	0	0	0	0	0	0	0	0	0	0	0	0	0	0	0	0	0	0	0	0	0	0	0	0	0	0	0	0	0	0	0	0	0	0	0	0	0	0	0	0	0	0	0	0	0	0	0	0	0	0	0	0	0	0	0	0	0	0	0	0	0	0	0	0	0	0	0	0	0	0	0	0	0	0	0	0	0	0	0	0	0	0	0	0	0	0	0	0	0	0	0	42	41	56	123	11	12	15	47	48	70	36	110	57	106	61	81	33	30	19	85	109	10	32	67	110	42	33	52	99	55	68	116	22	30
0	0	0	0	0	0	0	0	0	0	0	0	0	0	0	0	0	0	0	0	0	0	0	0	0	0	0	0	0	0	0	0	0	0	0	0	0	0	0	0	0	0	0	0	0	0	0	0	0	0	0	0	0	0	0	0	0	0	0	0	0	0	0	0	0	0	0	0	0	0	0	0	0	0	0	0	0	0	0	0	0	0	0	0	0	0	0	0	0	0	0	0	0	0	0	124	23	88	101	109	20	90	70	51	77	59	113	8	110	6	71	111	103	45	80	88	47	29	35	104	65	28	125	28	72	114	69	11
0	0	0	0	0	0	0	0	0	0	0	0	0	0	0	0	0	0	0	0	0	0	0	0	0	0	0	0	0	0	0	0	0	0	0	0	0	0	0	0	0	0	0	0	0	0	0	0	0	0	0	0	0	0	0	0	0	0	0	0	0	0	0	0	0	0	0	0	0	0	0	0	0	0	0	0	0	0	0	0	0	0	0	0	0	0	0	0	0	0	0	0	0	0	0	0	71	61	100	107	16	7	47	128	106	30	40	113	96	70	7	45	11	94	117	106	126	49	48	117	75	52	89	55	95	99	116	36
0	0	0	0	0	0	0	0	0	0	0	0	0	0	0	0	0	0	0	0	0	0	0	0	0	0	0	0	0	0	0	0	0	0	0	0	0	0	0	0	0	0	0	0	0	0	0	0	0	0	0	0	0	0	0	0	0	0	0	0	0	0	0	0	0	0	0	0	0	0	0	0	0	0	0	0	0	0	0	0	0	0	0	0	0	0	0	0	0	0	0	0	0	0	0	0	0	40	23	21	41	123	2	127	110	20	49	85	59	93	72	65	114	35	106	33	14	119	82	121	35	43	54	38	126	120	128	18
0	0	0	0	0	0	0	0	0	0	0	0	0	0	0	0	0	0	0	0	0	0	0	0	0	0	0	0	0	0	0	0	0	0	0	0	0	0	0	0	0	0	0	0	0	0	0	0	0	0	0	0	0	0	0	0	0	0	0	0	0	0	0	0	0	0	0	0	0	0	0	0	0	0	0	0	0	0	0	0	0	0	0	0	0	0	0	0	0	0	0	0	0	0	0	0	0	0	71	105	96	77	85	124	96	79	80	9	38	106	61	31	79	119	22	45	2	31	75	107	2	37	29	85	127	90	34	90
0	0	0	0	0	0	0	0	0	0	0	0	0	0	0	0	0	0	0	0	0	0	0	0	0	0	0	0	0	0	0	0	0	0	0	0	0	0	0	0	0	0	0	0	0	0	0	0	0	0	0	0	0	0	0	0	0	0	0	0	0	0	0	0	0	0	0	0	0	0	0	0	0	0	0	0	0	0	0	0	0	0	0	0	0	0	0	0	0	0	0	0	0	0	0	0	0	0	0	10	84	41	42	127	71	34	60	113	72	17	79	59	89	7	70	13	8	46	73	81	100	41	6	49	78	57	100	53
0	0	0	0	0	0	0	0	0	0	0	0	0	0	0	0	0	0	0	0	0	0	0	0	0	0	0	0	0	0	0	0	0	0	0	0	0	0	0	0	0	0	0	0	0	0	0	0	0	0	0	0	0	0	0	0	0	0	0	0	0	0	0	0	0	0	0	0	0	0	0	0	0	0	0	0	0	0	0	0	0	0	0	0	0	0	0	0	0	0	0	0	0	0	0	0	0	0	0	0	7	124	48	76	111	69	24	5	99	4	69	41	42	61	110	8	53	63	66	51	7	50	107	127	54	83	38	71
0	0	0	0	0	0	0	0	0	0	0	0	0	0	0	0	0	0	0	0	0	0	0	0	0	0	0	0	0	0	0	0	0	0	0	0	0	0	0	0	0	0	0	0	0	0	0	0	0	0	0	0	0	0	0	0	0	0	0	0	0	0	0	0	0	0	0	0	0	0	0	0	0	0	0	0	0	0	0	0	0	0	0	0	0	0	0	0	0	0	0	0	0	0	0	0	0	0	0	0	0	107	14	91	3	103	109	91	73	109	2	81	77	97	97	30	99	101	116	81	55	84	78	77	107	6	97	48
0	0	0	0	0	0	0	0	0	0	0	0	0	0	0	0	0	0	0	0	0	0	0	0	0	0	0	0	0	0	0	0	0	0	0	0	0	0	0	0	0	0	0	0	0	0	0	0	0	0	0	0	0	0	0	0	0	0	0	0	0	0	0	0	0	0	0	0	0	0	0	0	0	0	0	0	0	0	0	0	0	0	0	0	0	0	0	0	0	0	0	0	0	0	0	0	0	0	0	0	0	0	115	77	103	12	17	118	115	92	13	112	73	50	102	31	84	105	95	120	57	59	37	84	25	115	20	128
0	0	0	0	0	0	0	0	0	0	0	0	0	0	0	0	0	0	0	0	0	0	0	0	0	0	0	0	0	0	0	0	0	0	0	0	0	0	0	0	0	0	0	0	0	0	0	0	0	0	0	0	0	0	0	0	0	0	0	0	0	0	0	0	0	0	0	0	0	0	0	0	0	0	0	0	0	0	0	0	0	0	0	0	0	0	0	0	0	0	0	0	0	0	0	0	0	0	0	0	0	0	0	18	108	107	27	48	106	101	42	114	6	117	52	72	123	122	105	82	5	19	60	11	114	93	120	44
0	0	0	0	0	0	0	0	0	0	0	0	0	0	0	0	0	0	0	0	0	0	0	0	0	0	0	0	0	0	0	0	0	0	0	0	0	0	0	0	0	0	0	0	0	0	0	0	0	0	0	0	0	0	0	0	0	0	0	0	0	0	0	0	0	0	0	0	0	0	0	0	0	0	0	0	0	0	0	0	0	0	0	0	0	0	0	0	0	0	0	0	0	0	0	0	0	0	0	0	0	0	0	0	36	78	98	53	34	79	72	128	92	75	103	61	86	44	116	112	38	54	23	36	54	50	93	45
0	0	0	0	0	0	0	0	0	0	0	0	0	0	0	0	0	0	0	0	0	0	0	0	0	0	0	0	0	0	0	0	0	0	0	0	0	0	0	0	0	0	0	0	0	0	0	0	0	0	0	0	0	0	0	0	0	0	0	0	0	0	0	0	0	0	0	0	0	0	0	0	0	0	0	0	0	0	0	0	0	0	0	0	0	0	0	0	0	0	0	0	0	0	0	0	0	0	0	0	0	0	0	0	0	120	11	8	66	68	41	74	14	108	116	87	125	20	79	19	58	32	98	11	114	124	67	75
0	0	0	0	0	0	0	0	0	0	0	0	0	0	0	0	0	0	0	0	0	0	0	0	0	0	0	0	0	0	0	0	0	0	0	0	0	0	0	0	0	0	0	0	0	0	0	0	0	0	0	0	0	0	0	0	0	0	0	0	0	0	0	0	0	0	0	0	0	0	0	0	0	0	0	0	0	0	0	0	0	0	0	0	0	0	0	0	0	0	0	0	0	0	0	0	0	0	0	0	0	0	0	0	0	0	125	77	33	33	126	40	119	8	101	66	19	113	13	123	41	56	24	78	110	69	118	112
0	0	0	0	0	0	0	0	0	0	0	0	0	0	0	0	0	0	0	0	0	0	0	0	0	0	0	0	0	0	0	0	0	0	0	0	0	0	0	0	0	0	0	0	0	0	0	0	0	0	0	0	0	0	0	0	0	0	0	0	0	0	0	0	0	0	0	0	0	0	0	0	0	0	0	0	0	0	0	0	0	0	0	0	0	0	0	0	0	0	0	0	0	0	0	0	0	0	0	0	0	0	0	0	0	0	0	13	18	19	104	59	10	110	87	116	62	64	19	78	47	66	5	42	125	86	118	79
0	0	0	0	0	0	0	0	0	0	0	0	0	0	0	0	0	0	0	0	0	0	0	0	0	0	0	0	0	0	0	0	0	0	0	0	0	0	0	0	0	0	0	0	0	0	0	0	0	0	0	0	0	0	0	0	0	0	0	0	0	0	0	0	0	0	0	0	0	0	0	0	0	0	0	0	0	0	0	0	0	0	0	0	0	0	0	0	0	0	0	0	0	0	0	0	0	0	0	0	0	0	0	0	0	0	0	0	120	71	21	67	3	125	46	58	4	3	45	113	128	115	118	85	73	55	41	63
0	0	0	0	0	0	0	0	0	0	0	0	0	0	0	0	0	0	0	0	0	0	0	0	0	0	0	0	0	0	0	0	0	0	0	0	0	0	0	0	0	0	0	0	0	0	0	0	0	0	0	0	0	0	0	0	0	0	0	0	0	0	0	0	0	0	0	0	0	0	0	0	0	0	0	0	0	0	0	0	0	0	0	0	0	0	0	0	0	0	0	0	0	0	0	0	0	0	0	0	0	0	0	0	0	0	0	0	0	127	117	4	90	65	10	29	85	71	75	121	89	55	65	104	106	62	78	85
0	0	0	0	0	0	0	0	0	0	0	0	0	0	0	0	0	0	0	0	0	0	0	0	0	0	0	0	0	0	0	0	0	0	0	0	0	0	0	0	0	0	0	0	0	0	0	0	0	0	0	0	0	0	0	0	0	0	0	0	0	0	0	0	0	0	0	0	0	0	0	0	0	0	0	0	0	0	0	0	0	0	0	0	0	0	0	0	0	0	0	0	0	0	0	0	0	0	0	0	0	0	0	0	0	0	0	0	0	0	104	106	20	7	128	88	18	28	88	118	69	114	107	4	22	108	8	52
0	0	0	0	0	0	0	0	0	0	0	0	0	0	0	0	0	0	0	0	0	0	0	0	0	0	0	0	0	0	0	0	0	0	0	0	0	0	0	0	0	0	0	0	0	0	0	0	0	0	0	0	0	0	0	0	0	0	0	0	0	0	0	0	0	0	0	0	0	0	0	0	0	0	0	0	0	0	0	0	0	0	0	0	0	0	0	0	0	0	0	0	0	0	0	0	0	0	0	0	0	0	0	0	0	0	0	0	0	0	0	43	57	1	51	84	105	91	98	21	1	27	22	40	35	96	9	127
0	0	0	0	0	0	0	0	0	0	0	0	0	0	0	0	0	0	0	0	0	0	0	0	0	0	0	0	0	0	0	0	0	0	0	0	0	0	0	0	0	0	0	0	0	0	0	0	0	0	0	0	0	0	0	0	0	0	0	0	0	0	0	0	0	0	0	0	0	0	0	0	0	0	0	0	0	0	0	0	0	0	0	0	0	0	0	0	0	0	0	0	0	0	0	0	0	0	0	0	0	0	0	0	0	0	0	0	0	0	0	0	6	93	73	107	35	39	55	100	59	48	121	22	14	5	41	12
0	0	0	0	0	0	0	0	0	0	0	0	0	0	0	0	0	0	0	0	0	0	0	0	0	0	0	0	0	0	0	0	0	0	0	0	0	0	0	0	0	0	0	0	0	0	0	0	0	0	0	0	0	0	0	0	0	0	0	0	0	0	0	0	0	0	0	0	0	0	0	0	0	0	0	0	0	0	0	0	0	0	0	0	0	0	0	0	0	0	0	0	0	0	0	0	0	0	0	0	0	0	0	0	0	0	0	0	0	0	0	0	0	60	50	33	111	33	75	105	33	111	66	35	48	37	43	32
0	0	0	0	0	0	0	0	0	0	0	0	0	0	0	0	0	0	0	0	0	0	0	0	0	0	0	0	0	0	0	0	0	0	0	0	0	0	0	0	0	0	0	0	0	0	0	0	0	0	0	0	0	0	0	0	0	0	0	0	0	0	0	0	0	0	0	0	0	0	0	0	0	0	0	0	0	0	0	0	0	0	0	0	0	0	0	0	0	0	0	0	0	0	0	0	0	0	0	0	0	0	0	0	0	0	0	0	0	0	0	0	0	0	41	23	124	38	13	56	28	22	120	23	79	93	47	14
0	0	0	0	0	0	0	0	0	0	0	0	0	0	0	0	0	0	0	0	0	0	0	0	0	0	0	0	0	0	0	0	0	0	0	0	0	0	0	0	0	0	0	0	0	0	0	0	0	0	0	0	0	0	0	0	0	0	0	0	0	0	0	0	0	0	0	0	0	0	0	0	0	0	0	0	0	0	0	0	0	0	0	0	0	0	0	0	0	0	0	0	0	0	0	0	0	0	0	0	0	0	0	0	0	0	0	0	0	0	0	0	0	0	0	91	41	37	34	37	39	80	54	123	32	43	113	80
0	0	0	0	0	0	0	0	0	0	0	0	0	0	0	0	0	0	0	0	0	0	0	0	0	0	0	0	0	0	0	0	0	0	0	0	0	0	0	0	0	0	0	0	0	0	0	0	0	0	0	0	0	0	0	0	0	0	0	0	0	0	0	0	0	0	0	0	0	0	0	0	0	0	0	0	0	0	0	0	0	0	0	0	0	0	0	0	0	0	0	0	0	0	0	0	0	0	0	0	0	0	0	0	0	0	0	0	0	0	0	0	0	0	0	0	115	125	103	82	39	106	61	26	127	19	57	3
0	0	0	0	0	0	0	0	0	0	0	0	0	0	0	0	0	0	0	0	0	0	0	0	0	0	0	0	0	0	0	0	0	0	0	0	0	0	0	0	0	0	0	0	0	0	0	0	0	0	0	0	0	0	0	0	0	0	0	0	0	0	0	0	0	0	0	0	0	0	0	0	0	0	0	0	0	0	0	0	0	0	0	0	0	0	0	0	0	0	0	0	0	0	0	0	0	0	0	0	0	0	0	0	0	0	0	0	0	0	0	0	0	0	0	0	0	22	96	109	33	110	121	91	11	14	46	47
0	0	0	0	0	0	0	0	0	0	0	0	0	0	0	0	0	0	0	0	0	0	0	0	0	0	0	0	0	0	0	0	0	0	0	0	0	0	0	0	0	0	0	0	0	0	0	0	0	0	0	0	0	0	0	0	0	0	0	0	0	0	0	0	0	0	0	0	0	0	0	0	0	0	0	0	0	0	0	0	0	0	0	0	0	0	0	0	0	0	0	0	0	0	0	0	0	0	0	0	0	0	0	0	0	0	0	0	0	0	0	0	0	0	0	0	0	0	32	69	21	107	74	37	2	126	32	113
0	0	0	0	0	0	0	0	0	0	0	0	0	0	0	0	0	0	0	0	0	0	0	0	0	0	0	0	0	0	0	0	0	0	0	0	0	0	0	0	0	0	0	0	0	0	0	0	0	0	0	0	0	0	0	0	0	0	0	0	0	0	0	0	0	0	0	0	0	0	0	0	0	0	0	0	0	0	0	0	0	0	0	0	0	0	0	0	0	0	0	0	0	0	0	0	0	0	0	0	0	0	0	0	0	0	0	0	0	0	0	0	0	0	0	0	0	0	0	86	80	27	82	121	107	77	112	105
0	0	0	0	0	0	0	0	0	0	0	0	0	0	0	0	0	0	0	0	0	0	0	0	0	0	0	0	0	0	0	0	0	0	0	0	0	0	0	0	0	0	0	0	0	0	0	0	0	0	0	0	0	0	0	0	0	0	0	0	0	0	0	0	0	0	0	0	0	0	0	0	0	0	0	0	0	0	0	0	0	0	0	0	0	0	0	0	0	0	0	0	0	0	0	0	0	0	0	0	0	0	0	0	0	0	0	0	0	0	0	0	0	0	0	0	0	0	0	0	52	47	97	127	9	65	4	30
0	0	0	0	0	0	0	0	0	0	0	0	0	0	0	0	0	0	0	0	0	0	0	0	0	0	0	0	0	0	0	0	0	0	0	0	0	0	0	0	0	0	0	0	0	0	0	0	0	0	0	0	0	0	0	0	0	0	0	0	0	0	0	0	0	0	0	0	0	0	0	0	0	0	0	0	0	0	0	0	0	0	0	0	0	0	0	0	0	0	0	0	0	0	0	0	0	0	0	0	0	0	0	0	0	0	0	0	0	0	0	0	0	0	0	0	0	0	0	0	0	45	119	113	122	92	17	44
0	0	0	0	0	0	0	0	0	0	0	0	0	0	0	0	0	0	0	0	0	0	0	0	0	0	0	0	0	0	0	0	0	0	0	0	0	0	0	0	0	0	0	0	0	0	0	0	0	0	0	0	0	0	0	0	0	0	0	0	0	0	0	0	0	0	0	0	0	0	0	0	0	0	0	0	0	0	0	0	0	0	0	0	0	0	0	0	0	0	0	0	0	0	0	0	0	0	0	0	0	0	0	0	0	0	0	0	0	0	0	0	0	0	0	0	0	0	0	0	0	0	77	42	110	29	19	45
0	0	0	0	0	0	0	0	0	0	0	0	0	0	0	0	0	0	0	0	0	0	0	0	0	0	0	0	0	0	0	0	0	0	0	0	0	0	0	0	0	0	0	0	0	0	0	0	0	0	0	0	0	0	0	0	0	0	0	0	0	0	0	0	0	0	0	0	0	0	0	0	0	0	0	0	0	0	0	0	0	0	0	0	0	0	0	0	0	0	0	0	0	0	0	0	0	0	0	0	0	0	0	0	0	0	0	0	0	0	0	0	0	0	0	0	0	0	0	0	0	0	0	51	112	102	21	75
0	0	0	0	0	0	0	0	0	0	0	0	0	0	0	0	0	0	0	0	0	0	0	0	0	0	0	0	0	0	0	0	0	0	0	0	0	0	0	0	0	0	0	0	0	0	0	0	0	0	0	0	0	0	0	0	0	0	0	0	0	0	0	0	0	0	0	0	0	0	0	0	0	0	0	0	0	0	0	0	0	0	0	0	0	0	0	0	0	0	0	0	0	0	0	0	0	0	0	0	0	0	0	0	0	0	0	0	0	0	0	0	0	0	0	0	0	0	0	0	0	0	0	0	23	128	11	16
0	0	0	0	0	0	0	0	0	0	0	0	0	0	0	0	0	0	0	0	0	0	0	0	0	0	0	0	0	0	0	0	0	0	0	0	0	0	0	0	0	0	0	0	0	0	0	0	0	0	0	0	0	0	0	0	0	0	0	0	0	0	0	0	0	0	0	0	0	0	0	0	0	0	0	0	0	0	0	0	0	0	0	0	0	0	0	0	0	0	0	0	0	0	0	0	0	0	0	0	0	0	0	0	0	0	0	0	0	0	0	0	0	0	0	0	0	0	0	0	0	0	0	0	0	25	2	27
0	0	0	0	0	0	0	0	0	0	0	0	0	0	0	0	0	0	0	0	0	0	0	0	0	0	0	0	0	0	0	0	0	0	0	0	0	0	0	0	0	0	0	0	0	0	0	0	0	0	0	0	0	0	0	0	0	0	0	0	0	0	0	0	0	0	0	0	0	0	0	0	0	0	0	0	0	0	0	0	0	0	0	0	0	0	0	0	0	0	0	0	0	0	0	0	0	0	0	0	0	0	0	0	0	0	0	0	0	0	0	0	0	0	0	0	0	0	0	0	0	0	0	0	0	0	47	93
0	0	0	0	0	0	0	0	0	0	0	0	0	0	0	0	0	0	0	0	0	0	0	0	0	0	0	0	0	0	0	0	0	0	0	0	0	0	0	0	0	0	0	0	0	0	0	0	0	0	0	0	0	0	0	0	0	0	0	0	0	0	0	0	0	0	0	0	0	0	0	0	0	0	0	0	0	0	0	0	0	0	0	0	0	0	0	0	0	0	0	0	0	0	0	0	0	0	0	0	0	0	0	0	0	0	0	0	0	0	0	0	0	0	0	0	0	0	0	0	0	0	0	0	0	0	0	119
0	0	0	0	0	0	0	0	0	0	0	0	0	0	0	0	0	0	0	0	0	0	0	0	0	0	0	0	0	0	0	0	0	0	0	0	0	0	0	0	0	0	0	0	0	0	0	0	0	0	0	0	0	0	0	0	0	0	0	0	0	0	0	0	0	0	0	0	0	0	0	0	0	0	0	0	0	0	0	0	0	0	0	0	0	0	0	0	0	0	0	0	0	0	0	0	0	0	0	0	0	0	0	0	0	0	0	0	0	0	0	0	0	0	0	0	0	0	0	0	0	0	0	0	0	0	0	0