0	85	56	56	78	58	82	61	55	54	103	47	113	108	119	6	99	1	83	102	101	75	119	52	66	100	64	48	107	17	43	67	124	80	118	82	119	46	77	106	95	11	69	18	64	119	110	29	56	52	70	52	31	71	32	29	38	122	42	122	53	110	108	56	68	52	121	114	101	57	76	88	50	61	72	8	73	15	78	59	21	120	2	93	28	50	109	55	41	46	105	16	115	58	46	11	80	107	42	79	29	45	102	28	94	40	3	7	109	26	29	112	64	35	22	55	51	16	70	36	122	109	48	6	36	27	50	94
0	0	63	118	27	60	89	84	38	22	92	25	1	19	37	122	93	14	117	13	122	102	50	126	109	33	76	109	42	63	12	4	8	104	38	108	111	33	76	17	110	102	122	87	61	78	97	9	66	31	71	28	80	122	95	32	114	88	114	87	66	21	3	60	85	125	88	22	94	56	116	9	18	112	52	18	98	118	98	66	119	24	78	71	19	14	63	78	65	51	2	72	120	55	91	19	9	69	115	128	90	122	104	96	93	44	105	93	94	12	102	19	46	30	58	108	11	81	82	73	14	61	128	30	76	90	40	17
0	0	0	111	21	64	103	53	32	64	94	82	77	54	44	96	66	91	91	127	109	61	95	20	4	26	113	120	66	118	61	70	104	46	74	39	39	82	104	111	38	102	97	110	4	26	96	57	66	36	88	66	76	128	41	95	20	114	102	35	83	8	76	65	65	24	128	88	41	22	76	119	46	29	13	39	21	63	55	105	17	42	118	40	34	81	40	122	47	74	41	20	104	93	53	12	32	116	22	49	82	75	5	119	21	15	65	66	66	21	69	111	52	41	33	105	79	42	80	23	24	26	115	42	120	22	104	96
0	0	0	0	24	77	84	105	79	16	47	76	103	38	15	16	67	18	70	125	6	40	114	83	122	114	73	124	128	9	103	57	69	111	89	16	103	103	112	92	19	88	117	36	66	50	111	22	19	23	6	72	102	111	53	83	70	124	41	75	42	125	89	61	21	66	52	22	48	56	41	106	101	74	25	12	56	100	62	39	126	72	22	93	12	119	65	109	29	62	108	115	20	108	97	121	67	127	24	105	15	47	106	66	15	13	109	103	26	61	84	32	83	8	65	28	116	96	18	113	110	40	21	99	1	1	74	52
0	0	0	0	0	63	107	83	76	41	112	128	32	101	59	112	40	64	70	99	75	25	68	124	84	52	74	9	97	22	58	37	125	68	88	63	78	120	54	76	27	111	97	70	106	43	112	113	73	107	15	37	19	30	88	106	97	36	84	20	122	95	32	40	5	82	61	50	124	97	55	104	118	80	83	125	85	80	3	106	12	90	113	44	111	108	27	48	57	34	74	127	86	118	120	21	31	89	92	50	16	9	42	120	125	62	97	119	120	1	84	41	10	22	119	51	57	88	74	74	47	104	102	60	90	60	84	90
0	0	0	0	0	0	92	8	79	109	49	8	16	32	35	128	90	63	103	26	50	109	5	98	89	99	63	61	32	76	69	35	79	78	15	77	72	27	50	8	96	67	5	95	78	21	98	119	86	102	74	22	27	40	82	67	99	8	9	46	80	4	106	126	48	108	34	78	6	54	25	128	52	1	58	17	70	84	30	105	77	43	14	46	106	111	42	39	2	46	35	88	47	63	72	44	33	111	109	58	115	117	46	30	121	124	100	38	1	18	69	35	42	22	33	33	116	26	107	101	77	47	64	102	114	71	114	55
0	0	0	0	0	0	0	18	41	15	43	96	26	82	2	68	19	74	65	28	124	127	44	113	96	15	94	40	111	37	84	103	118	92	68	88	82	106	3	76	55	71	32	31	79	119	23	102	67	40	69	96	16	85	72	117	13	59	99	71	98	75	8	99	71	56	46	17	127	28	106	36	125	41	24	122	46	101	121	122	33	36	111	46	46	64	38	82	27	50	94	122	1	10	42	41	99	79	79	47	92	14	105	76	120	53	83	125	101	31	80	49	11	51	111	33	72	30	114	94	116	22	7	16	64	74	65	76
0	0	0	0	0	0	0	0	52	118	36	50	34	81	63	128	59	47	11	14	87	95	100	104	10	126	30	78	42	29	62	33	128	84	82	8	35	28	40	2	101	102	20	3	81	16	108	30	89	27	47	17	92	84	36	77	91	101	24	54	56	60	67	34	109	65	58	44	101	117	101	104	99	114	119	127	99	94	79	118	83	51	71	72	39	46	114	91	24	124	97	49	42	107	57	126	11	92	20	35	110	37	21	18	14	91	92	39	47	123	109	120	121	123	87	117	9	56	50	112	21	76	82	113	111	20	9	18
0	0	0	0	0	0	0	0	0	118	124	106	75	85	5	42	93	102	120	44	123	58	20	51	17	127	70	124	20	81	23	96	94	96	66	18	81	8	101	93	38	47	16	110	68	94	4	31	127	74	97	25	90	8	32	53	118	14	121	101	77	30	1	67	98	55	77	72	100	67	96	99	80	43	128	5	17	5	84	30	3	121	14	80	5	85	125	76	101	105	66	114	117	128	79	23	85	5	76	117	96	127	96	90	51	116	5	27	126	20	57	28	22	42	2	30	107	74	67	108	27	117	99	27	7	114	94	43
0	0	0	0	0	0	0	0	0	0	63	50	14	61	94	30	106	13	66	118	66	127	5	39	92	72	114	7	76	1	116	42	113	76	71	44	61	114	75	53	11	52	102	89	59	76	111	104	81	54	91	65	128	38	125	108	115	64	88	125	78	10	95	33	53	37	56	104	8	52	71	13	50	46	108	113	49	53	69	13	84	111	8	55	85	26	25	117	84	115	98	122	46	109	65	106	26	27	46	87	92	47	69	52	86	109	26	72	65	124	42	9	59	105	24	63	104	21	97	7	62	61	47	4	73	127	84	71
0	0	0	0	0	0	0	0	0	0	0	97	9	11	102	74	22	31	106	15	100	4	84	5	9	8	102	106	86	29	71	80	91	29	97	86	122	43	70	106	4	121	70	46	26	118	83	25	33	33	57	120	101	30	36	76	53	36	127	113	24	9	104	91	32	79	41	38	70	66	44	26	128	79	8	89	81	128	54	89	34	90	104	105	41	19	71	46	33	78	8	72	88	59	80	103	38	86	70	114	39	34	93	114	59	70	53	95	19	74	84	36	7	69	85	114	60	26	70	118	22	89	92	90	77	51	110	110
0	0	0	0	0	0	0	0	0	0	0	0	16	57	110	78	113	111	92	51	128	63	47	49	22	119	25	121	60	48	63	68	44	30	83	51	9	115	119	61	115	43	72	35	67	103	45	39	24	23	36	99	128	3	57	52	4	71	72	17	88	67	10	74	73	9	92	9	63	125	45	77	59	20	74	58	61	51	64	110	20	125	65	93	36	102	2	58	107	105	7	69	111	36	102	78	14	87	122	7	37	66	123	120	75	71	109	45	30	45	94	30	109	33	87	41	8	103	10	20	11	15	83	32	80	128	64	92
0	0	0	0	0	0	0	0	0	0	0	0	0	3	48	11	38	2	80	116	7	24	71	77	62	42	67	102	49	75	53	33	120	46	50	24	105	127	38	82	117	36	102	49	47	79	106	106	68	69	25	9	74	37	15	56	44	110	19	80	83	62	59	11	95	57	18	74	98	64	96	102	77	61	17	35	29	17	24	73	32	40	62	51	110	70	48	7	26	72	34	104	68	6	62	42	98	123	50	112	56	58	1	51	49	95	65	12	17	99	83	31	82	15	120	103	109	109	53	101	77	9	117	57	105	3	58	23
0	0	0	0	0	0	0	0	0	0	0	0	0	0	107	19	67	55	113	55	78	86	36	87	19	100	41	92	62	89	31	28	53	60	19	78	34	32	93	94	92	38	9	3	109	46	18	117	9	106	16	59	45	89	47	60	78	125	116	55	62	42	100	92	89	48	36	7	69	105	79	127	33	26	91	59	54	68	56	36	79	125	25	79	123	71	126	37	90	79	83	124	44	102	9	25	96	36	64	106	90	16	112	113	46	37	119	67	87	125	99	106	108	27	59	2	33	56	42	65	96	30	16	92	33	50	95	95
0	0	0	0	0	0	0	0	0	0	0	0	0	0	0	115	88	26	119	95	34	122	122	112	66	61	46	104	18	63	12	98	96	2	35	11	27	86	76	73	117	12	23	92	2	45	47	13	9	1	70	60	120	28	84	76	46	36	80	46	85	56	52	45	12	23	45	7	12	95	92	25	87	24	33	7	71	1	17	91	10	45	126	16	37	9	78	67	61	83	78	19	16	35	9	57	122	121	117	33	102	53	122	23	86	121	85	59	125	123	117	1	56	57	91	120	97	18	7	86	85	5	75	62	27	21	80	15
0	0	0	0	0	0	0	0	0	0	0	0	0	0	0	0	39	120	8	66	97	4	109	28	79	112	121	110	59	100	79	44	73	72	108	102	122	81	15	10	82	115	43	23	88	23	51	30	87	62	112	41	105	116	33	54	86	56	120	34	48	117	26	36	5	119	67	76	107	83	65	127	77	103	34	27	8	120	127	15	128	122	6	91	106	97	108	80	87	20	45	64	123	43	106	61	3	112	124	65	24	73	86	63	9	56	101	34	100	10	67	24	84	96	23	110	107	5	7	120	3	60	13	3	67	29	14	119
0	0	0	0	0	0	0	0	0	0	0	0	0	0	0	0	0	87	4	70	17	119	19	93	124	15	124	49	92	42	21	75	27	19	102	121	10	70	74	94	34	77	77	75	123	25	81	63	14	46	84	9	44	74	19	54	23	49	123	10	38	66	12	60	38	98	32	118	108	62	123	22	43	128	9	28	16	117	86	127	115	86	11	36	68	12	39	110	112	41	3	93	126	59	13	99	69	77	86	96	102	65	16	36	35	71	91	86	62	46	40	78	80	127	29	65	80	30	10	92	90	12	100	27	5	122	97	48
0	0	0	0	0	0	0	0	0	0	0	0	0	0	0	0	0	0	24	40	63	17	86	38	105	3	91	120	126	50	122	85	60	17	20	35	60	62	117	41	44	77	47	121	44	98	31	116	15	124	28	125	35	18	37	106	66	86	32	88	122	102	91	9	24	12	8	42	13	62	13	46	46	19	104	24	54	82	9	18	19	87	98	72	19	118	62	11	47	108	1	1	47	9	101	3	28	16	59	119	92	13	35	34	49	93	7	81	6	90	111	85	13	100	80	79	122	120	124	118	10	26	86	111	29	60	90	27
0	0	0	0	0	0	0	0	0	0	0	0	0	0	0	0	0	0	0	27	59	30	9	58	32	38	69	42	88	68	12	91	26	21	52	60	125	33	68	25	99	37	36	35	45	27	118	57	28	45	112	46	21	20	101	19	67	61	42	83	42	114	113	65	57	26	53	35	59	85	54	88	112	109	6	55	15	43	92	81	1	90	70	46	60	59	65	40	117	88	8	105	124	66	55	108	107	126	92	60	31	36	1	115	106	101	106	97	113	82	58	54	54	62	109	104	8	82	51	75	125	62	39	6	11	124	50	80
0	0	0	0	0	0	0	0	0	0	0	0	0	0	0	0	0	0	0	0	127	72	8	33	12	24	61	21	89	100	116	31	44	82	109	35	14	34	8	79	106	38	22	65	33	12	68	107	83	26	81	15	99	29	103	117	126	99	118	106	91	80	76	9	107	32	96	97	103	94	44	107	103	97	114	64	6	89	37	117	77	46	56	27	44	83	73	115	56	57	73	101	75	98	4	17	57	84	51	119	44	45	72	76	64	3	89	114	125	64	61	1	104	127	33	98	113	95	87	114	100	15	2	36	92	125	74	88
0	0	0	0	0	0	0	0	0	0	0	0	0	0	0	0	0	0	0	0	0	13	49	116	87	16	108	79	62	15	110	82	24	46	86	82	45	84	110	75	39	47	121	39	79	29	26	87	88	32	68	44	107	79	116	98	54	103	90	50	110	39	92	7	90	120	126	14	18	110	73	124	41	18	28	87	47	54	53	38	33	61	37	5	75	2	96	116	100	16	61	54	90	9	78	22	103	51	109	64	6	34	30	73	127	18	48	20	44	22	39	23	10	115	2	127	96	76	8	6	20	93	97	55	94	88	45	9
0	0	0	0	0	0	0	0	0	0	0	0	0	0	0	0	0	0	0	0	0	0	114	113	77	23	82	21	19	41	52	7	9	13	75	8	26	112	31	104	59	126	80	7	115	99	17	78	66	104	12	78	94	69	54	98	61	14	31	58	15	125	123	62	67	75	89	24	86	125	116	45	70	34	104	98	55	112	111	88	46	43	29	16	86	93	123	3	93	8	85	72	81	126	67	118	27	54	51	124	122	10	22	98	80	3	80	123	102	121	24	127	15	34	45	99	63	55	21	75	88	73	124	102	120	32	108	44
0	0	0	0	0	0	0	0	0	0	0	0	0	0	0	0	0	0	0	0	0	0	0	6	86	88	111	21	69	124	19	38	126	127	91	2	69	3	21	10	77	124	89	77	19	40	24	89	45	117	3	75	87	11	93	15	4	10	76	55	78	64	28	120	102	98	73	124	3	107	108	65	107	8	2	44	19	89	81	54	118	128	34	24	51	115	19	117	13	97	56	31	117	78	56	51	55	98	56	90	16	99	47	45	18	55	51	125	68	111	69	113	52	104	8	21	39	24	77	49	57	41	14	39	2	109	116	21
0	0	0	0	0	0	0	0	0	0	0	0	0	0	0	0	0	0	0	0	0	0	0	0	21	117	124	21	97	84	71	24	25	53	49	7	74	47	85	44	64	29	6	42	119	82	113	22	2	73	105	103	58	29	2	96	62	93	20	55	1	96	50	32	14	98	77	113	3	18	15	22	77	98	96	56	17	72	16	105	121	103	82	64	8	115	55	119	37	56	28	68	45	70	22	107	2	19	55	20	47	14	6	61	122	105	120	28	95	127	69	117	34	111	127	22	8	24	114	128	19	101	80	97	46	85	122	128
0	0	0	0	0	0	0	0	0	0	0	0	0	0	0	0	0	0	0	0	0	0	0	0	0	84	20	120	113	67	96	119	86	91	40	17	119	123	6	127	121	101	90	94	53	34	104	89	17	15	71	14	40	21	98	61	48	80	71	77	89	23	52	84	17	76	33	3	8	87	33	1	87	41	127	68	97	127	78	109	91	16	23	81	48	128	75	19	42	89	2	32	76	63	39	28	92	99	70	109	19	98	15	91	15	51	87	72	56	89	91	99	95	42	101	96	14	119	24	82	114	115	71	67	96	106	1	98
0	0	0	0	0	0	0	0	0	0	0	0	0	0	0	0	0	0	0	0	0	0	0	0	0	0	50	83	125	31	65	61	110	24	61	70	112	110	82	57	117	42	70	53	10	20	94	116	62	127	65	15	114	90	6	108	63	46	88	46	90	5	14	122	110	77	57	56	67	65	64	98	87	58	37	18	6	33	46	56	101	78	61	88	105	92	51	41	35	87	96	82	110	11	111	91	57	79	8	10	28	21	76	24	108	92	67	77	77	1	73	49	13	52	109	127	3	16	28	54	86	49	17	117	48	74	22	112
0	0	0	0	0	0	0	0	0	0	0	0	0	0	0	0	0	0	0	0	0	0	0	0	0	0	0	74	105	81	61	20	82	71	4	86	50	11	122	73	124	84	97	102	95	123	109	58	42	110	63	97	116	7	41	111	29	8	80	2	74	80	7	123	80	43	58	51	37	16	86	21	10	22	45	71	63	30	103	84	40	45	18	17	39	95	124	22	19	72	85	41	122	21	2	114	65	15	125	93	67	8	99	41	127	55	45	21	12	36	34	98	102	32	20	56	116	115	80	102	73	12	109	79	61	83	111	70
0	0	0	0	0	0	0	0	0	0	0	0	0	0	0	0	0	0	0	0	0	0	0	0	0	0	0	0	17	37	66	100	73	113	117	68	33	59	73	33	27	58	16	113	58	104	59	115	27	1	5	40	32	42	71	70	85	126	115	42	48	99	62	117	91	84	35	8	30	40	69	40	18	59	17	13	44	8	8	42	70	55	42	91	13	73	10	93	47	73	50	115	79	88	80	22	120	106	113	63	78	58	78	42	13	49	28	36	78	41	10	7	19	97	22	34	86	76	36	34	48	120	122	58	103	93	3	111
0	0	0	0	0	0	0	0	0	0	0	0	0	0	0	0	0	0	0	0	0	0	0	0	0	0	0	0	0	10	113	91	100	96	9	61	73	54	104	18	93	2	11	97	8	117	125	24	1	6	70	124	71	33	79	23	109	48	114	99	88	76	53	11	41	39	27	42	47	31	111	96	23	117	55	50	78	95	31	68	49	104	86	64	87	32	75	51	120	105	92	57	47	8	85	94	19	105	86	104	81	24	115	98	92	74	111	83	42	64	110	122	25	105	105	57	52	121	37	113	113	71	117	9	59	110	43	7
0	0	0	0	0	0	0	0	0	0	0	0	0	0	0	0	0	0	0	0	0	0	0	0	0	0	0	0	0	0	23	33	77	37	79	66	39	6	60	37	49	32	96	7	28	116	39	19	5	14	56	93	117	24	119	105	53	16	108	83	127	17	29	31	100	120	36	7	102	62	119	96	112	12	6	34	73	116	19	30	96	128	102	65	10	1	60	114	84	49	27	116	83	50	92	99	121	83	26	103	114	21	27	119	26	82	9	125	28	99	49	14	67	58	10	66	57	69	127	76	31	126	51	36	60	47	94	36
0	0	0	0	0	0	0	0	0	0	0	0	0	0	0	0	0	0	0	0	0	0	0	0	0	0	0	0	0	0	0	91	49	5	16	18	72	72	73	26	16	24	81	3	55	7	120	8	17	83	24	53	35	92	28	72	5	52	3	59	105	40	82	63	99	23	37	12	73	114	116	105	90	6	67	120	1	103	98	58	19	20	42	110	35	74	70	3	42	127	99	80	39	37	26	77	41	28	84	12	72	62	42	117	106	127	99	95	59	32	74	91	16	38	111	40	34	89	11	38	15	12	87	81	34	9	7	87
0	0	0	0	0	0	0	0	0	0	0	0	0	0	0	0	0	0	0	0	0	0	0	0	0	0	0	0	0	0	0	0	35	78	31	100	50	100	34	73	116	103	57	66	35	86	40	89	43	6	54	91	107	106	61	73	1	7	113	66	82	78	31	27	23	124	48	55	37	38	117	49	74	72	17	66	79	62	106	2	21	79	5	108	29	39	21	90	99	57	44	46	76	103	59	111	128	84	85	37	117	116	82	2	82	68	62	117	128	87	116	105	30	102	94	19	4	84	127	2	65	65	92	94	74	41	113	50
0	0	0	0	0	0	0	0	0	0	0	0	0	0	0	0	0	0	0	0	0	0	0	0	0	0	0	0	0	0	0	0	0	13	55	86	6	6	37	17	44	19	84	81	80	115	14	125	23	12	1	3	124	88	127	103	7	64	94	116	6	114	107	50	119	109	112	43	114	85	17	77	58	117	50	32	25	75	21	112	13	65	54	2	53	41	122	80	104	42	94	26	111	14	105	57	64	71	111	100	63	15	97	9	55	70	84	58	16	107	42	78	121	126	128	122	49	58	87	75	54	29	41	101	37	98	86	93
0	0	0	0	0	0	0	0	0	0	0	0	0	0	0	0	0	0	0	0	0	0	0	0	0	0	0	0	0	0	0	0	0	0	27	36	62	33	18	106	64	114	24	18	14	78	121	56	121	27	18	14	78	110	67	10	7	22	61	19	81	29	31	88	116	2	6	43	123	17	125	124	51	10	41	37	106	12	122	97	63	94	62	80	112	103	17	49	7	99	55	23	120	22	107	127	30	2	54	104	101	33	118	78	6	50	56	72	8	9	82	67	53	102	115	55	47	20	106	41	70	56	38	105	85	20	53	19
0	0	0	0	0	0	0	0	0	0	0	0	0	0	0	0	0	0	0	0	0	0	0	0	0	0	0	0	0	0	0	0	0	0	0	85	113	9	103	126	120	2	30	42	100	4	104	79	89	27	24	27	46	92	54	64	2	45	111	52	103	24	34	123	37	39	13	89	13	97	98	126	99	2	32	2	66	95	97	109	88	37	80	122	101	60	65	37	118	126	56	18	73	25	50	2	64	20	63	88	57	63	115	17	5	118	118	68	54	62	109	20	123	44	104	42	62	93	99	55	120	5	117	102	9	8	3	86
0	0	0	0	0	0	0	0	0	0	0	0	0	0	0	0	0	0	0	0	0	0	0	0	0	0	0	0	0	0	0	0	0	0	0	0	19	120	9	63	96	88	97	41	14	45	42	99	7	8	79	54	17	86	1	31	51	66	115	39	7	94	38	22	48	7	105	82	42	44	41	39	127	14	101	106	65	33	106	88	56	33	63	27	104	40	32	107	28	125	16	104	84	120	90	119	19	66	35	83	113	116	68	79	97	107	122	110	2	16	19	26	88	53	16	121	118	8	26	17	105	12	36	41	92	44	41	49
0	0	0	0	0	0	0	0	0	0	0	0	0	0	0	0	0	0	0	0	0	0	0	0	0	0	0	0	0	0	0	0	0	0	0	0	0	10	118	104	38	103	95	20	80	6	128	44	98	79	82	45	41	20	69	56	71	53	113	21	112	109	122	26	87	62	2	108	126	110	11	94	30	33	15	86	67	16	9	15	51	128	42	72	32	111	53	57	49	127	42	118	71	3	102	117	3	5	72	25	47	107	22	39	104	124	115	11	37	88	2	111	100	55	28	100	84	122	16	25	124	60	97	100	83	112	113	64
0	0	0	0	0	0	0	0	0	0	0	0	0	0	0	0	0	0	0	0	0	0	0	0	0	0	0	0	0	0	0	0	0	0	0	0	0	0	70	44	74	117	32	107	90	111	67	13	83	111	4	3	56	99	59	48	7	96	73	126	89	30	88	27	56	42	33	87	45	65	77	60	90	7	30	52	66	124	62	61	116	80	45	57	125	42	11	19	87	6	91	18	14	41	125	17	109	91	10	8	32	42	30	57	66	9	92	27	93	85	123	23	98	92	66	67	55	114	117	45	42	63	39	6	56	80	52	4
0	0	0	0	0	0	0	0	0	0	0	0	0	0	0	0	0	0	0	0	0	0	0	0	0	0	0	0	0	0	0	0	0	0	0	0	0	0	0	43	58	23	41	122	83	68	82	92	111	61	100	103	1	123	60	115	79	93	18	69	85	51	127	1	37	106	22	82	63	71	67	94	12	17	94	2	26	15	61	15	36	103	48	35	37	89	38	104	38	114	114	84	14	16	123	95	20	39	121	75	109	91	5	49	56	125	115	9	112	35	63	78	39	39	48	115	65	56	81	47	6	17	57	75	117	61	4	102
0	0	0	0	0	0	0	0	0	0	0	0	0	0	0	0	0	0	0	0	0	0	0	0	0	0	0	0	0	0	0	0	0	0	0	0	0	0	0	0	119	68	39	117	2	32	110	113	111	75	81	75	52	109	119	103	49	11	37	3	102	80	54	24	59	26	84	35	76	64	35	68	65	77	14	102	126	18	80	81	66	101	63	61	126	62	102	116	113	104	82	119	106	12	122	117	88	2	45	95	117	4	90	7	16	109	71	54	36	35	121	39	10	77	70	58	14	73	92	32	1	17	119	1	26	97	80	105
0	0	0	0	0	0	0	0	0	0	0	0	0	0	0	0	0	0	0	0	0	0	0	0	0	0	0	0	0	0	0	0	0	0	0	0	0	0	0	0	0	80	120	13	62	105	23	70	62	91	104	95	80	110	89	12	98	95	110	14	116	84	65	79	2	4	18	58	105	55	107	52	27	95	111	52	96	81	75	58	3	105	119	116	50	128	69	106	81	72	2	57	60	61	124	114	70	35	2	8	90	80	56	52	58	30	6	78	50	11	11	20	115	116	28	71	32	75	110	95	123	60	118	23	27	95	111	29
0	0	0	0	0	0	0	0	0	0	0	0	0	0	0	0	0	0	0	0	0	0	0	0	0	0	0	0	0	0	0	0	0	0	0	0	0	0	0	0	0	0	25	52	89	30	4	29	5	106	17	116	82	44	116	80	77	95	119	22	7	29	29	14	60	70	82	35	1	73	7	102	49	33	42	19	55	76	35	77	83	124	66	22	33	97	94	44	128	123	35	95	59	87	80	47	20	30	56	38	109	14	87	95	127	60	47	115	127	80	98	70	27	118	107	22	123	34	128	76	82	30	41	109	123	92	85	98
0	0	0	0	0	0	0	0	0	0	0	0	0	0	0	0	0	0	0	0	0	0	0	0	0	0	0	0	0	0	0	0	0	0	0	0	0	0	0	0	0	0	0	79	77	65	44	111	67	69	78	79	120	7	95	83	103	119	19	61	70	37	45	90	57	103	58	91	2	13	80	92	94	97	36	78	97	16	57	76	18	33	127	101	55	8	33	50	65	45	82	126	99	17	3	34	16	18	106	90	55	102	47	2	2	83	34	91	67	100	25	109	86	96	94	68	39	91	35	121	105	107	5	31	57	71	53	114
0	0	0	0	0	0	0	0	0	0	0	0	0	0	0	0	0	0	0	0	0	0	0	0	0	0	0	0	0	0	0	0	0	0	0	0	0	0	0	0	0	0	0	0	114	71	20	17	65	103	49	117	88	73	70	80	119	73	73	1	23	106	10	88	72	49	112	128	39	112	84	64	75	29	89	60	104	73	104	119	52	44	91	83	70	105	18	32	16	98	3	39	114	45	22	7	80	5	58	41	105	46	128	92	58	127	83	14	65	102	41	71	104	28	107	38	91	28	37	103	12	104	57	84	4	40	77	68
0	0	0	0	0	0	0	0	0	0	0	0	0	0	0	0	0	0	0	0	0	0	0	0	0	0	0	0	0	0	0	0	0	0	0	0	0	0	0	0	0	0	0	0	0	31	54	30	124	112	76	104	25	81	9	23	33	53	105	90	69	32	45	7	46	37	83	44	41	54	109	86	54	10	100	10	88	36	32	101	124	8	23	108	65	30	60	13	124	21	46	23	38	62	16	12	119	20	67	49	39	41	125	116	92	63	15	87	110	78	85	104	113	24	104	72	88	10	9	16	118	98	85	11	76	83	92	86
0	0	0	0	0	0	0	0	0	0	0	0	0	0	0	0	0	0	0	0	0	0	0	0	0	0	0	0	0	0	0	0	0	0	0	0	0	0	0	0	0	0	0	0	0	0	14	81	4	67	93	50	82	28	8	87	22	29	47	57	75	89	14	28	21	26	42	88	61	25	39	32	66	26	38	10	3	95	52	86	116	126	86	83	111	2	13	4	107	115	106	34	70	112	128	104	52	2	21	7	50	127	29	37	42	20	57	54	94	106	58	99	5	35	48	119	19	31	7	32	43	108	4	83	61	113	26	84
0	0	0	0	0	0	0	0	0	0	0	0	0	0	0	0	0	0	0	0	0	0	0	0	0	0	0	0	0	0	0	0	0	0	0	0	0	0	0	0	0	0	0	0	0	0	0	50	22	41	64	92	14	31	63	44	121	103	20	34	47	83	89	86	4	89	48	2	108	41	89	78	62	79	61	34	52	105	110	55	122	64	53	63	99	89	39	33	88	70	118	55	47	1	124	121	53	98	75	5	98	125	48	64	88	73	85	125	34	45	85	10	47	110	21	45	52	74	42	64	119	11	90	122	106	71	3	6
0	0	0	0	0	0	0	0	0	0	0	0	0	0	0	0	0	0	0	0	0	0	0	0	0	0	0	0	0	0	0	0	0	0	0	0	0	0	0	0	0	0	0	0	0	0	0	0	69	108	79	105	41	43	40	112	103	84	30	105	34	103	104	19	28	36	82	48	64	96	91	42	102	114	66	58	4	100	84	59	119	84	97	31	38	3	123	119	17	13	41	32	112	41	97	14	107	44	18	44	58	33	110	15	60	116	92	89	88	42	128	26	47	113	56	43	85	93	112	117	63	33	77	114	54	51	90	111
0	0	0	0	0	0	0	0	0	0	0	0	0	0	0	0	0	0	0	0	0	0	0	0	0	0	0	0	0	0	0	0	0	0	0	0	0	0	0	0	0	0	0	0	0	0	0	0	0	117	12	4	37	45	59	6	92	59	114	89	1	96	120	117	110	57	27	21	75	115	33	60	45	40	7	8	89	82	23	125	67	79	5	69	110	119	26	43	69	34	16	34	45	28	83	87	12	5	60	4	69	118	2	81	110	17	22	98	125	90	30	112	25	98	50	36	6	49	24	80	8	45	31	108	50	126	25	10
0	0	0	0	0	0	0	0	0	0	0	0	0	0	0	0	0	0	0	0	0	0	0	0	0	0	0	0	0	0	0	0	0	0	0	0	0	0	0	0	0	0	0	0	0	0	0	0	0	0	67	6	1	6	116	87	14	43	108	101	63	91	20	103	125	89	83	53	63	5	115	6	98	49	30	124	2	120	96	113	85	52	87	66	73	41	64	122	3	82	115	89	12	107	35	37	80	78	2	21	10	9	105	95	54	64	111	36	104	30	107	67	98	126	50	91	45	28	58	36	15	76	123	39	1	46	27	80
0	0	0	0	0	0	0	0	0	0	0	0	0	0	0	0	0	0	0	0	0	0	0	0	0	0	0	0	0	0	0	0	0	0	0	0	0	0	0	0	0	0	0	0	0	0	0	0	0	0	0	38	20	115	119	60	76	88	33	68	126	50	59	19	83	4	4	96	15	127	94	83	24	37	116	92	128	56	5	25	7	89	87	32	56	1	38	41	75	53	114	31	18	55	51	98	4	92	60	6	73	30	16	80	47	104	128	89	46	52	8	16	73	10	76	96	55	118	9	113	34	83	69	86	89	106	82	72
0	0	0	0	0	0	0	0	0	0	0	0	0	0	0	0	0	0	0	0	0	0	0	0	0	0	0	0	0	0	0	0	0	0	0	0	0	0	0	0	0	0	0	0	0	0	0	0	0	0	0	0	42	97	22	50	76	38	37	47	123	123	35	1	25	93	41	109	98	67	77	22	28	91	31	120	2	55	67	50	103	114	31	73	33	2	68	16	88	42	37	126	102	26	36	6	127	69	99	91	7	106	2	23	6	23	80	57	54	80	110	102	100	67	10	86	39	74	47	14	120	3	49	59	40	58	73	98
0	0	0	0	0	0	0	0	0	0	0	0	0	0	0	0	0	0	0	0	0	0	0	0	0	0	0	0	0	0	0	0	0	0	0	0	0	0	0	0	0	0	0	0	0	0	0	0	0	0	0	0	0	33	106	21	1	61	92	18	85	53	20	29	110	109	26	29	50	29	99	3	128	28	105	103	111	7	65	93	21	109	53	21	116	94	46	94	106	61	80	36	80	82	15	95	37	38	127	57	90	121	24	8	77	16	52	101	24	7	67	88	80	7	42	1	9	96	103	128	49	82	89	43	116	104	73	120
0	0	0	0	0	0	0	0	0	0	0	0	0	0	0	0	0	0	0	0	0	0	0	0	0	0	0	0	0	0	0	0	0	0	0	0	0	0	0	0	0	0	0	0	0	0	0	0	0	0	0	0	0	0	17	17	17	84	23	77	16	36	77	17	15	88	117	77	89	35	91	54	117	101	68	122	48	55	105	65	102	122	41	92	41	111	90	56	53	68	118	117	23	18	110	24	66	85	99	80	22	105	84	44	51	36	8	10	13	87	72	58	85	41	33	37	12	62	25	4	76	103	47	24	93	111	14	123
0	0	0	0	0	0	0	0	0	0	0	0	0	0	0	0	0	0	0	0	0	0	0	0	0	0	0	0	0	0	0	0	0	0	0	0	0	0	0	0	0	0	0	0	0	0	0	0	0	0	0	0	0	0	0	78	57	85	62	18	76	98	97	103	123	34	74	46	7	111	113	34	126	98	46	120	14	13	97	30	7	51	87	11	63	9	25	100	119	30	55	16	81	108	46	95	65	34	106	15	121	122	51	59	39	28	33	108	113	108	19	63	7	69	84	92	64	68	107	12	41	37	4	112	10	110	115	91
0	0	0	0	0	0	0	0	0	0	0	0	0	0	0	0	0	0	0	0	0	0	0	0	0	0	0	0	0	0	0	0	0	0	0	0	0	0	0	0	0	0	0	0	0	0	0	0	0	0	0	0	0	0	0	0	118	83	17	66	68	63	103	105	70	89	91	18	108	104	48	21	89	98	5	78	73	96	85	80	46	76	69	46	101	126	86	24	18	10	36	13	115	120	122	42	31	24	16	115	103	75	126	32	29	26	102	75	73	64	72	99	20	111	7	88	64	31	116	27	100	24	31	52	2	99	11	13
0	0	0	0	0	0	0	0	0	0	0	0	0	0	0	0	0	0	0	0	0	0	0	0	0	0	0	0	0	0	0	0	0	0	0	0	0	0	0	0	0	0	0	0	0	0	0	0	0	0	0	0	0	0	0	0	0	127	20	6	55	95	41	1	19	90	64	14	40	109	19	31	12	88	29	122	3	59	10	20	55	94	102	43	3	115	100	6	58	77	91	85	43	25	49	55	87	30	93	88	26	14	6	111	11	77	61	38	37	106	45	96	15	40	4	110	83	116	39	1	94	9	100	111	79	87	33	18
0	0	0	0	0	0	0	0	0	0	0	0	0	0	0	0	0	0	0	0	0	0	0	0	0	0	0	0	0	0	0	0	0	0	0	0	0	0	0	0	0	0	0	0	0	0	0	0	0	0	0	0	0	0	0	0	0	0	70	89	4	71	23	26	114	20	39	62	89	3	119	82	76	62	15	124	3	3	19	14	4	1	3	13	87	65	101	88	38	73	82	61	94	110	30	108	36	83	36	90	119	75	50	31	94	84	78	25	87	88	17	78	54	7	38	85	34	10	44	94	77	7	121	41	57	8	14	104
0	0	0	0	0	0	0	0	0	0	0	0	0	0	0	0	0	0	0	0	0	0	0	0	0	0	0	0	0	0	0	0	0	0	0	0	0	0	0	0	0	0	0	0	0	0	0	0	0	0	0	0	0	0	0	0	0	0	0	30	17	94	117	43	96	87	66	26	35	2	12	83	52	38	65	100	93	57	95	25	54	24	94	23	80	122	29	43	41	63	98	84	12	81	1	72	24	91	15	76	77	121	24	17	22	107	70	94	53	127	25	39	63	111	51	104	68	96	127	78	53	121	74	45	31	16	112	117
0	0	0	0	0	0	0	0	0	0	0	0	0	0	0	0	0	0	0	0	0	0	0	0	0	0	0	0	0	0	0	0	0	0	0	0	0	0	0	0	0	0	0	0	0	0	0	0	0	0	0	0	0	0	0	0	0	0	0	0	56	9	57	82	120	16	6	55	93	109	111	100	60	110	86	77	111	100	34	90	117	50	84	53	82	76	11	62	120	126	120	110	104	68	124	105	18	48	5	99	113	29	83	27	62	47	71	104	6	125	126	65	120	108	78	75	122	79	60	103	73	4	110	122	95	16	63	44
0	0	0	0	0	0	0	0	0	0	0	0	0	0	0	0	0	0	0	0	0	0	0	0	0	0	0	0	0	0	0	0	0	0	0	0	0	0	0	0	0	0	0	0	0	0	0	0	0	0	0	0	0	0	0	0	0	0	0	0	0	46	35	53	12	122	125	49	6	101	105	6	115	29	84	79	54	111	19	38	59	113	101	31	63	91	116	113	122	15	62	125	35	54	16	91	82	105	118	14	37	18	2	49	101	107	93	109	68	55	83	98	89	3	128	93	60	121	82	120	91	101	54	105	87	74	12	95
0	0	0	0	0	0	0	0	0	0	0	0	0	0	0	0	0	0	0	0	0	0	0	0	0	0	0	0	0	0	0	0	0	0	0	0	0	0	0	0	0	0	0	0	0	0	0	0	0	0	0	0	0	0	0	0	0	0	0	0	0	0	96	43	12	87	81	58	79	41	79	109	107	29	23	78	13	69	95	75	70	92	27	123	45	94	30	127	50	8	113	76	38	10	78	77	2	58	103	72	66	35	71	116	93	50	117	21	76	71	109	21	125	2	101	27	89	83	22	4	85	55	93	11	29	3	14	25
0	0	0	0	0	0	0	0	0	0	0	0	0	0	0	0	0	0	0	0	0	0	0	0	0	0	0	0	0	0	0	0	0	0	0	0	0	0	0	0	0	0	0	0	0	0	0	0	0	0	0	0	0	0	0	0	0	0	0	0	0	0	0	82	60	61	45	116	120	34	81	115	57	18	29	91	67	108	20	51	4	62	77	21	66	66	1	12	30	123	93	9	61	56	74	76	55	60	126	20	26	76	89	32	64	125	48	2	5	124	75	19	1	43	12	34	10	124	15	119	89	50	120	67	43	92	64	127
0	0	0	0	0	0	0	0	0	0	0	0	0	0	0	0	0	0	0	0	0	0	0	0	0	0	0	0	0	0	0	0	0	0	0	0	0	0	0	0	0	0	0	0	0	0	0	0	0	0	0	0	0	0	0	0	0	0	0	0	0	0	0	0	112	90	24	81	17	126	114	128	31	69	28	69	13	101	51	38	112	115	96	99	70	102	67	41	74	12	94	96	28	72	69	8	99	66	95	115	24	118	12	3	43	9	38	16	53	56	57	65	22	117	126	99	112	15	92	56	17	22	75	96	28	46	98	91
0	0	0	0	0	0	0	0	0	0	0	0	0	0	0	0	0	0	0	0	0	0	0	0	0	0	0	0	0	0	0	0	0	0	0	0	0	0	0	0	0	0	0	0	0	0	0	0	0	0	0	0	0	0	0	0	0	0	0	0	0	0	0	0	0	121	10	93	101	8	117	125	18	21	101	79	94	12	24	102	90	37	24	18	43	116	5	62	39	61	126	1	40	97	93	96	11	116	78	85	12	27	81	104	4	123	68	112	17	3	93	21	124	107	55	37	38	58	17	70	46	91	63	108	45	43	5	75
0	0	0	0	0	0	0	0	0	0	0	0	0	0	0	0	0	0	0	0	0	0	0	0	0	0	0	0	0	0	0	0	0	0	0	0	0	0	0	0	0	0	0	0	0	0	0	0	0	0	0	0	0	0	0	0	0	0	0	0	0	0	0	0	0	0	37	97	3	5	78	5	101	59	107	21	19	7	77	64	103	41	91	50	123	69	89	8	66	36	7	67	96	65	12	122	7	124	62	48	110	111	110	38	6	98	53	115	126	49	59	120	78	123	81	27	32	30	107	125	74	64	22	101	16	65	58	120
0	0	0	0	0	0	0	0	0	0	0	0	0	0	0	0	0	0	0	0	0	0	0	0	0	0	0	0	0	0	0	0	0	0	0	0	0	0	0	0	0	0	0	0	0	0	0	0	0	0	0	0	0	0	0	0	0	0	0	0	0	0	0	0	0	0	0	50	26	111	22	126	117	48	58	41	117	67	66	119	114	16	17	38	73	101	67	15	39	38	83	103	52	118	47	57	85	73	103	36	44	19	104	9	53	72	15	74	111	94	10	88	100	126	5	5	78	88	97	56	112	61	9	32	103	108	1	29
0	0	0	0	0	0	0	0	0	0	0	0	0	0	0	0	0	0	0	0	0	0	0	0	0	0	0	0	0	0	0	0	0	0	0	0	0	0	0	0	0	0	0	0	0	0	0	0	0	0	0	0	0	0	0	0	0	0	0	0	0	0	0	0	0	0	0	0	16	121	101	9	122	9	45	27	86	50	38	101	52	108	38	53	21	38	69	100	84	44	67	13	68	42	25	9	40	53	1	17	107	116	65	120	24	88	23	102	16	36	126	44	79	38	83	113	72	16	111	50	53	19	40	25	26	60	63	26
0	0	0	0	0	0	0	0	0	0	0	0	0	0	0	0	0	0	0	0	0	0	0	0	0	0	0	0	0	0	0	0	0	0	0	0	0	0	0	0	0	0	0	0	0	0	0	0	0	0	0	0	0	0	0	0	0	0	0	0	0	0	0	0	0	0	0	0	0	11	15	59	31	34	37	27	91	36	104	104	95	85	39	2	108	1	28	23	24	45	54	76	104	72	89	59	2	83	9	20	56	88	70	50	64	115	95	100	80	108	57	90	101	90	45	55	109	9	34	116	45	44	118	95	36	69	103	104
0	0	0	0	0	0	0	0	0	0	0	0	0	0	0	0	0	0	0	0	0	0	0	0	0	0	0	0	0	0	0	0	0	0	0	0	0	0	0	0	0	0	0	0	0	0	0	0	0	0	0	0	0	0	0	0	0	0	0	0	0	0	0	0	0	0	0	0	0	0	111	100	84	30	6	80	120	10	105	72	3	109	59	15	101	124	119	127	111	42	17	44	25	3	21	67	69	79	69	120	82	93	101	99	27	61	106	2	70	39	31	30	128	95	117	10	109	66	52	125	7	22	8	116	92	27	119	5
0	0	0	0	0	0	0	0	0	0	0	0	0	0	0	0	0	0	0	0	0	0	0	0	0	0	0	0	0	0	0	0	0	0	0	0	0	0	0	0	0	0	0	0	0	0	0	0	0	0	0	0	0	0	0	0	0	0	0	0	0	0	0	0	0	0	0	0	0	0	0	84	73	76	84	10	115	56	19	33	29	32	82	51	69	99	79	22	110	100	128	39	88	120	127	53	7	49	33	44	10	37	8	99	52	25	98	44	112	127	54	108	28	5	80	44	104	56	8	6	16	21	30	10	9	28	64	14
0	0	0	0	0	0	0	0	0	0	0	0	0	0	0	0	0	0	0	0	0	0	0	0	0	0	0	0	0	0	0	0	0	0	0	0	0	0	0	0	0	0	0	0	0	0	0	0	0	0	0	0	0	0	0	0	0	0	0	0	0	0	0	0	0	0	0	0	0	0	0	0	42	38	72	67	102	74	40	81	81	91	20	58	46	44	70	74	75	102	33	65	5	84	80	91	91	24	40	128	59	88	111	64	46	27	76	27	34	19	4	91	67	87	13	58	1	35	89	71	60	35	57	94	44	1	90	7
0	0	0	0	0	0	0	0	0	0	0	0	0	0	0	0	0	0	0	0	0	0	0	0	0	0	0	0	0	0	0	0	0	0	0	0	0	0	0	0	0	0	0	0	0	0	0	0	0	0	0	0	0	0	0	0	0	0	0	0	0	0	0	0	0	0	0	0	0	0	0	0	0	44	97	56	102	88	110	38	8	43	81	37	10	63	60	107	27	109	56	59	67	88	39	108	37	115	50	61	100	90	97	80	54	76	6	11	105	1	91	16	117	28	17	92	58	59	17	60	113	74	24	69	38	76	53	57
0	0	0	0	0	0	0	0	0	0	0	0	0	0	0	0	0	0	0	0	0	0	0	0	0	0	0	0	0	0	0	0	0	0	0	0	0	0	0	0	0	0	0	0	0	0	0	0	0	0	0	0	0	0	0	0	0	0	0	0	0	0	0	0	0	0	0	0	0	0	0	0	0	0	91	114	110	39	14	108	13	53	60	14	34	64	106	1	38	26	120	35	67	85	5	76	118	9	41	50	57	76	60	18	100	119	37	117	110	35	78	13	84	63	121	53	98	25	64	112	46	96	27	105	16	69	74	36
0	0	0	0	0	0	0	0	0	0	0	0	0	0	0	0	0	0	0	0	0	0	0	0	0	0	0	0	0	0	0	0	0	0	0	0	0	0	0	0	0	0	0	0	0	0	0	0	0	0	0	0	0	0	0	0	0	0	0	0	0	0	0	0	0	0	0	0	0	0	0	0	0	0	0	9	89	52	7	23	24	90	75	104	116	98	92	75	63	61	92	65	14	71	50	79	25	8	70	22	63	100	88	104	42	36	126	35	85	108	74	31	2	57	88	76	75	54	68	66	4	46	60	90	92	42	119	63
0	0	0	0	0	0	0	0	0	0	0	0	0	0	0	0	0	0	0	0	0	0	0	0	0	0	0	0	0	0	0	0	0	0	0	0	0	0	0	0	0	0	0	0	0	0	0	0	0	0	0	0	0	0	0	0	0	0	0	0	0	0	0	0	0	0	0	0	0	0	0	0	0	0	0	0	62	87	4	58	68	79	45	54	35	47	76	124	112	22	89	17	17	29	90	10	122	61	62	125	47	119	4	74	66	101	32	96	87	122	4	4	54	82	94	103	84	62	38	35	80	125	14	47	11	79	109	114
0	0	0	0	0	0	0	0	0	0	0	0	0	0	0	0	0	0	0	0	0	0	0	0	0	0	0	0	0	0	0	0	0	0	0	0	0	0	0	0	0	0	0	0	0	0	0	0	0	0	0	0	0	0	0	0	0	0	0	0	0	0	0	0	0	0	0	0	0	0	0	0	0	0	0	0	0	33	6	92	65	40	30	104	108	10	35	57	88	1	91	18	128	118	92	37	17	64	8	56	118	105	78	38	72	45	36	110	6	84	106	106	89	11	3	68	113	23	71	27	73	12	90	2	82	93	81	45
0	0	0	0	0	0	0	0	0	0	0	0	0	0	0	0	0	0	0	0	0	0	0	0	0	0	0	0	0	0	0	0	0	0	0	0	0	0	0	0	0	0	0	0	0	0	0	0	0	0	0	0	0	0	0	0	0	0	0	0	0	0	0	0	0	0	0	0	0	0	0	0	0	0	0	0	0	0	77	26	39	20	66	89	84	75	87	89	65	70	94	113	69	31	77	110	69	83	48	113	35	124	128	65	122	66	73	36	29	26	20	14	12	69	127	62	11	19	69	108	43	41	74	122	8	113	42	33
0	0	0	0	0	0	0	0	0	0	0	0	0	0	0	0	0	0	0	0	0	0	0	0	0	0	0	0	0	0	0	0	0	0	0	0	0	0	0	0	0	0	0	0	0	0	0	0	0	0	0	0	0	0	0	0	0	0	0	0	0	0	0	0	0	0	0	0	0	0	0	0	0	0	0	0	0	0	0	57	128	100	9	107	6	110	52	92	44	54	9	18	126	66	5	68	115	30	49	6	51	40	90	10	55	27	89	106	51	70	93	95	113	45	31	95	58	38	55	107	98	26	73	16	19	121	59	47
0	0	0	0	0	0	0	0	0	0	0	0	0	0	0	0	0	0	0	0	0	0	0	0	0	0	0	0	0	0	0	0	0	0	0	0	0	0	0	0	0	0	0	0	0	0	0	0	0	0	0	0	0	0	0	0	0	0	0	0	0	0	0	0	0	0	0	0	0	0	0	0	0	0	0	0	0	0	0	0	117	6	91	126	99	22	94	15	15	33	70	64	86	94	32	43	84	28	43	92	95	73	56	1	22	104	86	8	113	22	78	99	46	60	40	53	55	94	102	55	69	84	105	109	4	36	53	80
0	0	0	0	0	0	0	0	0	0	0	0	0	0	0	0	0	0	0	0	0	0	0	0	0	0	0	0	0	0	0	0	0	0	0	0	0	0	0	0	0	0	0	0	0	0	0	0	0	0	0	0	0	0	0	0	0	0	0	0	0	0	0	0	0	0	0	0	0	0	0	0	0	0	0	0	0	0	0	0	0	92	35	16	2	124	5	21	10	107	98	49	122	116	103	92	26	1	105	31	99	37	31	78	23	46	65	10	30	70	16	7	103	32	108	90	27	4	98	56	80	110	88	103	99	73	45	77
0	0	0	0	0	0	0	0	0	0	0	0	0	0	0	0	0	0	0	0	0	0	0	0	0	0	0	0	0	0	0	0	0	0	0	0	0	0	0	0	0	0	0	0	0	0	0	0	0	0	0	0	0	0	0	0	0	0	0	0	0	0	0	0	0	0	0	0	0	0	0	0	0	0	0	0	0	0	0	0	0	0	95	92	24	7	58	70	66	42	105	5	81	67	4	43	37	124	35	128	31	26	21	112	70	115	15	36	76	118	105	61	24	50	33	20	88	110	51	79	15	117	49	32	29	30	81	19
0	0	0	0	0	0	0	0	0	0	0	0	0	0	0	0	0	0	0	0	0	0	0	0	0	0	0	0	0	0	0	0	0	0	0	0	0	0	0	0	0	0	0	0	0	0	0	0	0	0	0	0	0	0	0	0	0	0	0	0	0	0	0	0	0	0	0	0	0	0	0	0	0	0	0	0	0	0	0	0	0	0	0	121	101	74	110	17	94	101	32	20	5	56	90	7	46	106	106	21	41	21	44	78	59	35	108	122	47	118	69	118	53	126	30	8	3	66	102	47	70	128	120	78	83	54	37	124
0	0	0	0	0	0	0	0	0	0	0	0	0	0	0	0	0	0	0	0	0	0	0	0	0	0	0	0	0	0	0	0	0	0	0	0	0	0	0	0	0	0	0	0	0	0	0	0	0	0	0	0	0	0	0	0	0	0	0	0	0	0	0	0	0	0	0	0	0	0	0	0	0	0	0	0	0	0	0	0	0	0	0	0	44	41	40	97	64	21	45	67	58	91	73	46	28	86	122	21	97	106	46	64	104	101	72	90	59	105	13	119	85	87	25	127	54	2	53	122	4	119	39	18	26	97	74	115
0	0	0	0	0	0	0	0	0	0	0	0	0	0	0	0	0	0	0	0	0	0	0	0	0	0	0	0	0	0	0	0	0	0	0	0	0	0	0	0	0	0	0	0	0	0	0	0	0	0	0	0	0	0	0	0	0	0	0	0	0	0	0	0	0	0	0	0	0	0	0	0	0	0	0	0	0	0	0	0	0	0	0	0	0	13	66	26	34	28	19	91	124	79	1	40	73	46	25	80	32	31	28	79	119	66	86	57	127	27	69	44	109	120	119	117	81	119	121	35	28	14	70	58	33	72	76	10
0	0	0	0	0	0	0	0	0	0	0	0	0	0	0	0	0	0	0	0	0	0	0	0	0	0	0	0	0	0	0	0	0	0	0	0	0	0	0	0	0	0	0	0	0	0	0	0	0	0	0	0	0	0	0	0	0	0	0	0	0	0	0	0	0	0	0	0	0	0	0	0	0	0	0	0	0	0	0	0	0	0	0	0	0	0	80	100	4	90	12	60	19	38	29	102	83	45	11	77	33	126	7	106	60	3	35	43	120	87	15	26	64	44	89	31	120	44	63	52	110	16	82	97	9	16	59	42
0	0	0	0	0	0	0	0	0	0	0	0	0	0	0	0	0	0	0	0	0	0	0	0	0	0	0	0	0	0	0	0	0	0	0	0	0	0	0	0	0	0	0	0	0	0	0	0	0	0	0	0	0	0	0	0	0	0	0	0	0	0	0	0	0	0	0	0	0	0	0	0	0	0	0	0	0	0	0	0	0	0	0	0	0	0	0	86	63	70	125	13	58	1	72	125	31	30	23	36	78	42	69	21	106	117	60	80	120	52	112	116	126	77	16	36	95	85	82	84	108	96	94	93	98	114	17	33
0	0	0	0	0	0	0	0	0	0	0	0	0	0	0	0	0	0	0	0	0	0	0	0	0	0	0	0	0	0	0	0	0	0	0	0	0	0	0	0	0	0	0	0	0	0	0	0	0	0	0	0	0	0	0	0	0	0	0	0	0	0	0	0	0	0	0	0	0	0	0	0	0	0	0	0	0	0	0	0	0	0	0	0	0	0	0	0	41	61	35	56	107	114	121	63	126	74	68	71	85	12	103	23	18	12	70	3	127	22	123	88	8	2	70	84	62	107	107	56	54	127	19	68	10	31	26	78
0	0	0	0	0	0	0	0	0	0	0	0	0	0	0	0	0	0	0	0	0	0	0	0	0	0	0	0	0	0	0	0	0	0	0	0	0	0	0	0	0	0	0	0	0	0	0	0	0	0	0	0	0	0	0	0	0	0	0	0	0	0	0	0	0	0	0	0	0	0	0	0	0	0	0	0	0	0	0	0	0	0	0	0	0	0	0	0	0	93	94	113	18	99	7	65	24	71	8	120	36	26	11	38	39	40	53	1	52	42	103	39	86	61	121	15	29	47	100	66	15	100	54	66	100	76	77	23
0	0	0	0	0	0	0	0	0	0	0	0	0	0	0	0	0	0	0	0	0	0	0	0	0	0	0	0	0	0	0	0	0	0	0	0	0	0	0	0	0	0	0	0	0	0	0	0	0	0	0	0	0	0	0	0	0	0	0	0	0	0	0	0	0	0	0	0	0	0	0	0	0	0	0	0	0	0	0	0	0	0	0	0	0	0	0	0	0	0	54	46	74	119	126	35	21	53	11	18	107	13	97	59	70	55	111	6	48	97	112	22	109	122	6	103	52	54	13	7	12	3	5	82	104	21	51	98
0	0	0	0	0	0	0	0	0	0	0	0	0	0	0	0	0	0	0	0	0	0	0	0	0	0	0	0	0	0	0	0	0	0	0	0	0	0	0	0	0	0	0	0	0	0	0	0	0	0	0	0	0	0	0	0	0	0	0	0	0	0	0	0	0	0	0	0	0	0	0	0	0	0	0	0	0	0	0	0	0	0	0	0	0	0	0	0	0	0	0	36	87	112	60	102	66	52	99	93	108	36	22	91	37	77	100	42	88	124	15	99	110	22	32	62	68	94	31	18	90	27	65	42	61	86	15	60
0	0	0	0	0	0	0	0	0	0	0	0	0	0	0	0	0	0	0	0	0	0	0	0	0	0	0	0	0	0	0	0	0	0	0	0	0	0	0	0	0	0	0	0	0	0	0	0	0	0	0	0	0	0	0	0	0	0	0	0	0	0	0	0	0	0	0	0	0	0	0	0	0	0	0	0	0	0	0	0	0	0	0	0	0	0	0	0	0	0	0	0	123	113	61	47	42	95	8	52	6	104	5	108	33	87	42	26	48	50	103	65	41	91	7	49	115	29	61	11	33	118	100	44	91	50	14	74
0	0	0	0	0	0	0	0	0	0	0	0	0	0	0	0	0	0	0	0	0	0	0	0	0	0	0	0	0	0	0	0	0	0	0	0	0	0	0	0	0	0	0	0	0	0	0	0	0	0	0	0	0	0	0	0	0	0	0	0	0	0	0	0	0	0	0	0	0	0	0	0	0	0	0	0	0	0	0	0	0	0	0	0	0	0	0	0	0	0	0	0	0	100	64	25	40	102	99	71	99	17	102	16	126	12	114	108	124	39	71	47	12	35	120	122	44	120	39	69	11	81	19	49	100	89	92	42
0	0	0	0	0	0	0	0	0	0	0	0	0	0	0	0	0	0	0	0	0	0	0	0	0	0	0	0	0	0	0	0	0	0	0	0	0	0	0	0	0	0	0	0	0	0	0	0	0	0	0	0	0	0	0	0	0	0	0	0	0	0	0	0	0	0	0	0	0	0	0	0	0	0	0	0	0	0	0	0	0	0	0	0	0	0	0	0	0	0	0	0	0	0	79	67	67	45	57	7	24	67	25	27	1	23	87	68	98	73	66	34	95	45	54	31	28	24	123	66	92	21	27	28	67	125	76	33
0	0	0	0	0	0	0	0	0	0	0	0	0	0	0	0	0	0	0	0	0	0	0	0	0	0	0	0	0	0	0	0	0	0	0	0	0	0	0	0	0	0	0	0	0	0	0	0	0	0	0	0	0	0	0	0	0	0	0	0	0	0	0	0	0	0	0	0	0	0	0	0	0	0	0	0	0	0	0	0	0	0	0	0	0	0	0	0	0	0	0	0	0	0	0	50	21	49	84	54	118	10	42	4	24	21	41	55	124	54	85	105	47	91	5	46	94	100	43	40	40	92	72	48	16	9	98	101
0	0	0	0	0	0	0	0	0	0	0	0	0	0	0	0	0	0	0	0	0	0	0	0	0	0	0	0	0	0	0	0	0	0	0	0	0	0	0	0	0	0	0	0	0	0	0	0	0	0	0	0	0	0	0	0	0	0	0	0	0	0	0	0	0	0	0	0	0	0	0	0	0	0	0	0	0	0	0	0	0	0	0	0	0	0	0	0	0	0	0	0	0	0	0	0	96	99	119	75	128	124	71	31	37	65	94	120	43	90	30	79	71	19	86	18	67	6	116	78	5	27	39	77	30	16	13	52
0	0	0	0	0	0	0	0	0	0	0	0	0	0	0	0	0	0	0	0	0	0	0	0	0	0	0	0	0	0	0	0	0	0	0	0	0	0	0	0	0	0	0	0	0	0	0	0	0	0	0	0	0	0	0	0	0	0	0	0	0	0	0	0	0	0	0	0	0	0	0	0	0	0	0	0	0	0	0	0	0	0	0	0	0	0	0	0	0	0	0	0	0	0	0	0	0	38	80	67	80	93	109	11	94	11	92	63	17	33	103	51	38	29	16	123	120	84	108	29	128	125	26	3	94	117	123	58
0	0	0	0	0	0	0	0	0	0	0	0	0	0	0	0	0	0	0	0	0	0	0	0	0	0	0	0	0	0	0	0	0	0	0	0	0	0	0	0	0	0	0	0	0	0	0	0	0	0	0	0	0	0	0	0	0	0	0	0	0	0	0	0	0	0	0	0	0	0	0	0	0	0	0	0	0	0	0	0	0	0	0	0	0	0	0	0	0	0	0	0	0	0	0	0	0	0	28	27	9	26	96	11	99	107	6	41	24	112	111	99	13	76	66	128	91	32	39	127	72	80	65	63	97	85	83	56
0	0	0	0	0	0	0	0	0	0	0	0	0	0	0	0	0	0	0	0	0	0	0	0	0	0	0	0	0	0	0	0	0	0	0	0	0	0	0	0	0	0	0	0	0	0	0	0	0	0	0	0	0	0	0	0	0	0	0	0	0	0	0	0	0	0	0	0	0	0	0	0	0	0	0	0	0	0	0	0	0	0	0	0	0	0	0	0	0	0	0	0	0	0	0	0	0	0	0	59	69	69	37	102	96	11	128	125	27	111	75	95	34	122	65	17	22	80	66	14	50	87	23	108	63	120	74	28
0	0	0	0	0	0	0	0	0	0	0	0	0	0	0	0	0	0	0	0	0	0	0	0	0	0	0	0	0	0	0	0	0	0	0	0	0	0	0	0	0	0	0	0	0	0	0	0	0	0	0	0	0	0	0	0	0	0	0	0	0	0	0	0	0	0	0	0	0	0	0	0	0	0	0	0	0	0	0	0	0	0	0	0	0	0	0	0	0	0	0	0	0	0	0	0	0	0	0	0	27	118	16	26	22	63	3	16	112	41	124	23	54	80	83	102	44	117	65	36	61	14	107	10	120	108	17	78
0	0	0	0	0	0	0	0	0	0	0	0	0	0	0	0	0	0	0	0	0	0	0	0	0	0	0	0	0	0	0	0	0	0	0	0	0	0	0	0	0	0	0	0	0	0	0	0	0	0	0	0	0	0	0	0	0	0	0	0	0	0	0	0	0	0	0	0	0	0	0	0	0	0	0	0	0	0	0	0	0	0	0	0	0	0	0	0	0	0	0	0	0	0	0	0	0	0	0	0	0	23	91	102	105	53	120	64	109	47	11	26	121	89	16	101	65	24	20	121	93	123	82	121	126	81	103	8
0	0	0	0	0	0	0	0	0	0	0	0	0	0	0	0	0	0	0	0	0	0	0	0	0	0	0	0	0	0	0	0	0	0	0	0	0	0	0	0	0	0	0	0	0	0	0	0	0	0	0	0	0	0	0	0	0	0	0	0	0	0	0	0	0	0	0	0	0	0	0	0	0	0	0	0	0	0	0	0	0	0	0	0	0	0	0	0	0	0	0	0	0	0	0	0	0	0	0	0	0	0	113	101	64	68	93	60	127	97	65	79	30	104	16	80	127	3	84	29	121	79	45	51	121	60	128	50
0	0	0	0	0	0	0	0	0	0	0	0	0	0	0	0	0	0	0	0	0	0	0	0	0	0	0	0	0	0	0	0	0	0	0	0	0	0	0	0	0	0	0	0	0	0	0	0	0	0	0	0	0	0	0	0	0	0	0	0	0	0	0	0	0	0	0	0	0	0	0	0	0	0	0	0	0	0	0	0	0	0	0	0	0	0	0	0	0	0	0	0	0	0	0	0	0	0	0	0	0	0	0	4	65	50	121	41	78	124	48	108	70	81	44	127	42	122	30	2	69	36	111	124	25	62	25	37
0	0	0	0	0	0	0	0	0	0	0	0	0	0	0	0	0	0	0	0	0	0	0	0	0	0	0	0	0	0	0	0	0	0	0	0	0	0	0	0	0	0	0	0	0	0	0	0	0	0	0	0	0	0	0	0	0	0	0	0	0	0	0	0	0	0	0	0	0	0	0	0	0	0	0	0	0	0	0	0	0	0	0	0	0	0	0	0	0	0	0	0	0	0	0	0	0	0	0	0	0	0	0	0	13	127	5	70	112	29	3	17	92	57	21	25	86	101	108	13	54	15	5	114	99	105	17	12
0	0	0	0	0	0	0	0	0	0	0	0	0	0	0	0	0	0	0	0	0	0	0	0	0	0	0	0	0	0	0	0	0	0	0	0	0	0	0	0	0	0	0	0	0	0	0	0	0	0	0	0	0	0	0	0	0	0	0	0	0	0	0	0	0	0	0	0	0	0	0	0	0	0	0	0	0	0	0	0	0	0	0	0	0	0	0	0	0	0	0	0	0	0	0	0	0	0	0	0	0	0	0	0	0	24	61	4	30	54	46	33	109	60	69	37	53	30	122	101	122	5	29	99	9	100	13	51
0	0	0	0	0	0	0	0	0	0	0	0	0	0	0	0	0	0	0	0	0	0	0	0	0	0	0	0	0	0	0	0	0	0	0	0	0	0	0	0	0	0	0	0	0	0	0	0	0	0	0	0	0	0	0	0	0	0	0	0	0	0	0	0	0	0	0	0	0	0	0	0	0	0	0	0	0	0	0	0	0	0	0	0	0	0	0	0	0	0	0	0	0	0	0	0	0	0	0	0	0	0	0	0	0	0	12	6	94	38	69	63	72	58	9	63	61	121	10	28	56	19	58	27	33	122	42	105
0	0	0	0	0	0	0	0	0	0	0	0	0	0	0	0	0	0	0	0	0	0	0	0	0	0	0	0	0	0	0	0	0	0	0	0	0	0	0	0	0	0	0	0	0	0	0	0	0	0	0	0	0	0	0	0	0	0	0	0	0	0	0	0	0	0	0	0	0	0	0	0	0	0	0	0	0	0	0	0	0	0	0	0	0	0	0	0	0	0	0	0	0	0	0	0	0	0	0	0	0	0	0	0	0	0	0	70	50	74	65	103	105	87	7	11	118	103	107	33	75	92	106	67	56	27	76	64
0	0	0	0	0	0	0	0	0	0	0	0	0	0	0	0	0	0	0	0	0	0	0	0	0	0	0	0	0	0	0	0	0	0	0	0	0	0	0	0	0	0	0	0	0	0	0	0	0	0	0	0	0	0	0	0	0	0	0	0	0	0	0	0	0	0	0	0	0	0	0	0	0	0	0	0	0	0	0	0	0	0	0	0	0	0	0	0	0	0	0	0	0	0	0	0	0	0	0	0	0	0	0	0	0	0	0	0	101	81	109	24	115	96	90	89	13	91	6	103	21	25	86	55	67	23	68	43
0	0	0	0	0	0	0	0	0	0	0	0	0	0	0	0	0	0	0	0	0	0	0	0	0	0	0	0	0	0	0	0	0	0	0	0	0	0	0	0	0	0	0	0	0	0	0	0	0	0	0	0	0	0	0	0	0	0	0	0	0	0	0	0	0	0	0	0	0	0	0	0	0	0	0	0	0	0	0	0	0	0	0	0	0	0	0	0	0	0	0	0	0	0	0	0	0	0	0	0	0	0	0	0	0	0	0	0	0	100	20	84	100	97	34	88	34	81	93	75	44	36	117	69	8	22	64	30
0	0	0	0	0	0	0	0	0	0	0	0	0	0	0	0	0	0	0	0	0	0	0	0	0	0	0	0	0	0	0	0	0	0	0	0	0	0	0	0	0	0	0	0	0	0	0	0	0	0	0	0	0	0	0	0	0	0	0	0	0	0	0	0	0	0	0	0	0	0	0	0	0	0	0	0	0	0	0	0	0	0	0	0	0	0	0	0	0	0	0	0	0	0	0	0	0	0	0	0	0	0	0	0	0	0	0	0	0	0	108	36	69	27	25	17	89	108	76	112	1	82	2	12	52	31	37	99
0	0	0	0	0	0	0	0	0	0	0	0	0	0	0	0	0	0	0	0	0	0	0	0	0	0	0	0	0	0	0	0	0	0	0	0	0	0	0	0	0	0	0	0	0	0	0	0	0	0	0	0	0	0	0	0	0	0	0	0	0	0	0	0	0	0	0	0	0	0	0	0	0	0	0	0	0	0	0	0	0	0	0	0	0	0	0	0	0	0	0	0	0	0	0	0	0	0	0	0	0	0	0	0	0	0	0	0	0	0	0	105	32	106	99	122	62	72	79	85	88	36	88	37	8	12	116	37
0	0	0	0	0	0	0	0	0	0	0	0	0	0	0	0	0	0	0	0	0	0	0	0	0	0	0	0	0	0	0	0	0	0	0	0	0	0	0	0	0	0	0	0	0	0	0	0	0	0	0	0	0	0	0	0	0	0	0	0	0	0	0	0	0	0	0	0	0	0	0	0	0	0	0	0	0	0	0	0	0	0	0	0	0	0	0	0	0	0	0	0	0	0	0	0	0	0	0	0	0	0	0	0	0	0	0	0	0	0	0	0	56	10	90	92	3	61	79	29	44	95	42	79	100	32	120	88
0	0	0	0	0	0	0	0	0	0	0	0	0	0	0	0	0	0	0	0	0	0	0	0	0	0	0	0	0	0	0	0	0	0	0	0	0	0	0	0	0	0	0	0	0	0	0	0	0	0	0	0	0	0	0	0	0	0	0	0	0	0	0	0	0	0	0	0	0	0	0	0	0	0	0	0	0	0	0	0	0	0	0	0	0	0	0	0	0	0	0	0	0	0	0	0	0	0	0	0	0	0	0	0	0	0	0	0	0	0	0	0	0	29	78	3	7	90	104	42	101	57	97	53	106	17	90	81
0	0	0	0	0	0	0	0	0	0	0	0	0	0	0	0	0	0	0	0	0	0	0	0	0	0	0	0	0	0	0	0	0	0	0	0	0	0	0	0	0	0	0	0	0	0	0	0	0	0	0	0	0	0	0	0	0	0	0	0	0	0	0	0	0	0	0	0	0	0	0	0	0	0	0	0	0	0	0	0	0	0	0	0	0	0	0	0	0	0	0	0	0	0	0	0	0	0	0	0	0	0	0	0	0	0	0	0	0	0	0	0	0	0	87	73	2	50	11	47	8	2	127	65	71	75	53	108
0	0	0	0	0	0	0	0	0	0	0	0	0	0	0	0	0	0	0	0	0	0	0	0	0	0	0	0	0	0	0	0	0	0	0	0	0	0	0	0	0	0	0	0	0	0	0	0	0	0	0	0	0	0	0	0	0	0	0	0	0	0	0	0	0	0	0	0	0	0	0	0	0	0	0	0	0	0	0	0	0	0	0	0	0	0	0	0	0	0	0	0	0	0	0	0	0	0	0	0	0	0	0	0	0	0	0	0	0	0	0	0	0	0	0	48	126	99	115	37	68	33	91	94	89	87	11	56
0	0	0	0	0	0	0	0	0	0	0	0	0	0	0	0	0	0	0	0	0	0	0	0	0	0	0	0	0	0	0	0	0	0	0	0	0	0	0	0	0	0	0	0	0	0	0	0	0	0	0	0	0	0	0	0	0	0	0	0	0	0	0	0	0	0	0	0	0	0	0	0	0	0	0	0	0	0	0	0	0	0	0	0	0	0	0	0	0	0	0	0	0	0	0	0	0	0	0	0	0	0	0	0	0	0	0	0	0	0	0	0	0	0	0	0	49	109	13	44	45	82	13	71	4	61	61	21
0	0	0	0	0	0	0	0	0	0	0	0	0	0	0	0	0	0	0	0	0	0	0	0	0	0	0	0	0	0	0	0	0	0	0	0	0	0	0	0	0	0	0	0	0	0	0	0	0	0	0	0	0	0	0	0	0	0	0	0	0	0	0	0	0	0	0	0	0	0	0	0	0	0	0	0	0	0	0	0	0	0	0	0	0	0	0	0	0	0	0	0	0	0	0	0	0	0	0	0	0	0	0	0	0	0	0	0	0	0	0	0	0	0	0	0	0	101	51	5	40	25	127	50	44	88	112	1
0	0	0	0	0	0	0	0	0	0	0	0	0	0	0	0	0	0	0	0	0	0	0	0	0	0	0	0	0	0	0	0	0	0	0	0	0	0	0	0	0	0	0	0	0	0	0	0	0	0	0	0	0	0	0	0	0	0	0	0	0	0	0	0	0	0	0	0	0	0	0	0	0	0	0	0	0	0	0	0	0	0	0	0	0	0	0	0	0	0	0	0	0	0	0	0	0	0	0	0	0	0	0	0	0	0	0	0	0	0	0	0	0	0	0	0	0	0	25	27	34	22	26	83	92	45	106	95
0	0	0	0	0	0	0	0	0	0	0	0	0	0	0	0	0	0	0	0	0	0	0	0	0	0	0	0	0	0	0	0	0	0	0	0	0	0	0	0	0	0	0	0	0	0	0	0	0	0	0	0	0	0	0	0	0	0	0	0	0	0	0	0	0	0	0	0	0	0	0	0	0	0	0	0	0	0	0	0	0	0	0	0	0	0	0	0	0	0	0	0	0	0	0	0	0	0	0	0	0	0	0	0	0	0	0	0	0	0	0	0	0	0	0	0	0	0	0	14	110	52	107	71	13	37	84	61
0	0	0	0	0	0	0	0	0	0	0	0	0	0	0	0	0	0	0	0	0	0	0	0	0	0	0	0	0	0	0	0	0	0	0	0	0	0	0	0	0	0	0	0	0	0	0	0	0	0	0	0	0	0	0	0	0	0	0	0	0	0	0	0	0	0	0	0	0	0	0	0	0	0	0	0	0	0	0	0	0	0	0	0	0	0	0	0	0	0	0	0	0	0	0	0	0	0	0	0	0	0	0	0	0	0	0	0	0	0	0	0	0	0	0	0	0	0	0	0	52	19	123	98	3	47	53	72
0	0	0	0	0	0	0	0	0	0	0	0	0	0	0	0	0	0	0	0	0	0	0	0	0	0	0	0	0	0	0	0	0	0	0	0	0	0	0	0	0	0	0	0	0	0	0	0	0	0	0	0	0	0	0	0	0	0	0	0	0	0	0	0	0	0	0	0	0	0	0	0	0	0	0	0	0	0	0	0	0	0	0	0	0	0	0	0	0	0	0	0	0	0	0	0	0	0	0	0	0	0	0	0	0	0	0	0	0	0	0	0	0	0	0	0	0	0	0	0	0	92	59	74	31	5	2	4
0	0	0	0	0	0	0	0	0	0	0	0	0	0	0	0	0	0	0	0	0	0	0	0	0	0	0	0	0	0	0	0	0	0	0	0	0	0	0	0	0	0	0	0	0	0	0	0	0	0	0	0	0	0	0	0	0	0	0	0	0	0	0	0	0	0	0	0	0	0	0	0	0	0	0	0	0	0	0	0	0	0	0	0	0	0	0	0	0	0	0	0	0	0	0	0	0	0	0	0	0	0	0	0	0	0	0	0	0	0	0	0	0	0	0	0	0	0	0	0	0	0	26	80	68	17	125	124
0	0	0	0	0	0	0	0	0	0	0	0	0	0	0	0	0	0	0	0	0	0	0	0	0	0	0	0	0	0	0	0	0	0	0	0	0	0	0	0	0	0	0	0	0	0	0	0	0	0	0	0	0	0	0	0	0	0	0	0	0	0	0	0	0	0	0	0	0	0	0	0	0	0	0	0	0	0	0	0	0	0	0	0	0	0	0	0	0	0	0	0	0	0	0	0	0	0	0	0	0	0	0	0	0	0	0	0	0	0	0	0	0	0	0	0	0	0	0	0	0	0	0	17	96	66	61	71
0	0	0	0	0	0	0	0	0	0	0	0	0	0	0	0	0	0	0	0	0	0	0	0	0	0	0	0	0	0	0	0	0	0	0	0	0	0	0	0	0	0	0	0	0	0	0	0	0	0	0	0	0	0	0	0	0	0	0	0	0	0	0	0	0	0	0	0	0	0	0	0	0	0	0	0	0	0	0	0	0	0	0	0	0	0	0	0	0	0	0	0	0	0	0	0	0	0	0	0	0	0	0	0	0	0	0	0	0	0	0	0	0	0	0	0	0	0	0	0	0	0	0	0	49	7	119	7
0	0	0	0	0	0	0	0	0	0	0	0	0	0	0	0	0	0	0	0	0	0	0	0	0	0	0	0	0	0	0	0	0	0	0	0	0	0	0	0	0	0	0	0	0	0	0	0	0	0	0	0	0	0	0	0	0	0	0	0	0	0	0	0	0	0	0	0	0	0	0	0	0	0	0	0	0	0	0	0	0	0	0	0	0	0	0	0	0	0	0	0	0	0	0	0	0	0	0	0	0	0	0	0	0	0	0	0	0	0	0	0	0	0	0	0	0	0	0	0	0	0	0	0	0	122	55	25
0	0	0	0	0	0	0	0	0	0	0	0	0	0	0	0	0	0	0	0	0	0	0	0	0	0	0	0	0	0	0	0	0	0	0	0	0	0	0	0	0	0	0	0	0	0	0	0	0	0	0	0	0	0	0	0	0	0	0	0	0	0	0	0	0	0	0	0	0	0	0	0	0	0	0	0	0	0	0	0	0	0	0	0	0	0	0	0	0	0	0	0	0	0	0	0	0	0	0	0	0	0	0	0	0	0	0	0	0	0	0	0	0	0	0	0	0	0	0	0	0	0	0	0	0	0	27	7
0	0	0	0	0	0	0	0	0	0	0	0	0	0	0	0	0	0	0	0	0	0	0	0	0	0	0	0	0	0	0	0	0	0	0	0	0	0	0	0	0	0	0	0	0	0	0	0	0	0	0	0	0	0	0	0	0	0	0	0	0	0	0	0	0	0	0	0	0	0	0	0	0	0	0	0	0	0	0	0	0	0	0	0	0	0	0	0	0	0	0	0	0	0	0	0	0	0	0	0	0	0	0	0	0	0	0	0	0	0	0	0	0	0	0	0	0	0	0	0	0	0	0	0	0	0	0	112
0	0	0	0	0	0	0	0	0	0	0	0	0	0	0	0	0	0	0	0	0	0	0	0	0	0	0	0	0	0	0	0	0	0	0	0	0	0	0	0	0	0	0	0	0	0	0	0	0	0	0	0	0	0	0	0	0	0	0	0	0	0	0	0	0	0	0	0	0	0	0	0	0	0	0	0	0	0	0	0	0	0	0	0	0	0	0	0	0	0	0	0	0	0	0	0	0	0	0	0	0	0	0	0	0	0	0	0	0	0	0	0	0	0	0	0	0	0	0	0	0	0	0	0	0	0	0	0