0	101	4	60	39	44	41	79	33	80	66	99	44	74	125	96	14	21	4	83	30	58	54	92	126	107	27	91	58	5	118	113	36	90	19	85	91	43	42	99	112	81	96	113	35	31	81	120	95	102	7	112	73	82	10	88	68	75	45	51	75	10	39	107	16	40	27	12	28	35	49	109	72	101	82	44	62	106	61	9	74	93	6	68	34	31	115	56	72	40	41	116	103	18	84	6	13	45	86	13	124	85	21	41	34	41	5	72	74	102	21	98	86	63	16	106	6	20	16	48	32	122	73	46	98	96	37	24
0	0	53	25	126	92	119	5	56	57	33	94	111	11	68	8	127	33	79	48	14	74	18	23	38	19	14	111	46	94	97	107	64	104	19	12	16	97	33	109	106	86	9	20	17	71	59	72	106	85	122	60	103	96	11	114	36	97	77	63	13	99	80	90	55	48	89	83	19	128	3	69	59	76	32	93	122	2	51	31	55	72	37	52	98	30	40	110	22	101	12	30	96	34	37	97	126	49	120	67	2	73	69	2	125	61	126	44	31	73	109	42	91	70	11	21	112	66	22	128	13	38	37	122	120	94	63	32
0	0	0	9	85	77	21	45	38	118	121	66	60	16	74	21	22	8	49	109	120	35	50	68	59	31	70	96	66	74	15	44	107	70	40	71	10	15	21	127	41	65	125	16	77	99	97	123	24	30	52	71	64	94	75	30	51	122	110	82	38	52	34	61	44	90	95	88	28	98	69	94	5	79	20	7	76	119	87	37	2	20	42	6	28	94	123	71	10	49	117	31	43	122	6	37	33	100	42	58	78	23	79	123	100	18	17	97	73	121	47	86	72	52	2	77	81	127	6	79	112	91	25	64	108	5	35	65
0	0	0	0	62	72	21	25	119	17	29	24	51	101	13	21	26	33	77	10	4	69	122	53	13	38	62	68	109	121	123	10	55	11	85	3	76	93	102	72	19	88	102	56	86	121	103	43	123	120	79	84	24	103	88	81	124	90	81	65	10	103	71	83	6	5	66	64	43	125	99	105	94	63	125	70	4	7	44	29	51	2	1	27	29	88	14	71	23	22	51	19	89	97	105	3	78	54	106	51	100	3	54	49	4	15	37	36	51	98	115	63	51	6	3	74	11	125	124	28	21	119	80	95	11	71	6	124
0	0	0	0	0	4	111	47	52	72	97	44	93	1	10	51	65	78	12	67	110	83	104	117	102	16	44	66	84	1	72	109	71	65	109	43	4	27	69	49	92	8	103	53	111	103	41	119	98	58	112	4	128	33	98	41	43	7	76	89	89	108	116	60	74	74	80	45	46	6	105	67	99	122	6	98	57	68	26	15	111	54	17	44	127	96	40	125	53	39	5	91	7	34	9	80	102	100	8	29	118	84	25	14	57	36	29	48	83	117	97	1	59	45	122	26	36	94	113	58	11	89	82	108	79	90	76	58
0	0	0	0	0	0	84	68	58	111	34	28	96	97	98	106	49	94	41	3	97	26	40	88	124	22	68	128	45	59	126	87	20	75	124	104	16	36	79	117	18	110	44	93	14	18	26	42	69	77	31	43	31	125	117	6	121	37	35	102	85	59	6	5	57	13	82	25	33	79	13	91	13	17	81	80	95	17	37	62	125	120	109	27	83	6	49	125	55	52	98	78	57	10	62	66	95	11	94	16	72	118	88	36	99	118	85	87	19	70	17	34	23	107	69	113	67	48	73	46	52	21	125	114	25	40	125	54
0	0	0	0	0	0	0	63	17	71	79	123	31	42	67	52	65	103	61	87	19	33	36	22	83	120	113	57	101	104	7	78	71	114	57	104	1	80	94	30	55	52	90	81	70	42	39	51	100	47	34	59	82	127	89	102	59	38	66	65	39	48	90	2	18	76	12	95	58	52	122	53	65	15	32	34	43	109	106	62	26	76	93	44	112	7	119	54	4	49	83	53	114	127	103	83	8	116	51	70	46	6	65	24	5	5	124	58	115	5	18	124	1	26	72	78	25	33	21	48	47	127	74	77	10	82	106	74
0	0	0	0	0	0	0	0	65	104	40	97	117	120	78	45	85	126	49	120	49	9	32	61	125	24	112	16	45	92	77	30	82	120	16	81	38	56	22	17	40	87	103	78	26	22	104	34	79	93	56	97	95	6	65	128	21	25	54	61	105	38	127	70	91	31	42	32	52	30	117	51	39	28	52	101	91	53	103	110	60	19	57	91	23	1	69	75	9	47	124	85	63	2	51	24	65	112	120	101	54	80	89	42	74	32	106	27	42	78	92	38	100	79	86	114	24	84	88	73	99	91	90	127	52	102	117	100
0	0	0	0	0	0	0	0	0	80	48	50	61	11	112	7	10	76	33	35	21	6	99	62	89	3	65	128	59	73	32	16	54	43	23	64	10	128	97	81	111	110	67	60	123	90	87	6	45	92	115	52	70	57	55	41	68	95	87	117	33	8	65	73	78	58	70	104	86	93	23	3	46	29	126	4	54	3	63	62	74	23	74	33	89	4	108	92	21	88	25	74	17	104	40	5	55	16	103	8	5	36	114	55	72	128	79	40	30	99	11	44	97	46	16	108	126	49	29	88	66	62	101	28	115	113	27	109
0	0	0	0	0	0	0	0	0	0	71	8	89	65	19	85	76	84	27	15	68	123	54	9	56	67	126	31	69	31	86	92	113	40	94	44	123	123	112	57	112	67	128	73	1	114	41	20	11	61	99	69	82	92	92	127	76	90	45	50	25	48	93	126	70	62	25	92	1	13	57	62	124	14	94	73	84	109	96	10	40	10	86	113	112	88	53	65	32	31	67	49	119	73	77	81	89	22	123	17	55	95	55	37	64	105	104	88	100	8	70	38	15	67	4	81	88	106	23	25	114	119	107	14	63	127	88	23
0	0	0	0	0	0	0	0	0	0	0	22	27	20	67	82	128	49	21	91	110	121	54	37	20	70	26	53	95	40	12	89	119	37	63	4	37	2	110	53	80	2	49	46	79	55	111	122	104	45	43	90	88	17	5	6	94	13	6	112	58	36	32	29	46	128	126	19	44	91	124	115	1	6	27	114	20	20	20	24	118	2	105	66	1	119	52	5	78	70	68	84	24	29	34	93	84	16	56	74	79	115	124	3	49	96	76	56	105	109	23	67	57	112	10	17	29	71	72	24	30	51	19	41	1	54	27	27
0	0	0	0	0	0	0	0	0	0	0	0	101	94	32	3	41	58	26	118	17	19	57	99	45	97	37	85	76	42	78	93	47	101	27	128	23	70	111	116	42	80	21	63	82	113	111	4	71	87	19	17	40	117	83	5	6	23	59	115	23	11	16	64	45	52	96	115	17	127	102	3	106	21	12	115	79	55	22	118	104	25	108	71	13	48	2	99	47	5	105	70	78	70	55	103	48	90	49	87	92	19	70	38	10	82	120	90	89	118	22	26	50	15	105	12	107	48	38	38	29	99	105	119	11	84	109	13
0	0	0	0	0	0	0	0	0	0	0	0	0	78	102	45	17	31	56	26	21	67	118	3	121	49	17	50	82	14	10	77	91	94	64	84	48	112	52	23	48	51	127	115	93	128	17	61	23	17	15	55	67	94	86	93	117	56	61	44	105	43	54	51	63	76	69	49	86	34	117	77	93	84	23	114	31	103	87	74	38	4	108	51	85	31	124	70	70	23	30	114	128	56	100	25	94	52	39	4	9	125	31	7	64	51	73	29	41	45	7	81	12	62	67	113	58	124	114	47	13	118	81	65	11	80	38	50
0	0	0	0	0	0	0	0	0	0	0	0	0	0	40	47	118	48	34	24	87	68	122	48	95	64	119	88	120	10	20	21	17	117	29	115	2	37	99	14	48	100	64	13	16	116	60	3	43	91	22	68	75	36	113	8	66	100	93	59	5	78	96	81	8	73	47	74	86	81	105	107	27	84	62	3	58	2	123	54	112	117	124	106	48	43	59	23	34	63	37	8	110	49	34	73	22	50	37	33	37	111	79	110	1	124	58	7	23	41	20	55	24	29	111	41	21	62	118	88	20	97	14	105	64	39	121	46
0	0	0	0	0	0	0	0	0	0	0	0	0	0	0	84	105	95	56	70	75	86	55	23	29	99	103	124	90	21	21	6	109	73	15	115	1	88	66	17	66	17	100	3	64	22	70	19	10	111	42	3	45	69	23	82	33	95	12	30	61	107	95	115	80	124	50	68	2	124	124	89	2	112	121	52	122	95	15	123	114	127	65	100	72	123	11	105	66	7	41	72	47	25	91	15	103	5	36	35	75	51	78	110	47	1	88	103	57	24	95	24	7	123	119	110	81	18	39	118	47	93	88	58	93	67	112	19
0	0	0	0	0	0	0	0	0	0	0	0	0	0	0	0	101	12	94	79	122	30	4	69	46	85	125	52	108	87	67	97	36	69	76	93	14	90	5	31	92	2	1	21	94	52	53	41	123	107	64	39	100	126	114	41	56	124	3	61	58	52	103	110	17	11	4	12	32	4	114	109	41	65	66	122	12	16	35	102	125	113	36	68	74	24	18	120	86	15	109	75	11	51	100	64	72	36	101	105	95	71	38	87	85	28	30	24	25	113	45	22	34	115	91	33	74	51	96	107	44	116	35	31	42	91	103	108
0	0	0	0	0	0	0	0	0	0	0	0	0	0	0	0	0	48	100	122	114	34	4	116	110	47	78	59	36	44	27	41	123	118	73	34	52	121	88	56	1	125	63	122	41	35	127	46	67	53	94	98	77	120	120	5	16	119	128	8	58	100	108	115	50	37	47	28	36	126	58	9	23	60	48	99	18	82	81	45	98	78	85	48	41	61	78	114	55	24	29	26	64	46	35	14	22	76	116	115	55	83	101	96	112	30	44	108	103	67	27	126	89	13	96	121	17	99	32	53	87	6	123	95	45	6	110	69
0	0	0	0	0	0	0	0	0	0	0	0	0	0	0	0	0	0	20	87	108	61	96	66	72	12	109	49	15	71	65	14	31	8	61	84	111	6	69	24	72	46	13	126	38	44	92	7	26	58	17	32	92	2	48	70	39	74	111	105	91	71	27	115	11	64	110	59	13	105	70	37	59	102	1	71	62	48	62	5	58	17	86	103	29	35	53	41	37	42	81	94	46	68	81	22	105	18	122	14	9	111	46	85	54	3	78	24	74	119	92	122	25	108	14	29	72	50	95	106	70	113	98	94	111	11	3	64
0	0	0	0	0	0	0	0	0	0	0	0	0	0	0	0	0	0	0	117	87	107	45	59	66	78	66	33	42	17	45	4	124	128	10	111	71	91	5	67	128	97	39	68	29	20	39	89	5	24	122	26	96	119	35	100	116	74	100	4	92	80	52	67	106	59	98	62	73	13	51	9	82	107	18	41	71	89	74	77	76	41	122	91	54	27	71	106	13	108	115	108	57	72	87	45	99	110	40	84	124	99	87	45	9	66	105	35	71	28	23	118	52	69	41	28	62	104	87	36	113	41	55	14	65	44	75	110
0	0	0	0	0	0	0	0	0	0	0	0	0	0	0	0	0	0	0	0	88	7	55	109	48	49	43	48	127	79	12	25	98	40	112	76	96	79	112	61	91	23	17	125	13	114	58	89	57	111	27	104	115	36	14	99	128	99	59	94	42	47	90	32	9	80	105	4	37	4	80	8	123	39	65	60	44	12	44	77	66	99	81	61	16	68	63	15	89	34	52	8	3	50	48	34	84	108	87	7	116	88	101	74	46	98	61	52	41	63	11	43	63	56	16	98	120	2	31	54	89	126	48	7	71	76	62	12
0	0	0	0	0	0	0	0	0	0	0	0	0	0	0	0	0	0	0	0	0	1	113	72	128	80	93	49	99	53	15	123	78	123	103	123	81	99	49	56	68	61	74	98	53	8	13	92	50	14	71	65	1	89	100	126	20	79	58	63	118	69	43	73	55	35	30	58	50	51	57	45	8	22	117	25	83	29	12	17	115	95	80	67	17	75	110	107	120	2	48	43	32	119	92	100	32	100	128	21	48	82	36	65	34	38	90	117	43	43	9	83	50	115	89	115	14	2	126	67	17	12	103	42	86	39	122	39
0	0	0	0	0	0	0	0	0	0	0	0	0	0	0	0	0	0	0	0	0	0	31	63	24	81	16	86	115	64	81	1	20	124	27	89	99	105	106	7	1	48	80	65	71	93	19	2	66	90	83	91	24	120	49	95	78	27	43	97	110	32	42	126	120	14	6	49	97	11	64	102	118	107	104	119	78	57	96	76	49	75	30	63	120	108	18	89	41	120	76	20	108	71	6	100	50	107	29	109	26	63	74	23	6	98	41	64	128	34	41	102	85	67	114	51	104	78	118	33	108	90	126	65	6	88	75	4
0	0	0	0	0	0	0	0	0	0	0	0	0	0	0	0	0	0	0	0	0	0	0	63	112	77	88	120	2	67	12	73	70	40	83	75	124	105	39	65	101	27	43	59	101	48	40	18	34	122	12	86	8	60	15	29	59	72	23	111	23	97	87	113	33	115	44	71	101	34	121	98	96	83	122	96	15	14	4	103	111	47	47	67	14	12	16	78	24	39	122	28	74	40	113	71	83	42	72	61	115	15	58	83	78	86	120	68	77	65	100	93	43	81	16	9	72	68	121	44	122	10	98	48	87	28	87	32
0	0	0	0	0	0	0	0	0	0	0	0	0	0	0	0	0	0	0	0	0	0	0	0	110	98	69	24	30	69	125	6	44	54	118	33	117	63	33	127	62	111	84	51	76	51	80	52	53	45	8	125	31	47	102	30	117	70	6	30	118	19	96	104	69	51	89	1	59	18	38	9	124	63	54	127	28	15	103	22	100	36	58	58	92	69	111	70	22	46	38	102	74	112	60	91	48	2	3	68	108	15	58	12	115	61	67	73	34	78	59	84	124	100	107	95	40	33	63	126	12	75	67	99	86	47	20	109
0	0	0	0	0	0	0	0	0	0	0	0	0	0	0	0	0	0	0	0	0	0	0	0	0	66	112	100	25	109	107	90	7	83	100	88	6	122	6	125	27	124	68	15	38	126	67	98	18	5	72	123	32	72	86	11	15	42	24	3	80	107	30	8	124	89	123	99	53	102	104	111	115	49	31	46	56	66	51	8	9	34	2	22	90	126	95	15	6	25	2	106	79	59	7	108	64	4	23	111	45	58	43	4	33	33	58	46	105	117	113	56	104	9	34	123	115	61	43	88	54	79	120	106	46	122	123	6
0	0	0	0	0	0	0	0	0	0	0	0	0	0	0	0	0	0	0	0	0	0	0	0	0	0	71	60	113	48	128	57	125	27	61	8	122	123	100	21	123	21	58	45	33	80	58	56	108	37	58	26	98	78	118	19	98	45	128	41	17	51	91	123	2	41	33	89	45	68	56	1	88	103	104	102	112	86	13	55	96	103	118	57	52	127	11	23	39	45	116	45	76	82	55	89	79	76	60	94	22	18	9	69	25	75	42	128	123	116	32	16	8	100	119	119	43	16	83	121	38	118	124	96	52	24	35	81
0	0	0	0	0	0	0	0	0	0	0	0	0	0	0	0	0	0	0	0	0	0	0	0	0	0	0	25	51	105	99	116	78	123	49	46	34	127	65	24	94	15	79	24	120	90	113	8	42	21	39	68	32	114	35	127	14	62	38	24	51	60	60	56	85	67	33	119	3	59	1	21	67	94	13	30	14	75	44	98	121	70	48	88	53	94	79	18	29	119	123	51	95	11	50	122	48	76	60	21	122	113	108	115	92	69	124	2	82	30	43	117	52	125	114	108	65	44	89	87	6	118	103	101	112	9	113	70
0	0	0	0	0	0	0	0	0	0	0	0	0	0	0	0	0	0	0	0	0	0	0	0	0	0	0	0	121	127	2	83	42	81	127	65	112	70	97	20	117	95	51	76	103	29	123	55	123	96	32	1	72	28	123	93	8	78	124	18	103	60	78	82	29	3	46	77	25	107	17	71	85	113	87	80	72	108	111	36	91	108	60	69	14	75	32	50	54	61	122	67	96	84	15	8	56	40	68	114	33	77	119	82	111	107	109	26	117	98	112	83	112	39	81	6	46	78	33	35	15	86	53	23	105	21	102	24
0	0	0	0	0	0	0	0	0	0	0	0	0	0	0	0	0	0	0	0	0	0	0	0	0	0	0	0	0	118	73	75	89	6	63	52	99	4	20	38	14	119	68	66	94	71	91	100	95	42	71	117	81	17	29	25	100	52	100	5	22	110	58	31	100	74	120	25	118	65	56	33	1	114	24	92	87	19	72	35	35	101	31	55	102	122	108	114	43	126	112	2	58	100	8	89	72	23	68	12	82	68	128	55	76	48	59	126	49	117	94	123	72	86	28	119	99	116	55	53	67	43	58	54	23	69	77	110
0	0	0	0	0	0	0	0	0	0	0	0	0	0	0	0	0	0	0	0	0	0	0	0	0	0	0	0	0	0	105	106	103	112	91	26	127	11	99	119	44	7	118	115	97	27	87	72	115	112	75	97	109	79	7	32	8	39	2	71	85	74	35	55	23	57	26	88	62	90	120	44	100	32	122	119	42	79	88	38	8	24	46	55	68	55	123	58	88	48	52	42	96	28	110	98	30	47	40	2	25	24	2	101	50	14	29	90	18	45	103	102	17	16	81	25	6	22	66	18	78	86	122	120	50	13	45	82
0	0	0	0	0	0	0	0	0	0	0	0	0	0	0	0	0	0	0	0	0	0	0	0	0	0	0	0	0	0	0	84	56	8	64	118	126	94	11	71	73	62	24	20	23	34	109	102	6	83	36	53	7	114	31	109	8	68	100	97	112	66	71	3	31	42	9	100	117	85	27	44	109	37	124	36	48	114	23	96	104	32	19	17	57	33	39	72	22	1	116	106	123	1	77	124	24	34	44	77	122	103	101	62	32	77	37	31	60	9	31	11	34	84	124	108	20	17	125	79	44	94	66	127	42	114	78	112
0	0	0	0	0	0	0	0	0	0	0	0	0	0	0	0	0	0	0	0	0	0	0	0	0	0	0	0	0	0	0	0	23	122	117	32	52	4	7	53	91	99	41	126	106	121	18	111	37	27	18	96	75	100	41	102	33	23	85	85	66	53	92	95	106	39	21	53	21	17	31	12	70	20	119	45	126	21	66	41	61	114	63	117	3	9	33	24	79	106	123	13	127	117	31	3	67	121	66	55	119	35	20	7	125	125	67	23	9	27	95	34	80	62	80	44	119	73	100	89	44	56	4	28	72	111	75	7
0	0	0	0	0	0	0	0	0	0	0	0	0	0	0	0	0	0	0	0	0	0	0	0	0	0	0	0	0	0	0	0	0	40	123	27	42	21	60	112	125	34	69	123	74	128	105	101	78	111	53	98	39	48	80	124	56	81	10	79	26	117	97	57	102	3	58	50	75	105	92	63	50	68	25	10	76	128	56	99	93	65	83	53	27	74	112	69	68	48	58	58	25	80	27	73	69	31	17	21	117	116	84	117	29	14	78	75	95	71	10	12	109	38	43	2	122	67	9	32	45	12	106	103	41	76	55	55
0	0	0	0	0	0	0	0	0	0	0	0	0	0	0	0	0	0	0	0	0	0	0	0	0	0	0	0	0	0	0	0	0	0	48	74	99	39	16	28	75	112	23	51	108	10	88	43	95	59	67	21	54	42	12	80	6	25	75	44	78	80	61	128	45	41	117	68	29	111	100	91	67	31	71	26	2	26	66	48	41	8	62	11	58	119	84	103	67	120	123	86	27	81	72	53	88	60	67	125	33	122	1	35	100	41	89	108	73	97	28	60	33	85	24	87	11	10	88	44	76	18	12	28	89	15	3	93
0	0	0	0	0	0	0	0	0	0	0	0	0	0	0	0	0	0	0	0	0	0	0	0	0	0	0	0	0	0	0	0	0	0	0	42	90	57	118	107	50	12	111	34	50	112	93	107	126	119	24	69	4	40	120	54	21	70	6	14	123	123	37	84	74	89	85	48	49	125	23	90	69	1	20	6	89	98	43	69	76	87	5	61	11	99	57	28	48	42	122	120	99	60	69	31	32	25	90	120	86	40	11	37	52	80	120	31	55	26	42	34	88	124	126	115	68	19	36	6	123	50	14	53	38	11	60	75
0	0	0	0	0	0	0	0	0	0	0	0	0	0	0	0	0	0	0	0	0	0	0	0	0	0	0	0	0	0	0	0	0	0	0	0	61	50	5	6	30	128	114	75	75	62	107	34	68	100	51	116	79	67	103	63	41	87	84	101	104	16	87	18	120	120	108	124	128	44	37	2	113	16	28	81	80	32	16	56	72	66	66	33	123	11	2	83	90	4	110	94	79	111	76	77	110	35	122	116	96	103	63	114	100	91	26	104	93	19	51	11	13	14	13	59	4	23	122	20	31	34	20	105	98	47	66	57
0	0	0	0	0	0	0	0	0	0	0	0	0	0	0	0	0	0	0	0	0	0	0	0	0	0	0	0	0	0	0	0	0	0	0	0	0	27	106	99	22	35	66	33	119	86	126	65	109	89	117	95	126	10	11	19	16	60	59	122	63	10	5	105	27	46	128	97	120	82	67	76	2	55	100	75	18	99	112	60	34	55	97	72	13	46	81	65	107	13	11	109	76	16	100	15	109	26	13	24	19	20	24	98	46	68	77	60	20	100	3	58	74	97	30	25	72	39	117	50	120	106	109	37	22	69	18	56
0	0	0	0	0	0	0	0	0	0	0	0	0	0	0	0	0	0	0	0	0	0	0	0	0	0	0	0	0	0	0	0	0	0	0	0	0	0	127	86	76	33	43	19	5	2	4	38	33	55	70	1	6	98	52	63	120	41	105	64	72	101	54	58	100	71	14	9	110	1	45	83	64	88	128	35	52	53	48	52	17	118	107	110	104	58	42	76	49	59	60	117	53	32	85	56	104	47	49	51	115	99	88	75	14	56	17	63	9	101	84	102	35	21	34	44	49	65	20	49	67	86	34	42	64	79	31	61
0	0	0	0	0	0	0	0	0	0	0	0	0	0	0	0	0	0	0	0	0	0	0	0	0	0	0	0	0	0	0	0	0	0	0	0	0	0	0	122	101	45	60	29	13	7	45	82	41	7	26	47	99	107	125	13	92	66	83	64	93	115	27	23	70	107	75	95	91	35	90	126	23	1	116	86	25	85	108	46	120	79	18	105	61	64	56	6	108	117	83	41	61	53	59	101	73	45	126	88	67	121	4	5	14	101	96	40	91	117	4	11	6	12	27	36	107	119	87	75	9	127	125	127	106	93	35	74
0	0	0	0	0	0	0	0	0	0	0	0	0	0	0	0	0	0	0	0	0	0	0	0	0	0	0	0	0	0	0	0	0	0	0	0	0	0	0	0	105	78	15	113	11	109	4	3	73	38	3	109	20	35	99	60	1	57	106	62	116	54	58	43	78	33	23	70	68	80	11	34	86	103	58	50	87	128	44	57	93	84	28	82	74	86	97	104	111	34	121	81	54	20	29	18	75	38	75	6	54	47	35	43	82	116	103	12	29	50	13	17	13	99	52	26	63	45	117	74	33	108	64	21	41	111	44	108
0	0	0	0	0	0	0	0	0	0	0	0	0	0	0	0	0	0	0	0	0	0	0	0	0	0	0	0	0	0	0	0	0	0	0	0	0	0	0	0	0	68	112	91	86	92	5	86	67	106	67	68	128	84	44	72	92	81	101	2	81	126	101	6	36	54	73	49	42	103	62	113	55	17	70	8	56	109	87	76	90	100	16	126	14	55	103	69	54	89	119	13	14	31	16	73	119	76	70	15	43	35	119	50	109	92	92	9	77	53	26	107	127	79	73	29	71	37	114	64	79	109	53	34	20	88	108	23
0	0	0	0	0	0	0	0	0	0	0	0	0	0	0	0	0	0	0	0	0	0	0	0	0	0	0	0	0	0	0	0	0	0	0	0	0	0	0	0	0	0	17	30	25	55	67	110	65	34	63	106	1	17	59	117	113	12	126	42	80	108	89	41	10	51	22	49	90	62	26	23	101	119	96	127	94	71	73	34	44	97	84	7	113	112	101	117	2	128	111	36	30	121	11	35	80	12	17	112	118	52	34	79	19	72	43	100	128	36	118	123	14	80	52	49	68	63	52	28	121	107	75	60	19	32	3	54
0	0	0	0	0	0	0	0	0	0	0	0	0	0	0	0	0	0	0	0	0	0	0	0	0	0	0	0	0	0	0	0	0	0	0	0	0	0	0	0	0	0	0	90	119	108	17	54	28	85	13	52	66	110	102	65	27	82	72	98	25	81	78	96	74	103	112	37	121	84	94	59	5	79	32	12	36	93	5	55	72	54	58	87	58	50	17	24	83	126	62	46	123	74	126	28	24	80	127	23	61	112	56	53	34	92	116	50	57	125	102	3	17	10	52	69	67	92	119	29	47	67	33	2	34	21	80	77
0	0	0	0	0	0	0	0	0	0	0	0	0	0	0	0	0	0	0	0	0	0	0	0	0	0	0	0	0	0	0	0	0	0	0	0	0	0	0	0	0	0	0	0	20	52	43	103	109	120	49	18	34	29	72	32	76	122	58	104	115	125	3	33	101	112	50	49	85	78	11	106	14	113	2	82	17	88	40	95	42	78	50	28	33	41	42	53	29	18	121	62	101	106	125	125	6	110	3	86	116	94	96	28	66	88	123	14	38	70	122	88	118	42	44	28	55	28	116	27	42	110	53	94	67	61	53	42
0	0	0	0	0	0	0	0	0	0	0	0	0	0	0	0	0	0	0	0	0	0	0	0	0	0	0	0	0	0	0	0	0	0	0	0	0	0	0	0	0	0	0	0	0	94	74	119	68	45	123	14	28	115	99	104	93	94	61	109	92	80	42	18	94	78	56	117	60	27	35	5	31	46	11	94	97	96	8	60	68	126	100	121	92	101	121	7	40	72	7	128	98	57	12	39	34	119	107	38	65	6	128	123	56	42	57	24	17	95	39	40	24	66	73	122	97	96	8	109	99	58	89	57	109	15	91	64
0	0	0	0	0	0	0	0	0	0	0	0	0	0	0	0	0	0	0	0	0	0	0	0	0	0	0	0	0	0	0	0	0	0	0	0	0	0	0	0	0	0	0	0	0	0	105	47	82	127	66	37	39	31	71	26	74	90	95	122	50	117	92	53	31	64	88	88	96	110	47	29	59	21	52	76	17	99	36	104	27	5	127	83	19	31	123	120	66	116	31	84	102	86	30	45	65	33	5	44	71	80	24	88	97	23	127	85	1	60	35	119	11	7	128	60	46	17	81	81	86	20	114	123	92	11	44	41
0	0	0	0	0	0	0	0	0	0	0	0	0	0	0	0	0	0	0	0	0	0	0	0	0	0	0	0	0	0	0	0	0	0	0	0	0	0	0	0	0	0	0	0	0	0	0	16	82	22	86	83	102	44	9	19	5	120	74	117	82	74	62	121	53	106	113	125	29	113	58	57	17	28	75	112	8	101	63	94	17	21	119	11	119	61	76	60	126	48	80	67	92	128	116	65	114	31	116	63	126	114	93	86	5	98	95	102	93	66	76	85	85	52	109	78	60	104	117	22	66	36	54	25	81	83	63	72
0	0	0	0	0	0	0	0	0	0	0	0	0	0	0	0	0	0	0	0	0	0	0	0	0	0	0	0	0	0	0	0	0	0	0	0	0	0	0	0	0	0	0	0	0	0	0	0	98	4	63	16	20	55	10	43	90	122	39	19	75	18	55	60	46	84	14	83	8	59	70	18	89	124	116	38	126	51	90	111	115	7	67	112	50	112	21	65	109	7	36	41	59	32	72	116	4	8	111	25	109	84	118	55	69	32	49	46	72	48	85	64	34	18	40	76	1	30	19	104	24	7	53	96	128	54	92	21
0	0	0	0	0	0	0	0	0	0	0	0	0	0	0	0	0	0	0	0	0	0	0	0	0	0	0	0	0	0	0	0	0	0	0	0	0	0	0	0	0	0	0	0	0	0	0	0	0	127	71	98	113	53	7	22	121	58	23	99	89	24	112	24	57	63	118	65	23	79	28	101	63	118	30	45	13	63	89	54	109	6	90	76	114	22	40	110	34	22	41	1	40	73	98	55	111	64	26	65	49	45	103	34	102	37	54	22	89	78	20	117	6	102	28	79	118	58	77	126	113	63	45	102	64	126	85	37
0	0	0	0	0	0	0	0	0	0	0	0	0	0	0	0	0	0	0	0	0	0	0	0	0	0	0	0	0	0	0	0	0	0	0	0	0	0	0	0	0	0	0	0	0	0	0	0	0	0	112	90	118	39	90	1	65	21	10	86	84	32	31	74	65	44	69	40	125	8	105	97	91	61	28	30	74	43	36	117	46	14	45	110	14	31	75	102	35	46	79	71	89	7	46	82	86	94	101	127	39	83	113	65	75	39	36	109	13	81	45	50	4	4	66	44	84	19	94	108	109	55	21	10	41	112	56	88
0	0	0	0	0	0	0	0	0	0	0	0	0	0	0	0	0	0	0	0	0	0	0	0	0	0	0	0	0	0	0	0	0	0	0	0	0	0	0	0	0	0	0	0	0	0	0	0	0	0	0	17	105	99	90	27	9	71	111	21	78	43	115	93	38	66	80	81	5	57	52	122	42	85	24	23	83	57	45	86	40	120	63	111	92	128	115	110	14	76	105	95	67	124	128	27	56	87	54	60	114	25	111	7	63	43	117	38	108	98	44	67	85	46	87	39	5	21	84	107	65	31	5	122	99	2	45	122
0	0	0	0	0	0	0	0	0	0	0	0	0	0	0	0	0	0	0	0	0	0	0	0	0	0	0	0	0	0	0	0	0	0	0	0	0	0	0	0	0	0	0	0	0	0	0	0	0	0	0	0	65	114	46	15	108	36	37	84	8	44	89	118	37	120	34	118	30	97	94	31	36	34	49	60	77	32	53	107	4	8	95	28	78	41	17	115	43	11	36	36	49	8	106	21	69	75	3	117	71	5	114	49	80	19	111	120	81	63	62	125	88	37	18	22	1	89	21	34	96	89	74	51	37	26	39	5
0	0	0	0	0	0	0	0	0	0	0	0	0	0	0	0	0	0	0	0	0	0	0	0	0	0	0	0	0	0	0	0	0	0	0	0	0	0	0	0	0	0	0	0	0	0	0	0	0	0	0	0	0	117	62	70	7	56	41	57	78	82	78	30	59	128	16	54	55	77	112	28	117	64	72	34	107	116	104	70	117	36	33	39	77	73	1	64	105	34	76	19	63	120	27	77	91	59	11	38	102	108	42	45	94	83	75	119	86	66	30	104	22	39	26	94	4	69	84	117	89	91	8	98	4	93	98	65
0	0	0	0	0	0	0	0	0	0	0	0	0	0	0	0	0	0	0	0	0	0	0	0	0	0	0	0	0	0	0	0	0	0	0	0	0	0	0	0	0	0	0	0	0	0	0	0	0	0	0	0	0	0	75	37	47	10	91	48	78	32	96	71	116	107	39	18	49	116	67	66	23	21	98	122	5	120	31	81	113	13	58	51	57	50	51	3	53	73	67	19	57	117	101	120	118	75	46	118	71	94	7	112	63	21	78	24	128	56	46	6	50	65	32	108	68	87	8	40	16	60	25	38	108	49	10	71
0	0	0	0	0	0	0	0	0	0	0	0	0	0	0	0	0	0	0	0	0	0	0	0	0	0	0	0	0	0	0	0	0	0	0	0	0	0	0	0	0	0	0	0	0	0	0	0	0	0	0	0	0	0	0	40	56	53	65	92	92	118	61	13	37	102	94	128	3	10	9	2	95	83	73	23	34	9	121	75	70	107	31	40	23	79	41	128	95	35	54	27	127	30	12	110	54	17	75	104	50	25	105	84	87	13	103	53	42	33	81	124	44	57	19	113	86	45	61	24	106	30	23	58	49	48	45	18
0	0	0	0	0	0	0	0	0	0	0	0	0	0	0	0	0	0	0	0	0	0	0	0	0	0	0	0	0	0	0	0	0	0	0	0	0	0	0	0	0	0	0	0	0	0	0	0	0	0	0	0	0	0	0	0	63	100	13	115	127	51	128	116	99	50	116	85	31	11	65	84	45	10	67	55	38	54	55	15	70	113	71	114	114	45	31	111	50	90	103	6	30	120	14	122	70	36	94	39	60	23	97	34	44	91	36	53	126	108	38	58	115	34	40	121	23	7	107	65	87	41	46	110	116	83	123	96
0	0	0	0	0	0	0	0	0	0	0	0	0	0	0	0	0	0	0	0	0	0	0	0	0	0	0	0	0	0	0	0	0	0	0	0	0	0	0	0	0	0	0	0	0	0	0	0	0	0	0	0	0	0	0	0	0	43	121	90	33	86	44	38	127	119	22	71	80	69	126	3	39	53	32	72	42	43	112	116	40	1	68	79	79	113	49	109	87	10	79	5	88	16	48	40	25	107	128	69	112	122	118	110	103	28	96	76	22	48	35	124	11	71	103	43	64	92	11	69	20	92	68	89	9	116	90	7
0	0	0	0	0	0	0	0	0	0	0	0	0	0	0	0	0	0	0	0	0	0	0	0	0	0	0	0	0	0	0	0	0	0	0	0	0	0	0	0	0	0	0	0	0	0	0	0	0	0	0	0	0	0	0	0	0	0	53	17	12	93	13	26	57	102	119	59	28	32	14	107	26	92	92	4	72	106	27	112	118	68	28	21	66	112	76	66	84	120	2	54	41	97	78	11	4	60	112	123	70	58	34	81	55	19	38	118	24	47	38	46	47	86	105	39	40	73	92	98	11	68	123	46	97	128	119	47
0	0	0	0	0	0	0	0	0	0	0	0	0	0	0	0	0	0	0	0	0	0	0	0	0	0	0	0	0	0	0	0	0	0	0	0	0	0	0	0	0	0	0	0	0	0	0	0	0	0	0	0	0	0	0	0	0	0	0	33	67	13	111	82	121	91	20	21	42	107	31	25	9	117	84	13	30	5	84	120	43	71	122	5	17	124	26	93	19	59	76	106	92	2	80	60	83	124	88	63	25	69	124	47	2	76	1	92	50	117	83	44	20	43	108	111	97	82	94	1	13	10	120	4	94	10	80	52
0	0	0	0	0	0	0	0	0	0	0	0	0	0	0	0	0	0	0	0	0	0	0	0	0	0	0	0	0	0	0	0	0	0	0	0	0	0	0	0	0	0	0	0	0	0	0	0	0	0	0	0	0	0	0	0	0	0	0	0	59	101	126	44	14	22	94	122	113	90	6	63	98	87	12	100	94	44	39	32	33	63	111	100	117	122	58	46	110	100	46	96	16	22	41	71	113	90	34	11	24	70	10	73	41	68	93	13	38	94	30	47	5	72	30	49	97	60	29	60	11	43	2	18	70	16	87	13
0	0	0	0	0	0	0	0	0	0	0	0	0	0	0	0	0	0	0	0	0	0	0	0	0	0	0	0	0	0	0	0	0	0	0	0	0	0	0	0	0	0	0	0	0	0	0	0	0	0	0	0	0	0	0	0	0	0	0	0	0	19	98	28	71	28	9	2	45	77	102	76	109	64	98	112	95	57	115	14	29	112	103	78	4	69	35	63	51	52	118	71	60	97	82	18	62	51	47	73	38	15	25	32	61	124	19	32	38	124	104	51	60	45	66	40	21	105	107	117	82	57	22	39	90	127	71	6
0	0	0	0	0	0	0	0	0	0	0	0	0	0	0	0	0	0	0	0	0	0	0	0	0	0	0	0	0	0	0	0	0	0	0	0	0	0	0	0	0	0	0	0	0	0	0	0	0	0	0	0	0	0	0	0	0	0	0	0	0	0	36	48	6	110	68	27	96	66	15	113	128	61	73	30	117	99	23	79	58	51	5	1	34	106	102	83	93	109	28	65	52	38	126	14	113	104	67	12	37	64	15	72	112	27	18	68	104	7	126	40	111	72	74	59	6	44	10	92	69	10	50	49	124	113	37	125
0	0	0	0	0	0	0	0	0	0	0	0	0	0	0	0	0	0	0	0	0	0	0	0	0	0	0	0	0	0	0	0	0	0	0	0	0	0	0	0	0	0	0	0	0	0	0	0	0	0	0	0	0	0	0	0	0	0	0	0	0	0	0	117	16	53	109	50	112	81	32	116	50	97	45	25	2	125	20	17	55	67	8	21	2	23	89	122	67	17	77	73	39	115	85	123	54	62	8	62	27	75	91	38	117	28	27	3	84	125	125	63	79	57	108	126	30	72	11	111	105	82	114	115	79	2	77	27
0	0	0	0	0	0	0	0	0	0	0	0	0	0	0	0	0	0	0	0	0	0	0	0	0	0	0	0	0	0	0	0	0	0	0	0	0	0	0	0	0	0	0	0	0	0	0	0	0	0	0	0	0	0	0	0	0	0	0	0	0	0	0	0	51	8	54	89	56	106	6	63	13	115	13	2	29	7	30	9	56	53	72	104	118	85	127	58	30	98	13	76	125	108	21	33	17	20	56	92	4	17	54	31	106	37	65	16	128	13	42	59	81	93	60	33	55	54	25	5	25	52	78	19	17	47	110	22
0	0	0	0	0	0	0	0	0	0	0	0	0	0	0	0	0	0	0	0	0	0	0	0	0	0	0	0	0	0	0	0	0	0	0	0	0	0	0	0	0	0	0	0	0	0	0	0	0	0	0	0	0	0	0	0	0	0	0	0	0	0	0	0	0	70	55	14	54	37	76	64	36	28	124	2	95	68	49	101	123	89	122	42	49	81	29	103	88	15	106	70	14	108	105	122	23	77	31	85	112	94	9	105	58	34	24	108	110	72	117	101	120	13	33	46	121	26	60	81	106	109	61	50	127	4	57	50
0	0	0	0	0	0	0	0	0	0	0	0	0	0	0	0	0	0	0	0	0	0	0	0	0	0	0	0	0	0	0	0	0	0	0	0	0	0	0	0	0	0	0	0	0	0	0	0	0	0	0	0	0	0	0	0	0	0	0	0	0	0	0	0	0	0	122	77	122	6	29	108	87	55	84	29	70	28	82	118	98	93	111	72	53	31	107	1	109	54	69	29	36	93	51	120	63	21	70	111	45	21	39	19	38	17	1	38	71	15	82	112	45	93	57	60	80	55	15	51	28	93	27	108	92	55	73	32
0	0	0	0	0	0	0	0	0	0	0	0	0	0	0	0	0	0	0	0	0	0	0	0	0	0	0	0	0	0	0	0	0	0	0	0	0	0	0	0	0	0	0	0	0	0	0	0	0	0	0	0	0	0	0	0	0	0	0	0	0	0	0	0	0	0	0	82	57	56	33	90	114	58	128	98	77	21	72	9	110	68	1	70	128	15	43	117	81	121	6	47	104	118	62	109	21	73	105	93	75	104	22	24	9	104	111	51	29	109	44	47	108	113	69	36	64	115	116	102	10	85	41	46	114	109	9	61
0	0	0	0	0	0	0	0	0	0	0	0	0	0	0	0	0	0	0	0	0	0	0	0	0	0	0	0	0	0	0	0	0	0	0	0	0	0	0	0	0	0	0	0	0	0	0	0	0	0	0	0	0	0	0	0	0	0	0	0	0	0	0	0	0	0	0	0	48	90	11	45	102	90	35	14	41	41	86	29	103	71	86	65	85	90	23	40	21	112	16	127	119	40	60	128	88	23	45	91	38	17	103	32	36	94	46	9	103	8	60	121	27	50	46	98	14	43	78	4	88	75	55	33	48	23	6	38
0	0	0	0	0	0	0	0	0	0	0	0	0	0	0	0	0	0	0	0	0	0	0	0	0	0	0	0	0	0	0	0	0	0	0	0	0	0	0	0	0	0	0	0	0	0	0	0	0	0	0	0	0	0	0	0	0	0	0	0	0	0	0	0	0	0	0	0	0	79	37	32	33	103	85	62	94	56	85	51	39	54	117	14	79	44	3	112	20	1	62	42	26	41	90	116	94	66	29	26	113	114	92	70	26	28	40	71	119	76	18	75	5	80	59	32	84	13	106	54	124	18	15	49	94	2	117	113
0	0	0	0	0	0	0	0	0	0	0	0	0	0	0	0	0	0	0	0	0	0	0	0	0	0	0	0	0	0	0	0	0	0	0	0	0	0	0	0	0	0	0	0	0	0	0	0	0	0	0	0	0	0	0	0	0	0	0	0	0	0	0	0	0	0	0	0	0	0	12	125	105	119	51	66	84	39	62	99	37	91	49	18	59	19	44	39	107	44	17	52	61	8	20	65	105	107	88	94	102	124	17	38	96	92	31	14	98	1	101	15	71	104	65	34	52	72	85	123	62	96	82	26	88	28	66	75
0	0	0	0	0	0	0	0	0	0	0	0	0	0	0	0	0	0	0	0	0	0	0	0	0	0	0	0	0	0	0	0	0	0	0	0	0	0	0	0	0	0	0	0	0	0	0	0	0	0	0	0	0	0	0	0	0	0	0	0	0	0	0	0	0	0	0	0	0	0	0	126	50	55	75	122	15	2	11	28	108	126	38	127	41	91	80	63	124	80	41	124	62	109	6	125	1	111	116	55	1	44	44	28	110	104	73	49	118	77	104	54	28	91	88	60	69	79	110	29	128	87	4	84	96	6	105	68
0	0	0	0	0	0	0	0	0	0	0	0	0	0	0	0	0	0	0	0	0	0	0	0	0	0	0	0	0	0	0	0	0	0	0	0	0	0	0	0	0	0	0	0	0	0	0	0	0	0	0	0	0	0	0	0	0	0	0	0	0	0	0	0	0	0	0	0	0	0	0	0	109	15	74	122	109	11	128	47	8	96	58	128	87	23	47	121	127	79	92	85	72	94	104	1	47	66	1	115	27	5	25	44	41	49	37	59	8	78	60	19	87	114	119	107	51	63	14	73	18	63	60	55	88	111	6	125
0	0	0	0	0	0	0	0	0	0	0	0	0	0	0	0	0	0	0	0	0	0	0	0	0	0	0	0	0	0	0	0	0	0	0	0	0	0	0	0	0	0	0	0	0	0	0	0	0	0	0	0	0	0	0	0	0	0	0	0	0	0	0	0	0	0	0	0	0	0	0	0	0	34	92	71	14	93	87	40	126	81	34	56	74	39	77	124	34	45	75	59	59	103	77	113	31	46	14	46	94	98	93	117	61	23	54	91	24	75	43	8	72	20	60	36	75	5	104	59	74	9	82	84	119	81	105	97
0	0	0	0	0	0	0	0	0	0	0	0	0	0	0	0	0	0	0	0	0	0	0	0	0	0	0	0	0	0	0	0	0	0	0	0	0	0	0	0	0	0	0	0	0	0	0	0	0	0	0	0	0	0	0	0	0	0	0	0	0	0	0	0	0	0	0	0	0	0	0	0	0	0	53	96	12	39	12	39	83	115	6	96	106	65	94	106	29	91	34	40	49	25	63	111	17	105	58	13	19	121	21	63	66	109	103	52	66	75	57	14	48	56	88	107	42	112	91	46	89	5	116	66	50	97	117	9
0	0	0	0	0	0	0	0	0	0	0	0	0	0	0	0	0	0	0	0	0	0	0	0	0	0	0	0	0	0	0	0	0	0	0	0	0	0	0	0	0	0	0	0	0	0	0	0	0	0	0	0	0	0	0	0	0	0	0	0	0	0	0	0	0	0	0	0	0	0	0	0	0	0	0	5	39	94	120	5	13	75	82	12	58	101	22	42	82	119	40	77	34	79	3	30	48	9	78	41	11	60	57	29	20	31	77	35	81	88	76	26	49	97	114	3	87	7	4	112	111	19	58	45	26	112	92	56
0	0	0	0	0	0	0	0	0	0	0	0	0	0	0	0	0	0	0	0	0	0	0	0	0	0	0	0	0	0	0	0	0	0	0	0	0	0	0	0	0	0	0	0	0	0	0	0	0	0	0	0	0	0	0	0	0	0	0	0	0	0	0	0	0	0	0	0	0	0	0	0	0	0	0	0	41	17	50	65	107	123	80	3	72	34	47	32	50	97	26	84	62	25	107	17	93	39	53	115	102	23	113	74	48	112	18	122	112	64	67	27	100	4	68	108	96	11	8	85	124	11	57	127	9	20	35	6
0	0	0	0	0	0	0	0	0	0	0	0	0	0	0	0	0	0	0	0	0	0	0	0	0	0	0	0	0	0	0	0	0	0	0	0	0	0	0	0	0	0	0	0	0	0	0	0	0	0	0	0	0	0	0	0	0	0	0	0	0	0	0	0	0	0	0	0	0	0	0	0	0	0	0	0	0	78	120	92	116	79	80	56	48	15	23	49	110	52	96	109	101	110	41	124	12	72	108	52	53	53	112	58	127	54	63	1	80	106	21	89	19	14	110	97	28	53	1	127	62	54	50	123	34	114	18	97
0	0	0	0	0	0	0	0	0	0	0	0	0	0	0	0	0	0	0	0	0	0	0	0	0	0	0	0	0	0	0	0	0	0	0	0	0	0	0	0	0	0	0	0	0	0	0	0	0	0	0	0	0	0	0	0	0	0	0	0	0	0	0	0	0	0	0	0	0	0	0	0	0	0	0	0	0	0	44	14	71	79	63	35	59	126	32	107	56	71	56	119	18	79	105	71	55	76	41	119	55	55	79	1	69	10	56	115	84	72	40	34	28	25	115	32	79	7	59	99	90	127	67	7	107	52	3	93
0	0	0	0	0	0	0	0	0	0	0	0	0	0	0	0	0	0	0	0	0	0	0	0	0	0	0	0	0	0	0	0	0	0	0	0	0	0	0	0	0	0	0	0	0	0	0	0	0	0	0	0	0	0	0	0	0	0	0	0	0	0	0	0	0	0	0	0	0	0	0	0	0	0	0	0	0	0	0	115	47	112	13	100	32	89	22	4	119	122	29	100	124	15	58	81	70	72	104	78	33	43	43	5	65	110	5	44	113	55	13	31	50	11	106	89	49	113	15	13	28	82	96	53	79	43	2	56
0	0	0	0	0	0	0	0	0	0	0	0	0	0	0	0	0	0	0	0	0	0	0	0	0	0	0	0	0	0	0	0	0	0	0	0	0	0	0	0	0	0	0	0	0	0	0	0	0	0	0	0	0	0	0	0	0	0	0	0	0	0	0	0	0	0	0	0	0	0	0	0	0	0	0	0	0	0	0	0	16	80	30	102	56	50	81	3	38	110	74	120	90	98	80	64	122	46	23	56	108	70	3	37	6	96	27	54	78	2	100	107	17	98	17	22	115	83	40	40	23	35	47	100	71	13	68	125
0	0	0	0	0	0	0	0	0	0	0	0	0	0	0	0	0	0	0	0	0	0	0	0	0	0	0	0	0	0	0	0	0	0	0	0	0	0	0	0	0	0	0	0	0	0	0	0	0	0	0	0	0	0	0	0	0	0	0	0	0	0	0	0	0	0	0	0	0	0	0	0	0	0	0	0	0	0	0	0	0	97	44	8	64	28	72	106	103	70	30	2	30	26	87	3	122	41	95	68	2	106	40	123	18	50	16	27	77	71	53	86	108	52	98	45	18	31	92	28	65	61	100	80	76	84	100	118
0	0	0	0	0	0	0	0	0	0	0	0	0	0	0	0	0	0	0	0	0	0	0	0	0	0	0	0	0	0	0	0	0	0	0	0	0	0	0	0	0	0	0	0	0	0	0	0	0	0	0	0	0	0	0	0	0	0	0	0	0	0	0	0	0	0	0	0	0	0	0	0	0	0	0	0	0	0	0	0	0	0	73	16	58	46	35	87	103	12	39	40	37	107	126	12	124	111	40	31	22	94	114	103	99	7	115	11	117	83	74	89	5	7	104	73	1	126	41	120	93	98	34	111	13	50	74	111
0	0	0	0	0	0	0	0	0	0	0	0	0	0	0	0	0	0	0	0	0	0	0	0	0	0	0	0	0	0	0	0	0	0	0	0	0	0	0	0	0	0	0	0	0	0	0	0	0	0	0	0	0	0	0	0	0	0	0	0	0	0	0	0	0	0	0	0	0	0	0	0	0	0	0	0	0	0	0	0	0	0	0	82	48	4	77	116	2	21	43	123	115	5	94	78	104	99	11	43	87	40	76	128	6	61	4	88	86	73	45	113	17	45	118	78	16	23	86	23	40	82	67	52	102	20	67	88
0	0	0	0	0	0	0	0	0	0	0	0	0	0	0	0	0	0	0	0	0	0	0	0	0	0	0	0	0	0	0	0	0	0	0	0	0	0	0	0	0	0	0	0	0	0	0	0	0	0	0	0	0	0	0	0	0	0	0	0	0	0	0	0	0	0	0	0	0	0	0	0	0	0	0	0	0	0	0	0	0	0	0	0	111	125	112	79	34	80	100	38	29	78	9	29	5	120	1	50	4	13	98	41	1	118	114	121	115	12	76	58	86	4	90	39	16	10	21	119	70	86	14	45	47	37	104	103
0	0	0	0	0	0	0	0	0	0	0	0	0	0	0	0	0	0	0	0	0	0	0	0	0	0	0	0	0	0	0	0	0	0	0	0	0	0	0	0	0	0	0	0	0	0	0	0	0	0	0	0	0	0	0	0	0	0	0	0	0	0	0	0	0	0	0	0	0	0	0	0	0	0	0	0	0	0	0	0	0	0	0	0	0	128	92	99	44	12	26	107	121	80	57	79	64	113	30	64	112	85	72	55	4	6	82	42	24	12	9	26	65	81	120	70	113	79	79	32	122	128	87	109	91	25	18	11
0	0	0	0	0	0	0	0	0	0	0	0	0	0	0	0	0	0	0	0	0	0	0	0	0	0	0	0	0	0	0	0	0	0	0	0	0	0	0	0	0	0	0	0	0	0	0	0	0	0	0	0	0	0	0	0	0	0	0	0	0	0	0	0	0	0	0	0	0	0	0	0	0	0	0	0	0	0	0	0	0	0	0	0	0	0	98	105	14	44	3	80	30	7	92	11	116	30	91	50	114	110	79	12	123	60	45	56	37	69	23	76	82	60	101	31	128	97	84	121	97	69	22	82	77	116	60	66
0	0	0	0	0	0	0	0	0	0	0	0	0	0	0	0	0	0	0	0	0	0	0	0	0	0	0	0	0	0	0	0	0	0	0	0	0	0	0	0	0	0	0	0	0	0	0	0	0	0	0	0	0	0	0	0	0	0	0	0	0	0	0	0	0	0	0	0	0	0	0	0	0	0	0	0	0	0	0	0	0	0	0	0	0	0	0	20	70	69	27	51	128	12	125	16	7	21	22	7	31	92	112	18	99	55	48	32	115	101	96	23	50	33	5	23	39	20	120	116	65	39	45	75	62	34	7	91
0	0	0	0	0	0	0	0	0	0	0	0	0	0	0	0	0	0	0	0	0	0	0	0	0	0	0	0	0	0	0	0	0	0	0	0	0	0	0	0	0	0	0	0	0	0	0	0	0	0	0	0	0	0	0	0	0	0	0	0	0	0	0	0	0	0	0	0	0	0	0	0	0	0	0	0	0	0	0	0	0	0	0	0	0	0	0	0	26	65	123	38	64	45	35	36	43	84	34	28	114	114	44	48	24	123	122	66	11	44	125	121	121	93	111	8	97	25	10	113	73	28	20	43	124	78	37	11
0	0	0	0	0	0	0	0	0	0	0	0	0	0	0	0	0	0	0	0	0	0	0	0	0	0	0	0	0	0	0	0	0	0	0	0	0	0	0	0	0	0	0	0	0	0	0	0	0	0	0	0	0	0	0	0	0	0	0	0	0	0	0	0	0	0	0	0	0	0	0	0	0	0	0	0	0	0	0	0	0	0	0	0	0	0	0	0	0	3	90	21	16	29	65	6	93	56	15	46	27	42	121	104	92	118	28	119	5	52	26	127	96	70	11	46	31	25	39	61	65	22	125	123	24	54	109	74
0	0	0	0	0	0	0	0	0	0	0	0	0	0	0	0	0	0	0	0	0	0	0	0	0	0	0	0	0	0	0	0	0	0	0	0	0	0	0	0	0	0	0	0	0	0	0	0	0	0	0	0	0	0	0	0	0	0	0	0	0	0	0	0	0	0	0	0	0	0	0	0	0	0	0	0	0	0	0	0	0	0	0	0	0	0	0	0	0	0	99	107	88	123	15	47	128	67	15	112	97	89	28	110	31	87	10	93	80	52	3	74	37	123	45	36	25	102	16	24	104	94	16	105	108	125	40	23
0	0	0	0	0	0	0	0	0	0	0	0	0	0	0	0	0	0	0	0	0	0	0	0	0	0	0	0	0	0	0	0	0	0	0	0	0	0	0	0	0	0	0	0	0	0	0	0	0	0	0	0	0	0	0	0	0	0	0	0	0	0	0	0	0	0	0	0	0	0	0	0	0	0	0	0	0	0	0	0	0	0	0	0	0	0	0	0	0	0	0	122	5	71	126	15	90	106	10	77	78	112	120	13	34	42	51	115	112	63	39	28	126	1	12	46	109	111	51	55	76	93	25	127	108	77	107	109
0	0	0	0	0	0	0	0	0	0	0	0	0	0	0	0	0	0	0	0	0	0	0	0	0	0	0	0	0	0	0	0	0	0	0	0	0	0	0	0	0	0	0	0	0	0	0	0	0	0	0	0	0	0	0	0	0	0	0	0	0	0	0	0	0	0	0	0	0	0	0	0	0	0	0	0	0	0	0	0	0	0	0	0	0	0	0	0	0	0	0	0	28	82	45	13	52	8	73	58	71	77	13	72	42	88	113	117	78	85	84	22	116	51	102	25	33	65	66	110	63	59	94	53	106	5	15	43
0	0	0	0	0	0	0	0	0	0	0	0	0	0	0	0	0	0	0	0	0	0	0	0	0	0	0	0	0	0	0	0	0	0	0	0	0	0	0	0	0	0	0	0	0	0	0	0	0	0	0	0	0	0	0	0	0	0	0	0	0	0	0	0	0	0	0	0	0	0	0	0	0	0	0	0	0	0	0	0	0	0	0	0	0	0	0	0	0	0	0	0	0	88	45	109	95	120	49	85	121	79	4	20	98	11	119	47	112	72	20	84	29	47	73	121	15	25	55	118	125	6	118	95	40	124	45	96
0	0	0	0	0	0	0	0	0	0	0	0	0	0	0	0	0	0	0	0	0	0	0	0	0	0	0	0	0	0	0	0	0	0	0	0	0	0	0	0	0	0	0	0	0	0	0	0	0	0	0	0	0	0	0	0	0	0	0	0	0	0	0	0	0	0	0	0	0	0	0	0	0	0	0	0	0	0	0	0	0	0	0	0	0	0	0	0	0	0	0	0	0	0	66	126	117	110	85	74	107	27	14	43	117	33	56	63	99	44	110	34	75	58	15	23	77	81	75	82	121	25	54	80	47	80	124	89
0	0	0	0	0	0	0	0	0	0	0	0	0	0	0	0	0	0	0	0	0	0	0	0	0	0	0	0	0	0	0	0	0	0	0	0	0	0	0	0	0	0	0	0	0	0	0	0	0	0	0	0	0	0	0	0	0	0	0	0	0	0	0	0	0	0	0	0	0	0	0	0	0	0	0	0	0	0	0	0	0	0	0	0	0	0	0	0	0	0	0	0	0	0	0	9	73	58	71	75	6	76	100	17	44	121	124	107	23	61	121	11	32	50	66	53	122	15	94	83	36	2	40	22	81	114	48	117
0	0	0	0	0	0	0	0	0	0	0	0	0	0	0	0	0	0	0	0	0	0	0	0	0	0	0	0	0	0	0	0	0	0	0	0	0	0	0	0	0	0	0	0	0	0	0	0	0	0	0	0	0	0	0	0	0	0	0	0	0	0	0	0	0	0	0	0	0	0	0	0	0	0	0	0	0	0	0	0	0	0	0	0	0	0	0	0	0	0	0	0	0	0	0	0	2	24	12	41	30	39	85	19	53	37	68	73	20	45	94	67	102	60	93	51	115	100	95	91	33	81	88	30	18	51	51	104
0	0	0	0	0	0	0	0	0	0	0	0	0	0	0	0	0	0	0	0	0	0	0	0	0	0	0	0	0	0	0	0	0	0	0	0	0	0	0	0	0	0	0	0	0	0	0	0	0	0	0	0	0	0	0	0	0	0	0	0	0	0	0	0	0	0	0	0	0	0	0	0	0	0	0	0	0	0	0	0	0	0	0	0	0	0	0	0	0	0	0	0	0	0	0	0	0	89	4	79	49	56	85	96	113	38	4	73	35	26	23	22	29	70	72	89	73	2	103	103	72	10	18	17	85	126	60	59
0	0	0	0	0	0	0	0	0	0	0	0	0	0	0	0	0	0	0	0	0	0	0	0	0	0	0	0	0	0	0	0	0	0	0	0	0	0	0	0	0	0	0	0	0	0	0	0	0	0	0	0	0	0	0	0	0	0	0	0	0	0	0	0	0	0	0	0	0	0	0	0	0	0	0	0	0	0	0	0	0	0	0	0	0	0	0	0	0	0	0	0	0	0	0	0	0	0	114	8	34	87	103	55	84	72	34	12	45	36	44	113	120	126	84	109	105	93	109	51	101	20	124	97	53	91	9	56
0	0	0	0	0	0	0	0	0	0	0	0	0	0	0	0	0	0	0	0	0	0	0	0	0	0	0	0	0	0	0	0	0	0	0	0	0	0	0	0	0	0	0	0	0	0	0	0	0	0	0	0	0	0	0	0	0	0	0	0	0	0	0	0	0	0	0	0	0	0	0	0	0	0	0	0	0	0	0	0	0	0	0	0	0	0	0	0	0	0	0	0	0	0	0	0	0	0	0	12	25	10	68	81	1	21	77	24	69	113	40	114	59	34	128	2	23	53	9	53	27	107	22	19	95	58	117	84
0	0	0	0	0	0	0	0	0	0	0	0	0	0	0	0	0	0	0	0	0	0	0	0	0	0	0	0	0	0	0	0	0	0	0	0	0	0	0	0	0	0	0	0	0	0	0	0	0	0	0	0	0	0	0	0	0	0	0	0	0	0	0	0	0	0	0	0	0	0	0	0	0	0	0	0	0	0	0	0	0	0	0	0	0	0	0	0	0	0	0	0	0	0	0	0	0	0	0	0	39	16	52	79	68	106	13	21	71	101	74	54	117	50	64	22	125	115	83	15	73	16	83	53	99	43	13	66
0	0	0	0	0	0	0	0	0	0	0	0	0	0	0	0	0	0	0	0	0	0	0	0	0	0	0	0	0	0	0	0	0	0	0	0	0	0	0	0	0	0	0	0	0	0	0	0	0	0	0	0	0	0	0	0	0	0	0	0	0	0	0	0	0	0	0	0	0	0	0	0	0	0	0	0	0	0	0	0	0	0	0	0	0	0	0	0	0	0	0	0	0	0	0	0	0	0	0	0	0	116	85	12	40	70	63	98	78	2	24	103	102	6	68	109	16	120	77	79	43	54	100	128	77	69	80	125
0	0	0	0	0	0	0	0	0	0	0	0	0	0	0	0	0	0	0	0	0	0	0	0	0	0	0	0	0	0	0	0	0	0	0	0	0	0	0	0	0	0	0	0	0	0	0	0	0	0	0	0	0	0	0	0	0	0	0	0	0	0	0	0	0	0	0	0	0	0	0	0	0	0	0	0	0	0	0	0	0	0	0	0	0	0	0	0	0	0	0	0	0	0	0	0	0	0	0	0	0	0	107	28	121	1	80	62	11	60	99	22	122	120	14	99	90	2	118	69	83	96	121	118	110	128	68	50
0	0	0	0	0	0	0	0	0	0	0	0	0	0	0	0	0	0	0	0	0	0	0	0	0	0	0	0	0	0	0	0	0	0	0	0	0	0	0	0	0	0	0	0	0	0	0	0	0	0	0	0	0	0	0	0	0	0	0	0	0	0	0	0	0	0	0	0	0	0	0	0	0	0	0	0	0	0	0	0	0	0	0	0	0	0	0	0	0	0	0	0	0	0	0	0	0	0	0	0	0	0	0	95	90	82	55	103	102	111	16	4	29	20	51	47	38	74	83	128	41	81	42	94	44	23	58	18
0	0	0	0	0	0	0	0	0	0	0	0	0	0	0	0	0	0	0	0	0	0	0	0	0	0	0	0	0	0	0	0	0	0	0	0	0	0	0	0	0	0	0	0	0	0	0	0	0	0	0	0	0	0	0	0	0	0	0	0	0	0	0	0	0	0	0	0	0	0	0	0	0	0	0	0	0	0	0	0	0	0	0	0	0	0	0	0	0	0	0	0	0	0	0	0	0	0	0	0	0	0	0	0	95	103	30	71	66	63	125	42	24	65	128	62	103	113	118	6	98	67	79	106	113	9	35	75
0	0	0	0	0	0	0	0	0	0	0	0	0	0	0	0	0	0	0	0	0	0	0	0	0	0	0	0	0	0	0	0	0	0	0	0	0	0	0	0	0	0	0	0	0	0	0	0	0	0	0	0	0	0	0	0	0	0	0	0	0	0	0	0	0	0	0	0	0	0	0	0	0	0	0	0	0	0	0	0	0	0	0	0	0	0	0	0	0	0	0	0	0	0	0	0	0	0	0	0	0	0	0	0	0	52	122	86	94	73	23	27	87	13	27	85	6	107	61	104	28	128	40	66	96	86	67	70
0	0	0	0	0	0	0	0	0	0	0	0	0	0	0	0	0	0	0	0	0	0	0	0	0	0	0	0	0	0	0	0	0	0	0	0	0	0	0	0	0	0	0	0	0	0	0	0	0	0	0	0	0	0	0	0	0	0	0	0	0	0	0	0	0	0	0	0	0	0	0	0	0	0	0	0	0	0	0	0	0	0	0	0	0	0	0	0	0	0	0	0	0	0	0	0	0	0	0	0	0	0	0	0	0	0	60	123	112	111	89	47	58	116	70	34	51	122	39	66	128	85	127	128	87	25	86	125
0	0	0	0	0	0	0	0	0	0	0	0	0	0	0	0	0	0	0	0	0	0	0	0	0	0	0	0	0	0	0	0	0	0	0	0	0	0	0	0	0	0	0	0	0	0	0	0	0	0	0	0	0	0	0	0	0	0	0	0	0	0	0	0	0	0	0	0	0	0	0	0	0	0	0	0	0	0	0	0	0	0	0	0	0	0	0	0	0	0	0	0	0	0	0	0	0	0	0	0	0	0	0	0	0	0	0	99	99	29	116	41	116	36	54	112	125	33	69	112	18	60	9	71	72	38	75	97
0	0	0	0	0	0	0	0	0	0	0	0	0	0	0	0	0	0	0	0	0	0	0	0	0	0	0	0	0	0	0	0	0	0	0	0	0	0	0	0	0	0	0	0	0	0	0	0	0	0	0	0	0	0	0	0	0	0	0	0	0	0	0	0	0	0	0	0	0	0	0	0	0	0	0	0	0	0	0	0	0	0	0	0	0	0	0	0	0	0	0	0	0	0	0	0	0	0	0	0	0	0	0	0	0	0	0	0	69	20	63	78	21	12	44	31	103	37	119	73	114	55	84	77	102	72	10	121
0	0	0	0	0	0	0	0	0	0	0	0	0	0	0	0	0	0	0	0	0	0	0	0	0	0	0	0	0	0	0	0	0	0	0	0	0	0	0	0	0	0	0	0	0	0	0	0	0	0	0	0	0	0	0	0	0	0	0	0	0	0	0	0	0	0	0	0	0	0	0	0	0	0	0	0	0	0	0	0	0	0	0	0	0	0	0	0	0	0	0	0	0	0	0	0	0	0	0	0	0	0	0	0	0	0	0	0	0	101	98	116	97	110	72	93	112	37	21	94	118	49	37	49	37	35	54	33
0	0	0	0	0	0	0	0	0	0	0	0	0	0	0	0	0	0	0	0	0	0	0	0	0	0	0	0	0	0	0	0	0	0	0	0	0	0	0	0	0	0	0	0	0	0	0	0	0	0	0	0	0	0	0	0	0	0	0	0	0	0	0	0	0	0	0	0	0	0	0	0	0	0	0	0	0	0	0	0	0	0	0	0	0	0	0	0	0	0	0	0	0	0	0	0	0	0	0	0	0	0	0	0	0	0	0	0	0	0	107	87	125	80	66	6	121	3	83	23	106	81	119	87	84	116	20	58
0	0	0	0	0	0	0	0	0	0	0	0	0	0	0	0	0	0	0	0	0	0	0	0	0	0	0	0	0	0	0	0	0	0	0	0	0	0	0	0	0	0	0	0	0	0	0	0	0	0	0	0	0	0	0	0	0	0	0	0	0	0	0	0	0	0	0	0	0	0	0	0	0	0	0	0	0	0	0	0	0	0	0	0	0	0	0	0	0	0	0	0	0	0	0	0	0	0	0	0	0	0	0	0	0	0	0	0	0	0	0	125	53	120	60	87	13	5	65	16	47	63	38	42	82	69	101	104
0	0	0	0	0	0	0	0	0	0	0	0	0	0	0	0	0	0	0	0	0	0	0	0	0	0	0	0	0	0	0	0	0	0	0	0	0	0	0	0	0	0	0	0	0	0	0	0	0	0	0	0	0	0	0	0	0	0	0	0	0	0	0	0	0	0	0	0	0	0	0	0	0	0	0	0	0	0	0	0	0	0	0	0	0	0	0	0	0	0	0	0	0	0	0	0	0	0	0	0	0	0	0	0	0	0	0	0	0	0	0	0	83	50	34	27	63	103	128	91	12	72	24	21	57	37	118	100
0	0	0	0	0	0	0	0	0	0	0	0	0	0	0	0	0	0	0	0	0	0	0	0	0	0	0	0	0	0	0	0	0	0	0	0	0	0	0	0	0	0	0	0	0	0	0	0	0	0	0	0	0	0	0	0	0	0	0	0	0	0	0	0	0	0	0	0	0	0	0	0	0	0	0	0	0	0	0	0	0	0	0	0	0	0	0	0	0	0	0	0	0	0	0	0	0	0	0	0	0	0	0	0	0	0	0	0	0	0	0	0	0	35	28	16	61	21	59	89	20	56	120	49	55	83	84	55
0	0	0	0	0	0	0	0	0	0	0	0	0	0	0	0	0	0	0	0	0	0	0	0	0	0	0	0	0	0	0	0	0	0	0	0	0	0	0	0	0	0	0	0	0	0	0	0	0	0	0	0	0	0	0	0	0	0	0	0	0	0	0	0	0	0	0	0	0	0	0	0	0	0	0	0	0	0	0	0	0	0	0	0	0	0	0	0	0	0	0	0	0	0	0	0	0	0	0	0	0	0	0	0	0	0	0	0	0	0	0	0	0	0	73	103	93	11	4	63	9	108	118	115	1	80	73	28
0	0	0	0	0	0	0	0	0	0	0	0	0	0	0	0	0	0	0	0	0	0	0	0	0	0	0	0	0	0	0	0	0	0	0	0	0	0	0	0	0	0	0	0	0	0	0	0	0	0	0	0	0	0	0	0	0	0	0	0	0	0	0	0	0	0	0	0	0	0	0	0	0	0	0	0	0	0	0	0	0	0	0	0	0	0	0	0	0	0	0	0	0	0	0	0	0	0	0	0	0	0	0	0	0	0	0	0	0	0	0	0	0	0	0	5	126	87	63	81	85	15	21	4	73	7	74	23
0	0	0	0	0	0	0	0	0	0	0	0	0	0	0	0	0	0	0	0	0	0	0	0	0	0	0	0	0	0	0	0	0	0	0	0	0	0	0	0	0	0	0	0	0	0	0	0	0	0	0	0	0	0	0	0	0	0	0	0	0	0	0	0	0	0	0	0	0	0	0	0	0	0	0	0	0	0	0	0	0	0	0	0	0	0	0	0	0	0	0	0	0	0	0	0	0	0	0	0	0	0	0	0	0	0	0	0	0	0	0	0	0	0	0	0	27	29	70	24	127	113	117	30	28	48	25	19
0	0	0	0	0	0	0	0	0	0	0	0	0	0	0	0	0	0	0	0	0	0	0	0	0	0	0	0	0	0	0	0	0	0	0	0	0	0	0	0	0	0	0	0	0	0	0	0	0	0	0	0	0	0	0	0	0	0	0	0	0	0	0	0	0	0	0	0	0	0	0	0	0	0	0	0	0	0	0	0	0	0	0	0	0	0	0	0	0	0	0	0	0	0	0	0	0	0	0	0	0	0	0	0	0	0	0	0	0	0	0	0	0	0	0	0	0	21	80	65	100	50	124	29	85	59	59	61
0	0	0	0	0	0	0	0	0	0	0	0	0	0	0	0	0	0	0	0	0	0	0	0	0	0	0	0	0	0	0	0	0	0	0	0	0	0	0	0	0	0	0	0	0	0	0	0	0	0	0	0	0	0	0	0	0	0	0	0	0	0	0	0	0	0	0	0	0	0	0	0	0	0	0	0	0	0	0	0	0	0	0	0	0	0	0	0	0	0	0	0	0	0	0	0	0	0	0	0	0	0	0	0	0	0	0	0	0	0	0	0	0	0	0	0	0	0	80	11	21	99	14	13	3	14	93	40
0	0	0	0	0	0	0	0	0	0	0	0	0	0	0	0	0	0	0	0	0	0	0	0	0	0	0	0	0	0	0	0	0	0	0	0	0	0	0	0	0	0	0	0	0	0	0	0	0	0	0	0	0	0	0	0	0	0	0	0	0	0	0	0	0	0	0	0	0	0	0	0	0	0	0	0	0	0	0	0	0	0	0	0	0	0	0	0	0	0	0	0	0	0	0	0	0	0	0	0	0	0	0	0	0	0	0	0	0	0	0	0	0	0	0	0	0	0	0	114	80	2	92	121	55	65	87	47
0	0	0	0	0	0	0	0	0	0	0	0	0	0	0	0	0	0	0	0	0	0	0	0	0	0	0	0	0	0	0	0	0	0	0	0	0	0	0	0	0	0	0	0	0	0	0	0	0	0	0	0	0	0	0	0	0	0	0	0	0	0	0	0	0	0	0	0	0	0	0	0	0	0	0	0	0	0	0	0	0	0	0	0	0	0	0	0	0	0	0	0	0	0	0	0	0	0	0	0	0	0	0	0	0	0	0	0	0	0	0	0	0	0	0	0	0	0	0	0	69	32	3	121	53	91	8	81
0	0	0	0	0	0	0	0	0	0	0	0	0	0	0	0	0	0	0	0	0	0	0	0	0	0	0	0	0	0	0	0	0	0	0	0	0	0	0	0	0	0	0	0	0	0	0	0	0	0	0	0	0	0	0	0	0	0	0	0	0	0	0	0	0	0	0	0	0	0	0	0	0	0	0	0	0	0	0	0	0	0	0	0	0	0	0	0	0	0	0	0	0	0	0	0	0	0	0	0	0	0	0	0	0	0	0	0	0	0	0	0	0	0	0	0	0	0	0	0	0	119	124	45	118	90	58	20
0	0	0	0	0	0	0	0	0	0	0	0	0	0	0	0	0	0	0	0	0	0	0	0	0	0	0	0	0	0	0	0	0	0	0	0	0	0	0	0	0	0	0	0	0	0	0	0	0	0	0	0	0	0	0	0	0	0	0	0	0	0	0	0	0	0	0	0	0	0	0	0	0	0	0	0	0	0	0	0	0	0	0	0	0	0	0	0	0	0	0	0	0	0	0	0	0	0	0	0	0	0	0	0	0	0	0	0	0	0	0	0	0	0	0	0	0	0	0	0	0	0	81	12	69	21	104	65
0	0	0	0	0	0	0	0	0	0	0	0	0	0	0	0	0	0	0	0	0	0	0	0	0	0	0	0	0	0	0	0	0	0	0	0	0	0	0	0	0	0	0	0	0	0	0	0	0	0	0	0	0	0	0	0	0	0	0	0	0	0	0	0	0	0	0	0	0	0	0	0	0	0	0	0	0	0	0	0	0	0	0	0	0	0	0	0	0	0	0	0	0	0	0	0	0	0	0	0	0	0	0	0	0	0	0	0	0	0	0	0	0	0	0	0	0	0	0	0	0	0	0	90	126	46	26	97
0	0	0	0	0	0	0	0	0	0	0	0	0	0	0	0	0	0	0	0	0	0	0	0	0	0	0	0	0	0	0	0	0	0	0	0	0	0	0	0	0	0	0	0	0	0	0	0	0	0	0	0	0	0	0	0	0	0	0	0	0	0	0	0	0	0	0	0	0	0	0	0	0	0	0	0	0	0	0	0	0	0	0	0	0	0	0	0	0	0	0	0	0	0	0	0	0	0	0	0	0	0	0	0	0	0	0	0	0	0	0	0	0	0	0	0	0	0	0	0	0	0	0	0	114	110	97	87
0	0	0	0	0	0	0	0	0	0	0	0	0	0	0	0	0	0	0	0	0	0	0	0	0	0	0	0	0	0	0	0	0	0	0	0	0	0	0	0	0	0	0	0	0	0	0	0	0	0	0	0	0	0	0	0	0	0	0	0	0	0	0	0	0	0	0	0	0	0	0	0	0	0	0	0	0	0	0	0	0	0	0	0	0	0	0	0	0	0	0	0	0	0	0	0	0	0	0	0	0	0	0	0	0	0	0	0	0	0	0	0	0	0	0	0	0	0	0	0	0	0	0	0	0	13	72	77
0	0	0	0	0	0	0	0	0	0	0	0	0	0	0	0	0	0	0	0	0	0	0	0	0	0	0	0	0	0	0	0	0	0	0	0	0	0	0	0	0	0	0	0	0	0	0	0	0	0	0	0	0	0	0	0	0	0	0	0	0	0	0	0	0	0	0	0	0	0	0	0	0	0	0	0	0	0	0	0	0	0	0	0	0	0	0	0	0	0	0	0	0	0	0	0	0	0	0	0	0	0	0	0	0	0	0	0	0	0	0	0	0	0	0	0	0	0	0	0	0	0	0	0	0	0	89	37
0	0	0	0	0	0	0	0	0	0	0	0	0	0	0	0	0	0	0	0	0	0	0	0	0	0	0	0	0	0	0	0	0	0	0	0	0	0	0	0	0	0	0	0	0	0	0	0	0	0	0	0	0	0	0	0	0	0	0	0	0	0	0	0	0	0	0	0	0	0	0	0	0	0	0	0	0	0	0	0	0	0	0	0	0	0	0	0	0	0	0	0	0	0	0	0	0	0	0	0	0	0	0	0	0	0	0	0	0	0	0	0	0	0	0	0	0	0	0	0	0	0	0	0	0	0	0	53
0	0	0	0	0	0	0	0	0	0	0	0	0	0	0	0	0	0	0	0	0	0	0	0	0	0	0	0	0	0	0	0	0	0	0	0	0	0	0	0	0	0	0	0	0	0	0	0	0	0	0	0	0	0	0	0	0	0	0	0	0	0	0	0	0	0	0	0	0	0	0	0	0	0	0	0	0	0	0	0	0	0	0	0	0	0	0	0	0	0	0	0	0	0	0	0	0	0	0	0	0	0	0	0	0	0	0	0	0	0	0	0	0	0	0	0	0	0	0	0	0	0	0	0	0	0	0	0