0	116	66	126	57	42	106	38	58	69	34	34	26	69	107	42	29	47	83	98	89	91	108	121	88	119	115	76	5	86	62	21	1	124	128	11	20	56	51	124	6	68	58	21	3	65	122	72	42	55	82	69	82	106	56	128	37	39	56	20	42	56	10	25	8	66	91	31	95	96	79	32	46	47	74	86	7	70	65	38	126	73	117	38	103	117	115	52	88	87	111	22	63	31	7	114	124	93	83	21	122	86	102	18	23	62	86	13	11	117	68	43	43	104	58	97	94	37	3	73	57	39	68	113	56	105	60	74
0	0	4	62	94	79	126	16	50	108	18	66	68	66	47	63	28	20	29	83	55	57	105	2	80	126	43	70	12	122	17	118	31	119	63	122	64	3	7	81	68	110	24	89	42	72	123	122	25	77	54	124	6	98	35	122	113	39	34	77	107	126	40	112	55	103	109	26	30	99	109	79	28	7	28	84	95	75	31	23	13	98	50	84	12	78	104	7	23	46	91	23	93	128	112	66	33	81	77	16	14	63	61	47	120	29	87	35	78	53	89	97	93	13	82	65	113	79	5	34	86	105	57	92	116	29	54	55
0	0	0	81	122	49	26	8	21	51	3	25	109	93	84	98	63	90	119	108	16	98	58	1	64	118	37	87	46	63	20	19	28	117	63	25	110	95	83	127	97	5	26	112	73	88	99	80	96	95	127	45	120	45	67	96	60	55	64	16	79	29	12	40	113	50	34	110	97	22	10	7	10	91	14	44	36	15	79	119	60	115	92	49	60	107	30	42	68	52	109	101	17	76	125	48	95	2	104	84	36	121	26	29	103	69	113	39	68	37	45	83	123	125	45	45	105	16	69	46	30	67	120	33	110	106	44	67
0	0	0	0	122	83	67	90	27	127	71	83	1	38	87	115	60	3	36	107	116	12	65	73	1	94	43	116	34	87	115	1	78	107	111	97	72	57	23	123	18	31	93	6	90	123	45	22	82	84	54	82	11	1	12	124	127	99	87	9	37	106	62	116	102	113	102	120	109	107	122	79	91	85	120	103	32	37	13	112	94	12	120	9	117	27	58	109	78	1	50	92	57	70	77	3	23	49	29	96	13	19	63	40	35	4	51	38	67	61	116	100	121	95	69	103	119	29	92	114	5	56	105	2	26	11	61	71
0	0	0	0	0	124	56	46	5	128	18	97	29	80	104	102	34	13	81	4	56	53	10	30	13	72	87	10	70	7	56	103	86	22	60	106	85	56	30	37	4	57	56	3	54	30	124	1	108	54	122	119	33	112	32	46	41	24	39	37	71	78	19	41	27	124	71	115	41	74	49	120	96	12	108	93	99	81	107	122	112	48	2	126	83	118	65	2	49	35	16	64	49	79	62	121	30	42	127	13	15	13	71	52	19	32	56	87	110	89	76	32	63	21	26	85	38	116	53	14	6	49	7	75	125	71	73	9
0	0	0	0	0	0	26	44	114	107	87	17	87	2	61	18	31	122	6	16	57	51	5	25	46	47	32	9	46	2	104	121	12	46	47	28	62	22	107	25	94	109	105	38	67	19	37	62	41	92	58	115	94	96	94	62	29	37	17	63	94	42	111	27	67	101	68	32	41	43	70	100	124	5	11	11	13	52	28	75	114	14	47	64	1	48	124	10	46	39	107	120	10	63	24	33	26	31	31	94	2	27	113	44	86	97	58	5	34	32	100	30	107	71	12	101	108	81	59	6	67	88	56	7	117	103	58	39
0	0	0	0	0	0	0	42	33	127	76	121	24	28	116	79	32	60	93	79	31	45	86	46	75	28	60	101	46	94	26	114	5	72	12	63	66	36	21	82	87	82	7	22	48	39	61	82	122	41	75	11	124	38	95	6	75	99	64	57	5	99	20	65	60	48	19	15	27	128	23	87	88	85	23	34	70	42	127	79	6	114	88	55	50	27	14	95	46	73	11	2	75	38	108	101	126	53	33	128	108	65	53	72	45	6	70	1	58	125	121	85	101	16	15	94	61	65	2	72	72	88	118	3	120	43	18	44
0	0	0	0	0	0	0	0	107	43	33	60	83	117	19	11	86	115	25	31	65	74	97	41	61	95	48	26	35	18	15	11	87	70	102	13	4	114	111	90	77	16	113	51	24	62	64	99	85	90	105	94	93	34	128	111	73	121	20	59	32	119	117	13	126	88	113	73	116	117	41	27	21	116	109	86	38	94	30	40	41	59	21	13	39	31	80	117	119	11	86	91	41	78	97	22	43	26	120	115	75	87	79	87	62	10	121	71	97	17	90	9	73	62	102	65	109	116	100	82	101	93	127	14	80	21	109	68
0	0	0	0	0	0	0	0	0	87	73	82	102	23	51	20	85	29	120	100	24	6	27	96	72	83	45	110	16	5	33	96	43	61	87	2	7	59	31	18	102	121	21	33	2	17	85	106	11	54	116	69	75	105	64	59	101	106	83	34	63	66	16	114	6	60	83	128	42	51	86	68	95	126	39	13	4	90	19	75	80	63	101	90	90	123	58	68	59	68	126	36	37	2	74	91	104	88	19	23	13	121	54	16	118	101	10	75	91	60	106	101	68	102	36	67	29	96	57	4	27	72	102	85	55	87	8	44
0	0	0	0	0	0	0	0	0	0	24	12	51	116	8	119	66	62	78	31	47	103	50	38	37	123	84	68	85	78	66	7	75	41	99	3	55	18	72	94	102	118	79	51	13	1	65	2	3	68	117	67	81	35	5	62	28	28	45	44	88	109	45	92	82	50	114	104	83	107	85	62	89	80	16	77	60	30	69	59	125	116	80	62	127	4	30	23	125	77	109	13	96	55	74	127	127	114	92	15	70	37	99	117	68	113	52	106	25	17	111	63	34	34	21	100	39	111	60	30	66	95	47	3	127	22	79	103
0	0	0	0	0	0	0	0	0	0	0	64	73	105	22	65	106	46	21	76	22	128	7	121	119	111	75	87	42	123	6	55	18	75	37	102	54	103	88	58	10	62	113	39	31	40	104	29	79	127	79	108	53	123	12	77	2	31	55	50	87	17	114	115	123	100	106	71	97	68	36	10	75	62	124	53	110	114	82	100	15	39	34	111	22	25	65	103	53	112	127	51	68	114	38	104	122	31	77	124	39	1	34	13	89	125	30	63	97	26	102	16	117	17	8	55	34	16	91	45	65	101	86	91	84	31	57	95
0	0	0	0	0	0	0	0	0	0	0	0	9	76	17	18	51	12	17	64	11	59	42	39	74	103	63	52	118	108	109	36	3	77	20	124	39	121	91	37	33	90	79	9	108	52	52	90	124	114	43	111	77	67	71	119	2	124	128	82	100	116	2	59	46	35	83	123	66	42	82	3	73	31	33	21	34	64	121	58	115	24	17	106	124	83	30	71	50	124	107	44	26	8	79	87	92	69	114	1	58	24	91	106	88	108	86	71	66	117	85	85	49	90	16	5	34	31	125	45	92	77	33	67	116	121	23	28
0	0	0	0	0	0	0	0	0	0	0	0	0	69	126	78	29	37	26	16	69	62	87	51	63	87	120	53	69	16	14	65	35	37	64	60	47	120	128	66	78	108	77	112	3	127	33	90	121	85	45	22	104	55	122	67	43	126	17	43	127	99	75	11	81	47	114	89	23	81	9	10	45	51	124	35	16	7	42	116	117	13	71	111	72	78	105	84	62	19	115	83	64	44	46	85	117	50	97	28	76	7	42	123	87	69	59	97	29	87	68	86	29	127	67	108	73	7	28	21	108	84	62	64	118	99	125	109
0	0	0	0	0	0	0	0	0	0	0	0	0	0	112	91	85	14	72	26	102	124	16	91	23	38	12	79	114	110	84	2	22	15	57	98	124	97	7	79	56	113	62	91	45	46	67	98	67	63	106	104	120	1	36	21	42	114	63	117	3	103	77	48	62	27	74	58	105	25	105	125	41	89	95	126	42	105	23	115	112	6	17	22	110	122	31	48	117	16	39	1	52	33	3	66	112	117	125	55	18	11	32	101	25	1	21	11	104	7	14	10	29	85	69	73	114	84	12	32	97	34	67	67	106	65	66	98
0	0	0	0	0	0	0	0	0	0	0	0	0	0	0	103	29	30	116	51	75	98	76	64	111	43	92	24	46	31	105	5	23	115	98	98	25	92	128	10	79	91	71	121	70	104	125	11	30	40	127	108	116	115	21	55	62	55	38	15	83	34	86	67	75	7	3	59	62	69	93	19	15	77	64	104	74	98	118	50	75	12	36	97	116	92	60	93	119	86	75	93	77	118	82	85	67	71	128	87	102	10	61	21	4	94	123	101	114	82	62	66	99	44	38	36	115	69	108	64	107	72	93	94	56	74	76	104
0	0	0	0	0	0	0	0	0	0	0	0	0	0	0	0	78	93	121	81	107	88	104	48	116	114	2	47	14	106	20	98	94	105	60	9	32	42	28	20	76	45	55	65	10	20	93	36	33	41	51	27	118	11	101	107	72	56	68	121	123	95	53	8	58	2	46	51	29	43	105	28	31	67	97	49	61	94	1	5	13	31	124	91	104	61	85	43	98	118	13	88	115	91	49	54	31	67	50	95	118	45	71	52	92	23	25	20	100	56	34	12	49	29	79	8	126	20	16	74	113	110	101	53	33	114	55	60
0	0	0	0	0	0	0	0	0	0	0	0	0	0	0	0	0	109	36	104	123	2	14	69	104	25	54	39	60	51	73	40	106	115	5	57	39	123	100	106	19	52	122	34	83	28	33	113	18	69	116	104	42	13	33	122	3	123	124	72	97	92	42	46	25	67	117	46	12	89	94	31	94	121	40	53	125	113	41	96	84	99	19	4	117	27	118	46	23	10	60	55	35	101	39	122	107	117	20	119	9	126	58	66	110	84	7	127	125	66	68	34	82	54	11	11	90	60	71	54	127	79	98	92	3	77	124	38
0	0	0	0	0	0	0	0	0	0	0	0	0	0	0	0	0	0	68	97	25	88	82	77	63	40	111	115	27	34	10	53	32	13	19	70	23	17	92	58	46	52	72	8	70	98	84	85	63	57	79	120	17	74	123	97	34	107	47	15	84	79	70	120	31	25	114	59	70	123	65	66	11	25	15	68	115	44	110	58	121	127	36	65	13	112	45	88	42	54	65	25	109	52	34	66	64	1	54	15	3	116	113	3	46	67	85	74	85	5	53	74	5	26	69	13	124	64	43	72	87	79	23	44	120	66	128	126
0	0	0	0	0	0	0	0	0	0	0	0	0	0	0	0	0	0	0	118	39	24	94	110	8	127	99	11	50	83	79	93	107	28	97	13	109	54	127	34	10	116	117	57	62	10	10	101	20	46	36	120	100	124	97	25	58	26	98	78	51	12	65	30	29	116	8	14	2	76	124	21	41	2	15	90	78	43	117	26	3	89	27	128	9	28	113	96	20	66	127	99	38	98	127	95	24	9	52	14	10	7	66	53	51	58	5	61	60	63	55	31	30	30	59	9	87	81	83	103	81	15	53	60	30	11	120	43
0	0	0	0	0	0	0	0	0	0	0	0	0	0	0	0	0	0	0	0	33	23	22	75	41	8	94	69	61	24	10	41	81	50	97	52	30	118	92	7	19	24	22	62	61	2	3	58	83	39	8	56	124	40	25	46	32	118	109	127	98	32	6	107	38	105	55	84	28	50	71	1	113	17	25	70	110	93	25	47	82	47	33	75	21	53	25	71	71	109	53	111	37	93	77	103	124	16	94	99	68	100	98	1	118	84	31	105	28	113	50	50	69	20	106	92	22	123	38	119	4	113	29	97	16	123	128	82
0	0	0	0	0	0	0	0	0	0	0	0	0	0	0	0	0	0	0	0	0	89	12	119	15	9	5	118	89	63	43	127	109	126	2	49	86	30	17	111	54	17	69	112	56	42	55	72	53	3	1	2	86	74	108	30	108	49	101	116	68	62	29	74	47	125	84	43	25	55	69	74	95	121	30	66	1	3	53	36	57	42	108	47	11	39	12	55	34	110	62	114	95	26	97	116	29	107	128	52	38	122	124	64	83	64	118	79	52	36	29	41	15	30	122	37	55	15	102	31	121	15	31	25	63	60	69	61
0	0	0	0	0	0	0	0	0	0	0	0	0	0	0	0	0	0	0	0	0	0	4	9	27	107	9	55	10	57	62	94	29	24	126	126	85	89	15	76	117	1	35	41	90	87	47	70	122	115	61	116	92	117	45	120	36	58	93	115	87	106	126	57	4	22	109	85	44	111	95	86	4	77	34	27	110	100	126	81	51	83	58	26	88	28	113	67	37	1	11	62	3	77	102	54	84	113	53	92	26	85	114	125	100	109	52	1	75	15	48	33	44	33	127	13	6	71	82	46	32	95	99	31	16	9	122	105
0	0	0	0	0	0	0	0	0	0	0	0	0	0	0	0	0	0	0	0	0	0	0	5	128	98	27	46	29	35	83	81	60	7	104	26	2	41	4	86	95	21	100	17	112	100	88	6	38	125	78	18	35	41	28	116	125	23	6	68	103	114	59	48	84	121	64	13	62	3	67	85	27	45	82	114	62	106	56	76	36	63	46	5	107	104	43	116	96	47	63	34	42	105	97	15	125	85	31	128	48	83	113	47	16	84	11	28	47	46	74	2	69	24	37	124	26	20	116	71	89	41	2	97	126	1	63	21
0	0	0	0	0	0	0	0	0	0	0	0	0	0	0	0	0	0	0	0	0	0	0	0	9	122	102	58	36	9	56	121	89	42	11	55	48	61	68	124	35	39	122	123	28	102	27	37	100	73	112	92	10	65	55	24	70	91	51	10	30	69	33	26	106	27	24	37	18	58	81	20	81	28	8	29	118	123	49	16	44	19	5	100	5	40	65	101	39	62	118	3	126	26	120	115	37	29	96	120	112	100	53	6	123	47	4	8	111	9	4	19	94	87	14	33	17	43	16	108	112	54	61	46	47	113	47	65
0	0	0	0	0	0	0	0	0	0	0	0	0	0	0	0	0	0	0	0	0	0	0	0	0	74	118	21	93	115	124	32	89	87	65	60	44	54	37	17	89	33	29	123	94	32	20	62	81	85	72	17	30	43	74	16	31	84	108	125	33	65	117	106	114	41	81	18	115	1	2	23	126	10	115	35	69	58	60	66	73	21	47	120	116	40	127	60	2	53	128	114	52	66	22	2	108	111	80	35	77	41	120	30	92	120	45	80	22	30	56	20	100	97	21	84	21	34	124	11	96	67	125	27	122	3	67	63
0	0	0	0	0	0	0	0	0	0	0	0	0	0	0	0	0	0	0	0	0	0	0	0	0	0	44	104	107	83	77	67	115	65	58	93	10	76	12	67	58	119	72	47	1	123	36	18	95	11	29	10	77	108	120	23	2	83	75	73	33	43	12	88	31	89	10	54	22	68	71	118	9	53	32	98	25	120	115	33	25	110	99	53	80	83	128	118	57	110	123	123	67	65	119	109	90	66	31	118	101	82	67	92	115	20	13	100	4	81	66	76	47	73	31	8	42	8	45	121	40	91	91	49	67	93	18	128
0	0	0	0	0	0	0	0	0	0	0	0	0	0	0	0	0	0	0	0	0	0	0	0	0	0	0	81	4	79	72	73	101	53	14	126	94	57	75	32	114	82	104	28	84	114	98	56	124	51	103	96	17	30	69	87	125	63	57	99	50	99	68	124	127	13	47	18	63	44	111	34	112	124	81	82	109	90	37	102	90	12	37	96	73	53	59	108	6	93	96	63	118	111	25	97	100	9	53	77	56	54	30	127	21	60	21	117	109	73	32	100	71	57	9	66	113	94	6	35	97	95	72	6	110	68	100	73
0	0	0	0	0	0	0	0	0	0	0	0	0	0	0	0	0	0	0	0	0	0	0	0	0	0	0	0	96	2	94	6	3	125	79	20	44	97	42	121	109	101	111	37	103	24	117	61	2	25	109	53	127	121	44	45	64	51	2	93	14	113	80	5	70	22	50	120	83	77	17	99	88	55	86	58	58	63	33	104	118	58	103	75	127	70	29	97	21	66	54	82	20	121	87	20	127	92	78	118	88	14	42	10	71	49	83	9	33	33	98	17	11	12	63	69	45	8	55	73	101	51	55	51	121	91	28	86
0	0	0	0	0	0	0	0	0	0	0	0	0	0	0	0	0	0	0	0	0	0	0	0	0	0	0	0	0	78	104	1	80	8	124	45	45	91	118	101	109	90	107	113	126	92	110	39	96	76	29	82	43	99	76	95	20	93	13	120	106	10	33	28	6	70	95	67	60	15	40	30	88	107	103	42	38	3	110	50	90	43	35	51	33	36	125	87	125	110	20	22	100	126	47	20	13	50	81	120	16	98	42	88	102	97	70	87	51	84	19	50	52	24	6	13	89	22	43	21	109	24	78	70	66	86	72	110
0	0	0	0	0	0	0	0	0	0	0	0	0	0	0	0	0	0	0	0	0	0	0	0	0	0	0	0	0	0	90	40	17	43	58	56	116	4	38	11	124	53	33	109	13	120	81	17	63	63	35	64	79	97	121	23	33	128	108	71	92	98	19	54	119	31	117	8	11	28	85	113	67	103	54	68	36	28	88	55	92	84	6	127	26	48	51	36	17	117	4	56	101	113	67	62	83	49	46	38	7	13	104	53	46	114	31	75	108	50	51	44	44	3	1	55	60	24	37	100	109	15	94	95	80	68	57	11
0	0	0	0	0	0	0	0	0	0	0	0	0	0	0	0	0	0	0	0	0	0	0	0	0	0	0	0	0	0	0	32	108	77	125	101	50	84	115	85	63	55	107	68	67	27	71	17	62	19	74	67	84	12	94	104	119	7	114	100	30	31	67	92	13	112	115	55	19	20	95	42	55	72	19	91	12	60	75	59	108	77	9	38	99	117	46	11	7	67	9	117	35	100	45	94	127	115	68	57	63	92	29	32	68	88	76	32	54	104	4	117	61	43	21	31	47	22	120	48	65	14	30	65	13	11	65	86
0	0	0	0	0	0	0	0	0	0	0	0	0	0	0	0	0	0	0	0	0	0	0	0	0	0	0	0	0	0	0	0	108	61	64	11	48	116	104	8	108	77	3	96	91	108	51	126	12	18	77	106	108	22	55	79	85	30	3	24	52	5	86	51	74	98	44	97	89	21	99	4	63	60	67	29	75	24	125	13	68	73	50	122	50	40	33	25	70	118	29	50	97	120	105	44	98	106	55	112	101	101	24	110	83	97	30	80	90	6	112	32	106	74	114	122	11	91	14	112	119	125	108	98	110	9	53	21
0	0	0	0	0	0	0	0	0	0	0	0	0	0	0	0	0	0	0	0	0	0	0	0	0	0	0	0	0	0	0	0	0	44	46	31	116	105	6	20	104	66	5	111	91	45	60	33	9	25	127	52	20	87	83	123	80	126	108	49	43	37	89	98	26	65	113	74	44	80	18	72	73	86	79	8	86	18	122	84	74	118	92	101	107	27	56	125	72	23	84	77	34	60	4	62	60	115	8	98	65	51	96	51	15	21	111	52	98	121	65	39	76	107	20	56	102	3	61	127	110	7	85	110	80	71	18	42
0	0	0	0	0	0	0	0	0	0	0	0	0	0	0	0	0	0	0	0	0	0	0	0	0	0	0	0	0	0	0	0	0	0	81	49	81	128	57	22	87	116	127	116	64	107	36	106	72	6	43	118	60	56	96	15	4	77	122	51	79	111	61	122	39	83	25	32	65	25	67	70	59	92	71	111	4	50	40	10	22	2	32	23	109	111	5	69	59	37	44	1	103	95	99	14	123	62	67	84	81	8	81	37	69	120	49	14	9	103	44	68	21	76	31	93	24	47	48	14	69	30	112	117	103	36	117	52
0	0	0	0	0	0	0	0	0	0	0	0	0	0	0	0	0	0	0	0	0	0	0	0	0	0	0	0	0	0	0	0	0	0	0	122	111	24	43	36	113	49	8	50	110	70	36	64	3	116	42	119	92	86	28	70	85	75	54	84	114	56	110	53	14	109	116	51	85	14	2	34	65	104	85	67	39	122	80	89	119	15	75	127	1	52	43	35	108	106	28	25	62	14	112	25	15	52	38	17	25	97	55	81	22	83	29	94	74	9	74	90	61	47	29	93	84	22	33	113	10	54	37	6	63	35	86	83
0	0	0	0	0	0	0	0	0	0	0	0	0	0	0	0	0	0	0	0	0	0	0	0	0	0	0	0	0	0	0	0	0	0	0	0	128	45	50	89	100	111	103	45	108	128	99	34	91	51	54	83	100	113	34	75	126	2	118	38	14	27	14	32	112	59	48	81	116	33	35	37	117	107	121	17	8	113	105	121	112	100	122	16	15	110	31	14	64	108	100	99	53	28	38	102	118	4	55	37	64	43	71	42	110	59	111	38	76	37	49	124	86	34	37	59	101	7	127	32	120	115	45	40	51	111	80	72
0	0	0	0	0	0	0	0	0	0	0	0	0	0	0	0	0	0	0	0	0	0	0	0	0	0	0	0	0	0	0	0	0	0	0	0	0	55	115	33	34	66	60	28	14	111	11	42	32	83	127	19	102	36	23	121	107	50	53	44	17	51	10	46	97	123	116	86	86	63	2	65	65	1	50	34	71	86	57	57	86	106	78	26	7	8	63	50	35	1	88	20	53	117	121	12	63	104	14	119	57	53	96	73	122	14	118	74	46	43	17	38	3	4	117	54	18	15	78	123	11	43	53	111	34	41	97	80
0	0	0	0	0	0	0	0	0	0	0	0	0	0	0	0	0	0	0	0	0	0	0	0	0	0	0	0	0	0	0	0	0	0	0	0	0	0	109	11	68	71	27	97	110	30	69	109	72	66	12	118	119	47	119	3	125	104	88	12	25	14	24	24	44	103	45	34	11	61	72	73	81	31	105	57	41	66	35	73	82	87	37	113	32	116	11	62	75	22	110	98	125	42	92	44	55	54	14	55	59	84	71	115	96	39	25	65	28	107	52	71	120	123	105	118	103	55	27	100	18	81	83	99	118	109	37	4
0	0	0	0	0	0	0	0	0	0	0	0	0	0	0	0	0	0	0	0	0	0	0	0	0	0	0	0	0	0	0	0	0	0	0	0	0	0	0	69	61	45	47	28	110	39	98	94	31	76	61	111	33	24	21	59	108	57	4	34	81	11	111	113	39	96	29	79	11	54	28	100	104	57	62	40	60	111	7	121	59	99	46	18	31	116	101	78	126	31	75	90	21	2	75	86	12	5	22	115	125	40	102	46	127	111	108	6	17	68	50	119	109	13	126	68	118	97	81	7	10	38	119	91	38	62	54	116
0	0	0	0	0	0	0	0	0	0	0	0	0	0	0	0	0	0	0	0	0	0	0	0	0	0	0	0	0	0	0	0	0	0	0	0	0	0	0	0	99	106	125	67	115	17	101	57	124	96	15	37	105	120	16	107	123	64	41	1	26	55	64	7	40	87	77	64	36	110	56	53	43	110	87	100	43	61	86	111	31	75	98	7	81	25	10	101	127	57	51	12	6	66	11	10	88	126	46	83	53	122	71	120	49	15	110	84	80	110	86	127	67	58	55	18	25	121	30	93	36	46	71	34	54	33	1	40
0	0	0	0	0	0	0	0	0	0	0	0	0	0	0	0	0	0	0	0	0	0	0	0	0	0	0	0	0	0	0	0	0	0	0	0	0	0	0	0	0	98	121	67	47	40	68	18	25	36	60	82	1	81	39	7	125	80	125	37	23	30	118	30	125	111	89	38	23	20	27	44	73	83	105	104	13	116	102	20	38	9	13	65	85	78	36	10	20	56	12	91	21	115	2	85	108	76	72	106	46	87	87	62	90	79	88	53	5	69	91	25	43	101	63	9	58	72	67	5	50	55	104	113	31	101	8	10
0	0	0	0	0	0	0	0	0	0	0	0	0	0	0	0	0	0	0	0	0	0	0	0	0	0	0	0	0	0	0	0	0	0	0	0	0	0	0	0	0	0	18	8	65	82	65	5	108	43	59	91	33	1	125	11	119	78	84	46	39	36	97	75	126	128	1	47	113	97	112	58	37	62	89	23	76	48	53	37	32	29	57	27	42	90	20	21	14	18	38	120	23	34	41	16	11	8	4	10	28	31	50	122	74	63	39	122	106	40	86	1	39	2	79	110	2	12	60	5	64	92	7	33	10	48	111	44
0	0	0	0	0	0	0	0	0	0	0	0	0	0	0	0	0	0	0	0	0	0	0	0	0	0	0	0	0	0	0	0	0	0	0	0	0	0	0	0	0	0	0	40	103	100	73	74	56	114	13	41	99	77	12	105	91	45	72	92	45	32	37	68	5	53	123	99	86	114	20	119	87	66	73	80	23	37	96	21	8	19	110	111	74	8	55	8	25	119	40	4	14	54	19	50	40	51	14	78	123	102	27	49	20	36	86	18	123	10	65	69	90	52	49	106	96	117	50	40	57	55	4	51	36	8	87	108
0	0	0	0	0	0	0	0	0	0	0	0	0	0	0	0	0	0	0	0	0	0	0	0	0	0	0	0	0	0	0	0	0	0	0	0	0	0	0	0	0	0	0	0	117	124	55	55	54	66	102	18	94	59	104	7	2	106	98	84	64	87	56	73	1	18	57	101	3	56	43	109	32	13	70	2	2	38	45	96	102	106	117	128	49	86	100	6	24	75	90	103	11	52	69	31	125	41	49	99	113	15	77	112	2	108	64	123	121	76	89	100	47	47	36	39	29	86	45	83	24	11	100	124	16	118	127	109
0	0	0	0	0	0	0	0	0	0	0	0	0	0	0	0	0	0	0	0	0	0	0	0	0	0	0	0	0	0	0	0	0	0	0	0	0	0	0	0	0	0	0	0	0	44	59	53	19	17	121	55	108	23	32	23	82	62	54	125	21	29	104	114	17	103	118	88	119	122	70	53	106	68	119	53	76	33	81	20	59	10	49	112	37	17	83	28	74	40	108	39	30	12	111	42	71	1	101	105	22	6	113	43	47	98	118	51	101	61	98	51	84	36	80	28	115	124	28	8	125	126	76	18	101	62	42	13
0	0	0	0	0	0	0	0	0	0	0	0	0	0	0	0	0	0	0	0	0	0	0	0	0	0	0	0	0	0	0	0	0	0	0	0	0	0	0	0	0	0	0	0	0	0	84	62	25	82	72	125	108	102	55	93	108	49	36	9	69	91	120	58	78	40	72	35	107	120	19	115	100	7	50	36	58	21	65	113	10	53	86	14	122	123	120	118	116	92	74	24	99	47	107	41	25	72	104	20	28	57	76	108	1	32	113	125	29	99	4	78	89	10	101	9	2	19	35	2	101	112	102	94	50	65	119	24
0	0	0	0	0	0	0	0	0	0	0	0	0	0	0	0	0	0	0	0	0	0	0	0	0	0	0	0	0	0	0	0	0	0	0	0	0	0	0	0	0	0	0	0	0	0	0	80	27	12	37	124	22	48	5	35	46	32	35	126	23	73	73	49	16	3	63	88	123	74	87	62	38	74	59	19	44	108	116	42	113	120	2	53	36	42	117	54	40	23	38	97	105	66	58	17	52	80	93	35	29	70	118	24	15	119	84	110	107	58	30	13	20	102	2	105	119	67	103	5	19	117	68	69	69	43	77	30
0	0	0	0	0	0	0	0	0	0	0	0	0	0	0	0	0	0	0	0	0	0	0	0	0	0	0	0	0	0	0	0	0	0	0	0	0	0	0	0	0	0	0	0	0	0	0	0	61	6	56	90	18	10	30	10	31	36	53	14	34	100	85	17	110	68	95	51	17	71	96	109	84	27	8	46	5	27	121	58	1	96	79	17	94	9	82	89	116	95	29	94	61	111	124	69	9	13	27	64	97	117	8	92	85	108	48	83	30	63	92	31	83	7	108	69	9	76	47	87	52	16	9	21	95	48	111	26
0	0	0	0	0	0	0	0	0	0	0	0	0	0	0	0	0	0	0	0	0	0	0	0	0	0	0	0	0	0	0	0	0	0	0	0	0	0	0	0	0	0	0	0	0	0	0	0	0	55	56	48	5	114	92	32	52	49	75	51	66	82	15	10	102	60	108	124	57	29	35	16	46	8	91	46	7	79	70	49	17	57	4	92	79	49	80	109	13	29	43	124	10	48	121	50	96	50	61	42	83	48	8	38	76	128	38	56	60	14	7	51	64	123	41	45	45	89	28	20	102	73	19	20	67	109	77	83
0	0	0	0	0	0	0	0	0	0	0	0	0	0	0	0	0	0	0	0	0	0	0	0	0	0	0	0	0	0	0	0	0	0	0	0	0	0	0	0	0	0	0	0	0	0	0	0	0	0	63	81	24	109	49	116	32	5	98	51	123	123	58	58	7	4	21	49	97	118	112	15	20	67	86	83	99	47	104	113	119	16	91	55	1	15	45	49	78	54	95	8	73	111	74	50	45	26	113	105	93	92	86	71	36	70	25	30	4	91	8	50	63	22	50	43	44	112	105	115	120	27	44	2	103	81	63	38
0	0	0	0	0	0	0	0	0	0	0	0	0	0	0	0	0	0	0	0	0	0	0	0	0	0	0	0	0	0	0	0	0	0	0	0	0	0	0	0	0	0	0	0	0	0	0	0	0	0	0	119	11	89	106	71	93	41	21	23	114	41	95	35	19	116	66	64	64	33	53	35	95	66	88	113	46	69	16	112	127	25	72	91	16	106	99	128	126	91	74	73	64	82	105	77	29	28	126	108	66	64	5	119	41	40	51	78	89	54	103	92	64	4	115	14	75	84	109	95	123	54	76	84	12	23	43	32
0	0	0	0	0	0	0	0	0	0	0	0	0	0	0	0	0	0	0	0	0	0	0	0	0	0	0	0	0	0	0	0	0	0	0	0	0	0	0	0	0	0	0	0	0	0	0	0	0	0	0	0	78	108	40	80	16	99	6	19	57	78	24	92	65	22	49	19	75	10	46	110	1	123	93	22	89	92	40	52	111	55	7	7	101	99	79	101	77	80	61	50	17	100	49	89	73	62	59	40	72	109	96	85	26	83	56	123	10	2	102	20	8	15	34	62	18	102	11	112	60	18	115	120	45	38	47	107
0	0	0	0	0	0	0	0	0	0	0	0	0	0	0	0	0	0	0	0	0	0	0	0	0	0	0	0	0	0	0	0	0	0	0	0	0	0	0	0	0	0	0	0	0	0	0	0	0	0	0	0	0	47	68	115	59	112	80	97	71	90	111	108	19	110	83	115	57	103	29	90	17	18	121	2	45	71	33	105	121	97	8	4	10	40	16	52	38	65	25	126	80	74	53	5	80	54	124	86	97	56	61	4	93	30	76	112	21	53	3	122	65	56	2	96	121	70	45	73	33	113	8	80	84	90	30	15
0	0	0	0	0	0	0	0	0	0	0	0	0	0	0	0	0	0	0	0	0	0	0	0	0	0	0	0	0	0	0	0	0	0	0	0	0	0	0	0	0	0	0	0	0	0	0	0	0	0	0	0	0	0	82	57	106	122	12	34	12	111	2	92	27	83	122	99	28	101	67	73	118	52	116	1	79	82	117	127	68	117	34	35	120	61	75	73	60	83	57	52	96	71	73	41	22	35	91	54	90	89	104	126	65	119	102	104	4	118	97	56	83	121	115	111	46	106	63	73	96	124	85	111	39	104	74	77
0	0	0	0	0	0	0	0	0	0	0	0	0	0	0	0	0	0	0	0	0	0	0	0	0	0	0	0	0	0	0	0	0	0	0	0	0	0	0	0	0	0	0	0	0	0	0	0	0	0	0	0	0	0	0	111	97	91	44	48	123	8	65	4	18	20	33	2	11	20	3	86	29	121	86	128	77	100	11	98	124	85	85	72	14	91	11	91	64	71	117	43	124	4	88	74	62	126	103	21	7	26	97	38	14	68	49	74	37	111	60	114	58	14	86	4	31	40	117	40	111	49	67	124	113	125	34	116
0	0	0	0	0	0	0	0	0	0	0	0	0	0	0	0	0	0	0	0	0	0	0	0	0	0	0	0	0	0	0	0	0	0	0	0	0	0	0	0	0	0	0	0	0	0	0	0	0	0	0	0	0	0	0	0	100	4	97	113	3	82	74	16	1	40	85	27	11	65	32	77	82	30	47	55	77	33	11	88	22	41	97	81	20	97	117	98	91	67	91	82	82	46	31	63	94	116	1	81	120	42	99	49	66	121	108	11	114	121	74	111	119	101	67	47	104	88	69	95	95	59	51	110	34	64	69	85
0	0	0	0	0	0	0	0	0	0	0	0	0	0	0	0	0	0	0	0	0	0	0	0	0	0	0	0	0	0	0	0	0	0	0	0	0	0	0	0	0	0	0	0	0	0	0	0	0	0	0	0	0	0	0	0	0	39	100	91	74	63	90	111	29	54	111	4	15	22	77	51	83	9	39	106	28	19	91	11	85	77	72	83	89	86	78	99	81	46	51	93	63	115	33	128	81	68	111	39	127	116	67	48	34	105	123	56	15	22	74	75	110	94	73	94	100	31	99	52	104	46	58	53	121	32	30	36
0	0	0	0	0	0	0	0	0	0	0	0	0	0	0	0	0	0	0	0	0	0	0	0	0	0	0	0	0	0	0	0	0	0	0	0	0	0	0	0	0	0	0	0	0	0	0	0	0	0	0	0	0	0	0	0	0	0	29	65	4	29	26	122	126	21	21	16	38	56	76	26	70	115	128	16	73	64	70	90	123	82	75	106	94	88	90	67	25	1	30	111	117	59	122	92	22	55	66	114	58	114	39	52	103	25	32	2	111	15	49	81	34	8	91	38	68	47	54	75	23	114	41	107	55	93	96	119
0	0	0	0	0	0	0	0	0	0	0	0	0	0	0	0	0	0	0	0	0	0	0	0	0	0	0	0	0	0	0	0	0	0	0	0	0	0	0	0	0	0	0	0	0	0	0	0	0	0	0	0	0	0	0	0	0	0	0	118	66	23	58	47	21	57	99	46	24	97	91	85	19	68	126	127	1	14	72	52	75	123	59	113	127	5	89	121	49	52	106	11	73	43	9	127	119	27	103	100	47	54	111	27	96	128	54	33	41	96	25	18	128	33	91	48	72	70	93	39	71	32	22	17	126	107	22	38
0	0	0	0	0	0	0	0	0	0	0	0	0	0	0	0	0	0	0	0	0	0	0	0	0	0	0	0	0	0	0	0	0	0	0	0	0	0	0	0	0	0	0	0	0	0	0	0	0	0	0	0	0	0	0	0	0	0	0	0	60	37	117	80	78	12	104	93	8	43	54	102	69	13	45	97	8	60	31	95	128	35	118	37	27	106	55	37	31	19	33	112	64	26	111	125	23	104	94	2	104	6	125	72	127	29	51	85	110	67	121	39	47	95	27	126	28	12	73	46	97	110	64	92	70	124	6	73
0	0	0	0	0	0	0	0	0	0	0	0	0	0	0	0	0	0	0	0	0	0	0	0	0	0	0	0	0	0	0	0	0	0	0	0	0	0	0	0	0	0	0	0	0	0	0	0	0	0	0	0	0	0	0	0	0	0	0	0	0	29	58	91	115	122	122	67	88	16	119	51	112	108	126	72	65	113	4	82	51	48	48	38	14	127	21	82	96	90	8	29	104	34	82	126	28	96	118	18	70	112	67	44	110	40	1	76	62	22	58	48	99	48	13	103	15	58	12	58	40	21	117	93	70	81	112	57
0	0	0	0	0	0	0	0	0	0	0	0	0	0	0	0	0	0	0	0	0	0	0	0	0	0	0	0	0	0	0	0	0	0	0	0	0	0	0	0	0	0	0	0	0	0	0	0	0	0	0	0	0	0	0	0	0	0	0	0	0	0	55	65	38	104	68	108	6	12	16	9	28	30	90	108	32	59	33	94	38	43	27	49	121	35	6	12	7	94	82	107	60	116	122	7	85	29	50	99	96	117	8	36	2	49	70	40	45	85	46	103	22	3	4	25	21	110	95	75	68	42	62	72	101	76	12	33
0	0	0	0	0	0	0	0	0	0	0	0	0	0	0	0	0	0	0	0	0	0	0	0	0	0	0	0	0	0	0	0	0	0	0	0	0	0	0	0	0	0	0	0	0	0	0	0	0	0	0	0	0	0	0	0	0	0	0	0	0	0	0	35	28	38	87	46	92	102	50	9	73	96	3	94	91	8	22	81	80	118	115	89	110	40	42	16	126	63	7	120	7	49	93	31	37	95	63	128	114	76	20	56	32	84	63	105	12	60	77	117	41	98	90	84	26	78	50	105	96	92	5	72	47	23	107	18
0	0	0	0	0	0	0	0	0	0	0	0	0	0	0	0	0	0	0	0	0	0	0	0	0	0	0	0	0	0	0	0	0	0	0	0	0	0	0	0	0	0	0	0	0	0	0	0	0	0	0	0	0	0	0	0	0	0	0	0	0	0	0	0	124	30	76	2	30	26	24	49	85	18	113	41	68	119	63	38	113	18	123	88	53	108	91	84	50	119	36	90	80	59	84	69	2	10	110	53	18	45	48	2	109	51	77	64	126	75	46	112	98	28	11	101	6	63	90	113	48	91	82	24	71	31	52	78
0	0	0	0	0	0	0	0	0	0	0	0	0	0	0	0	0	0	0	0	0	0	0	0	0	0	0	0	0	0	0	0	0	0	0	0	0	0	0	0	0	0	0	0	0	0	0	0	0	0	0	0	0	0	0	0	0	0	0	0	0	0	0	0	0	4	21	12	52	122	74	59	14	31	55	21	56	25	10	37	126	111	42	6	127	116	48	99	81	60	31	63	118	69	106	95	97	91	128	76	35	34	51	105	121	112	54	99	15	96	43	93	111	116	99	124	113	21	67	49	48	107	101	51	114	106	70	38
0	0	0	0	0	0	0	0	0	0	0	0	0	0	0	0	0	0	0	0	0	0	0	0	0	0	0	0	0	0	0	0	0	0	0	0	0	0	0	0	0	0	0	0	0	0	0	0	0	0	0	0	0	0	0	0	0	0	0	0	0	0	0	0	0	0	95	5	70	122	78	56	57	43	32	105	127	38	8	75	43	111	14	101	125	40	20	58	100	80	59	63	33	19	111	100	6	48	63	79	75	120	120	61	121	5	50	95	120	82	53	65	40	27	39	34	6	74	56	25	36	27	91	124	81	92	65	107
0	0	0	0	0	0	0	0	0	0	0	0	0	0	0	0	0	0	0	0	0	0	0	0	0	0	0	0	0	0	0	0	0	0	0	0	0	0	0	0	0	0	0	0	0	0	0	0	0	0	0	0	0	0	0	0	0	0	0	0	0	0	0	0	0	0	0	55	72	126	62	119	4	96	18	36	27	38	93	21	41	80	2	34	26	89	64	127	41	16	73	2	114	69	34	78	123	10	17	49	126	108	118	110	113	53	30	83	41	94	116	45	35	88	52	27	67	85	110	27	13	48	126	71	20	92	3	98
0	0	0	0	0	0	0	0	0	0	0	0	0	0	0	0	0	0	0	0	0	0	0	0	0	0	0	0	0	0	0	0	0	0	0	0	0	0	0	0	0	0	0	0	0	0	0	0	0	0	0	0	0	0	0	0	0	0	0	0	0	0	0	0	0	0	0	0	27	65	108	5	37	66	55	1	5	11	97	101	117	10	83	121	86	55	50	105	96	81	16	122	112	32	86	44	88	118	65	77	95	33	45	56	30	22	47	51	70	16	63	33	118	99	68	58	110	73	31	76	61	74	127	106	77	25	100	4
0	0	0	0	0	0	0	0	0	0	0	0	0	0	0	0	0	0	0	0	0	0	0	0	0	0	0	0	0	0	0	0	0	0	0	0	0	0	0	0	0	0	0	0	0	0	0	0	0	0	0	0	0	0	0	0	0	0	0	0	0	0	0	0	0	0	0	0	0	121	47	55	12	48	106	85	41	71	56	5	72	84	62	88	113	2	43	33	112	75	120	65	27	14	122	90	43	91	39	47	91	10	27	60	115	46	115	121	75	12	101	47	26	13	113	35	44	94	56	32	65	108	62	98	13	43	76	13
0	0	0	0	0	0	0	0	0	0	0	0	0	0	0	0	0	0	0	0	0	0	0	0	0	0	0	0	0	0	0	0	0	0	0	0	0	0	0	0	0	0	0	0	0	0	0	0	0	0	0	0	0	0	0	0	0	0	0	0	0	0	0	0	0	0	0	0	0	0	118	78	128	17	73	5	44	87	76	77	22	71	119	35	5	42	110	102	46	64	45	94	10	77	125	35	87	55	70	7	99	128	60	7	14	61	83	49	88	73	42	29	53	108	121	102	41	39	73	7	18	16	19	94	85	22	101	123
0	0	0	0	0	0	0	0	0	0	0	0	0	0	0	0	0	0	0	0	0	0	0	0	0	0	0	0	0	0	0	0	0	0	0	0	0	0	0	0	0	0	0	0	0	0	0	0	0	0	0	0	0	0	0	0	0	0	0	0	0	0	0	0	0	0	0	0	0	0	0	21	29	107	122	21	41	25	87	91	32	4	91	7	21	112	9	126	94	23	20	42	57	24	88	11	14	117	96	125	17	36	48	50	19	108	64	34	77	96	38	121	38	95	36	21	25	74	113	81	53	13	40	59	82	116	31	71
0	0	0	0	0	0	0	0	0	0	0	0	0	0	0	0	0	0	0	0	0	0	0	0	0	0	0	0	0	0	0	0	0	0	0	0	0	0	0	0	0	0	0	0	0	0	0	0	0	0	0	0	0	0	0	0	0	0	0	0	0	0	0	0	0	0	0	0	0	0	0	0	38	25	89	51	62	46	112	99	48	97	47	69	78	87	122	52	1	85	52	120	122	59	23	120	12	114	46	119	56	23	50	67	68	26	15	100	121	127	43	1	13	55	124	117	62	8	120	22	62	46	81	127	38	105	51	94
0	0	0	0	0	0	0	0	0	0	0	0	0	0	0	0	0	0	0	0	0	0	0	0	0	0	0	0	0	0	0	0	0	0	0	0	0	0	0	0	0	0	0	0	0	0	0	0	0	0	0	0	0	0	0	0	0	0	0	0	0	0	0	0	0	0	0	0	0	0	0	0	0	32	14	43	116	76	93	7	111	88	72	66	14	93	103	77	125	110	109	4	30	107	31	72	28	123	13	34	49	34	112	26	77	16	128	105	127	14	115	83	105	122	5	10	66	59	66	32	43	13	89	36	23	15	127	66
0	0	0	0	0	0	0	0	0	0	0	0	0	0	0	0	0	0	0	0	0	0	0	0	0	0	0	0	0	0	0	0	0	0	0	0	0	0	0	0	0	0	0	0	0	0	0	0	0	0	0	0	0	0	0	0	0	0	0	0	0	0	0	0	0	0	0	0	0	0	0	0	0	0	59	103	12	55	79	34	118	12	88	123	74	110	17	40	126	97	97	22	79	92	64	111	103	126	107	118	14	61	96	75	115	87	34	37	91	6	103	66	17	71	35	32	34	96	51	25	120	4	96	109	6	35	85	64
0	0	0	0	0	0	0	0	0	0	0	0	0	0	0	0	0	0	0	0	0	0	0	0	0	0	0	0	0	0	0	0	0	0	0	0	0	0	0	0	0	0	0	0	0	0	0	0	0	0	0	0	0	0	0	0	0	0	0	0	0	0	0	0	0	0	0	0	0	0	0	0	0	0	0	93	75	58	74	85	13	107	115	63	48	78	71	7	125	76	88	8	62	21	50	90	124	15	124	46	127	127	18	13	4	23	68	14	23	125	25	43	103	28	120	48	23	63	121	86	102	123	107	43	51	73	123	6
0	0	0	0	0	0	0	0	0	0	0	0	0	0	0	0	0	0	0	0	0	0	0	0	0	0	0	0	0	0	0	0	0	0	0	0	0	0	0	0	0	0	0	0	0	0	0	0	0	0	0	0	0	0	0	0	0	0	0	0	0	0	0	0	0	0	0	0	0	0	0	0	0	0	0	0	92	68	111	74	28	22	9	126	127	51	61	61	49	14	99	98	59	56	67	51	88	20	110	47	51	38	38	3	113	103	28	95	122	105	117	36	84	56	128	102	101	30	84	25	99	51	68	7	71	55	4	22
0	0	0	0	0	0	0	0	0	0	0	0	0	0	0	0	0	0	0	0	0	0	0	0	0	0	0	0	0	0	0	0	0	0	0	0	0	0	0	0	0	0	0	0	0	0	0	0	0	0	0	0	0	0	0	0	0	0	0	0	0	0	0	0	0	0	0	0	0	0	0	0	0	0	0	0	0	86	5	112	15	37	19	76	75	45	36	28	91	122	101	94	30	111	64	113	123	59	115	58	52	37	36	66	3	113	38	26	90	108	84	50	97	80	14	8	112	126	91	51	42	3	94	99	59	59	103	118
0	0	0	0	0	0	0	0	0	0	0	0	0	0	0	0	0	0	0	0	0	0	0	0	0	0	0	0	0	0	0	0	0	0	0	0	0	0	0	0	0	0	0	0	0	0	0	0	0	0	0	0	0	0	0	0	0	0	0	0	0	0	0	0	0	0	0	0	0	0	0	0	0	0	0	0	0	0	118	101	33	89	108	119	89	82	87	48	78	67	36	106	48	127	60	28	36	96	6	92	16	32	120	11	85	52	9	27	82	117	46	125	41	60	97	45	101	88	32	70	43	86	40	121	29	66	35	64
0	0	0	0	0	0	0	0	0	0	0	0	0	0	0	0	0	0	0	0	0	0	0	0	0	0	0	0	0	0	0	0	0	0	0	0	0	0	0	0	0	0	0	0	0	0	0	0	0	0	0	0	0	0	0	0	0	0	0	0	0	0	0	0	0	0	0	0	0	0	0	0	0	0	0	0	0	0	0	80	121	22	51	19	51	85	26	91	48	90	121	98	3	57	110	2	64	34	56	101	33	74	126	59	119	97	128	70	42	96	71	93	58	12	123	51	41	59	118	65	9	126	102	10	46	55	72	40
0	0	0	0	0	0	0	0	0	0	0	0	0	0	0	0	0	0	0	0	0	0	0	0	0	0	0	0	0	0	0	0	0	0	0	0	0	0	0	0	0	0	0	0	0	0	0	0	0	0	0	0	0	0	0	0	0	0	0	0	0	0	0	0	0	0	0	0	0	0	0	0	0	0	0	0	0	0	0	0	120	39	7	76	60	69	114	14	101	49	42	67	46	9	121	35	42	77	103	14	85	62	51	4	50	2	122	9	33	33	37	6	4	79	89	43	93	46	113	89	55	90	42	35	22	27	77	83
0	0	0	0	0	0	0	0	0	0	0	0	0	0	0	0	0	0	0	0	0	0	0	0	0	0	0	0	0	0	0	0	0	0	0	0	0	0	0	0	0	0	0	0	0	0	0	0	0	0	0	0	0	0	0	0	0	0	0	0	0	0	0	0	0	0	0	0	0	0	0	0	0	0	0	0	0	0	0	0	0	19	49	68	39	29	125	40	84	102	86	69	77	87	78	83	61	30	31	14	62	41	99	41	60	117	38	104	68	26	84	69	84	4	116	121	120	124	124	14	81	84	50	82	73	88	105	31
0	0	0	0	0	0	0	0	0	0	0	0	0	0	0	0	0	0	0	0	0	0	0	0	0	0	0	0	0	0	0	0	0	0	0	0	0	0	0	0	0	0	0	0	0	0	0	0	0	0	0	0	0	0	0	0	0	0	0	0	0	0	0	0	0	0	0	0	0	0	0	0	0	0	0	0	0	0	0	0	0	0	117	93	59	56	33	39	46	40	120	32	119	5	52	50	19	69	22	44	43	113	34	31	40	43	23	66	80	96	15	9	62	97	110	42	58	37	108	104	98	16	11	41	87	17	82	33
0	0	0	0	0	0	0	0	0	0	0	0	0	0	0	0	0	0	0	0	0	0	0	0	0	0	0	0	0	0	0	0	0	0	0	0	0	0	0	0	0	0	0	0	0	0	0	0	0	0	0	0	0	0	0	0	0	0	0	0	0	0	0	0	0	0	0	0	0	0	0	0	0	0	0	0	0	0	0	0	0	0	0	20	35	9	127	49	30	33	28	89	97	66	42	123	71	105	26	12	58	22	114	41	31	58	2	104	96	18	42	17	86	34	2	92	89	31	72	110	28	107	101	3	62	96	102	57
0	0	0	0	0	0	0	0	0	0	0	0	0	0	0	0	0	0	0	0	0	0	0	0	0	0	0	0	0	0	0	0	0	0	0	0	0	0	0	0	0	0	0	0	0	0	0	0	0	0	0	0	0	0	0	0	0	0	0	0	0	0	0	0	0	0	0	0	0	0	0	0	0	0	0	0	0	0	0	0	0	0	0	0	26	66	62	58	15	74	120	20	99	85	103	65	60	125	36	101	7	12	8	94	105	42	47	78	91	40	78	120	57	16	99	45	59	62	54	23	35	43	2	115	117	38	86	29
0	0	0	0	0	0	0	0	0	0	0	0	0	0	0	0	0	0	0	0	0	0	0	0	0	0	0	0	0	0	0	0	0	0	0	0	0	0	0	0	0	0	0	0	0	0	0	0	0	0	0	0	0	0	0	0	0	0	0	0	0	0	0	0	0	0	0	0	0	0	0	0	0	0	0	0	0	0	0	0	0	0	0	0	0	63	106	109	71	68	95	49	7	6	9	120	117	43	109	118	29	73	70	42	33	12	119	75	98	117	92	2	40	31	112	42	122	106	60	55	60	64	101	35	118	112	25	91
0	0	0	0	0	0	0	0	0	0	0	0	0	0	0	0	0	0	0	0	0	0	0	0	0	0	0	0	0	0	0	0	0	0	0	0	0	0	0	0	0	0	0	0	0	0	0	0	0	0	0	0	0	0	0	0	0	0	0	0	0	0	0	0	0	0	0	0	0	0	0	0	0	0	0	0	0	0	0	0	0	0	0	0	0	0	3	36	42	104	121	122	56	96	127	70	47	119	57	11	62	33	76	109	8	25	56	48	103	52	32	36	10	73	62	57	55	114	83	127	81	93	16	75	11	120	65	71
0	0	0	0	0	0	0	0	0	0	0	0	0	0	0	0	0	0	0	0	0	0	0	0	0	0	0	0	0	0	0	0	0	0	0	0	0	0	0	0	0	0	0	0	0	0	0	0	0	0	0	0	0	0	0	0	0	0	0	0	0	0	0	0	0	0	0	0	0	0	0	0	0	0	0	0	0	0	0	0	0	0	0	0	0	0	0	61	4	24	119	40	5	121	23	24	113	100	35	82	16	81	123	25	94	58	36	119	105	58	28	122	81	60	39	90	63	89	92	28	39	7	92	127	113	96	25	93
0	0	0	0	0	0	0	0	0	0	0	0	0	0	0	0	0	0	0	0	0	0	0	0	0	0	0	0	0	0	0	0	0	0	0	0	0	0	0	0	0	0	0	0	0	0	0	0	0	0	0	0	0	0	0	0	0	0	0	0	0	0	0	0	0	0	0	0	0	0	0	0	0	0	0	0	0	0	0	0	0	0	0	0	0	0	0	0	123	22	118	77	51	18	114	39	79	58	53	120	110	100	29	50	22	82	102	21	12	42	29	91	37	114	35	77	80	103	72	83	55	96	63	111	127	45	31	20
0	0	0	0	0	0	0	0	0	0	0	0	0	0	0	0	0	0	0	0	0	0	0	0	0	0	0	0	0	0	0	0	0	0	0	0	0	0	0	0	0	0	0	0	0	0	0	0	0	0	0	0	0	0	0	0	0	0	0	0	0	0	0	0	0	0	0	0	0	0	0	0	0	0	0	0	0	0	0	0	0	0	0	0	0	0	0	0	0	43	114	116	100	24	64	58	68	3	49	9	23	19	10	77	36	48	100	110	6	126	64	41	110	72	4	79	58	41	35	54	38	2	47	69	14	66	3	84
0	0	0	0	0	0	0	0	0	0	0	0	0	0	0	0	0	0	0	0	0	0	0	0	0	0	0	0	0	0	0	0	0	0	0	0	0	0	0	0	0	0	0	0	0	0	0	0	0	0	0	0	0	0	0	0	0	0	0	0	0	0	0	0	0	0	0	0	0	0	0	0	0	0	0	0	0	0	0	0	0	0	0	0	0	0	0	0	0	0	105	94	19	104	43	112	127	106	32	112	95	74	91	51	13	84	93	71	93	111	107	28	84	9	3	9	55	40	16	28	5	76	20	120	67	69	29	67
0	0	0	0	0	0	0	0	0	0	0	0	0	0	0	0	0	0	0	0	0	0	0	0	0	0	0	0	0	0	0	0	0	0	0	0	0	0	0	0	0	0	0	0	0	0	0	0	0	0	0	0	0	0	0	0	0	0	0	0	0	0	0	0	0	0	0	0	0	0	0	0	0	0	0	0	0	0	0	0	0	0	0	0	0	0	0	0	0	0	0	15	19	97	107	106	38	27	93	16	20	29	57	124	35	68	70	105	51	55	104	90	21	99	83	18	97	102	54	22	48	79	11	110	109	46	2	41
0	0	0	0	0	0	0	0	0	0	0	0	0	0	0	0	0	0	0	0	0	0	0	0	0	0	0	0	0	0	0	0	0	0	0	0	0	0	0	0	0	0	0	0	0	0	0	0	0	0	0	0	0	0	0	0	0	0	0	0	0	0	0	0	0	0	0	0	0	0	0	0	0	0	0	0	0	0	0	0	0	0	0	0	0	0	0	0	0	0	0	0	114	39	26	36	55	20	93	67	115	5	36	60	99	20	88	6	40	105	91	14	67	64	121	60	16	68	80	53	94	107	16	51	78	93	119	14
0	0	0	0	0	0	0	0	0	0	0	0	0	0	0	0	0	0	0	0	0	0	0	0	0	0	0	0	0	0	0	0	0	0	0	0	0	0	0	0	0	0	0	0	0	0	0	0	0	0	0	0	0	0	0	0	0	0	0	0	0	0	0	0	0	0	0	0	0	0	0	0	0	0	0	0	0	0	0	0	0	0	0	0	0	0	0	0	0	0	0	0	0	108	56	32	6	101	12	40	85	58	47	4	104	111	54	48	50	55	54	69	90	81	11	89	48	38	52	34	83	127	104	89	32	71	89	93
0	0	0	0	0	0	0	0	0	0	0	0	0	0	0	0	0	0	0	0	0	0	0	0	0	0	0	0	0	0	0	0	0	0	0	0	0	0	0	0	0	0	0	0	0	0	0	0	0	0	0	0	0	0	0	0	0	0	0	0	0	0	0	0	0	0	0	0	0	0	0	0	0	0	0	0	0	0	0	0	0	0	0	0	0	0	0	0	0	0	0	0	0	0	66	44	46	123	89	98	105	109	44	78	117	104	16	21	21	9	17	46	63	44	83	113	55	94	41	18	101	90	77	23	50	16	36	58
0	0	0	0	0	0	0	0	0	0	0	0	0	0	0	0	0	0	0	0	0	0	0	0	0	0	0	0	0	0	0	0	0	0	0	0	0	0	0	0	0	0	0	0	0	0	0	0	0	0	0	0	0	0	0	0	0	0	0	0	0	0	0	0	0	0	0	0	0	0	0	0	0	0	0	0	0	0	0	0	0	0	0	0	0	0	0	0	0	0	0	0	0	0	0	73	45	9	56	126	29	115	52	118	96	52	50	76	7	87	34	38	31	99	62	116	37	7	96	85	100	102	96	39	1	101	69	56
0	0	0	0	0	0	0	0	0	0	0	0	0	0	0	0	0	0	0	0	0	0	0	0	0	0	0	0	0	0	0	0	0	0	0	0	0	0	0	0	0	0	0	0	0	0	0	0	0	0	0	0	0	0	0	0	0	0	0	0	0	0	0	0	0	0	0	0	0	0	0	0	0	0	0	0	0	0	0	0	0	0	0	0	0	0	0	0	0	0	0	0	0	0	0	0	7	36	28	117	74	85	4	9	12	67	37	37	120	51	18	121	8	51	2	54	60	20	120	10	3	10	48	88	59	92	76	74
0	0	0	0	0	0	0	0	0	0	0	0	0	0	0	0	0	0	0	0	0	0	0	0	0	0	0	0	0	0	0	0	0	0	0	0	0	0	0	0	0	0	0	0	0	0	0	0	0	0	0	0	0	0	0	0	0	0	0	0	0	0	0	0	0	0	0	0	0	0	0	0	0	0	0	0	0	0	0	0	0	0	0	0	0	0	0	0	0	0	0	0	0	0	0	0	0	75	61	30	2	27	65	117	76	72	105	11	3	52	61	65	113	23	33	48	22	18	73	57	77	107	92	20	85	124	48	64
0	0	0	0	0	0	0	0	0	0	0	0	0	0	0	0	0	0	0	0	0	0	0	0	0	0	0	0	0	0	0	0	0	0	0	0	0	0	0	0	0	0	0	0	0	0	0	0	0	0	0	0	0	0	0	0	0	0	0	0	0	0	0	0	0	0	0	0	0	0	0	0	0	0	0	0	0	0	0	0	0	0	0	0	0	0	0	0	0	0	0	0	0	0	0	0	0	0	124	118	77	21	42	70	85	73	111	126	37	17	5	108	10	104	113	33	49	2	49	10	103	48	94	59	46	69	15	104
0	0	0	0	0	0	0	0	0	0	0	0	0	0	0	0	0	0	0	0	0	0	0	0	0	0	0	0	0	0	0	0	0	0	0	0	0	0	0	0	0	0	0	0	0	0	0	0	0	0	0	0	0	0	0	0	0	0	0	0	0	0	0	0	0	0	0	0	0	0	0	0	0	0	0	0	0	0	0	0	0	0	0	0	0	0	0	0	0	0	0	0	0	0	0	0	0	0	0	30	88	65	67	74	73	10	57	3	20	105	87	79	94	45	126	89	23	105	122	123	121	34	88	30	51	19	49	27
0	0	0	0	0	0	0	0	0	0	0	0	0	0	0	0	0	0	0	0	0	0	0	0	0	0	0	0	0	0	0	0	0	0	0	0	0	0	0	0	0	0	0	0	0	0	0	0	0	0	0	0	0	0	0	0	0	0	0	0	0	0	0	0	0	0	0	0	0	0	0	0	0	0	0	0	0	0	0	0	0	0	0	0	0	0	0	0	0	0	0	0	0	0	0	0	0	0	0	0	54	57	26	11	68	56	90	75	13	1	13	22	3	126	15	85	87	97	1	46	42	26	2	30	16	28	47	67
0	0	0	0	0	0	0	0	0	0	0	0	0	0	0	0	0	0	0	0	0	0	0	0	0	0	0	0	0	0	0	0	0	0	0	0	0	0	0	0	0	0	0	0	0	0	0	0	0	0	0	0	0	0	0	0	0	0	0	0	0	0	0	0	0	0	0	0	0	0	0	0	0	0	0	0	0	0	0	0	0	0	0	0	0	0	0	0	0	0	0	0	0	0	0	0	0	0	0	0	0	101	5	127	92	14	30	10	97	102	27	47	84	2	8	99	128	86	110	46	49	101	8	115	71	101	83	33
0	0	0	0	0	0	0	0	0	0	0	0	0	0	0	0	0	0	0	0	0	0	0	0	0	0	0	0	0	0	0	0	0	0	0	0	0	0	0	0	0	0	0	0	0	0	0	0	0	0	0	0	0	0	0	0	0	0	0	0	0	0	0	0	0	0	0	0	0	0	0	0	0	0	0	0	0	0	0	0	0	0	0	0	0	0	0	0	0	0	0	0	0	0	0	0	0	0	0	0	0	0	87	72	5	54	23	54	31	84	55	26	114	7	52	24	9	66	111	119	43	10	128	44	104	89	34	81
0	0	0	0	0	0	0	0	0	0	0	0	0	0	0	0	0	0	0	0	0	0	0	0	0	0	0	0	0	0	0	0	0	0	0	0	0	0	0	0	0	0	0	0	0	0	0	0	0	0	0	0	0	0	0	0	0	0	0	0	0	0	0	0	0	0	0	0	0	0	0	0	0	0	0	0	0	0	0	0	0	0	0	0	0	0	0	0	0	0	0	0	0	0	0	0	0	0	0	0	0	0	0	10	98	67	69	3	101	57	102	76	54	12	42	62	73	106	47	94	64	117	91	15	65	94	105	4
0	0	0	0	0	0	0	0	0	0	0	0	0	0	0	0	0	0	0	0	0	0	0	0	0	0	0	0	0	0	0	0	0	0	0	0	0	0	0	0	0	0	0	0	0	0	0	0	0	0	0	0	0	0	0	0	0	0	0	0	0	0	0	0	0	0	0	0	0	0	0	0	0	0	0	0	0	0	0	0	0	0	0	0	0	0	0	0	0	0	0	0	0	0	0	0	0	0	0	0	0	0	0	0	88	44	36	110	88	101	114	66	122	120	89	18	94	43	108	69	45	20	10	65	32	115	7	86
0	0	0	0	0	0	0	0	0	0	0	0	0	0	0	0	0	0	0	0	0	0	0	0	0	0	0	0	0	0	0	0	0	0	0	0	0	0	0	0	0	0	0	0	0	0	0	0	0	0	0	0	0	0	0	0	0	0	0	0	0	0	0	0	0	0	0	0	0	0	0	0	0	0	0	0	0	0	0	0	0	0	0	0	0	0	0	0	0	0	0	0	0	0	0	0	0	0	0	0	0	0	0	0	0	4	37	38	105	3	4	61	115	4	23	112	18	43	112	18	110	60	23	53	10	2	100	120
0	0	0	0	0	0	0	0	0	0	0	0	0	0	0	0	0	0	0	0	0	0	0	0	0	0	0	0	0	0	0	0	0	0	0	0	0	0	0	0	0	0	0	0	0	0	0	0	0	0	0	0	0	0	0	0	0	0	0	0	0	0	0	0	0	0	0	0	0	0	0	0	0	0	0	0	0	0	0	0	0	0	0	0	0	0	0	0	0	0	0	0	0	0	0	0	0	0	0	0	0	0	0	0	0	0	19	93	1	121	13	111	21	25	78	48	16	120	9	5	113	95	36	79	2	14	113	2
0	0	0	0	0	0	0	0	0	0	0	0	0	0	0	0	0	0	0	0	0	0	0	0	0	0	0	0	0	0	0	0	0	0	0	0	0	0	0	0	0	0	0	0	0	0	0	0	0	0	0	0	0	0	0	0	0	0	0	0	0	0	0	0	0	0	0	0	0	0	0	0	0	0	0	0	0	0	0	0	0	0	0	0	0	0	0	0	0	0	0	0	0	0	0	0	0	0	0	0	0	0	0	0	0	0	0	30	66	23	49	110	120	41	17	52	88	7	40	108	77	81	128	35	62	119	4	84
0	0	0	0	0	0	0	0	0	0	0	0	0	0	0	0	0	0	0	0	0	0	0	0	0	0	0	0	0	0	0	0	0	0	0	0	0	0	0	0	0	0	0	0	0	0	0	0	0	0	0	0	0	0	0	0	0	0	0	0	0	0	0	0	0	0	0	0	0	0	0	0	0	0	0	0	0	0	0	0	0	0	0	0	0	0	0	0	0	0	0	0	0	0	0	0	0	0	0	0	0	0	0	0	0	0	0	0	80	25	93	87	79	61	51	87	32	41	108	11	28	49	125	91	59	54	37	14
0	0	0	0	0	0	0	0	0	0	0	0	0	0	0	0	0	0	0	0	0	0	0	0	0	0	0	0	0	0	0	0	0	0	0	0	0	0	0	0	0	0	0	0	0	0	0	0	0	0	0	0	0	0	0	0	0	0	0	0	0	0	0	0	0	0	0	0	0	0	0	0	0	0	0	0	0	0	0	0	0	0	0	0	0	0	0	0	0	0	0	0	0	0	0	0	0	0	0	0	0	0	0	0	0	0	0	0	0	43	20	33	125	11	14	110	75	89	12	83	37	125	69	56	108	68	103	66
0	0	0	0	0	0	0	0	0	0	0	0	0	0	0	0	0	0	0	0	0	0	0	0	0	0	0	0	0	0	0	0	0	0	0	0	0	0	0	0	0	0	0	0	0	0	0	0	0	0	0	0	0	0	0	0	0	0	0	0	0	0	0	0	0	0	0	0	0	0	0	0	0	0	0	0	0	0	0	0	0	0	0	0	0	0	0	0	0	0	0	0	0	0	0	0	0	0	0	0	0	0	0	0	0	0	0	0	0	0	45	114	51	11	79	3	27	9	58	41	4	106	65	118	100	70	104	22
0	0	0	0	0	0	0	0	0	0	0	0	0	0	0	0	0	0	0	0	0	0	0	0	0	0	0	0	0	0	0	0	0	0	0	0	0	0	0	0	0	0	0	0	0	0	0	0	0	0	0	0	0	0	0	0	0	0	0	0	0	0	0	0	0	0	0	0	0	0	0	0	0	0	0	0	0	0	0	0	0	0	0	0	0	0	0	0	0	0	0	0	0	0	0	0	0	0	0	0	0	0	0	0	0	0	0	0	0	0	0	78	97	90	62	41	122	43	2	107	40	44	41	80	105	85	46	105
0	0	0	0	0	0	0	0	0	0	0	0	0	0	0	0	0	0	0	0	0	0	0	0	0	0	0	0	0	0	0	0	0	0	0	0	0	0	0	0	0	0	0	0	0	0	0	0	0	0	0	0	0	0	0	0	0	0	0	0	0	0	0	0	0	0	0	0	0	0	0	0	0	0	0	0	0	0	0	0	0	0	0	0	0	0	0	0	0	0	0	0	0	0	0	0	0	0	0	0	0	0	0	0	0	0	0	0	0	0	0	0	98	49	111	73	118	3	33	39	44	46	4	47	67	111	57	102
0	0	0	0	0	0	0	0	0	0	0	0	0	0	0	0	0	0	0	0	0	0	0	0	0	0	0	0	0	0	0	0	0	0	0	0	0	0	0	0	0	0	0	0	0	0	0	0	0	0	0	0	0	0	0	0	0	0	0	0	0	0	0	0	0	0	0	0	0	0	0	0	0	0	0	0	0	0	0	0	0	0	0	0	0	0	0	0	0	0	0	0	0	0	0	0	0	0	0	0	0	0	0	0	0	0	0	0	0	0	0	0	0	38	64	13	9	100	74	127	27	35	36	6	18	26	100	103
0	0	0	0	0	0	0	0	0	0	0	0	0	0	0	0	0	0	0	0	0	0	0	0	0	0	0	0	0	0	0	0	0	0	0	0	0	0	0	0	0	0	0	0	0	0	0	0	0	0	0	0	0	0	0	0	0	0	0	0	0	0	0	0	0	0	0	0	0	0	0	0	0	0	0	0	0	0	0	0	0	0	0	0	0	0	0	0	0	0	0	0	0	0	0	0	0	0	0	0	0	0	0	0	0	0	0	0	0	0	0	0	0	0	82	99	58	70	112	124	84	43	92	7	6	23	59	125
0	0	0	0	0	0	0	0	0	0	0	0	0	0	0	0	0	0	0	0	0	0	0	0	0	0	0	0	0	0	0	0	0	0	0	0	0	0	0	0	0	0	0	0	0	0	0	0	0	0	0	0	0	0	0	0	0	0	0	0	0	0	0	0	0	0	0	0	0	0	0	0	0	0	0	0	0	0	0	0	0	0	0	0	0	0	0	0	0	0	0	0	0	0	0	0	0	0	0	0	0	0	0	0	0	0	0	0	0	0	0	0	0	0	0	88	104	42	77	72	92	69	56	72	123	81	108	78
0	0	0	0	0	0	0	0	0	0	0	0	0	0	0	0	0	0	0	0	0	0	0	0	0	0	0	0	0	0	0	0	0	0	0	0	0	0	0	0	0	0	0	0	0	0	0	0	0	0	0	0	0	0	0	0	0	0	0	0	0	0	0	0	0	0	0	0	0	0	0	0	0	0	0	0	0	0	0	0	0	0	0	0	0	0	0	0	0	0	0	0	0	0	0	0	0	0	0	0	0	0	0	0	0	0	0	0	0	0	0	0	0	0	0	0	94	121	19	26	9	62	110	67	91	60	71	107
0	0	0	0	0	0	0	0	0	0	0	0	0	0	0	0	0	0	0	0	0	0	0	0	0	0	0	0	0	0	0	0	0	0	0	0	0	0	0	0	0	0	0	0	0	0	0	0	0	0	0	0	0	0	0	0	0	0	0	0	0	0	0	0	0	0	0	0	0	0	0	0	0	0	0	0	0	0	0	0	0	0	0	0	0	0	0	0	0	0	0	0	0	0	0	0	0	0	0	0	0	0	0	0	0	0	0	0	0	0	0	0	0	0	0	0	0	35	20	33	62	25	126	19	125	90	24	118
0	0	0	0	0	0	0	0	0	0	0	0	0	0	0	0	0	0	0	0	0	0	0	0	0	0	0	0	0	0	0	0	0	0	0	0	0	0	0	0	0	0	0	0	0	0	0	0	0	0	0	0	0	0	0	0	0	0	0	0	0	0	0	0	0	0	0	0	0	0	0	0	0	0	0	0	0	0	0	0	0	0	0	0	0	0	0	0	0	0	0	0	0	0	0	0	0	0	0	0	0	0	0	0	0	0	0	0	0	0	0	0	0	0	0	0	0	0	8	104	70	119	55	68	105	25	95	44
0	0	0	0	0	0	0	0	0	0	0	0	0	0	0	0	0	0	0	0	0	0	0	0	0	0	0	0	0	0	0	0	0	0	0	0	0	0	0	0	0	0	0	0	0	0	0	0	0	0	0	0	0	0	0	0	0	0	0	0	0	0	0	0	0	0	0	0	0	0	0	0	0	0	0	0	0	0	0	0	0	0	0	0	0	0	0	0	0	0	0	0	0	0	0	0	0	0	0	0	0	0	0	0	0	0	0	0	0	0	0	0	0	0	0	0	0	0	0	71	85	13	39	101	100	83	108	6
0	0	0	0	0	0	0	0	0	0	0	0	0	0	0	0	0	0	0	0	0	0	0	0	0	0	0	0	0	0	0	0	0	0	0	0	0	0	0	0	0	0	0	0	0	0	0	0	0	0	0	0	0	0	0	0	0	0	0	0	0	0	0	0	0	0	0	0	0	0	0	0	0	0	0	0	0	0	0	0	0	0	0	0	0	0	0	0	0	0	0	0	0	0	0	0	0	0	0	0	0	0	0	0	0	0	0	0	0	0	0	0	0	0	0	0	0	0	0	0	116	113	127	75	75	127	14	39
0	0	0	0	0	0	0	0	0	0	0	0	0	0	0	0	0	0	0	0	0	0	0	0	0	0	0	0	0	0	0	0	0	0	0	0	0	0	0	0	0	0	0	0	0	0	0	0	0	0	0	0	0	0	0	0	0	0	0	0	0	0	0	0	0	0	0	0	0	0	0	0	0	0	0	0	0	0	0	0	0	0	0	0	0	0	0	0	0	0	0	0	0	0	0	0	0	0	0	0	0	0	0	0	0	0	0	0	0	0	0	0	0	0	0	0	0	0	0	0	0	99	79	119	21	89	59	21
0	0	0	0	0	0	0	0	0	0	0	0	0	0	0	0	0	0	0	0	0	0	0	0	0	0	0	0	0	0	0	0	0	0	0	0	0	0	0	0	0	0	0	0	0	0	0	0	0	0	0	0	0	0	0	0	0	0	0	0	0	0	0	0	0	0	0	0	0	0	0	0	0	0	0	0	0	0	0	0	0	0	0	0	0	0	0	0	0	0	0	0	0	0	0	0	0	0	0	0	0	0	0	0	0	0	0	0	0	0	0	0	0	0	0	0	0	0	0	0	0	0	100	47	5	37	24	98
0	0	0	0	0	0	0	0	0	0	0	0	0	0	0	0	0	0	0	0	0	0	0	0	0	0	0	0	0	0	0	0	0	0	0	0	0	0	0	0	0	0	0	0	0	0	0	0	0	0	0	0	0	0	0	0	0	0	0	0	0	0	0	0	0	0	0	0	0	0	0	0	0	0	0	0	0	0	0	0	0	0	0	0	0	0	0	0	0	0	0	0	0	0	0	0	0	0	0	0	0	0	0	0	0	0	0	0	0	0	0	0	0	0	0	0	0	0	0	0	0	0	0	95	87	67	66	96
0	0	0	0	0	0	0	0	0	0	0	0	0	0	0	0	0	0	0	0	0	0	0	0	0	0	0	0	0	0	0	0	0	0	0	0	0	0	0	0	0	0	0	0	0	0	0	0	0	0	0	0	0	0	0	0	0	0	0	0	0	0	0	0	0	0	0	0	0	0	0	0	0	0	0	0	0	0	0	0	0	0	0	0	0	0	0	0	0	0	0	0	0	0	0	0	0	0	0	0	0	0	0	0	0	0	0	0	0	0	0	0	0	0	0	0	0	0	0	0	0	0	0	0	1	18	82	71
0	0	0	0	0	0	0	0	0	0	0	0	0	0	0	0	0	0	0	0	0	0	0	0	0	0	0	0	0	0	0	0	0	0	0	0	0	0	0	0	0	0	0	0	0	0	0	0	0	0	0	0	0	0	0	0	0	0	0	0	0	0	0	0	0	0	0	0	0	0	0	0	0	0	0	0	0	0	0	0	0	0	0	0	0	0	0	0	0	0	0	0	0	0	0	0	0	0	0	0	0	0	0	0	0	0	0	0	0	0	0	0	0	0	0	0	0	0	0	0	0	0	0	0	0	27	60	44
0	0	0	0	0	0	0	0	0	0	0	0	0	0	0	0	0	0	0	0	0	0	0	0	0	0	0	0	0	0	0	0	0	0	0	0	0	0	0	0	0	0	0	0	0	0	0	0	0	0	0	0	0	0	0	0	0	0	0	0	0	0	0	0	0	0	0	0	0	0	0	0	0	0	0	0	0	0	0	0	0	0	0	0	0	0	0	0	0	0	0	0	0	0	0	0	0	0	0	0	0	0	0	0	0	0	0	0	0	0	0	0	0	0	0	0	0	0	0	0	0	0	0	0	0	0	32	78
0	0	0	0	0	0	0	0	0	0	0	0	0	0	0	0	0	0	0	0	0	0	0	0	0	0	0	0	0	0	0	0	0	0	0	0	0	0	0	0	0	0	0	0	0	0	0	0	0	0	0	0	0	0	0	0	0	0	0	0	0	0	0	0	0	0	0	0	0	0	0	0	0	0	0	0	0	0	0	0	0	0	0	0	0	0	0	0	0	0	0	0	0	0	0	0	0	0	0	0	0	0	0	0	0	0	0	0	0	0	0	0	0	0	0	0	0	0	0	0	0	0	0	0	0	0	0	92
0	0	0	0	0	0	0	0	0	0	0	0	0	0	0	0	0	0	0	0	0	0	0	0	0	0	0	0	0	0	0	0	0	0	0	0	0	0	0	0	0	0	0	0	0	0	0	0	0	0	0	0	0	0	0	0	0	0	0	0	0	0	0	0	0	0	0	0	0	0	0	0	0	0	0	0	0	0	0	0	0	0	0	0	0	0	0	0	0	0	0	0	0	0	0	0	0	0	0	0	0	0	0	0	0	0	0	0	0	0	0	0	0	0	0	0	0	0	0	0	0	0	0	0	0	0	0	0