0	89	9	97	3	111	105	109	1	77	65	85	24	69	52	32	101	98	82	28	91	23	103	127	39	34	38	119	83	73	15	89	104	32	43	47	74	37	3	22	118	82	55	44	97	126	52	128	34	79	101	39	64	58	65	25	120	33	16	68	116	99	57	97	43	9	110	126	90	46	122	8	98	29	13	100	30	78	32	1	32	76	41	20	71	69	88	55	16	99	30	38	45	39	115	121	33	75	21	89	55	108	119	85	29	12	22	99	85	5	49	52	59	15	32	102	30	8	66	68	46	11	11	126	26	56	81	21
0	0	53	62	86	102	37	56	104	45	97	25	7	29	63	13	105	58	38	51	29	122	120	25	123	102	4	112	119	21	78	12	34	70	49	98	69	22	104	98	74	117	5	42	39	19	19	120	20	109	105	72	89	110	84	85	95	116	110	57	25	5	91	61	113	41	11	16	48	71	65	102	74	115	18	64	16	40	115	74	97	79	50	48	95	112	108	27	34	59	45	108	63	60	82	53	90	45	101	118	57	119	78	51	52	101	26	58	40	71	115	65	98	128	69	66	111	65	121	87	65	88	62	81	31	52	127	96
0	0	0	108	126	11	9	123	28	52	94	116	82	59	121	44	70	93	52	29	103	105	80	23	112	113	19	25	64	23	48	92	36	2	15	51	67	127	126	55	49	75	70	128	24	67	83	1	35	45	15	19	46	76	82	85	109	89	12	22	122	98	97	122	16	56	62	71	13	108	36	100	82	103	28	53	32	54	127	87	102	37	120	116	1	122	68	33	31	58	65	44	89	121	10	64	103	41	12	29	13	47	42	63	40	97	81	74	102	76	43	51	66	90	69	5	10	13	115	20	90	79	24	106	56	116	58	126
0	0	0	0	26	10	7	86	64	61	16	91	72	73	89	58	98	99	72	71	114	60	7	45	22	88	1	6	104	60	51	31	47	114	98	13	63	126	121	17	70	20	36	107	99	89	82	67	78	61	33	42	78	23	120	86	38	45	60	86	61	100	34	117	71	12	34	34	105	55	83	104	80	113	65	12	47	102	32	49	117	1	120	33	122	26	17	102	88	57	53	94	113	16	64	35	57	5	77	88	38	87	5	54	4	126	60	6	72	53	67	44	108	21	23	45	40	81	17	102	7	74	69	49	15	51	78	38
0	0	0	0	0	52	103	117	54	23	2	113	12	116	28	113	128	61	86	111	33	96	68	92	110	128	73	17	24	50	32	2	28	114	34	3	126	30	124	25	73	69	70	92	21	65	88	120	111	4	93	123	90	13	101	41	53	92	100	68	24	16	5	104	38	74	12	8	39	38	76	70	125	59	29	93	35	51	78	105	113	6	89	121	101	37	15	56	4	69	21	57	46	55	104	6	1	27	9	20	32	69	38	29	99	20	42	75	112	78	36	63	43	119	66	83	30	21	4	63	71	53	108	89	111	99	121	53
0	0	0	0	0	0	36	61	49	125	70	104	75	56	29	20	77	75	70	92	47	79	97	23	79	19	47	111	81	93	61	28	40	121	108	111	115	86	4	56	4	88	113	97	58	18	53	103	34	50	2	49	82	95	10	1	88	111	99	68	14	68	123	93	4	4	75	90	60	19	87	42	16	108	14	52	40	55	118	74	116	3	1	33	18	10	128	60	88	44	49	103	118	8	128	30	30	27	119	73	21	1	102	64	67	72	115	116	35	84	112	96	46	20	67	14	57	118	14	87	7	53	9	2	33	98	110	4
0	0	0	0	0	0	0	86	116	86	94	52	117	122	89	107	61	22	47	93	42	65	70	110	67	25	117	72	38	103	23	30	17	26	28	43	101	62	104	27	12	70	4	76	56	57	7	39	51	29	22	43	6	16	107	128	73	33	17	42	84	111	119	113	79	39	21	96	106	83	75	1	116	67	64	97	24	73	1	103	112	93	11	17	111	113	88	106	15	30	69	57	61	63	126	110	65	24	119	104	37	101	51	78	28	33	110	101	50	115	30	91	24	99	67	79	36	125	76	61	51	85	79	22	26	36	76	59
0	0	0	0	0	0	0	0	121	95	63	50	81	61	51	44	114	33	71	49	115	92	105	121	63	60	106	29	117	109	42	22	97	49	75	13	40	122	40	15	8	78	53	98	15	60	62	111	42	40	92	36	9	14	3	80	109	100	82	96	22	3	97	67	23	80	125	118	63	126	40	96	64	100	85	58	35	51	99	86	24	12	22	84	94	7	93	72	124	79	127	30	66	105	114	85	77	19	117	71	6	83	37	50	118	28	81	125	16	95	25	36	112	60	103	45	98	83	1	54	70	69	43	48	56	66	50	115
0	0	0	0	0	0	0	0	0	34	123	90	79	6	53	112	125	57	112	3	97	127	54	49	123	75	95	59	62	11	30	6	77	18	115	113	12	117	127	57	123	124	49	81	37	89	47	26	31	43	32	105	5	59	110	116	26	109	47	34	7	85	35	91	34	115	122	125	82	27	110	14	16	62	41	28	107	98	41	21	20	4	37	115	89	116	95	44	55	109	80	10	125	66	72	86	2	8	108	102	116	55	113	92	33	21	30	107	4	74	119	89	127	108	43	30	44	122	72	37	61	71	121	114	45	35	56	44
0	0	0	0	0	0	0	0	0	0	128	125	108	34	17	96	106	77	26	14	103	61	96	24	11	61	41	65	68	63	55	46	50	65	2	96	126	35	42	54	14	81	78	62	126	61	36	102	81	15	33	51	93	117	20	106	101	52	8	83	24	89	22	96	41	19	121	74	48	48	6	53	16	73	3	98	85	5	5	75	18	28	87	78	89	22	90	36	81	111	61	1	84	73	3	4	41	38	14	91	52	116	25	9	23	32	36	112	11	30	72	42	113	29	21	113	96	6	76	105	46	96	54	100	112	81	103	100
0	0	0	0	0	0	0	0	0	0	0	14	29	70	81	60	111	122	84	86	60	63	111	118	101	65	50	39	47	82	50	14	48	36	124	64	44	62	110	103	127	78	42	37	79	122	97	7	92	101	62	119	28	74	20	97	110	97	98	111	99	87	57	119	84	8	53	82	53	110	71	54	66	114	26	31	96	120	119	21	96	87	76	80	89	90	7	44	68	8	3	71	51	90	4	39	112	27	86	6	69	75	19	107	3	42	5	72	85	36	85	92	113	104	42	57	45	6	75	128	10	28	77	11	117	123	34	111
0	0	0	0	0	0	0	0	0	0	0	0	58	98	4	111	49	119	34	42	61	87	68	123	70	112	81	80	21	33	116	47	60	58	31	79	114	2	116	14	99	116	118	22	16	42	97	48	109	80	57	116	38	41	74	56	35	72	127	25	13	100	91	74	118	71	93	77	82	94	26	82	31	17	92	45	77	28	83	113	7	12	105	11	80	61	14	33	126	2	52	61	92	28	94	119	51	49	116	24	108	98	90	113	32	42	106	97	111	107	39	96	114	97	109	67	17	118	29	118	63	34	59	96	1	23	127	111
0	0	0	0	0	0	0	0	0	0	0	0	0	68	65	22	77	21	7	64	124	28	80	14	116	15	91	25	104	29	62	96	111	38	57	44	128	87	17	44	73	73	87	45	38	107	82	107	82	13	14	58	69	4	24	11	45	25	118	126	78	58	88	48	79	1	65	43	66	47	92	57	71	43	15	29	27	77	61	112	66	31	101	28	39	101	59	48	63	94	67	11	77	84	52	110	65	3	87	108	116	90	56	46	54	13	60	115	119	97	56	75	92	52	120	62	119	38	21	106	104	124	34	47	71	44	75	70
0	0	0	0	0	0	0	0	0	0	0	0	0	0	60	25	45	92	98	68	126	14	73	75	47	44	34	35	109	76	80	36	94	40	54	50	34	41	24	109	69	108	94	49	117	43	119	46	120	90	76	86	50	98	38	95	69	81	128	54	6	33	35	3	118	109	87	14	12	71	98	103	113	121	22	5	105	85	58	109	55	48	44	28	34	108	21	7	10	106	125	3	62	43	94	50	19	16	77	51	66	14	100	22	64	44	9	7	112	89	9	20	5	118	37	31	71	10	34	107	111	89	100	69	7	13	40	23
0	0	0	0	0	0	0	0	0	0	0	0	0	0	0	15	115	2	11	106	60	28	43	116	30	80	7	45	8	45	21	43	31	103	22	70	54	32	30	17	10	24	1	10	60	34	93	67	68	15	10	97	103	43	2	27	96	57	62	108	106	2	75	48	47	28	124	74	7	86	42	68	125	85	122	89	55	118	87	69	30	22	119	127	10	45	114	126	41	47	41	77	23	4	4	72	87	29	78	52	82	79	2	97	3	86	48	121	32	62	33	115	102	84	9	64	124	29	105	98	57	83	55	89	61	6	5	118
0	0	0	0	0	0	0	0	0	0	0	0	0	0	0	0	32	71	17	70	87	84	32	107	94	122	28	49	17	125	127	118	61	110	34	7	99	44	91	10	114	72	72	49	61	124	52	62	77	44	19	55	2	30	125	124	69	28	29	56	19	73	13	25	118	112	8	51	23	62	10	102	40	8	28	26	97	100	126	58	30	35	115	111	40	47	20	44	118	102	55	121	3	89	56	4	111	103	25	49	121	20	92	115	103	14	14	95	37	31	78	104	103	75	79	66	106	51	75	12	8	28	116	126	46	82	123	117
0	0	0	0	0	0	0	0	0	0	0	0	0	0	0	0	0	58	17	81	63	116	38	92	5	119	112	9	126	86	107	125	52	5	83	73	88	123	62	53	39	84	121	19	71	20	1	1	89	84	8	65	92	75	128	34	59	36	68	11	8	65	126	84	94	124	3	12	19	105	54	34	89	28	31	107	111	62	29	116	108	119	39	68	52	45	24	96	28	104	35	67	56	124	4	58	55	22	41	77	26	122	39	54	25	120	17	57	69	38	76	63	71	45	71	36	13	123	104	105	43	26	56	66	39	44	81	115
0	0	0	0	0	0	0	0	0	0	0	0	0	0	0	0	0	0	45	18	17	46	83	43	24	15	68	93	28	9	63	75	50	15	23	127	112	127	27	12	19	48	20	2	106	64	66	48	121	90	38	92	67	73	109	102	29	72	3	118	72	40	97	97	55	82	55	70	62	111	26	77	55	122	116	77	120	74	35	100	36	89	82	27	52	87	118	58	49	122	105	68	118	47	54	107	13	55	11	117	47	125	83	57	21	18	13	59	84	29	54	114	5	94	55	128	35	5	93	51	106	9	41	13	80	99	127	13
0	0	0	0	0	0	0	0	0	0	0	0	0	0	0	0	0	0	0	110	15	48	71	60	24	74	113	110	111	1	88	102	56	44	115	52	13	5	7	54	47	102	70	49	21	125	92	107	125	45	51	119	37	64	128	15	42	60	59	56	59	112	84	40	33	110	70	72	67	26	105	125	121	26	65	30	115	76	77	113	37	7	117	46	46	3	7	5	27	65	79	96	39	23	44	59	60	16	99	69	46	70	97	4	109	7	78	59	57	56	25	98	93	34	36	98	74	106	126	68	52	49	109	87	104	100	12	19
0	0	0	0	0	0	0	0	0	0	0	0	0	0	0	0	0	0	0	0	124	69	75	111	88	92	59	94	98	41	81	48	57	22	110	109	73	20	91	96	71	26	43	57	28	67	41	50	72	65	38	2	95	99	36	92	92	122	29	30	50	77	125	80	104	121	43	6	40	13	84	123	39	92	88	87	39	14	54	125	9	46	93	82	105	71	64	92	8	7	85	14	102	120	110	30	122	91	95	101	89	29	82	116	95	70	122	77	91	78	38	36	128	3	6	108	64	49	109	44	61	122	45	45	65	46	99	16
0	0	0	0	0	0	0	0	0	0	0	0	0	0	0	0	0	0	0	0	0	61	26	106	52	94	18	14	78	80	124	22	98	109	101	6	18	51	58	52	16	128	76	73	52	75	10	10	44	25	26	77	40	92	54	51	117	118	11	80	3	118	9	7	62	31	81	46	75	53	71	58	118	99	69	89	3	25	44	102	12	101	38	108	45	99	99	78	60	126	34	101	110	91	27	21	107	39	75	30	59	89	13	87	63	20	19	62	12	110	124	71	88	101	59	30	118	60	102	11	79	84	11	45	15	6	22	111
0	0	0	0	0	0	0	0	0	0	0	0	0	0	0	0	0	0	0	0	0	0	95	5	50	67	51	66	14	48	115	73	45	120	24	81	12	96	15	41	97	112	76	54	124	112	8	122	61	21	125	74	61	109	41	17	98	31	52	1	123	112	26	85	126	90	81	63	22	101	34	38	53	100	105	122	31	111	51	49	73	49	85	59	34	20	12	73	3	127	59	107	117	117	50	127	36	67	126	4	75	26	115	57	82	53	72	47	61	95	19	75	60	54	79	8	100	128	23	84	122	17	29	48	76	29	31	64
0	0	0	0	0	0	0	0	0	0	0	0	0	0	0	0	0	0	0	0	0	0	0	61	63	95	56	46	66	84	117	44	65	79	59	95	12	119	107	44	99	117	100	98	18	70	16	32	27	72	64	67	36	8	18	104	24	59	73	36	91	52	125	21	101	20	61	128	84	128	95	49	32	52	15	19	124	62	111	72	19	14	96	14	29	107	52	89	27	37	49	118	120	123	72	54	99	52	120	37	42	15	88	68	51	76	52	65	23	47	31	117	124	47	61	18	104	3	37	106	84	98	88	108	52	121	1	60
0	0	0	0	0	0	0	0	0	0	0	0	0	0	0	0	0	0	0	0	0	0	0	0	101	8	50	85	86	32	59	4	41	116	61	85	18	60	21	23	99	83	41	61	63	74	82	119	52	103	2	19	80	77	64	54	111	119	53	13	94	44	70	71	65	8	5	40	54	39	23	125	47	90	99	121	27	114	103	88	68	38	56	1	91	47	52	53	116	117	14	17	62	67	111	74	23	55	44	58	91	72	3	54	76	123	30	122	24	91	16	58	33	34	127	68	67	1	13	40	15	107	70	86	21	122	6	55
0	0	0	0	0	0	0	0	0	0	0	0	0	0	0	0	0	0	0	0	0	0	0	0	0	47	60	42	103	105	124	81	97	83	1	8	95	62	41	98	77	96	34	121	25	37	29	12	58	90	17	15	39	102	120	12	39	55	73	85	59	44	43	31	108	7	86	90	117	38	93	122	84	62	34	68	66	43	2	76	50	11	99	70	50	10	35	37	106	107	68	112	84	9	54	102	29	8	106	54	102	95	53	79	87	4	43	22	57	120	114	80	124	38	60	62	115	11	46	36	88	12	33	82	33	50	22	110
0	0	0	0	0	0	0	0	0	0	0	0	0	0	0	0	0	0	0	0	0	0	0	0	0	0	23	114	115	95	102	89	76	21	44	115	46	49	24	116	42	32	115	61	60	116	125	48	96	88	92	6	124	110	56	44	119	66	63	114	28	67	21	127	61	94	117	77	83	7	90	12	60	6	48	33	53	84	111	42	59	71	79	47	7	89	104	56	13	126	40	119	10	21	100	33	43	100	45	65	100	97	37	104	43	114	3	13	3	104	102	117	39	90	65	73	72	57	111	84	25	79	29	2	101	111	20	34
0	0	0	0	0	0	0	0	0	0	0	0	0	0	0	0	0	0	0	0	0	0	0	0	0	0	0	32	41	63	72	100	13	116	105	17	57	62	19	38	15	94	128	80	79	119	121	3	44	96	20	69	90	98	17	61	2	43	33	80	16	119	126	117	26	99	78	119	8	87	2	20	25	38	104	33	67	51	53	19	5	63	86	35	84	115	128	22	31	79	54	126	121	112	30	113	7	124	32	65	119	12	65	3	68	18	61	16	124	30	4	26	37	94	120	108	62	10	18	8	53	2	81	109	126	22	119	24
0	0	0	0	0	0	0	0	0	0	0	0	0	0	0	0	0	0	0	0	0	0	0	0	0	0	0	0	35	109	31	65	101	101	122	127	20	71	7	56	125	94	13	98	50	92	103	98	82	6	94	8	22	25	26	63	111	92	44	52	65	47	26	123	6	97	83	97	83	65	9	8	62	49	16	41	80	16	13	125	7	72	27	110	31	36	53	114	118	37	78	26	42	103	84	84	75	72	118	58	65	60	44	63	25	108	43	71	17	116	47	6	57	84	108	22	12	77	68	11	121	56	46	31	41	123	128	37
0	0	0	0	0	0	0	0	0	0	0	0	0	0	0	0	0	0	0	0	0	0	0	0	0	0	0	0	0	114	33	38	29	24	31	15	100	39	93	18	78	128	11	40	49	17	113	13	29	104	91	17	105	76	49	3	87	1	87	108	27	100	40	54	86	106	118	58	97	1	39	112	115	85	45	10	58	82	99	26	107	68	91	76	3	7	42	102	76	127	127	45	41	87	75	29	124	111	38	30	38	61	47	119	100	5	106	71	101	43	80	73	72	77	66	54	126	95	101	26	49	38	53	101	27	65	8	101
0	0	0	0	0	0	0	0	0	0	0	0	0	0	0	0	0	0	0	0	0	0	0	0	0	0	0	0	0	0	79	84	11	71	31	68	33	49	109	112	62	66	77	37	1	26	83	59	44	122	72	44	97	116	101	26	110	71	62	107	71	78	76	54	9	99	113	119	45	30	110	75	9	109	39	69	116	39	65	77	53	29	53	65	88	116	108	17	62	99	67	106	74	76	31	69	10	5	128	93	89	28	19	113	90	61	29	14	21	70	93	94	78	13	118	25	36	123	59	10	56	95	29	83	81	39	24	81
0	0	0	0	0	0	0	0	0	0	0	0	0	0	0	0	0	0	0	0	0	0	0	0	0	0	0	0	0	0	0	72	84	14	36	85	4	127	19	48	108	91	40	42	5	93	127	45	100	96	39	128	64	6	61	13	24	83	47	78	76	36	86	38	117	117	8	62	36	105	22	53	26	70	123	91	79	3	75	79	36	90	106	89	59	13	71	16	70	20	115	33	51	128	122	55	102	44	46	12	22	53	84	55	79	121	15	19	23	73	45	29	55	123	128	126	104	123	51	11	57	73	116	4	125	119	108	125
0	0	0	0	0	0	0	0	0	0	0	0	0	0	0	0	0	0	0	0	0	0	0	0	0	0	0	0	0	0	0	0	20	2	84	104	13	104	104	21	68	58	114	112	46	6	109	71	9	116	58	74	99	124	54	98	23	30	59	105	20	63	103	71	17	113	61	59	56	60	29	25	36	88	45	110	109	31	61	93	43	4	102	90	53	56	39	74	15	43	102	117	5	68	34	65	71	49	100	39	121	13	24	18	53	93	78	114	117	20	48	78	75	45	102	19	80	8	36	121	67	43	58	72	48	56	64	103
0	0	0	0	0	0	0	0	0	0	0	0	0	0	0	0	0	0	0	0	0	0	0	0	0	0	0	0	0	0	0	0	0	37	91	15	4	62	1	93	61	91	73	81	23	84	24	32	58	11	61	121	92	38	128	43	95	119	118	36	81	121	5	70	48	103	53	122	127	59	122	22	21	101	123	106	82	110	101	119	51	118	121	88	50	13	32	57	35	117	126	17	83	18	79	115	67	114	102	66	121	99	97	8	57	86	30	125	20	101	16	8	126	84	66	31	22	1	120	119	106	56	33	54	67	71	76	128
0	0	0	0	0	0	0	0	0	0	0	0	0	0	0	0	0	0	0	0	0	0	0	0	0	0	0	0	0	0	0	0	0	0	113	99	39	92	59	52	6	126	97	28	83	98	77	116	85	109	94	81	53	99	95	82	50	56	34	116	47	44	79	2	60	128	56	95	101	23	128	43	67	119	5	2	126	11	97	86	109	19	105	43	75	128	65	46	15	112	5	60	23	80	103	81	67	19	81	11	42	92	7	46	70	41	66	47	29	19	123	64	2	38	122	88	6	86	69	58	58	105	109	82	97	47	109	38
0	0	0	0	0	0	0	0	0	0	0	0	0	0	0	0	0	0	0	0	0	0	0	0	0	0	0	0	0	0	0	0	0	0	0	25	12	69	7	116	54	116	128	14	114	117	106	107	104	64	9	21	98	121	3	92	69	4	88	104	46	46	102	15	121	76	48	14	32	29	43	88	15	52	49	100	102	112	56	82	79	107	79	26	8	100	37	15	103	57	57	74	111	14	13	13	84	127	57	91	120	90	60	86	93	37	71	12	106	88	83	43	128	28	66	12	36	12	27	88	28	20	74	106	77	93	8	83
0	0	0	0	0	0	0	0	0	0	0	0	0	0	0	0	0	0	0	0	0	0	0	0	0	0	0	0	0	0	0	0	0	0	0	0	100	44	109	14	108	107	17	120	30	99	125	75	40	20	39	124	54	84	11	58	8	84	18	92	21	85	3	71	56	40	127	1	122	52	39	91	121	126	65	85	14	83	54	50	16	2	79	55	63	93	26	121	121	106	10	100	78	1	109	112	34	4	126	36	58	7	33	22	96	109	33	29	22	34	71	82	4	63	26	127	23	93	106	102	38	66	94	41	74	111	42	35
0	0	0	0	0	0	0	0	0	0	0	0	0	0	0	0	0	0	0	0	0	0	0	0	0	0	0	0	0	0	0	0	0	0	0	0	0	28	12	116	75	65	45	53	87	55	14	109	84	6	83	49	125	58	26	96	65	71	8	110	11	122	26	51	65	115	8	95	65	87	77	109	20	94	77	120	83	57	29	2	13	99	8	60	14	80	55	120	127	68	56	26	97	123	12	7	107	127	79	67	11	2	74	60	3	18	32	21	35	29	34	18	33	67	3	44	113	28	7	96	40	2	64	89	20	39	91	8
0	0	0	0	0	0	0	0	0	0	0	0	0	0	0	0	0	0	0	0	0	0	0	0	0	0	0	0	0	0	0	0	0	0	0	0	0	0	7	62	29	25	105	55	57	111	26	27	68	113	109	20	80	35	45	63	79	95	42	108	2	96	94	2	58	122	29	120	66	125	66	92	7	47	79	107	116	44	73	18	53	39	83	13	115	79	105	56	48	126	70	43	100	113	106	38	46	103	64	21	128	17	85	67	66	20	6	120	64	4	82	29	21	124	122	123	82	107	26	9	83	40	42	116	14	106	114	13
0	0	0	0	0	0	0	0	0	0	0	0	0	0	0	0	0	0	0	0	0	0	0	0	0	0	0	0	0	0	0	0	0	0	0	0	0	0	0	123	44	18	120	65	12	23	22	1	128	68	56	73	2	109	99	87	127	115	52	79	94	115	47	70	84	74	1	60	11	41	101	73	71	28	60	122	82	22	13	117	82	33	38	97	21	52	100	19	16	84	4	62	46	75	125	9	27	74	120	68	4	78	77	99	14	88	70	68	4	112	98	73	25	97	85	93	51	20	69	35	74	103	119	82	51	53	7	126
0	0	0	0	0	0	0	0	0	0	0	0	0	0	0	0	0	0	0	0	0	0	0	0	0	0	0	0	0	0	0	0	0	0	0	0	0	0	0	0	107	18	17	75	9	87	60	38	38	31	17	81	82	87	10	44	57	111	22	15	127	22	112	37	110	37	19	51	60	8	93	71	42	1	20	87	19	119	18	98	111	117	72	76	99	98	122	128	24	106	48	109	81	16	88	11	23	121	70	78	100	79	26	52	18	25	95	85	62	39	37	123	26	21	89	102	20	1	121	64	101	2	92	60	33	107	66	114
0	0	0	0	0	0	0	0	0	0	0	0	0	0	0	0	0	0	0	0	0	0	0	0	0	0	0	0	0	0	0	0	0	0	0	0	0	0	0	0	0	81	23	56	23	60	115	81	28	46	43	119	18	34	127	2	72	91	92	70	127	127	2	6	32	80	66	33	22	23	12	46	63	7	94	95	110	36	123	119	113	47	12	111	103	73	85	37	63	32	66	11	99	71	90	42	117	72	12	105	82	34	116	47	108	102	33	81	110	21	20	58	50	17	99	97	114	23	46	51	45	81	104	127	123	61	75	85
0	0	0	0	0	0	0	0	0	0	0	0	0	0	0	0	0	0	0	0	0	0	0	0	0	0	0	0	0	0	0	0	0	0	0	0	0	0	0	0	0	0	46	72	116	39	8	94	31	99	103	75	35	49	26	127	10	100	90	98	92	28	106	81	84	65	52	37	40	19	6	41	86	9	56	98	9	86	94	26	118	34	20	111	107	78	78	34	98	42	20	96	98	7	6	6	9	109	79	6	112	111	55	56	39	65	15	109	3	16	102	60	42	24	91	93	5	59	20	10	1	40	113	116	120	82	1	75
0	0	0	0	0	0	0	0	0	0	0	0	0	0	0	0	0	0	0	0	0	0	0	0	0	0	0	0	0	0	0	0	0	0	0	0	0	0	0	0	0	0	0	32	17	107	120	40	101	71	68	17	14	65	97	11	35	52	60	43	10	118	105	122	17	100	13	40	112	69	66	26	113	56	35	60	14	21	59	46	128	66	62	28	50	104	6	78	71	42	79	114	58	14	122	95	4	79	74	1	34	84	117	82	124	125	119	19	5	17	30	102	11	60	45	48	91	96	49	92	76	12	43	99	26	48	2	124
0	0	0	0	0	0	0	0	0	0	0	0	0	0	0	0	0	0	0	0	0	0	0	0	0	0	0	0	0	0	0	0	0	0	0	0	0	0	0	0	0	0	0	0	23	11	94	57	64	49	62	24	58	14	11	90	27	9	105	45	55	11	87	67	46	72	72	50	59	23	84	120	104	78	116	122	75	79	53	30	8	47	26	16	38	5	108	74	53	80	2	98	77	83	23	85	110	21	1	40	107	49	89	105	62	68	25	64	76	4	43	88	39	21	20	106	26	127	89	32	2	116	30	101	5	125	105	77
0	0	0	0	0	0	0	0	0	0	0	0	0	0	0	0	0	0	0	0	0	0	0	0	0	0	0	0	0	0	0	0	0	0	0	0	0	0	0	0	0	0	0	0	0	59	13	98	66	71	42	119	106	61	66	31	45	69	17	78	96	61	29	51	124	90	124	14	22	62	93	38	114	29	16	88	82	65	16	76	111	3	28	90	83	66	4	126	47	46	25	106	46	4	113	74	103	48	18	50	96	25	95	92	82	8	122	13	116	3	53	105	110	27	99	24	81	81	6	34	81	85	120	90	53	105	46	9
0	0	0	0	0	0	0	0	0	0	0	0	0	0	0	0	0	0	0	0	0	0	0	0	0	0	0	0	0	0	0	0	0	0	0	0	0	0	0	0	0	0	0	0	0	0	118	46	84	30	89	27	47	4	12	19	9	86	127	120	71	113	75	22	64	30	89	26	114	3	94	125	46	22	112	56	39	97	125	65	126	13	21	48	80	20	106	64	95	120	93	86	126	5	106	117	62	122	22	83	53	27	84	29	119	125	89	126	55	12	43	89	86	76	95	105	76	115	121	11	12	99	7	8	18	41	93	66
0	0	0	0	0	0	0	0	0	0	0	0	0	0	0	0	0	0	0	0	0	0	0	0	0	0	0	0	0	0	0	0	0	0	0	0	0	0	0	0	0	0	0	0	0	0	0	71	69	51	57	38	22	69	79	77	9	123	60	65	83	18	125	7	68	100	94	37	67	24	109	119	96	42	123	30	70	38	120	121	31	44	117	75	74	60	90	125	51	93	48	126	96	56	113	103	39	85	102	33	67	22	41	95	82	83	123	64	66	72	16	128	51	109	10	84	30	39	42	105	70	34	41	44	24	125	94	31
0	0	0	0	0	0	0	0	0	0	0	0	0	0	0	0	0	0	0	0	0	0	0	0	0	0	0	0	0	0	0	0	0	0	0	0	0	0	0	0	0	0	0	0	0	0	0	0	30	85	52	40	106	38	71	51	102	5	92	53	96	126	70	110	104	110	5	106	114	73	91	55	115	40	25	118	13	43	108	43	61	50	22	81	63	28	71	11	43	11	48	63	8	99	66	69	22	80	119	99	82	102	65	68	95	52	79	13	58	72	33	124	125	80	88	36	95	75	104	125	44	108	30	98	2	95	41	3
0	0	0	0	0	0	0	0	0	0	0	0	0	0	0	0	0	0	0	0	0	0	0	0	0	0	0	0	0	0	0	0	0	0	0	0	0	0	0	0	0	0	0	0	0	0	0	0	0	118	119	52	97	61	45	14	112	98	46	100	121	10	81	86	120	49	4	56	124	87	71	90	95	76	76	101	12	117	5	56	9	111	94	25	124	7	35	103	93	85	90	125	106	70	49	108	97	105	17	30	37	86	75	98	88	9	81	70	50	39	5	72	16	115	111	91	71	97	88	29	68	111	98	39	12	77	56	51
0	0	0	0	0	0	0	0	0	0	0	0	0	0	0	0	0	0	0	0	0	0	0	0	0	0	0	0	0	0	0	0	0	0	0	0	0	0	0	0	0	0	0	0	0	0	0	0	0	0	104	100	39	11	100	89	82	84	82	78	124	91	71	121	57	66	72	20	33	127	8	34	22	21	49	107	24	84	127	124	59	104	101	13	69	113	11	94	73	51	68	94	120	13	62	2	79	67	40	48	6	58	9	96	92	23	67	37	30	123	94	90	107	52	24	108	112	37	91	40	56	100	48	39	124	47	89	106
0	0	0	0	0	0	0	0	0	0	0	0	0	0	0	0	0	0	0	0	0	0	0	0	0	0	0	0	0	0	0	0	0	0	0	0	0	0	0	0	0	0	0	0	0	0	0	0	0	0	0	106	5	68	87	28	63	8	113	122	75	61	15	89	59	100	99	20	65	23	7	60	35	119	48	86	72	103	56	37	123	73	20	79	40	32	32	60	14	50	68	98	79	44	13	64	20	14	2	27	42	9	49	97	22	87	69	105	24	125	123	86	15	113	33	87	97	111	74	50	115	63	56	12	69	111	119	13
0	0	0	0	0	0	0	0	0	0	0	0	0	0	0	0	0	0	0	0	0	0	0	0	0	0	0	0	0	0	0	0	0	0	0	0	0	0	0	0	0	0	0	0	0	0	0	0	0	0	0	0	38	50	18	107	110	116	33	2	91	122	118	37	99	23	41	64	7	30	100	109	120	85	16	49	94	117	126	62	73	7	60	127	107	60	30	126	128	61	127	13	94	68	18	51	26	86	90	82	5	117	60	66	27	72	103	113	5	32	116	40	68	108	4	99	89	2	2	34	38	102	52	84	12	57	9	23
0	0	0	0	0	0	0	0	0	0	0	0	0	0	0	0	0	0	0	0	0	0	0	0	0	0	0	0	0	0	0	0	0	0	0	0	0	0	0	0	0	0	0	0	0	0	0	0	0	0	0	0	0	23	6	124	25	125	14	112	42	4	21	16	51	74	113	22	102	111	9	37	3	34	117	96	91	112	3	51	82	17	65	31	96	128	82	58	113	68	7	74	42	62	69	44	108	60	76	6	63	15	97	110	118	30	64	99	85	54	120	110	10	54	46	47	9	31	12	63	97	52	101	97	76	37	33	72
0	0	0	0	0	0	0	0	0	0	0	0	0	0	0	0	0	0	0	0	0	0	0	0	0	0	0	0	0	0	0	0	0	0	0	0	0	0	0	0	0	0	0	0	0	0	0	0	0	0	0	0	0	0	128	17	120	47	28	34	21	105	61	56	78	58	117	72	64	103	57	47	63	15	124	20	54	118	8	8	1	7	85	10	112	46	70	98	34	2	12	104	55	58	41	99	92	95	101	7	93	112	55	38	125	124	109	44	45	99	59	99	101	83	75	24	125	26	65	30	71	26	88	111	121	26	14	122
0	0	0	0	0	0	0	0	0	0	0	0	0	0	0	0	0	0	0	0	0	0	0	0	0	0	0	0	0	0	0	0	0	0	0	0	0	0	0	0	0	0	0	0	0	0	0	0	0	0	0	0	0	0	0	118	90	67	100	50	4	44	42	15	82	91	38	108	94	22	10	1	102	60	59	94	49	47	63	108	79	8	120	43	84	48	54	99	39	116	99	39	65	30	53	5	13	90	54	116	18	120	103	28	77	38	122	57	89	124	23	46	126	15	101	60	113	61	46	27	86	42	106	3	38	23	64	56
0	0	0	0	0	0	0	0	0	0	0	0	0	0	0	0	0	0	0	0	0	0	0	0	0	0	0	0	0	0	0	0	0	0	0	0	0	0	0	0	0	0	0	0	0	0	0	0	0	0	0	0	0	0	0	0	19	64	121	97	26	62	28	117	85	20	89	75	64	25	34	125	78	12	94	18	95	115	48	32	6	98	51	58	123	14	40	26	86	85	124	115	3	55	80	95	8	61	105	11	78	35	30	97	115	23	84	102	82	89	64	107	97	71	34	82	4	119	98	37	89	120	4	28	33	122	14	53
0	0	0	0	0	0	0	0	0	0	0	0	0	0	0	0	0	0	0	0	0	0	0	0	0	0	0	0	0	0	0	0	0	0	0	0	0	0	0	0	0	0	0	0	0	0	0	0	0	0	0	0	0	0	0	0	0	63	28	126	110	108	44	23	67	87	101	17	51	7	45	62	64	40	7	94	32	27	69	9	75	116	88	71	43	67	62	104	73	33	33	38	79	48	78	15	88	47	50	95	76	13	3	2	21	47	30	36	12	26	43	85	27	75	109	97	32	64	98	27	1	26	25	10	44	3	128	124
0	0	0	0	0	0	0	0	0	0	0	0	0	0	0	0	0	0	0	0	0	0	0	0	0	0	0	0	0	0	0	0	0	0	0	0	0	0	0	0	0	0	0	0	0	0	0	0	0	0	0	0	0	0	0	0	0	0	41	74	98	84	118	89	6	51	30	101	122	97	123	3	26	31	15	56	97	51	49	49	28	32	113	61	90	95	74	85	8	90	29	27	50	23	60	94	15	123	15	116	78	49	38	53	118	2	111	40	124	35	40	59	116	8	55	35	21	70	22	11	126	117	57	64	108	109	39	28
0	0	0	0	0	0	0	0	0	0	0	0	0	0	0	0	0	0	0	0	0	0	0	0	0	0	0	0	0	0	0	0	0	0	0	0	0	0	0	0	0	0	0	0	0	0	0	0	0	0	0	0	0	0	0	0	0	0	0	44	20	128	91	92	91	124	117	76	34	56	30	38	127	102	74	99	125	84	30	9	113	16	55	68	77	106	73	105	1	40	59	18	125	126	28	23	110	60	119	47	46	13	19	94	39	20	75	58	20	114	45	102	125	37	49	126	3	51	111	76	112	93	57	67	17	7	81	77
0	0	0	0	0	0	0	0	0	0	0	0	0	0	0	0	0	0	0	0	0	0	0	0	0	0	0	0	0	0	0	0	0	0	0	0	0	0	0	0	0	0	0	0	0	0	0	0	0	0	0	0	0	0	0	0	0	0	0	0	47	44	27	72	56	74	116	77	11	39	1	14	1	4	61	55	13	81	67	32	91	60	116	51	88	116	79	110	21	58	22	64	4	88	96	67	92	21	125	89	125	69	124	110	56	83	23	116	19	92	87	100	97	99	34	120	84	54	4	128	6	105	14	120	118	14	21	16
0	0	0	0	0	0	0	0	0	0	0	0	0	0	0	0	0	0	0	0	0	0	0	0	0	0	0	0	0	0	0	0	0	0	0	0	0	0	0	0	0	0	0	0	0	0	0	0	0	0	0	0	0	0	0	0	0	0	0	0	0	28	51	126	124	111	87	123	95	98	6	88	43	96	11	40	117	48	32	32	70	54	21	91	42	57	20	116	81	34	78	117	100	25	71	71	19	45	87	111	108	75	87	22	61	52	72	44	97	108	32	58	60	16	104	99	5	18	76	109	95	125	39	36	53	80	38	82
0	0	0	0	0	0	0	0	0	0	0	0	0	0	0	0	0	0	0	0	0	0	0	0	0	0	0	0	0	0	0	0	0	0	0	0	0	0	0	0	0	0	0	0	0	0	0	0	0	0	0	0	0	0	0	0	0	0	0	0	0	0	117	96	36	43	20	51	1	2	92	17	46	112	91	57	109	1	71	108	41	101	13	72	36	117	72	110	99	128	72	44	56	113	80	54	2	37	110	95	8	64	81	102	117	42	15	118	122	23	19	2	95	69	109	65	47	60	35	90	87	111	110	66	70	44	28	96
0	0	0	0	0	0	0	0	0	0	0	0	0	0	0	0	0	0	0	0	0	0	0	0	0	0	0	0	0	0	0	0	0	0	0	0	0	0	0	0	0	0	0	0	0	0	0	0	0	0	0	0	0	0	0	0	0	0	0	0	0	0	0	16	87	31	31	1	64	80	25	123	122	122	115	89	69	9	90	67	52	27	88	58	51	16	30	30	57	114	91	2	24	51	89	65	26	7	19	2	113	34	20	119	62	30	20	70	69	112	63	71	64	14	122	105	69	15	123	70	71	100	15	28	35	94	127	120
0	0	0	0	0	0	0	0	0	0	0	0	0	0	0	0	0	0	0	0	0	0	0	0	0	0	0	0	0	0	0	0	0	0	0	0	0	0	0	0	0	0	0	0	0	0	0	0	0	0	0	0	0	0	0	0	0	0	0	0	0	0	0	0	19	56	125	23	26	101	110	37	69	24	61	110	70	107	119	56	67	39	107	45	44	9	57	23	128	110	65	72	50	91	97	40	66	68	119	77	102	82	38	113	107	120	31	61	103	17	16	85	86	124	90	102	63	96	26	71	74	6	71	10	23	23	105	45
0	0	0	0	0	0	0	0	0	0	0	0	0	0	0	0	0	0	0	0	0	0	0	0	0	0	0	0	0	0	0	0	0	0	0	0	0	0	0	0	0	0	0	0	0	0	0	0	0	0	0	0	0	0	0	0	0	0	0	0	0	0	0	0	0	101	89	16	25	80	62	95	100	74	2	50	127	86	45	47	100	74	40	14	117	115	64	47	53	107	110	21	50	109	40	101	11	22	107	116	88	6	115	68	108	11	65	106	59	60	89	51	81	43	127	126	1	1	40	110	54	14	3	118	32	32	29	89
0	0	0	0	0	0	0	0	0	0	0	0	0	0	0	0	0	0	0	0	0	0	0	0	0	0	0	0	0	0	0	0	0	0	0	0	0	0	0	0	0	0	0	0	0	0	0	0	0	0	0	0	0	0	0	0	0	0	0	0	0	0	0	0	0	0	67	95	37	94	95	58	83	107	40	29	17	61	39	59	44	122	105	48	63	23	54	75	29	100	33	8	71	21	70	16	123	96	9	58	55	56	80	16	58	39	114	39	10	71	66	14	15	83	32	20	114	92	88	21	104	127	9	79	115	9	22	76
0	0	0	0	0	0	0	0	0	0	0	0	0	0	0	0	0	0	0	0	0	0	0	0	0	0	0	0	0	0	0	0	0	0	0	0	0	0	0	0	0	0	0	0	0	0	0	0	0	0	0	0	0	0	0	0	0	0	0	0	0	0	0	0	0	0	0	123	109	88	123	38	78	85	12	83	76	24	53	76	56	97	74	122	107	94	44	91	116	48	78	70	8	7	17	34	15	112	57	8	75	114	110	92	72	17	9	37	51	76	120	93	103	45	59	34	69	68	104	32	30	75	48	9	90	116	13	10
0	0	0	0	0	0	0	0	0	0	0	0	0	0	0	0	0	0	0	0	0	0	0	0	0	0	0	0	0	0	0	0	0	0	0	0	0	0	0	0	0	0	0	0	0	0	0	0	0	0	0	0	0	0	0	0	0	0	0	0	0	0	0	0	0	0	0	0	113	95	80	7	61	19	94	25	19	57	96	5	78	128	46	90	125	114	89	114	122	91	24	90	97	55	106	41	4	19	31	75	110	18	93	44	93	5	104	9	82	5	3	103	74	59	30	25	102	54	70	89	5	38	120	91	51	58	14	97
0	0	0	0	0	0	0	0	0	0	0	0	0	0	0	0	0	0	0	0	0	0	0	0	0	0	0	0	0	0	0	0	0	0	0	0	0	0	0	0	0	0	0	0	0	0	0	0	0	0	0	0	0	0	0	0	0	0	0	0	0	0	0	0	0	0	0	0	0	54	71	46	93	65	1	125	68	26	30	26	38	17	110	27	83	104	30	114	3	68	17	17	46	57	86	72	41	57	122	24	2	33	60	8	54	97	35	101	67	23	79	115	99	103	28	125	54	106	77	128	119	11	103	25	31	50	115	116
0	0	0	0	0	0	0	0	0	0	0	0	0	0	0	0	0	0	0	0	0	0	0	0	0	0	0	0	0	0	0	0	0	0	0	0	0	0	0	0	0	0	0	0	0	0	0	0	0	0	0	0	0	0	0	0	0	0	0	0	0	0	0	0	0	0	0	0	0	0	85	98	101	71	44	80	104	56	12	19	67	90	42	36	88	31	93	34	96	80	18	91	117	106	14	46	37	35	57	106	96	84	121	61	15	71	93	23	110	128	82	99	77	74	40	19	113	64	93	67	46	58	78	96	60	93	68	48
0	0	0	0	0	0	0	0	0	0	0	0	0	0	0	0	0	0	0	0	0	0	0	0	0	0	0	0	0	0	0	0	0	0	0	0	0	0	0	0	0	0	0	0	0	0	0	0	0	0	0	0	0	0	0	0	0	0	0	0	0	0	0	0	0	0	0	0	0	0	0	111	10	68	2	6	5	2	68	55	34	126	44	86	95	20	39	74	21	128	124	9	36	77	59	30	54	4	72	39	42	43	100	107	10	69	96	122	26	35	121	10	20	21	61	70	10	28	95	120	21	85	53	12	103	70	62	13
0	0	0	0	0	0	0	0	0	0	0	0	0	0	0	0	0	0	0	0	0	0	0	0	0	0	0	0	0	0	0	0	0	0	0	0	0	0	0	0	0	0	0	0	0	0	0	0	0	0	0	0	0	0	0	0	0	0	0	0	0	0	0	0	0	0	0	0	0	0	0	0	12	82	19	94	109	33	37	16	68	77	75	37	92	80	47	53	105	52	36	64	65	113	47	19	124	24	38	128	62	86	100	4	35	76	41	108	35	105	44	61	66	32	118	95	114	121	75	92	33	126	103	64	74	4	123	20
0	0	0	0	0	0	0	0	0	0	0	0	0	0	0	0	0	0	0	0	0	0	0	0	0	0	0	0	0	0	0	0	0	0	0	0	0	0	0	0	0	0	0	0	0	0	0	0	0	0	0	0	0	0	0	0	0	0	0	0	0	0	0	0	0	0	0	0	0	0	0	0	0	3	48	38	58	103	102	25	4	23	103	8	37	77	103	12	53	46	2	81	63	36	68	103	80	68	78	98	1	117	115	48	83	27	101	2	13	70	83	124	15	11	48	18	35	10	73	111	68	63	122	34	116	1	100	88
0	0	0	0	0	0	0	0	0	0	0	0	0	0	0	0	0	0	0	0	0	0	0	0	0	0	0	0	0	0	0	0	0	0	0	0	0	0	0	0	0	0	0	0	0	0	0	0	0	0	0	0	0	0	0	0	0	0	0	0	0	0	0	0	0	0	0	0	0	0	0	0	0	0	119	53	67	79	25	68	67	17	84	84	1	12	4	35	75	116	120	87	96	15	33	46	61	20	57	58	110	19	43	116	9	71	78	27	94	10	86	68	16	66	81	22	56	14	116	127	45	28	22	5	45	37	31	32
0	0	0	0	0	0	0	0	0	0	0	0	0	0	0	0	0	0	0	0	0	0	0	0	0	0	0	0	0	0	0	0	0	0	0	0	0	0	0	0	0	0	0	0	0	0	0	0	0	0	0	0	0	0	0	0	0	0	0	0	0	0	0	0	0	0	0	0	0	0	0	0	0	0	0	50	64	51	12	28	62	62	70	101	8	111	118	36	68	101	35	61	28	15	50	90	101	83	78	39	26	100	106	30	56	120	60	93	82	25	64	128	65	11	60	61	57	112	26	24	79	105	6	3	91	43	19	55
0	0	0	0	0	0	0	0	0	0	0	0	0	0	0	0	0	0	0	0	0	0	0	0	0	0	0	0	0	0	0	0	0	0	0	0	0	0	0	0	0	0	0	0	0	0	0	0	0	0	0	0	0	0	0	0	0	0	0	0	0	0	0	0	0	0	0	0	0	0	0	0	0	0	0	0	8	6	41	28	51	126	55	16	36	93	125	11	81	49	9	52	85	27	65	88	75	109	55	122	31	20	103	76	67	107	32	37	108	69	42	97	86	31	57	48	72	20	54	30	35	15	59	99	94	13	89	95
0	0	0	0	0	0	0	0	0	0	0	0	0	0	0	0	0	0	0	0	0	0	0	0	0	0	0	0	0	0	0	0	0	0	0	0	0	0	0	0	0	0	0	0	0	0	0	0	0	0	0	0	0	0	0	0	0	0	0	0	0	0	0	0	0	0	0	0	0	0	0	0	0	0	0	0	0	108	52	27	15	107	60	110	39	51	4	109	21	52	104	31	66	110	65	80	106	115	40	98	57	102	39	47	64	84	83	93	69	120	112	46	79	70	47	119	30	10	33	83	112	106	87	57	5	113	116	94
0	0	0	0	0	0	0	0	0	0	0	0	0	0	0	0	0	0	0	0	0	0	0	0	0	0	0	0	0	0	0	0	0	0	0	0	0	0	0	0	0	0	0	0	0	0	0	0	0	0	0	0	0	0	0	0	0	0	0	0	0	0	0	0	0	0	0	0	0	0	0	0	0	0	0	0	0	0	68	112	98	55	51	126	94	25	117	18	86	37	87	68	59	124	38	84	99	127	86	101	15	3	52	128	4	86	41	102	44	123	14	46	97	105	126	118	41	106	19	16	44	65	121	120	37	11	70	5
0	0	0	0	0	0	0	0	0	0	0	0	0	0	0	0	0	0	0	0	0	0	0	0	0	0	0	0	0	0	0	0	0	0	0	0	0	0	0	0	0	0	0	0	0	0	0	0	0	0	0	0	0	0	0	0	0	0	0	0	0	0	0	0	0	0	0	0	0	0	0	0	0	0	0	0	0	0	0	70	71	117	63	35	21	105	24	79	34	120	60	99	29	55	100	36	19	30	46	9	64	33	58	104	36	35	20	51	118	75	12	65	89	30	118	106	116	67	89	101	119	45	111	119	52	89	97	115
0	0	0	0	0	0	0	0	0	0	0	0	0	0	0	0	0	0	0	0	0	0	0	0	0	0	0	0	0	0	0	0	0	0	0	0	0	0	0	0	0	0	0	0	0	0	0	0	0	0	0	0	0	0	0	0	0	0	0	0	0	0	0	0	0	0	0	0	0	0	0	0	0	0	0	0	0	0	0	0	13	96	28	2	92	43	31	76	29	8	100	73	68	105	106	41	80	36	65	94	35	47	21	12	94	30	56	47	48	98	33	99	54	63	16	113	57	39	105	104	95	85	106	50	78	109	43	31
0	0	0	0	0	0	0	0	0	0	0	0	0	0	0	0	0	0	0	0	0	0	0	0	0	0	0	0	0	0	0	0	0	0	0	0	0	0	0	0	0	0	0	0	0	0	0	0	0	0	0	0	0	0	0	0	0	0	0	0	0	0	0	0	0	0	0	0	0	0	0	0	0	0	0	0	0	0	0	0	0	9	109	20	55	119	33	108	92	21	78	2	93	18	3	3	105	24	77	115	59	22	112	54	61	52	119	90	103	40	121	8	1	71	90	39	83	23	107	35	81	127	81	10	48	50	11	39
0	0	0	0	0	0	0	0	0	0	0	0	0	0	0	0	0	0	0	0	0	0	0	0	0	0	0	0	0	0	0	0	0	0	0	0	0	0	0	0	0	0	0	0	0	0	0	0	0	0	0	0	0	0	0	0	0	0	0	0	0	0	0	0	0	0	0	0	0	0	0	0	0	0	0	0	0	0	0	0	0	0	71	29	68	116	122	43	76	48	6	68	72	45	75	49	75	73	31	62	91	10	16	47	108	59	70	89	118	25	80	67	114	81	66	31	39	117	9	58	120	106	9	122	73	86	30	32
0	0	0	0	0	0	0	0	0	0	0	0	0	0	0	0	0	0	0	0	0	0	0	0	0	0	0	0	0	0	0	0	0	0	0	0	0	0	0	0	0	0	0	0	0	0	0	0	0	0	0	0	0	0	0	0	0	0	0	0	0	0	0	0	0	0	0	0	0	0	0	0	0	0	0	0	0	0	0	0	0	0	0	70	55	68	126	89	126	15	53	122	100	121	80	104	46	102	10	115	84	20	27	97	59	107	119	5	97	87	18	12	125	95	88	116	90	73	88	52	113	40	97	101	111	105	14	13
0	0	0	0	0	0	0	0	0	0	0	0	0	0	0	0	0	0	0	0	0	0	0	0	0	0	0	0	0	0	0	0	0	0	0	0	0	0	0	0	0	0	0	0	0	0	0	0	0	0	0	0	0	0	0	0	0	0	0	0	0	0	0	0	0	0	0	0	0	0	0	0	0	0	0	0	0	0	0	0	0	0	0	0	105	64	39	88	49	3	108	114	47	122	4	26	117	92	12	32	33	56	85	15	97	10	60	122	22	127	32	34	110	126	72	96	46	3	9	43	83	76	66	67	99	21	89	30
0	0	0	0	0	0	0	0	0	0	0	0	0	0	0	0	0	0	0	0	0	0	0	0	0	0	0	0	0	0	0	0	0	0	0	0	0	0	0	0	0	0	0	0	0	0	0	0	0	0	0	0	0	0	0	0	0	0	0	0	0	0	0	0	0	0	0	0	0	0	0	0	0	0	0	0	0	0	0	0	0	0	0	0	0	75	55	58	95	101	125	13	7	51	25	41	56	122	25	43	46	106	61	27	79	32	67	61	101	53	39	66	99	67	53	107	15	57	40	120	6	94	63	6	99	55	103	20
0	0	0	0	0	0	0	0	0	0	0	0	0	0	0	0	0	0	0	0	0	0	0	0	0	0	0	0	0	0	0	0	0	0	0	0	0	0	0	0	0	0	0	0	0	0	0	0	0	0	0	0	0	0	0	0	0	0	0	0	0	0	0	0	0	0	0	0	0	0	0	0	0	0	0	0	0	0	0	0	0	0	0	0	0	0	106	13	23	77	113	55	47	30	115	24	122	6	22	110	59	94	127	114	8	6	89	113	5	60	116	4	4	53	79	58	100	32	48	114	67	118	86	17	103	56	38	24
0	0	0	0	0	0	0	0	0	0	0	0	0	0	0	0	0	0	0	0	0	0	0	0	0	0	0	0	0	0	0	0	0	0	0	0	0	0	0	0	0	0	0	0	0	0	0	0	0	0	0	0	0	0	0	0	0	0	0	0	0	0	0	0	0	0	0	0	0	0	0	0	0	0	0	0	0	0	0	0	0	0	0	0	0	0	0	117	80	94	17	104	61	76	42	41	120	65	60	39	22	91	35	29	16	28	84	63	9	75	1	19	6	127	20	5	19	83	22	109	34	126	5	14	12	91	1	45
0	0	0	0	0	0	0	0	0	0	0	0	0	0	0	0	0	0	0	0	0	0	0	0	0	0	0	0	0	0	0	0	0	0	0	0	0	0	0	0	0	0	0	0	0	0	0	0	0	0	0	0	0	0	0	0	0	0	0	0	0	0	0	0	0	0	0	0	0	0	0	0	0	0	0	0	0	0	0	0	0	0	0	0	0	0	0	0	127	14	103	13	60	40	113	28	50	7	119	71	56	104	5	117	112	77	25	109	23	39	103	82	102	99	83	35	111	116	125	104	49	102	4	126	113	125	21	8
0	0	0	0	0	0	0	0	0	0	0	0	0	0	0	0	0	0	0	0	0	0	0	0	0	0	0	0	0	0	0	0	0	0	0	0	0	0	0	0	0	0	0	0	0	0	0	0	0	0	0	0	0	0	0	0	0	0	0	0	0	0	0	0	0	0	0	0	0	0	0	0	0	0	0	0	0	0	0	0	0	0	0	0	0	0	0	0	0	53	49	52	56	43	104	128	113	57	8	125	118	20	23	65	58	54	52	119	18	92	50	95	116	90	85	11	117	92	112	102	39	118	108	101	107	34	86	128
0	0	0	0	0	0	0	0	0	0	0	0	0	0	0	0	0	0	0	0	0	0	0	0	0	0	0	0	0	0	0	0	0	0	0	0	0	0	0	0	0	0	0	0	0	0	0	0	0	0	0	0	0	0	0	0	0	0	0	0	0	0	0	0	0	0	0	0	0	0	0	0	0	0	0	0	0	0	0	0	0	0	0	0	0	0	0	0	0	0	6	42	37	49	114	103	32	67	106	26	44	79	126	72	108	101	28	103	21	119	74	13	51	39	68	105	124	87	101	73	14	58	10	105	123	120	117	83
0	0	0	0	0	0	0	0	0	0	0	0	0	0	0	0	0	0	0	0	0	0	0	0	0	0	0	0	0	0	0	0	0	0	0	0	0	0	0	0	0	0	0	0	0	0	0	0	0	0	0	0	0	0	0	0	0	0	0	0	0	0	0	0	0	0	0	0	0	0	0	0	0	0	0	0	0	0	0	0	0	0	0	0	0	0	0	0	0	0	0	36	77	72	53	117	56	71	59	61	89	42	28	70	31	122	120	125	3	5	29	49	20	5	114	43	8	41	42	28	29	41	23	121	32	96	81	54
0	0	0	0	0	0	0	0	0	0	0	0	0	0	0	0	0	0	0	0	0	0	0	0	0	0	0	0	0	0	0	0	0	0	0	0	0	0	0	0	0	0	0	0	0	0	0	0	0	0	0	0	0	0	0	0	0	0	0	0	0	0	0	0	0	0	0	0	0	0	0	0	0	0	0	0	0	0	0	0	0	0	0	0	0	0	0	0	0	0	0	0	64	109	38	127	71	85	54	68	67	7	79	114	92	56	49	70	89	95	15	21	48	52	82	94	35	122	28	27	127	120	1	6	21	8	14	79
0	0	0	0	0	0	0	0	0	0	0	0	0	0	0	0	0	0	0	0	0	0	0	0	0	0	0	0	0	0	0	0	0	0	0	0	0	0	0	0	0	0	0	0	0	0	0	0	0	0	0	0	0	0	0	0	0	0	0	0	0	0	0	0	0	0	0	0	0	0	0	0	0	0	0	0	0	0	0	0	0	0	0	0	0	0	0	0	0	0	0	0	0	125	61	110	37	114	67	106	106	117	41	1	119	22	3	124	17	8	11	89	94	69	15	74	40	61	116	49	41	103	110	108	124	73	127	109
0	0	0	0	0	0	0	0	0	0	0	0	0	0	0	0	0	0	0	0	0	0	0	0	0	0	0	0	0	0	0	0	0	0	0	0	0	0	0	0	0	0	0	0	0	0	0	0	0	0	0	0	0	0	0	0	0	0	0	0	0	0	0	0	0	0	0	0	0	0	0	0	0	0	0	0	0	0	0	0	0	0	0	0	0	0	0	0	0	0	0	0	0	0	4	77	2	35	87	99	41	28	38	68	60	4	87	100	100	68	10	25	53	70	42	11	82	82	54	93	102	113	106	22	50	3	60	117
0	0	0	0	0	0	0	0	0	0	0	0	0	0	0	0	0	0	0	0	0	0	0	0	0	0	0	0	0	0	0	0	0	0	0	0	0	0	0	0	0	0	0	0	0	0	0	0	0	0	0	0	0	0	0	0	0	0	0	0	0	0	0	0	0	0	0	0	0	0	0	0	0	0	0	0	0	0	0	0	0	0	0	0	0	0	0	0	0	0	0	0	0	0	0	75	56	59	113	34	49	51	69	41	46	51	59	13	62	60	117	1	45	22	61	80	70	10	76	20	8	15	122	63	79	42	112	2
0	0	0	0	0	0	0	0	0	0	0	0	0	0	0	0	0	0	0	0	0	0	0	0	0	0	0	0	0	0	0	0	0	0	0	0	0	0	0	0	0	0	0	0	0	0	0	0	0	0	0	0	0	0	0	0	0	0	0	0	0	0	0	0	0	0	0	0	0	0	0	0	0	0	0	0	0	0	0	0	0	0	0	0	0	0	0	0	0	0	0	0	0	0	0	0	128	90	8	93	24	104	128	7	43	83	92	15	118	98	84	45	90	61	74	99	39	80	21	106	71	112	4	124	29	115	25	5
0	0	0	0	0	0	0	0	0	0	0	0	0	0	0	0	0	0	0	0	0	0	0	0	0	0	0	0	0	0	0	0	0	0	0	0	0	0	0	0	0	0	0	0	0	0	0	0	0	0	0	0	0	0	0	0	0	0	0	0	0	0	0	0	0	0	0	0	0	0	0	0	0	0	0	0	0	0	0	0	0	0	0	0	0	0	0	0	0	0	0	0	0	0	0	0	0	81	124	20	40	18	87	117	13	11	30	88	105	105	19	102	5	128	121	106	104	72	19	113	7	95	59	59	33	78	54	31
0	0	0	0	0	0	0	0	0	0	0	0	0	0	0	0	0	0	0	0	0	0	0	0	0	0	0	0	0	0	0	0	0	0	0	0	0	0	0	0	0	0	0	0	0	0	0	0	0	0	0	0	0	0	0	0	0	0	0	0	0	0	0	0	0	0	0	0	0	0	0	0	0	0	0	0	0	0	0	0	0	0	0	0	0	0	0	0	0	0	0	0	0	0	0	0	0	0	118	15	17	108	90	27	105	60	128	85	19	49	39	41	55	93	90	20	13	91	91	119	44	56	28	84	53	28	85	117
0	0	0	0	0	0	0	0	0	0	0	0	0	0	0	0	0	0	0	0	0	0	0	0	0	0	0	0	0	0	0	0	0	0	0	0	0	0	0	0	0	0	0	0	0	0	0	0	0	0	0	0	0	0	0	0	0	0	0	0	0	0	0	0	0	0	0	0	0	0	0	0	0	0	0	0	0	0	0	0	0	0	0	0	0	0	0	0	0	0	0	0	0	0	0	0	0	0	0	90	81	76	91	12	84	56	110	71	51	96	12	21	66	59	24	109	6	26	70	107	36	75	72	68	37	49	88	53
0	0	0	0	0	0	0	0	0	0	0	0	0	0	0	0	0	0	0	0	0	0	0	0	0	0	0	0	0	0	0	0	0	0	0	0	0	0	0	0	0	0	0	0	0	0	0	0	0	0	0	0	0	0	0	0	0	0	0	0	0	0	0	0	0	0	0	0	0	0	0	0	0	0	0	0	0	0	0	0	0	0	0	0	0	0	0	0	0	0	0	0	0	0	0	0	0	0	0	0	7	83	66	119	105	59	102	20	115	32	24	78	119	88	51	66	115	114	24	19	88	89	89	4	40	60	50	81
0	0	0	0	0	0	0	0	0	0	0	0	0	0	0	0	0	0	0	0	0	0	0	0	0	0	0	0	0	0	0	0	0	0	0	0	0	0	0	0	0	0	0	0	0	0	0	0	0	0	0	0	0	0	0	0	0	0	0	0	0	0	0	0	0	0	0	0	0	0	0	0	0	0	0	0	0	0	0	0	0	0	0	0	0	0	0	0	0	0	0	0	0	0	0	0	0	0	0	0	0	55	34	66	45	16	85	45	65	101	70	86	123	25	75	67	78	40	110	67	50	9	38	75	30	4	42	54
0	0	0	0	0	0	0	0	0	0	0	0	0	0	0	0	0	0	0	0	0	0	0	0	0	0	0	0	0	0	0	0	0	0	0	0	0	0	0	0	0	0	0	0	0	0	0	0	0	0	0	0	0	0	0	0	0	0	0	0	0	0	0	0	0	0	0	0	0	0	0	0	0	0	0	0	0	0	0	0	0	0	0	0	0	0	0	0	0	0	0	0	0	0	0	0	0	0	0	0	0	0	100	57	40	29	74	24	68	100	45	26	62	94	81	67	110	66	62	71	52	119	94	48	39	102	18	85
0	0	0	0	0	0	0	0	0	0	0	0	0	0	0	0	0	0	0	0	0	0	0	0	0	0	0	0	0	0	0	0	0	0	0	0	0	0	0	0	0	0	0	0	0	0	0	0	0	0	0	0	0	0	0	0	0	0	0	0	0	0	0	0	0	0	0	0	0	0	0	0	0	0	0	0	0	0	0	0	0	0	0	0	0	0	0	0	0	0	0	0	0	0	0	0	0	0	0	0	0	0	0	118	74	2	30	47	77	21	51	126	103	86	7	58	32	100	22	40	6	2	91	91	126	95	27	12
0	0	0	0	0	0	0	0	0	0	0	0	0	0	0	0	0	0	0	0	0	0	0	0	0	0	0	0	0	0	0	0	0	0	0	0	0	0	0	0	0	0	0	0	0	0	0	0	0	0	0	0	0	0	0	0	0	0	0	0	0	0	0	0	0	0	0	0	0	0	0	0	0	0	0	0	0	0	0	0	0	0	0	0	0	0	0	0	0	0	0	0	0	0	0	0	0	0	0	0	0	0	0	0	13	28	69	118	100	4	122	37	2	46	114	114	14	110	126	2	51	122	125	69	67	127	27	101
0	0	0	0	0	0	0	0	0	0	0	0	0	0	0	0	0	0	0	0	0	0	0	0	0	0	0	0	0	0	0	0	0	0	0	0	0	0	0	0	0	0	0	0	0	0	0	0	0	0	0	0	0	0	0	0	0	0	0	0	0	0	0	0	0	0	0	0	0	0	0	0	0	0	0	0	0	0	0	0	0	0	0	0	0	0	0	0	0	0	0	0	0	0	0	0	0	0	0	0	0	0	0	0	0	55	106	98	38	2	101	121	121	23	11	127	5	44	64	86	14	8	91	65	98	118	28	80
0	0	0	0	0	0	0	0	0	0	0	0	0	0	0	0	0	0	0	0	0	0	0	0	0	0	0	0	0	0	0	0	0	0	0	0	0	0	0	0	0	0	0	0	0	0	0	0	0	0	0	0	0	0	0	0	0	0	0	0	0	0	0	0	0	0	0	0	0	0	0	0	0	0	0	0	0	0	0	0	0	0	0	0	0	0	0	0	0	0	0	0	0	0	0	0	0	0	0	0	0	0	0	0	0	0	77	78	8	47	7	113	117	24	76	38	43	18	124	54	78	1	1	90	122	29	106	37
0	0	0	0	0	0	0	0	0	0	0	0	0	0	0	0	0	0	0	0	0	0	0	0	0	0	0	0	0	0	0	0	0	0	0	0	0	0	0	0	0	0	0	0	0	0	0	0	0	0	0	0	0	0	0	0	0	0	0	0	0	0	0	0	0	0	0	0	0	0	0	0	0	0	0	0	0	0	0	0	0	0	0	0	0	0	0	0	0	0	0	0	0	0	0	0	0	0	0	0	0	0	0	0	0	0	0	85	46	103	9	28	76	45	121	21	83	50	54	86	58	70	9	87	11	60	21	128
0	0	0	0	0	0	0	0	0	0	0	0	0	0	0	0	0	0	0	0	0	0	0	0	0	0	0	0	0	0	0	0	0	0	0	0	0	0	0	0	0	0	0	0	0	0	0	0	0	0	0	0	0	0	0	0	0	0	0	0	0	0	0	0	0	0	0	0	0	0	0	0	0	0	0	0	0	0	0	0	0	0	0	0	0	0	0	0	0	0	0	0	0	0	0	0	0	0	0	0	0	0	0	0	0	0	0	0	46	108	13	96	113	74	64	126	7	117	64	7	36	103	114	62	127	119	15	116
0	0	0	0	0	0	0	0	0	0	0	0	0	0	0	0	0	0	0	0	0	0	0	0	0	0	0	0	0	0	0	0	0	0	0	0	0	0	0	0	0	0	0	0	0	0	0	0	0	0	0	0	0	0	0	0	0	0	0	0	0	0	0	0	0	0	0	0	0	0	0	0	0	0	0	0	0	0	0	0	0	0	0	0	0	0	0	0	0	0	0	0	0	0	0	0	0	0	0	0	0	0	0	0	0	0	0	0	0	88	73	128	20	123	70	121	104	80	101	97	61	71	27	5	41	12	35	41
0	0	0	0	0	0	0	0	0	0	0	0	0	0	0	0	0	0	0	0	0	0	0	0	0	0	0	0	0	0	0	0	0	0	0	0	0	0	0	0	0	0	0	0	0	0	0	0	0	0	0	0	0	0	0	0	0	0	0	0	0	0	0	0	0	0	0	0	0	0	0	0	0	0	0	0	0	0	0	0	0	0	0	0	0	0	0	0	0	0	0	0	0	0	0	0	0	0	0	0	0	0	0	0	0	0	0	0	0	0	26	83	84	57	109	35	103	39	2	117	94	109	50	6	105	52	117	48
0	0	0	0	0	0	0	0	0	0	0	0	0	0	0	0	0	0	0	0	0	0	0	0	0	0	0	0	0	0	0	0	0	0	0	0	0	0	0	0	0	0	0	0	0	0	0	0	0	0	0	0	0	0	0	0	0	0	0	0	0	0	0	0	0	0	0	0	0	0	0	0	0	0	0	0	0	0	0	0	0	0	0	0	0	0	0	0	0	0	0	0	0	0	0	0	0	0	0	0	0	0	0	0	0	0	0	0	0	0	0	48	98	93	113	49	73	68	124	59	85	116	64	37	122	16	49	17
0	0	0	0	0	0	0	0	0	0	0	0	0	0	0	0	0	0	0	0	0	0	0	0	0	0	0	0	0	0	0	0	0	0	0	0	0	0	0	0	0	0	0	0	0	0	0	0	0	0	0	0	0	0	0	0	0	0	0	0	0	0	0	0	0	0	0	0	0	0	0	0	0	0	0	0	0	0	0	0	0	0	0	0	0	0	0	0	0	0	0	0	0	0	0	0	0	0	0	0	0	0	0	0	0	0	0	0	0	0	0	0	124	63	4	120	48	63	22	58	95	118	17	36	2	37	59	24
0	0	0	0	0	0	0	0	0	0	0	0	0	0	0	0	0	0	0	0	0	0	0	0	0	0	0	0	0	0	0	0	0	0	0	0	0	0	0	0	0	0	0	0	0	0	0	0	0	0	0	0	0	0	0	0	0	0	0	0	0	0	0	0	0	0	0	0	0	0	0	0	0	0	0	0	0	0	0	0	0	0	0	0	0	0	0	0	0	0	0	0	0	0	0	0	0	0	0	0	0	0	0	0	0	0	0	0	0	0	0	0	0	47	78	93	85	3	84	51	127	27	55	113	74	36	41	4
0	0	0	0	0	0	0	0	0	0	0	0	0	0	0	0	0	0	0	0	0	0	0	0	0	0	0	0	0	0	0	0	0	0	0	0	0	0	0	0	0	0	0	0	0	0	0	0	0	0	0	0	0	0	0	0	0	0	0	0	0	0	0	0	0	0	0	0	0	0	0	0	0	0	0	0	0	0	0	0	0	0	0	0	0	0	0	0	0	0	0	0	0	0	0	0	0	0	0	0	0	0	0	0	0	0	0	0	0	0	0	0	0	0	74	14	108	113	39	27	7	15	67	103	77	107	34	94
0	0	0	0	0	0	0	0	0	0	0	0	0	0	0	0	0	0	0	0	0	0	0	0	0	0	0	0	0	0	0	0	0	0	0	0	0	0	0	0	0	0	0	0	0	0	0	0	0	0	0	0	0	0	0	0	0	0	0	0	0	0	0	0	0	0	0	0	0	0	0	0	0	0	0	0	0	0	0	0	0	0	0	0	0	0	0	0	0	0	0	0	0	0	0	0	0	0	0	0	0	0	0	0	0	0	0	0	0	0	0	0	0	0	0	96	17	8	124	105	77	54	93	84	77	34	123	54
0	0	0	0	0	0	0	0	0	0	0	0	0	0	0	0	0	0	0	0	0	0	0	0	0	0	0	0	0	0	0	0	0	0	0	0	0	0	0	0	0	0	0	0	0	0	0	0	0	0	0	0	0	0	0	0	0	0	0	0	0	0	0	0	0	0	0	0	0	0	0	0	0	0	0	0	0	0	0	0	0	0	0	0	0	0	0	0	0	0	0	0	0	0	0	0	0	0	0	0	0	0	0	0	0	0	0	0	0	0	0	0	0	0	0	0	109	30	96	76	121	17	45	41	4	14	92	49
0	0	0	0	0	0	0	0	0	0	0	0	0	0	0	0	0	0	0	0	0	0	0	0	0	0	0	0	0	0	0	0	0	0	0	0	0	0	0	0	0	0	0	0	0	0	0	0	0	0	0	0	0	0	0	0	0	0	0	0	0	0	0	0	0	0	0	0	0	0	0	0	0	0	0	0	0	0	0	0	0	0	0	0	0	0	0	0	0	0	0	0	0	0	0	0	0	0	0	0	0	0	0	0	0	0	0	0	0	0	0	0	0	0	0	0	0	34	69	19	43	4	66	59	15	32	81	65
0	0	0	0	0	0	0	0	0	0	0	0	0	0	0	0	0	0	0	0	0	0	0	0	0	0	0	0	0	0	0	0	0	0	0	0	0	0	0	0	0	0	0	0	0	0	0	0	0	0	0	0	0	0	0	0	0	0	0	0	0	0	0	0	0	0	0	0	0	0	0	0	0	0	0	0	0	0	0	0	0	0	0	0	0	0	0	0	0	0	0	0	0	0	0	0	0	0	0	0	0	0	0	0	0	0	0	0	0	0	0	0	0	0	0	0	0	0	90	32	20	5	33	116	51	109	16	108
0	0	0	0	0	0	0	0	0	0	0	0	0	0	0	0	0	0	0	0	0	0	0	0	0	0	0	0	0	0	0	0	0	0	0	0	0	0	0	0	0	0	0	0	0	0	0	0	0	0	0	0	0	0	0	0	0	0	0	0	0	0	0	0	0	0	0	0	0	0	0	0	0	0	0	0	0	0	0	0	0	0	0	0	0	0	0	0	0	0	0	0	0	0	0	0	0	0	0	0	0	0	0	0	0	0	0	0	0	0	0	0	0	0	0	0	0	0	0	75	73	35	51	121	77	5	7	29
0	0	0	0	0	0	0	0	0	0	0	0	0	0	0	0	0	0	0	0	0	0	0	0	0	0	0	0	0	0	0	0	0	0	0	0	0	0	0	0	0	0	0	0	0	0	0	0	0	0	0	0	0	0	0	0	0	0	0	0	0	0	0	0	0	0	0	0	0	0	0	0	0	0	0	0	0	0	0	0	0	0	0	0	0	0	0	0	0	0	0	0	0	0	0	0	0	0	0	0	0	0	0	0	0	0	0	0	0	0	0	0	0	0	0	0	0	0	0	0	123	22	101	64	76	48	24	111
0	0	0	0	0	0	0	0	0	0	0	0	0	0	0	0	0	0	0	0	0	0	0	0	0	0	0	0	0	0	0	0	0	0	0	0	0	0	0	0	0	0	0	0	0	0	0	0	0	0	0	0	0	0	0	0	0	0	0	0	0	0	0	0	0	0	0	0	0	0	0	0	0	0	0	0	0	0	0	0	0	0	0	0	0	0	0	0	0	0	0	0	0	0	0	0	0	0	0	0	0	0	0	0	0	0	0	0	0	0	0	0	0	0	0	0	0	0	0	0	0	69	68	89	76	19	77	18
0	0	0	0	0	0	0	0	0	0	0	0	0	0	0	0	0	0	0	0	0	0	0	0	0	0	0	0	0	0	0	0	0	0	0	0	0	0	0	0	0	0	0	0	0	0	0	0	0	0	0	0	0	0	0	0	0	0	0	0	0	0	0	0	0	0	0	0	0	0	0	0	0	0	0	0	0	0	0	0	0	0	0	0	0	0	0	0	0	0	0	0	0	0	0	0	0	0	0	0	0	0	0	0	0	0	0	0	0	0	0	0	0	0	0	0	0	0	0	0	0	0	17	120	7	12	103	9
0	0	0	0	0	0	0	0	0	0	0	0	0	0	0	0	0	0	0	0	0	0	0	0	0	0	0	0	0	0	0	0	0	0	0	0	0	0	0	0	0	0	0	0	0	0	0	0	0	0	0	0	0	0	0	0	0	0	0	0	0	0	0	0	0	0	0	0	0	0	0	0	0	0	0	0	0	0	0	0	0	0	0	0	0	0	0	0	0	0	0	0	0	0	0	0	0	0	0	0	0	0	0	0	0	0	0	0	0	0	0	0	0	0	0	0	0	0	0	0	0	0	0	114	61	87	48	29
0	0	0	0	0	0	0	0	0	0	0	0	0	0	0	0	0	0	0	0	0	0	0	0	0	0	0	0	0	0	0	0	0	0	0	0	0	0	0	0	0	0	0	0	0	0	0	0	0	0	0	0	0	0	0	0	0	0	0	0	0	0	0	0	0	0	0	0	0	0	0	0	0	0	0	0	0	0	0	0	0	0	0	0	0	0	0	0	0	0	0	0	0	0	0	0	0	0	0	0	0	0	0	0	0	0	0	0	0	0	0	0	0	0	0	0	0	0	0	0	0	0	0	0	72	60	107	25
0	0	0	0	0	0	0	0	0	0	0	0	0	0	0	0	0	0	0	0	0	0	0	0	0	0	0	0	0	0	0	0	0	0	0	0	0	0	0	0	0	0	0	0	0	0	0	0	0	0	0	0	0	0	0	0	0	0	0	0	0	0	0	0	0	0	0	0	0	0	0	0	0	0	0	0	0	0	0	0	0	0	0	0	0	0	0	0	0	0	0	0	0	0	0	0	0	0	0	0	0	0	0	0	0	0	0	0	0	0	0	0	0	0	0	0	0	0	0	0	0	0	0	0	0	113	22	1
0	0	0	0	0	0	0	0	0	0	0	0	0	0	0	0	0	0	0	0	0	0	0	0	0	0	0	0	0	0	0	0	0	0	0	0	0	0	0	0	0	0	0	0	0	0	0	0	0	0	0	0	0	0	0	0	0	0	0	0	0	0	0	0	0	0	0	0	0	0	0	0	0	0	0	0	0	0	0	0	0	0	0	0	0	0	0	0	0	0	0	0	0	0	0	0	0	0	0	0	0	0	0	0	0	0	0	0	0	0	0	0	0	0	0	0	0	0	0	0	0	0	0	0	0	0	122	26
0	0	0	0	0	0	0	0	0	0	0	0	0	0	0	0	0	0	0	0	0	0	0	0	0	0	0	0	0	0	0	0	0	0	0	0	0	0	0	0	0	0	0	0	0	0	0	0	0	0	0	0	0	0	0	0	0	0	0	0	0	0	0	0	0	0	0	0	0	0	0	0	0	0	0	0	0	0	0	0	0	0	0	0	0	0	0	0	0	0	0	0	0	0	0	0	0	0	0	0	0	0	0	0	0	0	0	0	0	0	0	0	0	0	0	0	0	0	0	0	0	0	0	0	0	0	0	27
0	0	0	0	0	0	0	0	0	0	0	0	0	0	0	0	0	0	0	0	0	0	0	0	0	0	0	0	0	0	0	0	0	0	0	0	0	0	0	0	0	0	0	0	0	0	0	0	0	0	0	0	0	0	0	0	0	0	0	0	0	0	0	0	0	0	0	0	0	0	0	0	0	0	0	0	0	0	0	0	0	0	0	0	0	0	0	0	0	0	0	0	0	0	0	0	0	0	0	0	0	0	0	0	0	0	0	0	0	0	0	0	0	0	0	0	0	0	0	0	0	0	0	0	0	0	0	0