0	27	62	95	25	113	65	89	52	93	86	39	94	32	51	21	48	23	53	125	104	39	62	14	7	120	77	12	19	28	98	40	12	42	28	2	90	16	30	64	69	111	67	28	123	118	53	2	48	112	89	18	49	39	18	12	122	25	114	116	1	15	45	57	112	83	25	71	116	98	15	19	29	81	45	94	96	28	37	24	23	76	110	43	85	48	3	22	88	49	65	87	121	3	45	73	106	122	65	113	26	45	95	82	72	123	114	84	60	75	11	5	89	123	91	124	5	33	65	17	112	61	95	34	2	17	69	48
0	0	7	115	72	43	46	123	34	97	55	56	126	124	54	31	74	11	23	112	46	20	55	72	51	66	12	115	41	61	128	64	5	11	17	115	114	49	89	31	8	95	50	56	20	89	86	123	97	112	8	69	97	126	32	72	40	101	34	48	19	125	38	128	101	98	93	91	80	55	14	11	120	103	100	42	4	43	57	75	95	59	102	30	35	96	21	100	81	75	105	82	125	46	49	29	86	30	118	62	18	71	4	32	104	71	98	104	32	48	91	72	3	20	42	102	93	47	13	6	128	31	48	118	102	72	109	23
0	0	0	66	81	74	106	126	43	40	77	71	41	5	4	73	70	3	26	30	112	87	19	74	15	31	25	47	2	63	26	73	124	78	65	5	121	19	19	126	51	65	14	43	74	83	97	38	80	44	117	85	89	30	125	10	11	127	126	89	67	16	75	12	74	71	94	31	75	67	16	55	66	78	110	85	128	103	100	26	17	21	22	90	58	101	71	83	57	72	68	113	88	31	24	51	93	47	114	13	18	77	48	30	33	124	94	11	58	31	76	113	42	102	65	81	72	99	56	113	77	30	108	119	62	60	22	108
0	0	0	0	95	18	67	102	98	41	81	77	85	69	63	86	82	105	40	10	34	24	48	72	85	24	49	84	59	43	119	58	51	40	70	102	105	46	31	65	102	69	22	38	23	54	116	37	112	28	18	82	111	116	61	93	26	99	114	88	58	59	94	37	120	73	40	35	103	93	61	125	85	64	44	26	48	62	112	1	100	44	127	45	36	111	47	26	65	38	105	117	93	31	113	60	48	24	50	55	50	123	101	52	112	116	39	11	5	11	26	117	94	120	42	61	17	7	88	102	117	32	85	94	121	39	44	72
0	0	0	0	0	101	32	40	125	122	109	72	60	44	34	18	109	92	105	31	89	60	109	116	64	34	68	55	11	6	118	98	54	53	56	74	59	107	102	9	16	17	80	87	24	53	30	38	94	45	37	74	55	106	25	110	27	113	54	84	30	109	59	17	43	76	38	10	119	71	65	112	48	6	88	116	108	122	49	109	111	67	62	108	42	31	63	13	123	103	69	95	48	91	29	28	7	38	64	20	9	71	50	14	108	34	23	122	71	126	113	56	120	48	25	51	47	86	82	79	88	24	25	98	62	4	32	55
0	0	0	0	0	0	3	88	32	15	75	46	61	36	126	35	124	15	59	70	85	15	110	43	12	104	75	82	2	64	33	91	23	74	99	49	87	88	91	39	19	88	23	71	126	54	59	79	114	3	99	1	44	111	119	43	21	111	80	101	13	7	53	57	58	48	111	2	7	50	64	97	100	73	87	74	70	27	6	17	128	10	102	26	72	128	90	91	104	88	98	85	29	23	41	70	11	51	126	17	122	2	23	80	12	6	29	119	42	55	91	104	33	110	43	29	89	128	3	113	37	121	99	86	49	9	93	104
0	0	0	0	0	0	0	12	119	26	53	103	108	77	23	92	101	34	19	47	114	32	37	37	56	24	7	50	115	49	16	24	34	109	75	8	82	84	48	69	2	17	94	83	64	19	45	119	11	60	31	89	123	39	83	45	113	121	64	109	128	54	31	109	105	100	9	96	89	100	120	37	12	110	67	39	14	30	13	36	78	62	107	124	21	6	68	77	60	58	21	62	77	100	118	16	46	120	5	98	84	127	106	108	9	45	17	73	7	69	92	108	59	41	22	89	70	42	38	96	28	112	28	32	67	65	33	32
0	0	0	0	0	0	0	0	30	92	60	115	22	114	53	49	80	47	40	99	36	66	72	105	102	1	83	93	55	49	65	121	127	16	58	27	121	94	13	43	118	11	85	11	55	8	106	17	62	23	36	116	20	79	40	78	76	59	19	71	55	84	92	120	71	86	79	58	120	43	39	101	22	41	120	21	36	126	116	6	95	9	76	61	52	94	34	85	128	41	65	1	124	42	29	22	87	20	115	58	75	76	36	94	31	92	61	73	127	102	99	73	56	14	16	45	114	76	106	13	124	97	62	18	78	73	61	114
0	0	0	0	0	0	0	0	0	116	60	18	38	7	81	21	24	111	85	9	60	1	16	106	80	126	65	18	74	5	52	90	121	18	41	48	40	87	119	114	32	120	15	64	36	65	80	115	67	35	93	99	84	97	30	110	61	14	93	84	57	47	128	54	74	107	46	62	39	55	100	54	104	114	75	93	97	13	95	13	45	73	80	32	56	69	16	40	75	123	23	15	5	117	120	95	19	31	93	39	116	14	109	64	53	86	125	76	49	74	66	55	1	6	115	12	84	92	114	47	113	57	121	57	113	98	74	53
0	0	0	0	0	0	0	0	0	0	15	124	127	108	123	94	69	117	98	89	81	93	73	43	82	55	122	86	114	25	27	45	13	75	62	76	65	15	14	108	11	78	59	103	94	24	51	90	119	103	59	73	96	85	23	49	111	89	69	110	47	15	44	15	4	56	43	87	34	2	14	127	9	6	56	32	5	109	113	29	69	56	5	110	98	67	22	59	85	56	119	115	85	40	8	29	16	37	31	20	41	102	6	104	54	68	108	60	65	5	38	21	34	81	78	52	24	69	12	41	41	16	85	78	116	18	4	8
0	0	0	0	0	0	0	0	0	0	0	108	102	70	3	57	78	40	113	123	124	113	70	101	29	73	104	107	113	39	123	104	19	109	16	52	78	101	57	62	107	100	99	48	42	94	128	56	25	12	38	39	121	50	94	68	95	123	87	73	87	53	21	60	91	5	41	111	73	88	11	126	14	97	126	123	72	18	108	79	69	90	126	21	78	25	108	32	98	8	80	67	4	120	119	44	98	111	83	96	77	47	106	59	107	6	56	70	26	125	29	51	124	102	123	76	97	33	12	20	110	4	36	116	118	106	26	12
0	0	0	0	0	0	0	0	0	0	0	0	15	41	68	76	43	111	71	98	30	20	83	20	22	9	47	66	43	5	80	102	63	17	25	126	42	61	128	7	74	17	46	5	7	63	127	121	17	110	89	64	3	81	18	65	124	55	7	22	7	83	2	126	91	36	6	77	32	24	4	15	27	126	111	74	92	33	92	64	101	126	105	31	36	58	125	45	34	89	38	60	54	49	44	41	83	32	110	27	78	125	64	21	108	10	45	18	38	34	93	109	19	110	48	40	93	11	19	57	89	57	121	60	71	81	98	118
0	0	0	0	0	0	0	0	0	0	0	0	0	46	19	11	59	4	56	126	16	43	1	118	39	71	10	116	17	53	22	99	123	4	103	77	92	14	86	120	68	109	7	58	99	89	123	38	100	35	86	19	128	32	32	55	57	81	69	82	71	33	105	39	89	123	37	22	61	96	48	17	27	68	59	91	45	32	126	122	67	70	110	27	3	14	127	52	33	50	89	72	126	122	78	100	9	78	45	58	61	75	56	58	67	84	125	104	15	106	85	29	87	28	70	51	31	64	14	98	32	82	104	124	101	55	89	92
0	0	0	0	0	0	0	0	0	0	0	0	0	0	120	54	92	94	20	102	77	109	32	63	46	40	1	109	48	20	67	98	32	9	29	102	118	82	81	100	44	6	26	55	80	78	77	77	77	119	44	15	73	17	108	51	38	83	120	117	35	104	98	85	102	128	60	66	54	92	90	43	49	84	102	103	1	115	92	102	12	69	29	35	104	73	119	77	11	64	63	52	118	21	11	9	2	12	41	16	93	61	37	48	111	124	87	4	7	109	109	77	79	100	76	15	57	62	10	84	9	35	36	52	72	43	90	39
0	0	0	0	0	0	0	0	0	0	0	0	0	0	0	67	44	29	111	105	63	45	95	104	119	93	44	24	90	125	16	5	85	84	14	23	102	97	31	5	127	89	112	53	109	34	99	68	48	101	52	29	76	107	38	83	15	75	90	15	109	103	111	14	122	16	101	61	39	128	39	31	64	6	32	48	47	114	61	105	81	43	2	33	115	110	112	45	112	22	57	53	109	54	11	20	126	49	58	50	84	63	32	79	123	11	11	80	72	5	109	26	124	34	106	13	21	98	107	20	41	55	73	106	22	113	111	116
0	0	0	0	0	0	0	0	0	0	0	0	0	0	0	0	5	118	103	62	11	86	103	27	107	84	25	75	98	121	92	65	121	72	120	86	31	111	128	66	6	13	118	70	78	70	110	32	119	57	2	53	40	86	97	24	20	38	93	1	86	8	96	62	60	110	60	114	28	95	80	54	65	3	51	48	60	56	41	75	34	32	14	124	72	80	44	32	19	27	36	67	101	60	50	92	103	31	74	97	121	105	101	23	128	52	31	48	124	19	24	122	14	87	110	110	41	46	100	98	90	29	55	35	38	23	14	119
0	0	0	0	0	0	0	0	0	0	0	0	0	0	0	0	0	111	35	35	102	11	46	4	51	80	107	74	91	17	65	38	21	127	120	80	119	54	42	76	27	32	35	7	29	12	30	34	39	106	44	96	57	18	61	48	42	37	124	118	2	72	100	84	70	97	84	45	53	25	87	51	7	24	63	57	18	16	27	37	121	124	10	97	93	59	7	110	39	2	98	69	32	33	35	43	47	5	85	58	112	65	7	76	93	13	116	26	67	23	93	121	31	3	83	125	64	13	123	34	22	98	19	83	127	32	45	62
0	0	0	0	0	0	0	0	0	0	0	0	0	0	0	0	0	0	106	62	30	53	50	76	68	23	107	101	68	122	14	46	112	10	66	13	50	60	96	84	10	20	63	9	22	70	15	82	95	87	10	75	80	122	79	39	99	22	93	26	20	79	36	126	15	88	106	32	30	24	7	39	79	15	27	34	100	94	65	99	47	50	54	27	77	6	23	33	98	51	93	52	83	111	112	16	117	10	82	13	89	101	13	54	61	4	57	22	72	99	128	109	46	43	19	27	72	42	85	80	31	11	10	14	122	71	69	108
0	0	0	0	0	0	0	0	0	0	0	0	0	0	0	0	0	0	0	125	120	9	128	126	35	90	19	55	123	81	118	98	28	84	98	77	68	75	35	82	27	24	98	18	100	30	7	12	101	27	110	120	31	59	58	113	12	115	123	54	34	48	43	108	108	1	22	27	85	86	97	121	55	54	98	30	91	33	7	44	123	21	99	125	95	71	112	32	10	101	79	37	83	47	117	77	14	58	39	73	32	79	17	66	94	113	74	60	47	79	20	115	113	90	2	13	117	10	106	119	128	121	80	10	61	99	49	60
0	0	0	0	0	0	0	0	0	0	0	0	0	0	0	0	0	0	0	0	94	14	8	75	56	104	80	84	100	65	14	51	59	59	48	110	43	89	88	68	80	22	3	91	59	105	37	35	102	28	100	122	73	71	50	75	32	90	70	47	13	108	94	23	15	29	58	68	48	88	19	52	125	11	118	109	63	40	103	100	31	88	89	120	75	21	68	103	80	31	99	40	30	29	26	94	36	82	52	76	92	103	89	1	60	30	77	15	125	120	90	26	47	63	60	41	77	92	15	75	82	93	2	80	26	57	34	26
0	0	0	0	0	0	0	0	0	0	0	0	0	0	0	0	0	0	0	0	0	3	43	86	118	38	82	9	1	62	23	70	52	121	17	3	90	7	76	121	79	120	20	106	29	102	47	58	60	90	22	44	9	124	9	96	14	4	53	6	93	9	53	59	116	115	45	1	100	123	41	101	115	29	29	77	82	79	34	27	118	114	17	57	76	13	22	34	113	24	56	48	2	85	68	33	86	17	21	31	19	1	73	9	32	86	75	71	114	18	6	127	63	35	69	59	16	12	21	93	105	31	74	3	125	66	61	119
0	0	0	0	0	0	0	0	0	0	0	0	0	0	0	0	0	0	0	0	0	0	104	60	23	61	8	69	95	90	62	61	24	37	113	23	21	62	118	118	75	122	4	106	36	89	4	118	47	105	38	86	114	73	91	90	96	18	70	121	102	18	56	127	6	98	127	93	48	109	102	109	58	2	47	128	90	55	28	105	57	102	22	76	46	8	32	37	6	123	89	113	69	43	116	11	100	112	93	37	93	47	127	75	27	29	33	94	24	26	109	79	20	102	29	103	123	37	96	34	31	103	49	64	7	114	15	88
0	0	0	0	0	0	0	0	0	0	0	0	0	0	0	0	0	0	0	0	0	0	0	128	52	24	109	111	72	39	12	30	128	91	73	77	89	115	36	14	95	74	43	3	78	48	29	7	24	45	43	116	43	61	104	7	106	26	37	75	104	4	80	74	93	64	104	101	81	104	22	117	121	105	15	117	3	84	98	120	66	123	51	4	118	94	101	113	22	12	55	67	115	36	59	60	20	82	78	5	107	94	49	30	26	35	77	43	13	83	124	41	127	66	115	62	107	3	1	40	109	41	120	5	85	37	66	84
0	0	0	0	0	0	0	0	0	0	0	0	0	0	0	0	0	0	0	0	0	0	0	0	13	41	48	25	42	114	23	29	127	12	126	103	58	69	39	63	74	71	65	30	117	101	47	117	101	10	126	38	7	65	97	56	16	38	94	31	119	91	76	19	18	48	68	67	81	45	38	41	71	91	111	22	57	94	20	70	128	34	14	116	26	111	111	20	38	36	94	71	58	75	92	83	119	56	96	109	125	19	90	85	105	18	105	14	73	35	127	57	111	3	20	14	91	125	2	31	16	114	83	76	87	94	119	88
0	0	0	0	0	0	0	0	0	0	0	0	0	0	0	0	0	0	0	0	0	0	0	0	0	72	56	65	81	76	6	63	112	111	67	97	45	67	16	62	66	76	80	65	34	33	13	68	3	107	20	16	100	17	77	112	123	45	49	104	58	6	104	46	101	25	49	38	58	21	63	33	5	126	42	50	71	40	91	12	3	105	104	77	43	40	120	63	40	119	13	9	126	47	18	114	16	25	87	100	101	99	44	122	87	27	92	17	53	56	127	75	84	28	30	33	114	61	55	78	84	65	2	40	121	28	7	111
0	0	0	0	0	0	0	0	0	0	0	0	0	0	0	0	0	0	0	0	0	0	0	0	0	0	52	110	85	20	5	35	91	100	23	44	126	37	51	127	90	78	126	65	20	128	107	56	45	105	66	84	27	49	78	69	55	82	5	31	13	29	65	84	96	59	103	41	20	11	3	73	115	96	82	97	122	71	110	93	31	31	6	71	49	58	53	34	4	15	118	17	127	88	12	124	27	2	73	41	98	105	25	82	13	123	108	122	68	42	32	67	65	28	68	42	42	11	113	85	23	11	13	47	56	28	121	123
0	0	0	0	0	0	0	0	0	0	0	0	0	0	0	0	0	0	0	0	0	0	0	0	0	0	0	87	29	87	119	5	126	84	21	60	51	1	13	92	107	78	41	32	66	5	116	66	108	115	23	26	67	106	117	21	54	79	61	58	26	120	68	9	124	98	83	90	51	53	89	6	114	34	105	115	41	17	26	98	24	27	102	41	72	31	126	73	42	43	72	7	75	85	54	37	105	105	28	55	40	83	93	70	113	65	75	2	128	48	61	18	123	86	94	14	51	99	113	8	52	46	59	30	113	93	44	86
0	0	0	0	0	0	0	0	0	0	0	0	0	0	0	0	0	0	0	0	0	0	0	0	0	0	0	0	29	86	80	100	110	117	114	38	81	125	86	102	8	40	67	113	51	91	44	113	52	82	13	11	42	10	99	12	49	102	68	127	87	28	119	53	38	21	99	27	87	92	60	60	94	85	9	119	118	51	82	106	125	118	5	28	96	38	82	86	2	19	124	74	96	92	98	91	18	64	110	49	62	122	67	75	79	20	110	104	8	110	52	47	128	35	36	8	118	79	52	111	127	4	93	38	90	95	55	67
0	0	0	0	0	0	0	0	0	0	0	0	0	0	0	0	0	0	0	0	0	0	0	0	0	0	0	0	0	89	21	98	16	3	27	108	112	18	110	90	4	22	106	21	79	55	105	100	31	11	122	25	86	9	101	84	7	12	76	43	127	94	45	49	47	76	107	27	24	99	78	81	72	2	46	76	47	24	17	51	36	60	85	123	27	33	123	101	48	42	72	111	46	47	100	97	108	38	86	60	101	88	109	115	86	32	27	30	4	86	42	34	13	49	73	122	95	88	5	99	51	99	68	94	72	120	4	117
0	0	0	0	0	0	0	0	0	0	0	0	0	0	0	0	0	0	0	0	0	0	0	0	0	0	0	0	0	0	74	75	74	59	81	61	111	77	12	58	83	1	31	58	118	43	78	34	117	6	123	51	48	115	108	47	48	104	77	127	69	12	7	84	114	41	31	23	119	25	37	63	97	12	60	12	101	63	22	88	77	120	105	77	117	45	46	82	79	128	71	16	76	51	58	74	11	34	63	28	89	108	5	117	97	75	119	27	8	53	26	90	55	82	88	4	85	4	52	71	49	24	28	71	120	15	73	105
0	0	0	0	0	0	0	0	0	0	0	0	0	0	0	0	0	0	0	0	0	0	0	0	0	0	0	0	0	0	0	74	4	34	99	72	86	111	109	73	96	21	21	35	115	113	25	54	72	62	65	20	28	78	83	103	85	124	113	14	100	78	76	23	90	92	49	63	84	41	48	97	22	90	7	86	33	50	107	72	57	112	4	59	8	91	96	124	58	127	122	8	79	72	98	38	92	13	81	95	128	7	55	76	53	64	37	100	44	64	83	71	1	43	84	50	106	103	114	19	119	26	120	119	36	93	99	52
0	0	0	0	0	0	0	0	0	0	0	0	0	0	0	0	0	0	0	0	0	0	0	0	0	0	0	0	0	0	0	0	63	104	42	115	57	44	91	67	7	69	119	71	72	119	66	36	77	40	17	56	121	19	92	25	38	45	4	103	95	74	114	74	105	79	81	89	110	69	22	57	72	42	28	104	99	96	95	75	38	28	28	18	85	115	40	93	43	67	65	37	123	103	84	53	67	70	100	108	70	94	116	24	38	70	51	37	45	18	71	77	35	57	37	45	98	36	50	54	120	113	85	111	93	66	89	35
0	0	0	0	0	0	0	0	0	0	0	0	0	0	0	0	0	0	0	0	0	0	0	0	0	0	0	0	0	0	0	0	0	10	3	70	21	23	8	125	51	48	10	107	25	110	50	91	65	44	19	64	77	12	114	49	1	114	127	10	79	115	81	75	76	1	88	71	127	111	34	124	75	78	29	54	36	50	40	69	18	86	38	62	27	14	91	70	9	27	90	83	43	94	69	126	50	15	100	70	64	33	125	26	37	115	28	113	86	93	119	5	39	97	110	61	14	63	66	71	124	59	10	78	10	113	104	83
0	0	0	0	0	0	0	0	0	0	0	0	0	0	0	0	0	0	0	0	0	0	0	0	0	0	0	0	0	0	0	0	0	0	67	124	15	81	51	61	75	54	125	52	21	74	111	83	29	59	103	126	99	31	35	94	69	39	34	83	89	52	44	43	81	75	109	65	50	38	30	103	2	19	86	92	15	28	19	67	124	126	9	94	13	32	47	31	125	99	4	105	113	49	68	93	58	41	108	74	95	67	31	57	124	36	33	74	17	104	111	95	74	34	53	22	34	57	103	105	101	8	23	107	20	10	53	23
0	0	0	0	0	0	0	0	0	0	0	0	0	0	0	0	0	0	0	0	0	0	0	0	0	0	0	0	0	0	0	0	0	0	0	78	19	51	8	116	79	51	115	118	100	17	99	51	80	105	112	127	27	24	126	38	82	85	100	101	2	8	72	64	101	52	126	21	8	50	118	60	31	76	113	128	107	24	114	26	103	100	87	90	2	16	30	13	18	121	115	103	92	48	100	1	52	107	11	121	12	72	123	67	18	87	54	78	2	85	79	83	108	18	13	117	98	112	124	48	18	37	70	72	105	106	116	119
0	0	0	0	0	0	0	0	0	0	0	0	0	0	0	0	0	0	0	0	0	0	0	0	0	0	0	0	0	0	0	0	0	0	0	0	88	113	47	30	20	111	9	60	113	103	88	111	22	115	75	108	74	47	21	127	31	20	98	59	118	12	74	123	63	116	75	36	31	65	126	47	49	127	35	16	10	96	9	127	63	17	109	74	118	103	86	88	69	58	85	115	113	123	62	5	11	51	32	14	33	26	97	116	108	97	74	79	91	45	57	79	114	21	109	88	38	26	65	116	34	16	68	104	29	27	76	6
0	0	0	0	0	0	0	0	0	0	0	0	0	0	0	0	0	0	0	0	0	0	0	0	0	0	0	0	0	0	0	0	0	0	0	0	0	38	40	63	92	17	80	87	84	10	69	23	91	116	18	55	61	99	82	110	99	46	104	11	89	35	5	126	123	85	115	68	101	5	45	115	119	82	18	21	15	31	45	101	85	127	126	64	84	23	23	49	64	22	22	59	112	102	98	99	112	98	48	117	45	42	15	75	118	58	8	72	36	40	26	120	1	89	83	64	9	63	58	5	13	99	61	76	52	106	92	2
0	0	0	0	0	0	0	0	0	0	0	0	0	0	0	0	0	0	0	0	0	0	0	0	0	0	0	0	0	0	0	0	0	0	0	0	0	0	4	12	33	96	20	126	22	24	102	102	41	50	105	72	37	49	69	88	23	79	99	109	39	92	123	41	87	39	77	14	30	109	46	21	52	48	112	63	95	76	8	10	23	72	26	90	57	59	12	64	50	79	29	3	15	26	30	5	114	15	35	101	33	33	11	4	122	76	107	102	61	121	21	13	110	30	10	107	128	78	82	74	69	62	21	115	127	83	113	1
0	0	0	0	0	0	0	0	0	0	0	0	0	0	0	0	0	0	0	0	0	0	0	0	0	0	0	0	0	0	0	0	0	0	0	0	0	0	0	63	7	125	106	108	95	100	123	52	43	46	56	92	42	110	68	53	85	48	79	118	80	87	57	33	39	61	102	29	92	45	118	119	38	18	87	92	81	84	2	52	61	2	3	115	101	15	111	89	44	34	117	44	84	103	22	13	122	23	88	97	71	62	40	68	33	11	11	104	97	53	110	125	27	119	78	37	98	24	9	23	6	86	4	85	125	104	82	92
0	0	0	0	0	0	0	0	0	0	0	0	0	0	0	0	0	0	0	0	0	0	0	0	0	0	0	0	0	0	0	0	0	0	0	0	0	0	0	0	73	49	15	86	42	85	88	13	11	58	16	5	54	113	56	70	17	18	63	58	98	59	70	24	114	25	18	79	42	7	128	99	29	10	68	100	25	1	2	128	63	3	114	18	128	76	29	27	50	73	18	7	47	12	100	66	122	53	45	58	50	78	31	8	17	36	111	113	72	30	64	110	66	37	32	105	8	118	19	46	17	94	102	42	63	30	113	20
0	0	0	0	0	0	0	0	0	0	0	0	0	0	0	0	0	0	0	0	0	0	0	0	0	0	0	0	0	0	0	0	0	0	0	0	0	0	0	0	0	126	13	95	57	82	34	25	45	34	123	103	79	94	114	121	88	38	124	25	89	19	14	46	119	64	62	123	83	99	67	82	21	116	29	17	50	53	120	65	65	105	71	58	44	14	23	105	72	28	87	110	91	5	13	92	17	81	32	32	119	22	65	90	80	122	101	86	78	106	83	111	4	26	15	128	10	104	36	8	25	5	17	14	85	125	104	106
0	0	0	0	0	0	0	0	0	0	0	0	0	0	0	0	0	0	0	0	0	0	0	0	0	0	0	0	0	0	0	0	0	0	0	0	0	0	0	0	0	0	8	90	128	87	97	100	7	57	70	22	85	98	125	63	104	94	46	125	114	51	117	107	72	41	17	94	73	52	128	103	25	4	22	13	5	110	10	54	89	113	115	66	2	115	67	94	71	13	93	7	105	68	71	16	16	37	54	118	80	44	112	106	30	60	24	106	30	107	67	70	81	127	100	28	106	104	65	24	65	59	33	125	20	31	101	49
0	0	0	0	0	0	0	0	0	0	0	0	0	0	0	0	0	0	0	0	0	0	0	0	0	0	0	0	0	0	0	0	0	0	0	0	0	0	0	0	0	0	0	87	5	11	30	117	80	38	2	88	52	88	14	109	49	114	103	82	71	42	128	93	42	62	64	76	29	23	114	81	53	21	89	45	74	67	109	2	117	121	74	30	35	96	49	72	6	54	21	113	116	4	9	84	98	93	32	54	126	8	86	14	1	54	41	24	93	27	42	35	7	77	104	2	120	52	18	69	15	87	7	30	11	100	120	124
0	0	0	0	0	0	0	0	0	0	0	0	0	0	0	0	0	0	0	0	0	0	0	0	0	0	0	0	0	0	0	0	0	0	0	0	0	0	0	0	0	0	0	0	30	47	112	115	10	65	84	77	56	124	79	55	90	2	93	1	53	66	77	62	92	112	46	80	1	11	17	37	20	2	100	2	86	14	63	46	5	61	89	76	37	59	68	51	111	78	116	127	38	80	49	58	56	46	11	91	79	96	6	88	114	26	94	121	100	50	67	114	39	42	39	95	68	83	89	99	53	33	96	35	79	101	19	81
0	0	0	0	0	0	0	0	0	0	0	0	0	0	0	0	0	0	0	0	0	0	0	0	0	0	0	0	0	0	0	0	0	0	0	0	0	0	0	0	0	0	0	0	0	121	98	103	48	118	78	108	16	15	81	71	8	1	72	113	49	113	106	31	1	85	35	30	99	58	104	7	23	55	33	16	5	44	110	75	61	31	82	123	104	21	56	115	57	88	19	25	104	17	85	45	115	22	126	107	104	57	53	5	118	60	63	100	118	38	1	64	87	113	99	102	82	16	126	49	19	49	113	19	45	42	31	115
0	0	0	0	0	0	0	0	0	0	0	0	0	0	0	0	0	0	0	0	0	0	0	0	0	0	0	0	0	0	0	0	0	0	0	0	0	0	0	0	0	0	0	0	0	0	10	86	11	5	121	17	13	66	119	20	58	6	18	52	68	91	88	22	68	80	21	55	122	30	91	35	42	53	6	128	3	111	63	40	98	25	8	33	62	69	63	9	89	17	48	97	124	63	57	97	38	12	127	7	28	25	13	123	83	80	61	77	58	27	46	74	64	47	123	82	124	4	8	101	34	36	47	33	100	99	18	34
0	0	0	0	0	0	0	0	0	0	0	0	0	0	0	0	0	0	0	0	0	0	0	0	0	0	0	0	0	0	0	0	0	0	0	0	0	0	0	0	0	0	0	0	0	0	0	104	36	106	35	22	37	37	81	62	78	44	70	20	71	28	93	70	70	31	85	23	75	106	54	17	30	93	33	85	60	38	93	72	16	85	122	5	5	41	17	86	39	38	74	52	99	25	97	45	107	126	103	80	38	115	128	115	25	70	26	103	79	24	106	26	28	17	18	76	13	55	77	46	7	128	70	26	26	109	68	101
0	0	0	0	0	0	0	0	0	0	0	0	0	0	0	0	0	0	0	0	0	0	0	0	0	0	0	0	0	0	0	0	0	0	0	0	0	0	0	0	0	0	0	0	0	0	0	0	100	98	81	27	113	123	12	61	80	102	75	84	39	88	75	28	64	52	46	20	72	36	97	71	98	38	112	20	17	81	103	85	77	8	22	98	59	17	28	38	116	53	30	21	53	90	6	86	78	18	56	69	85	68	98	68	21	52	63	15	80	11	59	85	25	37	124	90	120	80	6	96	50	18	62	108	49	73	76	14
0	0	0	0	0	0	0	0	0	0	0	0	0	0	0	0	0	0	0	0	0	0	0	0	0	0	0	0	0	0	0	0	0	0	0	0	0	0	0	0	0	0	0	0	0	0	0	0	0	8	33	3	38	96	37	69	71	71	40	49	119	7	55	51	88	53	26	112	121	73	76	9	1	10	3	26	100	125	3	23	24	24	73	16	125	104	120	8	109	44	70	30	126	101	33	76	112	36	4	79	103	9	8	87	119	24	90	55	85	33	4	25	48	105	43	64	39	66	64	5	128	54	44	30	40	125	74	52
0	0	0	0	0	0	0	0	0	0	0	0	0	0	0	0	0	0	0	0	0	0	0	0	0	0	0	0	0	0	0	0	0	0	0	0	0	0	0	0	0	0	0	0	0	0	0	0	0	0	42	67	46	29	118	15	119	95	76	89	10	24	78	7	27	52	9	68	8	72	59	8	90	39	54	8	85	41	124	21	49	6	17	105	18	111	80	106	14	117	8	63	127	119	77	68	84	14	104	127	80	40	63	44	38	112	46	7	80	93	93	124	5	97	93	24	20	116	35	16	96	9	56	35	2	42	101	20
0	0	0	0	0	0	0	0	0	0	0	0	0	0	0	0	0	0	0	0	0	0	0	0	0	0	0	0	0	0	0	0	0	0	0	0	0	0	0	0	0	0	0	0	0	0	0	0	0	0	0	104	5	14	24	71	53	95	68	97	114	7	118	115	117	117	40	19	28	48	50	2	111	13	26	9	122	71	69	53	48	24	85	47	41	105	17	57	76	34	96	9	26	94	91	60	41	82	26	65	62	80	12	65	31	89	89	107	88	104	45	116	68	29	77	1	107	95	122	93	54	115	1	122	107	66	20	65
0	0	0	0	0	0	0	0	0	0	0	0	0	0	0	0	0	0	0	0	0	0	0	0	0	0	0	0	0	0	0	0	0	0	0	0	0	0	0	0	0	0	0	0	0	0	0	0	0	0	0	0	11	128	70	44	50	60	89	51	120	48	32	57	52	39	83	127	44	101	103	33	71	34	122	81	97	11	1	77	64	45	52	23	11	85	98	86	74	27	74	97	126	88	60	43	112	36	51	63	15	109	99	109	53	88	27	41	126	23	89	83	82	75	50	14	120	107	113	47	102	69	122	27	23	96	41	35
0	0	0	0	0	0	0	0	0	0	0	0	0	0	0	0	0	0	0	0	0	0	0	0	0	0	0	0	0	0	0	0	0	0	0	0	0	0	0	0	0	0	0	0	0	0	0	0	0	0	0	0	0	22	67	13	106	60	14	75	84	18	126	2	24	88	109	8	108	112	10	119	29	36	14	91	21	9	70	93	39	12	116	109	91	62	67	83	2	16	109	104	114	77	36	49	67	124	81	21	125	123	29	83	121	114	69	3	45	88	10	25	29	119	94	31	62	99	24	88	23	61	3	83	76	3	28	7
0	0	0	0	0	0	0	0	0	0	0	0	0	0	0	0	0	0	0	0	0	0	0	0	0	0	0	0	0	0	0	0	0	0	0	0	0	0	0	0	0	0	0	0	0	0	0	0	0	0	0	0	0	0	57	97	64	25	45	8	114	33	123	115	76	56	34	2	81	102	21	1	124	108	113	38	8	92	69	99	19	74	113	112	8	70	25	100	107	6	63	7	5	12	109	86	124	19	68	92	76	98	77	108	41	76	101	98	118	123	29	4	103	81	124	93	123	1	77	93	13	54	88	79	2	58	96	1
0	0	0	0	0	0	0	0	0	0	0	0	0	0	0	0	0	0	0	0	0	0	0	0	0	0	0	0	0	0	0	0	0	0	0	0	0	0	0	0	0	0	0	0	0	0	0	0	0	0	0	0	0	0	0	51	98	4	18	103	65	16	77	8	69	5	125	75	77	120	3	12	76	43	126	86	50	81	77	66	2	90	31	70	2	35	50	6	123	85	127	63	99	127	110	96	53	21	49	69	29	7	115	78	100	20	123	57	61	105	121	18	2	124	49	75	106	36	12	93	112	52	13	105	5	42	88	116
0	0	0	0	0	0	0	0	0	0	0	0	0	0	0	0	0	0	0	0	0	0	0	0	0	0	0	0	0	0	0	0	0	0	0	0	0	0	0	0	0	0	0	0	0	0	0	0	0	0	0	0	0	0	0	0	62	96	124	46	110	10	8	36	39	9	23	123	7	34	59	83	107	36	40	75	58	105	58	53	48	94	14	117	103	99	124	86	14	82	30	80	120	46	126	63	108	54	100	126	81	52	40	51	38	59	65	104	67	77	22	82	47	43	51	41	126	47	6	100	32	128	33	111	11	9	9	18
0	0	0	0	0	0	0	0	0	0	0	0	0	0	0	0	0	0	0	0	0	0	0	0	0	0	0	0	0	0	0	0	0	0	0	0	0	0	0	0	0	0	0	0	0	0	0	0	0	0	0	0	0	0	0	0	0	100	108	107	77	54	112	21	123	60	22	31	66	62	127	67	126	115	15	124	111	96	55	68	106	115	6	117	117	111	101	25	23	115	27	9	91	41	50	79	19	86	26	101	58	20	82	48	73	48	115	103	67	74	42	128	66	49	52	51	30	9	120	20	110	78	27	59	81	64	90	63
0	0	0	0	0	0	0	0	0	0	0	0	0	0	0	0	0	0	0	0	0	0	0	0	0	0	0	0	0	0	0	0	0	0	0	0	0	0	0	0	0	0	0	0	0	0	0	0	0	0	0	0	0	0	0	0	0	0	116	104	49	25	35	16	14	45	46	111	88	35	123	80	110	107	14	47	104	3	57	8	7	13	54	13	59	56	77	45	101	53	123	9	61	1	92	126	115	116	120	104	95	52	107	74	119	110	88	43	115	49	126	103	77	35	18	114	111	77	20	23	51	74	114	114	72	120	119	58
0	0	0	0	0	0	0	0	0	0	0	0	0	0	0	0	0	0	0	0	0	0	0	0	0	0	0	0	0	0	0	0	0	0	0	0	0	0	0	0	0	0	0	0	0	0	0	0	0	0	0	0	0	0	0	0	0	0	0	121	99	75	65	23	70	34	41	112	56	39	76	23	27	90	34	81	121	85	1	119	43	8	120	66	60	49	91	111	105	25	101	25	95	44	109	72	13	22	57	71	3	88	49	41	69	98	12	66	29	41	64	54	74	111	73	103	86	45	12	125	117	40	4	127	37	87	66	101
0	0	0	0	0	0	0	0	0	0	0	0	0	0	0	0	0	0	0	0	0	0	0	0	0	0	0	0	0	0	0	0	0	0	0	0	0	0	0	0	0	0	0	0	0	0	0	0	0	0	0	0	0	0	0	0	0	0	0	0	31	54	5	10	23	29	7	35	86	91	60	81	37	124	53	92	81	30	4	76	48	51	69	39	36	67	103	56	67	26	115	74	114	72	61	106	64	82	72	94	31	68	73	40	3	37	55	119	105	124	2	107	86	26	35	30	43	86	94	117	15	76	51	71	81	48	83	21
0	0	0	0	0	0	0	0	0	0	0	0	0	0	0	0	0	0	0	0	0	0	0	0	0	0	0	0	0	0	0	0	0	0	0	0	0	0	0	0	0	0	0	0	0	0	0	0	0	0	0	0	0	0	0	0	0	0	0	0	0	4	29	59	116	85	80	14	81	85	80	92	105	124	20	53	124	56	19	53	47	44	27	68	68	60	9	72	17	113	106	60	61	30	61	23	117	88	67	78	22	106	5	33	105	119	66	37	20	73	26	105	1	41	112	12	42	18	77	63	17	14	67	54	18	56	120	57
0	0	0	0	0	0	0	0	0	0	0	0	0	0	0	0	0	0	0	0	0	0	0	0	0	0	0	0	0	0	0	0	0	0	0	0	0	0	0	0	0	0	0	0	0	0	0	0	0	0	0	0	0	0	0	0	0	0	0	0	0	0	105	7	22	97	52	118	74	128	53	94	120	54	46	36	91	14	43	27	103	74	42	106	39	95	77	64	51	88	5	84	6	58	38	103	9	36	38	55	94	96	112	101	22	81	45	29	33	123	59	62	9	16	9	75	27	15	113	36	58	119	34	63	126	53	15	113
0	0	0	0	0	0	0	0	0	0	0	0	0	0	0	0	0	0	0	0	0	0	0	0	0	0	0	0	0	0	0	0	0	0	0	0	0	0	0	0	0	0	0	0	0	0	0	0	0	0	0	0	0	0	0	0	0	0	0	0	0	0	0	9	42	63	107	1	55	113	128	126	126	85	19	68	59	55	54	67	110	82	125	119	16	15	45	124	70	44	72	51	106	92	73	5	86	67	126	113	106	56	95	19	123	31	41	96	8	42	81	19	73	104	115	3	84	77	31	52	3	92	59	116	120	84	116	64
0	0	0	0	0	0	0	0	0	0	0	0	0	0	0	0	0	0	0	0	0	0	0	0	0	0	0	0	0	0	0	0	0	0	0	0	0	0	0	0	0	0	0	0	0	0	0	0	0	0	0	0	0	0	0	0	0	0	0	0	0	0	0	0	119	53	22	23	29	62	72	74	22	71	4	93	88	91	103	69	92	69	84	103	57	36	44	116	117	12	118	4	30	63	113	70	14	28	110	29	115	4	28	112	111	124	28	73	114	97	75	88	24	43	64	117	68	3	42	15	91	32	101	125	65	65	114	71
0	0	0	0	0	0	0	0	0	0	0	0	0	0	0	0	0	0	0	0	0	0	0	0	0	0	0	0	0	0	0	0	0	0	0	0	0	0	0	0	0	0	0	0	0	0	0	0	0	0	0	0	0	0	0	0	0	0	0	0	0	0	0	0	0	17	91	24	4	17	42	5	93	13	26	14	35	67	82	112	60	44	56	17	53	4	70	120	81	123	98	85	54	20	81	14	84	87	68	124	88	53	86	53	27	4	95	121	49	7	52	95	27	68	81	115	31	42	34	10	27	18	80	65	80	108	20	12
0	0	0	0	0	0	0	0	0	0	0	0	0	0	0	0	0	0	0	0	0	0	0	0	0	0	0	0	0	0	0	0	0	0	0	0	0	0	0	0	0	0	0	0	0	0	0	0	0	0	0	0	0	0	0	0	0	0	0	0	0	0	0	0	0	0	61	21	43	103	113	47	65	11	11	85	83	77	97	27	40	12	114	3	97	14	117	74	66	27	79	58	66	79	121	100	55	87	29	122	46	75	42	14	8	60	127	75	59	99	98	29	54	103	93	89	49	23	77	71	53	70	52	54	67	62	102	116
0	0	0	0	0	0	0	0	0	0	0	0	0	0	0	0	0	0	0	0	0	0	0	0	0	0	0	0	0	0	0	0	0	0	0	0	0	0	0	0	0	0	0	0	0	0	0	0	0	0	0	0	0	0	0	0	0	0	0	0	0	0	0	0	0	0	0	126	62	59	16	84	71	78	77	48	118	55	31	84	94	48	72	40	5	85	36	17	36	4	7	41	21	2	71	97	62	108	9	110	49	109	84	117	14	41	47	125	94	85	124	126	29	48	61	69	34	126	76	36	36	106	99	19	54	122	32	21
0	0	0	0	0	0	0	0	0	0	0	0	0	0	0	0	0	0	0	0	0	0	0	0	0	0	0	0	0	0	0	0	0	0	0	0	0	0	0	0	0	0	0	0	0	0	0	0	0	0	0	0	0	0	0	0	0	0	0	0	0	0	0	0	0	0	0	0	114	121	20	22	8	107	14	18	21	119	68	63	128	115	107	87	102	51	76	65	89	6	95	118	77	67	58	73	4	29	79	57	91	121	27	40	122	114	48	89	11	7	83	66	69	28	28	109	38	6	73	46	110	118	67	39	76	10	66	48
0	0	0	0	0	0	0	0	0	0	0	0	0	0	0	0	0	0	0	0	0	0	0	0	0	0	0	0	0	0	0	0	0	0	0	0	0	0	0	0	0	0	0	0	0	0	0	0	0	0	0	0	0	0	0	0	0	0	0	0	0	0	0	0	0	0	0	0	0	96	98	53	81	49	96	86	2	111	41	115	119	116	108	121	91	124	71	84	24	55	89	51	95	21	106	93	22	36	75	116	68	18	87	26	58	87	20	84	107	126	16	90	43	31	73	65	92	55	103	120	124	26	15	110	123	3	75	9
0	0	0	0	0	0	0	0	0	0	0	0	0	0	0	0	0	0	0	0	0	0	0	0	0	0	0	0	0	0	0	0	0	0	0	0	0	0	0	0	0	0	0	0	0	0	0	0	0	0	0	0	0	0	0	0	0	0	0	0	0	0	0	0	0	0	0	0	0	0	13	23	28	103	44	125	41	21	47	126	50	44	69	2	73	109	73	63	66	50	71	46	25	45	56	102	41	42	97	42	86	96	46	74	113	78	44	107	4	89	48	27	72	50	102	94	2	32	12	20	88	82	104	30	6	45	79	17
0	0	0	0	0	0	0	0	0	0	0	0	0	0	0	0	0	0	0	0	0	0	0	0	0	0	0	0	0	0	0	0	0	0	0	0	0	0	0	0	0	0	0	0	0	0	0	0	0	0	0	0	0	0	0	0	0	0	0	0	0	0	0	0	0	0	0	0	0	0	0	66	88	113	16	110	86	104	31	42	101	119	117	4	121	45	22	68	35	80	66	33	9	54	48	59	95	47	32	25	82	9	64	26	73	72	58	44	80	45	31	59	26	100	33	101	116	19	117	123	55	74	90	40	33	80	86	11
0	0	0	0	0	0	0	0	0	0	0	0	0	0	0	0	0	0	0	0	0	0	0	0	0	0	0	0	0	0	0	0	0	0	0	0	0	0	0	0	0	0	0	0	0	0	0	0	0	0	0	0	0	0	0	0	0	0	0	0	0	0	0	0	0	0	0	0	0	0	0	0	43	52	8	24	92	50	97	61	34	17	85	36	128	32	103	12	37	46	63	116	18	70	57	12	117	121	107	107	59	128	88	52	118	36	4	76	58	47	48	77	87	10	94	25	55	31	60	46	47	117	70	102	26	40	49	118
0	0	0	0	0	0	0	0	0	0	0	0	0	0	0	0	0	0	0	0	0	0	0	0	0	0	0	0	0	0	0	0	0	0	0	0	0	0	0	0	0	0	0	0	0	0	0	0	0	0	0	0	0	0	0	0	0	0	0	0	0	0	0	0	0	0	0	0	0	0	0	0	0	18	13	49	21	14	71	108	44	68	66	64	93	33	6	86	91	73	122	27	61	59	34	27	32	12	123	11	113	127	32	56	47	64	52	83	65	95	83	112	40	57	34	96	41	4	127	8	82	63	21	38	42	79	63	24
0	0	0	0	0	0	0	0	0	0	0	0	0	0	0	0	0	0	0	0	0	0	0	0	0	0	0	0	0	0	0	0	0	0	0	0	0	0	0	0	0	0	0	0	0	0	0	0	0	0	0	0	0	0	0	0	0	0	0	0	0	0	0	0	0	0	0	0	0	0	0	0	0	0	70	9	55	76	56	65	15	33	61	52	71	128	48	1	83	9	1	19	28	92	34	13	60	121	64	1	94	36	66	27	128	99	43	69	41	111	21	44	122	102	24	52	67	13	117	122	38	31	37	79	115	110	116	105
0	0	0	0	0	0	0	0	0	0	0	0	0	0	0	0	0	0	0	0	0	0	0	0	0	0	0	0	0	0	0	0	0	0	0	0	0	0	0	0	0	0	0	0	0	0	0	0	0	0	0	0	0	0	0	0	0	0	0	0	0	0	0	0	0	0	0	0	0	0	0	0	0	0	0	71	58	77	54	55	15	46	98	60	44	84	103	51	8	30	22	41	112	94	76	8	101	103	124	126	55	105	96	10	15	29	62	52	121	122	14	19	35	34	85	75	99	26	55	34	111	86	116	18	39	106	116	35
0	0	0	0	0	0	0	0	0	0	0	0	0	0	0	0	0	0	0	0	0	0	0	0	0	0	0	0	0	0	0	0	0	0	0	0	0	0	0	0	0	0	0	0	0	0	0	0	0	0	0	0	0	0	0	0	0	0	0	0	0	0	0	0	0	0	0	0	0	0	0	0	0	0	0	0	42	42	126	107	24	87	97	47	52	56	110	39	15	19	49	10	85	34	29	65	68	25	128	110	21	115	58	32	69	78	50	27	99	74	22	108	17	110	64	39	101	75	118	102	116	90	117	74	86	36	46	49
0	0	0	0	0	0	0	0	0	0	0	0	0	0	0	0	0	0	0	0	0	0	0	0	0	0	0	0	0	0	0	0	0	0	0	0	0	0	0	0	0	0	0	0	0	0	0	0	0	0	0	0	0	0	0	0	0	0	0	0	0	0	0	0	0	0	0	0	0	0	0	0	0	0	0	0	0	90	110	126	73	20	55	100	12	119	89	87	122	4	35	114	106	24	29	105	70	52	124	79	78	86	3	17	63	91	106	114	15	101	120	58	46	2	11	105	38	100	31	125	40	4	119	51	112	51	16	26
0	0	0	0	0	0	0	0	0	0	0	0	0	0	0	0	0	0	0	0	0	0	0	0	0	0	0	0	0	0	0	0	0	0	0	0	0	0	0	0	0	0	0	0	0	0	0	0	0	0	0	0	0	0	0	0	0	0	0	0	0	0	0	0	0	0	0	0	0	0	0	0	0	0	0	0	0	0	4	113	1	12	80	66	15	13	84	33	107	77	56	34	65	60	43	125	125	121	127	24	3	30	45	65	110	40	126	17	69	108	38	38	46	63	20	28	99	67	81	8	62	111	63	6	78	125	105	109
0	0	0	0	0	0	0	0	0	0	0	0	0	0	0	0	0	0	0	0	0	0	0	0	0	0	0	0	0	0	0	0	0	0	0	0	0	0	0	0	0	0	0	0	0	0	0	0	0	0	0	0	0	0	0	0	0	0	0	0	0	0	0	0	0	0	0	0	0	0	0	0	0	0	0	0	0	0	0	57	34	89	70	85	72	6	104	95	73	15	48	121	118	123	47	8	33	7	80	123	94	37	97	14	33	121	95	61	51	114	96	41	1	20	11	9	31	102	115	107	13	110	66	65	65	2	113	56
0	0	0	0	0	0	0	0	0	0	0	0	0	0	0	0	0	0	0	0	0	0	0	0	0	0	0	0	0	0	0	0	0	0	0	0	0	0	0	0	0	0	0	0	0	0	0	0	0	0	0	0	0	0	0	0	0	0	0	0	0	0	0	0	0	0	0	0	0	0	0	0	0	0	0	0	0	0	0	0	50	34	107	115	75	84	121	39	49	81	112	79	110	125	21	73	36	44	111	104	119	54	9	29	8	86	67	106	48	38	65	66	8	102	19	32	6	72	73	50	31	4	67	82	63	94	100	28
0	0	0	0	0	0	0	0	0	0	0	0	0	0	0	0	0	0	0	0	0	0	0	0	0	0	0	0	0	0	0	0	0	0	0	0	0	0	0	0	0	0	0	0	0	0	0	0	0	0	0	0	0	0	0	0	0	0	0	0	0	0	0	0	0	0	0	0	0	0	0	0	0	0	0	0	0	0	0	0	0	22	79	39	37	6	82	125	119	117	68	51	80	58	8	14	72	67	107	68	58	44	111	18	54	35	4	112	30	105	103	43	121	30	120	42	48	22	114	96	37	61	104	83	109	118	74	52
0	0	0	0	0	0	0	0	0	0	0	0	0	0	0	0	0	0	0	0	0	0	0	0	0	0	0	0	0	0	0	0	0	0	0	0	0	0	0	0	0	0	0	0	0	0	0	0	0	0	0	0	0	0	0	0	0	0	0	0	0	0	0	0	0	0	0	0	0	0	0	0	0	0	0	0	0	0	0	0	0	0	111	27	2	126	119	67	8	70	15	63	8	89	23	99	76	59	54	95	7	89	77	112	125	51	77	117	79	33	49	77	70	17	36	27	42	115	49	72	1	41	18	36	40	123	82	57
0	0	0	0	0	0	0	0	0	0	0	0	0	0	0	0	0	0	0	0	0	0	0	0	0	0	0	0	0	0	0	0	0	0	0	0	0	0	0	0	0	0	0	0	0	0	0	0	0	0	0	0	0	0	0	0	0	0	0	0	0	0	0	0	0	0	0	0	0	0	0	0	0	0	0	0	0	0	0	0	0	0	0	2	87	126	100	86	71	94	16	3	64	111	91	30	93	44	46	90	86	116	110	22	7	24	7	122	89	54	84	62	122	95	45	83	80	113	90	125	3	87	32	25	46	79	77	110
0	0	0	0	0	0	0	0	0	0	0	0	0	0	0	0	0	0	0	0	0	0	0	0	0	0	0	0	0	0	0	0	0	0	0	0	0	0	0	0	0	0	0	0	0	0	0	0	0	0	0	0	0	0	0	0	0	0	0	0	0	0	0	0	0	0	0	0	0	0	0	0	0	0	0	0	0	0	0	0	0	0	0	0	95	67	30	65	33	95	16	79	124	67	15	80	36	51	84	79	80	9	25	127	106	70	68	119	42	61	6	72	49	125	86	75	66	64	7	105	99	11	92	112	5	114	93	8
0	0	0	0	0	0	0	0	0	0	0	0	0	0	0	0	0	0	0	0	0	0	0	0	0	0	0	0	0	0	0	0	0	0	0	0	0	0	0	0	0	0	0	0	0	0	0	0	0	0	0	0	0	0	0	0	0	0	0	0	0	0	0	0	0	0	0	0	0	0	0	0	0	0	0	0	0	0	0	0	0	0	0	0	0	74	34	120	45	108	113	9	51	78	36	128	36	72	111	40	125	109	27	70	126	84	104	67	58	64	126	110	2	65	41	65	29	15	31	48	61	10	78	8	52	107	69	4
0	0	0	0	0	0	0	0	0	0	0	0	0	0	0	0	0	0	0	0	0	0	0	0	0	0	0	0	0	0	0	0	0	0	0	0	0	0	0	0	0	0	0	0	0	0	0	0	0	0	0	0	0	0	0	0	0	0	0	0	0	0	0	0	0	0	0	0	0	0	0	0	0	0	0	0	0	0	0	0	0	0	0	0	0	0	100	111	61	40	1	82	46	42	95	40	113	110	3	66	32	78	78	86	59	63	47	39	38	35	53	33	84	116	39	124	52	87	59	15	17	53	13	123	114	44	18	123
0	0	0	0	0	0	0	0	0	0	0	0	0	0	0	0	0	0	0	0	0	0	0	0	0	0	0	0	0	0	0	0	0	0	0	0	0	0	0	0	0	0	0	0	0	0	0	0	0	0	0	0	0	0	0	0	0	0	0	0	0	0	0	0	0	0	0	0	0	0	0	0	0	0	0	0	0	0	0	0	0	0	0	0	0	0	0	114	117	83	20	58	95	118	95	86	102	23	40	80	87	128	30	31	69	44	52	57	65	17	93	1	23	59	49	119	66	89	91	22	111	20	86	85	75	94	82	6
0	0	0	0	0	0	0	0	0	0	0	0	0	0	0	0	0	0	0	0	0	0	0	0	0	0	0	0	0	0	0	0	0	0	0	0	0	0	0	0	0	0	0	0	0	0	0	0	0	0	0	0	0	0	0	0	0	0	0	0	0	0	0	0	0	0	0	0	0	0	0	0	0	0	0	0	0	0	0	0	0	0	0	0	0	0	0	0	7	106	115	7	97	22	2	17	116	7	113	36	25	119	17	97	123	98	39	2	72	72	9	66	75	100	47	2	85	32	34	42	23	2	35	27	110	97	70	67
0	0	0	0	0	0	0	0	0	0	0	0	0	0	0	0	0	0	0	0	0	0	0	0	0	0	0	0	0	0	0	0	0	0	0	0	0	0	0	0	0	0	0	0	0	0	0	0	0	0	0	0	0	0	0	0	0	0	0	0	0	0	0	0	0	0	0	0	0	0	0	0	0	0	0	0	0	0	0	0	0	0	0	0	0	0	0	0	0	96	35	69	27	33	74	117	80	35	122	3	95	10	103	117	94	36	70	51	116	77	71	127	124	97	60	81	33	106	28	78	53	47	34	34	93	118	60	74
0	0	0	0	0	0	0	0	0	0	0	0	0	0	0	0	0	0	0	0	0	0	0	0	0	0	0	0	0	0	0	0	0	0	0	0	0	0	0	0	0	0	0	0	0	0	0	0	0	0	0	0	0	0	0	0	0	0	0	0	0	0	0	0	0	0	0	0	0	0	0	0	0	0	0	0	0	0	0	0	0	0	0	0	0	0	0	0	0	0	17	7	11	102	95	84	116	54	59	46	80	69	78	1	39	60	122	43	102	92	80	99	5	5	102	77	78	31	95	41	65	58	94	75	125	18	89	65
0	0	0	0	0	0	0	0	0	0	0	0	0	0	0	0	0	0	0	0	0	0	0	0	0	0	0	0	0	0	0	0	0	0	0	0	0	0	0	0	0	0	0	0	0	0	0	0	0	0	0	0	0	0	0	0	0	0	0	0	0	0	0	0	0	0	0	0	0	0	0	0	0	0	0	0	0	0	0	0	0	0	0	0	0	0	0	0	0	0	0	39	118	92	88	67	122	28	77	58	38	23	77	62	77	109	39	21	81	102	35	72	44	10	102	43	36	2	50	72	102	22	50	125	118	121	117	52
0	0	0	0	0	0	0	0	0	0	0	0	0	0	0	0	0	0	0	0	0	0	0	0	0	0	0	0	0	0	0	0	0	0	0	0	0	0	0	0	0	0	0	0	0	0	0	0	0	0	0	0	0	0	0	0	0	0	0	0	0	0	0	0	0	0	0	0	0	0	0	0	0	0	0	0	0	0	0	0	0	0	0	0	0	0	0	0	0	0	0	0	103	66	12	27	5	25	28	50	23	111	10	127	90	21	9	24	73	60	71	91	1	77	47	107	124	2	51	89	24	87	114	95	49	95	12	6
0	0	0	0	0	0	0	0	0	0	0	0	0	0	0	0	0	0	0	0	0	0	0	0	0	0	0	0	0	0	0	0	0	0	0	0	0	0	0	0	0	0	0	0	0	0	0	0	0	0	0	0	0	0	0	0	0	0	0	0	0	0	0	0	0	0	0	0	0	0	0	0	0	0	0	0	0	0	0	0	0	0	0	0	0	0	0	0	0	0	0	0	0	23	34	44	50	21	117	10	107	24	2	115	63	93	91	6	117	69	116	112	107	111	18	73	102	91	91	59	92	70	29	31	44	115	71	97
0	0	0	0	0	0	0	0	0	0	0	0	0	0	0	0	0	0	0	0	0	0	0	0	0	0	0	0	0	0	0	0	0	0	0	0	0	0	0	0	0	0	0	0	0	0	0	0	0	0	0	0	0	0	0	0	0	0	0	0	0	0	0	0	0	0	0	0	0	0	0	0	0	0	0	0	0	0	0	0	0	0	0	0	0	0	0	0	0	0	0	0	0	0	56	47	30	8	127	112	98	113	103	96	34	91	53	62	119	46	1	77	28	125	74	109	55	2	35	122	73	42	71	101	91	116	105	80
0	0	0	0	0	0	0	0	0	0	0	0	0	0	0	0	0	0	0	0	0	0	0	0	0	0	0	0	0	0	0	0	0	0	0	0	0	0	0	0	0	0	0	0	0	0	0	0	0	0	0	0	0	0	0	0	0	0	0	0	0	0	0	0	0	0	0	0	0	0	0	0	0	0	0	0	0	0	0	0	0	0	0	0	0	0	0	0	0	0	0	0	0	0	0	45	62	118	14	72	14	89	15	18	114	68	57	126	56	23	37	27	38	119	107	75	48	28	94	6	40	116	113	92	63	14	116	62
0	0	0	0	0	0	0	0	0	0	0	0	0	0	0	0	0	0	0	0	0	0	0	0	0	0	0	0	0	0	0	0	0	0	0	0	0	0	0	0	0	0	0	0	0	0	0	0	0	0	0	0	0	0	0	0	0	0	0	0	0	0	0	0	0	0	0	0	0	0	0	0	0	0	0	0	0	0	0	0	0	0	0	0	0	0	0	0	0	0	0	0	0	0	0	0	127	107	120	65	92	11	52	100	28	32	121	47	57	37	64	102	83	80	12	70	86	7	111	126	20	7	127	91	50	101	86	123
0	0	0	0	0	0	0	0	0	0	0	0	0	0	0	0	0	0	0	0	0	0	0	0	0	0	0	0	0	0	0	0	0	0	0	0	0	0	0	0	0	0	0	0	0	0	0	0	0	0	0	0	0	0	0	0	0	0	0	0	0	0	0	0	0	0	0	0	0	0	0	0	0	0	0	0	0	0	0	0	0	0	0	0	0	0	0	0	0	0	0	0	0	0	0	0	0	75	123	124	110	61	110	67	95	36	48	110	86	103	107	11	44	9	7	116	89	2	90	81	30	94	59	13	100	49	118	33
0	0	0	0	0	0	0	0	0	0	0	0	0	0	0	0	0	0	0	0	0	0	0	0	0	0	0	0	0	0	0	0	0	0	0	0	0	0	0	0	0	0	0	0	0	0	0	0	0	0	0	0	0	0	0	0	0	0	0	0	0	0	0	0	0	0	0	0	0	0	0	0	0	0	0	0	0	0	0	0	0	0	0	0	0	0	0	0	0	0	0	0	0	0	0	0	0	0	83	83	75	39	77	17	119	89	53	107	108	64	36	40	28	123	30	121	99	29	102	1	122	13	72	1	54	8	31	37
0	0	0	0	0	0	0	0	0	0	0	0	0	0	0	0	0	0	0	0	0	0	0	0	0	0	0	0	0	0	0	0	0	0	0	0	0	0	0	0	0	0	0	0	0	0	0	0	0	0	0	0	0	0	0	0	0	0	0	0	0	0	0	0	0	0	0	0	0	0	0	0	0	0	0	0	0	0	0	0	0	0	0	0	0	0	0	0	0	0	0	0	0	0	0	0	0	0	0	38	72	82	43	104	46	96	118	13	34	70	9	86	105	63	101	12	55	48	65	72	81	81	98	64	80	87	96	101
0	0	0	0	0	0	0	0	0	0	0	0	0	0	0	0	0	0	0	0	0	0	0	0	0	0	0	0	0	0	0	0	0	0	0	0	0	0	0	0	0	0	0	0	0	0	0	0	0	0	0	0	0	0	0	0	0	0	0	0	0	0	0	0	0	0	0	0	0	0	0	0	0	0	0	0	0	0	0	0	0	0	0	0	0	0	0	0	0	0	0	0	0	0	0	0	0	0	0	0	26	22	59	56	109	125	25	93	40	102	123	107	95	16	98	81	17	79	30	126	20	1	84	90	99	79	6	77
0	0	0	0	0	0	0	0	0	0	0	0	0	0	0	0	0	0	0	0	0	0	0	0	0	0	0	0	0	0	0	0	0	0	0	0	0	0	0	0	0	0	0	0	0	0	0	0	0	0	0	0	0	0	0	0	0	0	0	0	0	0	0	0	0	0	0	0	0	0	0	0	0	0	0	0	0	0	0	0	0	0	0	0	0	0	0	0	0	0	0	0	0	0	0	0	0	0	0	0	0	120	10	77	29	124	1	106	42	49	34	81	15	66	110	70	37	15	22	73	25	58	115	76	84	69	81	28
0	0	0	0	0	0	0	0	0	0	0	0	0	0	0	0	0	0	0	0	0	0	0	0	0	0	0	0	0	0	0	0	0	0	0	0	0	0	0	0	0	0	0	0	0	0	0	0	0	0	0	0	0	0	0	0	0	0	0	0	0	0	0	0	0	0	0	0	0	0	0	0	0	0	0	0	0	0	0	0	0	0	0	0	0	0	0	0	0	0	0	0	0	0	0	0	0	0	0	0	0	0	3	38	51	104	42	82	13	2	10	9	35	55	54	116	86	42	115	25	86	1	23	85	57	123	55	59
0	0	0	0	0	0	0	0	0	0	0	0	0	0	0	0	0	0	0	0	0	0	0	0	0	0	0	0	0	0	0	0	0	0	0	0	0	0	0	0	0	0	0	0	0	0	0	0	0	0	0	0	0	0	0	0	0	0	0	0	0	0	0	0	0	0	0	0	0	0	0	0	0	0	0	0	0	0	0	0	0	0	0	0	0	0	0	0	0	0	0	0	0	0	0	0	0	0	0	0	0	0	0	29	33	81	53	84	29	114	29	105	105	4	55	11	4	127	102	64	127	122	79	121	103	114	110	68
0	0	0	0	0	0	0	0	0	0	0	0	0	0	0	0	0	0	0	0	0	0	0	0	0	0	0	0	0	0	0	0	0	0	0	0	0	0	0	0	0	0	0	0	0	0	0	0	0	0	0	0	0	0	0	0	0	0	0	0	0	0	0	0	0	0	0	0	0	0	0	0	0	0	0	0	0	0	0	0	0	0	0	0	0	0	0	0	0	0	0	0	0	0	0	0	0	0	0	0	0	0	0	0	66	120	126	85	121	123	53	90	27	86	12	80	89	35	128	76	120	10	82	70	128	108	91	14
0	0	0	0	0	0	0	0	0	0	0	0	0	0	0	0	0	0	0	0	0	0	0	0	0	0	0	0	0	0	0	0	0	0	0	0	0	0	0	0	0	0	0	0	0	0	0	0	0	0	0	0	0	0	0	0	0	0	0	0	0	0	0	0	0	0	0	0	0	0	0	0	0	0	0	0	0	0	0	0	0	0	0	0	0	0	0	0	0	0	0	0	0	0	0	0	0	0	0	0	0	0	0	0	0	44	110	113	58	34	36	20	31	54	48	36	99	21	78	9	104	79	98	124	57	101	92	96
0	0	0	0	0	0	0	0	0	0	0	0	0	0	0	0	0	0	0	0	0	0	0	0	0	0	0	0	0	0	0	0	0	0	0	0	0	0	0	0	0	0	0	0	0	0	0	0	0	0	0	0	0	0	0	0	0	0	0	0	0	0	0	0	0	0	0	0	0	0	0	0	0	0	0	0	0	0	0	0	0	0	0	0	0	0	0	0	0	0	0	0	0	0	0	0	0	0	0	0	0	0	0	0	0	0	40	69	89	17	48	15	13	94	34	61	73	41	42	106	47	43	117	101	62	70	109	95
0	0	0	0	0	0	0	0	0	0	0	0	0	0	0	0	0	0	0	0	0	0	0	0	0	0	0	0	0	0	0	0	0	0	0	0	0	0	0	0	0	0	0	0	0	0	0	0	0	0	0	0	0	0	0	0	0	0	0	0	0	0	0	0	0	0	0	0	0	0	0	0	0	0	0	0	0	0	0	0	0	0	0	0	0	0	0	0	0	0	0	0	0	0	0	0	0	0	0	0	0	0	0	0	0	0	0	107	102	41	94	1	112	12	102	33	26	52	26	50	85	49	80	25	48	70	99	127
0	0	0	0	0	0	0	0	0	0	0	0	0	0	0	0	0	0	0	0	0	0	0	0	0	0	0	0	0	0	0	0	0	0	0	0	0	0	0	0	0	0	0	0	0	0	0	0	0	0	0	0	0	0	0	0	0	0	0	0	0	0	0	0	0	0	0	0	0	0	0	0	0	0	0	0	0	0	0	0	0	0	0	0	0	0	0	0	0	0	0	0	0	0	0	0	0	0	0	0	0	0	0	0	0	0	0	0	49	94	86	91	47	113	46	116	25	23	76	71	19	18	81	55	55	117	61	71
0	0	0	0	0	0	0	0	0	0	0	0	0	0	0	0	0	0	0	0	0	0	0	0	0	0	0	0	0	0	0	0	0	0	0	0	0	0	0	0	0	0	0	0	0	0	0	0	0	0	0	0	0	0	0	0	0	0	0	0	0	0	0	0	0	0	0	0	0	0	0	0	0	0	0	0	0	0	0	0	0	0	0	0	0	0	0	0	0	0	0	0	0	0	0	0	0	0	0	0	0	0	0	0	0	0	0	0	0	101	23	33	24	127	51	107	112	38	115	112	26	92	98	35	28	47	30	56
0	0	0	0	0	0	0	0	0	0	0	0	0	0	0	0	0	0	0	0	0	0	0	0	0	0	0	0	0	0	0	0	0	0	0	0	0	0	0	0	0	0	0	0	0	0	0	0	0	0	0	0	0	0	0	0	0	0	0	0	0	0	0	0	0	0	0	0	0	0	0	0	0	0	0	0	0	0	0	0	0	0	0	0	0	0	0	0	0	0	0	0	0	0	0	0	0	0	0	0	0	0	0	0	0	0	0	0	0	0	91	92	13	31	39	103	111	72	125	91	49	97	75	102	123	83	112	13
0	0	0	0	0	0	0	0	0	0	0	0	0	0	0	0	0	0	0	0	0	0	0	0	0	0	0	0	0	0	0	0	0	0	0	0	0	0	0	0	0	0	0	0	0	0	0	0	0	0	0	0	0	0	0	0	0	0	0	0	0	0	0	0	0	0	0	0	0	0	0	0	0	0	0	0	0	0	0	0	0	0	0	0	0	0	0	0	0	0	0	0	0	0	0	0	0	0	0	0	0	0	0	0	0	0	0	0	0	0	0	20	104	89	14	47	103	39	73	61	79	21	87	51	4	35	91	3
0	0	0	0	0	0	0	0	0	0	0	0	0	0	0	0	0	0	0	0	0	0	0	0	0	0	0	0	0	0	0	0	0	0	0	0	0	0	0	0	0	0	0	0	0	0	0	0	0	0	0	0	0	0	0	0	0	0	0	0	0	0	0	0	0	0	0	0	0	0	0	0	0	0	0	0	0	0	0	0	0	0	0	0	0	0	0	0	0	0	0	0	0	0	0	0	0	0	0	0	0	0	0	0	0	0	0	0	0	0	0	0	17	113	127	19	77	58	31	39	126	120	56	70	26	41	38	109
0	0	0	0	0	0	0	0	0	0	0	0	0	0	0	0	0	0	0	0	0	0	0	0	0	0	0	0	0	0	0	0	0	0	0	0	0	0	0	0	0	0	0	0	0	0	0	0	0	0	0	0	0	0	0	0	0	0	0	0	0	0	0	0	0	0	0	0	0	0	0	0	0	0	0	0	0	0	0	0	0	0	0	0	0	0	0	0	0	0	0	0	0	0	0	0	0	0	0	0	0	0	0	0	0	0	0	0	0	0	0	0	0	128	37	61	63	85	71	57	16	114	118	109	109	87	23	72
0	0	0	0	0	0	0	0	0	0	0	0	0	0	0	0	0	0	0	0	0	0	0	0	0	0	0	0	0	0	0	0	0	0	0	0	0	0	0	0	0	0	0	0	0	0	0	0	0	0	0	0	0	0	0	0	0	0	0	0	0	0	0	0	0	0	0	0	0	0	0	0	0	0	0	0	0	0	0	0	0	0	0	0	0	0	0	0	0	0	0	0	0	0	0	0	0	0	0	0	0	0	0	0	0	0	0	0	0	0	0	0	0	0	63	117	70	121	50	82	19	72	57	51	10	107	25	65
0	0	0	0	0	0	0	0	0	0	0	0	0	0	0	0	0	0	0	0	0	0	0	0	0	0	0	0	0	0	0	0	0	0	0	0	0	0	0	0	0	0	0	0	0	0	0	0	0	0	0	0	0	0	0	0	0	0	0	0	0	0	0	0	0	0	0	0	0	0	0	0	0	0	0	0	0	0	0	0	0	0	0	0	0	0	0	0	0	0	0	0	0	0	0	0	0	0	0	0	0	0	0	0	0	0	0	0	0	0	0	0	0	0	0	70	73	75	17	104	25	108	116	19	31	53	24	86
0	0	0	0	0	0	0	0	0	0	0	0	0	0	0	0	0	0	0	0	0	0	0	0	0	0	0	0	0	0	0	0	0	0	0	0	0	0	0	0	0	0	0	0	0	0	0	0	0	0	0	0	0	0	0	0	0	0	0	0	0	0	0	0	0	0	0	0	0	0	0	0	0	0	0	0	0	0	0	0	0	0	0	0	0	0	0	0	0	0	0	0	0	0	0	0	0	0	0	0	0	0	0	0	0	0	0	0	0	0	0	0	0	0	0	0	125	94	77	2	79	60	123	48	78	72	49	7
0	0	0	0	0	0	0	0	0	0	0	0	0	0	0	0	0	0	0	0	0	0	0	0	0	0	0	0	0	0	0	0	0	0	0	0	0	0	0	0	0	0	0	0	0	0	0	0	0	0	0	0	0	0	0	0	0	0	0	0	0	0	0	0	0	0	0	0	0	0	0	0	0	0	0	0	0	0	0	0	0	0	0	0	0	0	0	0	0	0	0	0	0	0	0	0	0	0	0	0	0	0	0	0	0	0	0	0	0	0	0	0	0	0	0	0	0	87	106	29	82	14	13	108	102	3	102	54
0	0	0	0	0	0	0	0	0	0	0	0	0	0	0	0	0	0	0	0	0	0	0	0	0	0	0	0	0	0	0	0	0	0	0	0	0	0	0	0	0	0	0	0	0	0	0	0	0	0	0	0	0	0	0	0	0	0	0	0	0	0	0	0	0	0	0	0	0	0	0	0	0	0	0	0	0	0	0	0	0	0	0	0	0	0	0	0	0	0	0	0	0	0	0	0	0	0	0	0	0	0	0	0	0	0	0	0	0	0	0	0	0	0	0	0	0	0	75	122	123	116	58	12	44	58	88	67
0	0	0	0	0	0	0	0	0	0	0	0	0	0	0	0	0	0	0	0	0	0	0	0	0	0	0	0	0	0	0	0	0	0	0	0	0	0	0	0	0	0	0	0	0	0	0	0	0	0	0	0	0	0	0	0	0	0	0	0	0	0	0	0	0	0	0	0	0	0	0	0	0	0	0	0	0	0	0	0	0	0	0	0	0	0	0	0	0	0	0	0	0	0	0	0	0	0	0	0	0	0	0	0	0	0	0	0	0	0	0	0	0	0	0	0	0	0	0	99	70	91	110	93	26	46	127	55
0	0	0	0	0	0	0	0	0	0	0	0	0	0	0	0	0	0	0	0	0	0	0	0	0	0	0	0	0	0	0	0	0	0	0	0	0	0	0	0	0	0	0	0	0	0	0	0	0	0	0	0	0	0	0	0	0	0	0	0	0	0	0	0	0	0	0	0	0	0	0	0	0	0	0	0	0	0	0	0	0	0	0	0	0	0	0	0	0	0	0	0	0	0	0	0	0	0	0	0	0	0	0	0	0	0	0	0	0	0	0	0	0	0	0	0	0	0	0	0	14	28	93	7	3	85	52	126
0	0	0	0	0	0	0	0	0	0	0	0	0	0	0	0	0	0	0	0	0	0	0	0	0	0	0	0	0	0	0	0	0	0	0	0	0	0	0	0	0	0	0	0	0	0	0	0	0	0	0	0	0	0	0	0	0	0	0	0	0	0	0	0	0	0	0	0	0	0	0	0	0	0	0	0	0	0	0	0	0	0	0	0	0	0	0	0	0	0	0	0	0	0	0	0	0	0	0	0	0	0	0	0	0	0	0	0	0	0	0	0	0	0	0	0	0	0	0	0	0	99	99	103	109	25	55	104
0	0	0	0	0	0	0	0	0	0	0	0	0	0	0	0	0	0	0	0	0	0	0	0	0	0	0	0	0	0	0	0	0	0	0	0	0	0	0	0	0	0	0	0	0	0	0	0	0	0	0	0	0	0	0	0	0	0	0	0	0	0	0	0	0	0	0	0	0	0	0	0	0	0	0	0	0	0	0	0	0	0	0	0	0	0	0	0	0	0	0	0	0	0	0	0	0	0	0	0	0	0	0	0	0	0	0	0	0	0	0	0	0	0	0	0	0	0	0	0	0	0	112	100	17	1	116	68
0	0	0	0	0	0	0	0	0	0	0	0	0	0	0	0	0	0	0	0	0	0	0	0	0	0	0	0	0	0	0	0	0	0	0	0	0	0	0	0	0	0	0	0	0	0	0	0	0	0	0	0	0	0	0	0	0	0	0	0	0	0	0	0	0	0	0	0	0	0	0	0	0	0	0	0	0	0	0	0	0	0	0	0	0	0	0	0	0	0	0	0	0	0	0	0	0	0	0	0	0	0	0	0	0	0	0	0	0	0	0	0	0	0	0	0	0	0	0	0	0	0	0	95	3	106	49	46
0	0	0	0	0	0	0	0	0	0	0	0	0	0	0	0	0	0	0	0	0	0	0	0	0	0	0	0	0	0	0	0	0	0	0	0	0	0	0	0	0	0	0	0	0	0	0	0	0	0	0	0	0	0	0	0	0	0	0	0	0	0	0	0	0	0	0	0	0	0	0	0	0	0	0	0	0	0	0	0	0	0	0	0	0	0	0	0	0	0	0	0	0	0	0	0	0	0	0	0	0	0	0	0	0	0	0	0	0	0	0	0	0	0	0	0	0	0	0	0	0	0	0	0	53	117	88	107
0	0	0	0	0	0	0	0	0	0	0	0	0	0	0	0	0	0	0	0	0	0	0	0	0	0	0	0	0	0	0	0	0	0	0	0	0	0	0	0	0	0	0	0	0	0	0	0	0	0	0	0	0	0	0	0	0	0	0	0	0	0	0	0	0	0	0	0	0	0	0	0	0	0	0	0	0	0	0	0	0	0	0	0	0	0	0	0	0	0	0	0	0	0	0	0	0	0	0	0	0	0	0	0	0	0	0	0	0	0	0	0	0	0	0	0	0	0	0	0	0	0	0	0	0	30	73	111
0	0	0	0	0	0	0	0	0	0	0	0	0	0	0	0	0	0	0	0	0	0	0	0	0	0	0	0	0	0	0	0	0	0	0	0	0	0	0	0	0	0	0	0	0	0	0	0	0	0	0	0	0	0	0	0	0	0	0	0	0	0	0	0	0	0	0	0	0	0	0	0	0	0	0	0	0	0	0	0	0	0	0	0	0	0	0	0	0	0	0	0	0	0	0	0	0	0	0	0	0	0	0	0	0	0	0	0	0	0	0	0	0	0	0	0	0	0	0	0	0	0	0	0	0	0	105	9
0	0	0	0	0	0	0	0	0	0	0	0	0	0	0	0	0	0	0	0	0	0	0	0	0	0	0	0	0	0	0	0	0	0	0	0	0	0	0	0	0	0	0	0	0	0	0	0	0	0	0	0	0	0	0	0	0	0	0	0	0	0	0	0	0	0	0	0	0	0	0	0	0	0	0	0	0	0	0	0	0	0	0	0	0	0	0	0	0	0	0	0	0	0	0	0	0	0	0	0	0	0	0	0	0	0	0	0	0	0	0	0	0	0	0	0	0	0	0	0	0	0	0	0	0	0	0	90
0	0	0	0	0	0	0	0	0	0	0	0	0	0	0	0	0	0	0	0	0	0	0	0	0	0	0	0	0	0	0	0	0	0	0	0	0	0	0	0	0	0	0	0	0	0	0	0	0	0	0	0	0	0	0	0	0	0	0	0	0	0	0	0	0	0	0	0	0	0	0	0	0	0	0	0	0	0	0	0	0	0	0	0	0	0	0	0	0	0	0	0	0	0	0	0	0	0	0	0	0	0	0	0	0	0	0	0	0	0	0	0	0	0	0	0	0	0	0	0	0	0	0	0	0	0	0	0