0	46	98	86	102	85	34	16	116	73	83	63	124	77	75	111	93	68	12	91	53	95	87	99	31	60	56	52	65	119	122	73	72	12	54	87	123	92	29	10	45	10	13	94	2	64	117	85	24	9	79	126	83	38	83	80	28	50	73	9	57	36	18	19	4	88	67	83	47	15	119	75	44	23	8	91	11	42	54	105	111	70	63	127	2	20	21	62	106	57	56	107	20	5	54	70	74	41	122	4	72	56	3	10	37	31	34	35	59	65	107	14	20	6	65	88	80	13	31	30	32	83	79	8	62	118	40	90
0	0	5	12	104	92	80	13	87	48	44	50	88	59	71	59	72	50	7	4	101	59	57	104	57	98	110	36	57	82	56	44	74	21	73	36	27	24	126	92	98	108	119	104	108	88	49	81	3	62	123	116	56	1	94	35	15	113	62	48	85	83	99	97	23	5	104	47	76	67	62	16	112	36	124	77	102	113	4	83	33	40	43	42	84	17	7	58	116	68	43	46	11	96	62	114	109	47	9	5	33	62	40	5	52	14	30	81	15	22	52	6	9	111	29	31	97	50	37	29	45	101	99	27	77	126	104	16
0	0	0	80	17	80	1	56	28	125	25	96	102	24	86	106	54	41	27	113	22	27	14	113	44	38	63	67	79	73	113	72	43	96	9	115	81	63	26	76	4	70	55	91	85	50	23	33	94	49	1	73	72	117	9	87	128	25	49	121	34	48	9	64	56	14	28	124	78	62	50	65	74	3	118	16	95	101	40	4	41	103	103	94	119	105	107	96	108	34	40	24	28	74	52	48	91	10	117	124	24	70	31	85	60	17	19	79	47	100	58	6	76	12	41	22	35	28	6	87	59	63	85	19	4	11	68	121
0	0	0	0	50	65	15	124	8	128	25	27	64	62	42	35	91	80	51	118	124	42	102	19	18	21	117	89	61	25	117	92	34	11	87	104	119	3	97	97	67	39	72	20	90	45	57	28	54	30	52	43	60	61	117	40	84	69	12	112	45	96	91	38	27	117	123	63	96	90	103	124	125	92	68	125	36	26	45	18	110	74	94	47	2	115	94	84	127	127	73	80	7	126	82	93	111	27	33	2	39	4	29	29	128	53	62	24	38	112	95	115	36	63	41	16	29	98	6	80	4	35	121	60	14	12	2	25
0	0	0	0	0	21	44	53	21	86	19	118	123	127	111	37	78	51	26	111	98	51	15	85	94	27	102	61	38	39	63	46	49	127	62	19	41	117	41	35	41	99	19	35	115	49	2	110	90	54	53	96	25	124	66	11	98	14	48	105	79	78	62	56	91	4	12	53	80	100	49	41	57	16	61	119	77	101	3	2	117	82	12	25	126	57	119	53	37	122	42	42	36	58	57	80	105	23	98	29	94	40	19	43	7	94	78	96	107	11	58	72	28	47	74	42	104	25	99	109	38	68	106	16	44	118	113	57
0	0	0	0	0	0	51	106	88	24	38	48	47	11	43	19	50	68	62	109	11	111	115	83	65	55	58	103	43	19	107	119	94	27	56	98	13	71	2	53	72	74	112	76	50	82	66	127	15	56	114	20	8	52	48	60	93	100	26	37	65	123	97	117	28	75	31	27	52	50	5	65	68	36	55	71	125	58	71	80	56	17	109	127	44	83	20	60	84	106	97	54	31	36	35	12	64	63	3	124	92	23	29	90	1	56	46	78	102	77	56	36	109	115	95	12	35	109	125	27	54	94	15	78	46	85	47	71
0	0	0	0	0	0	0	100	70	20	68	72	123	108	3	13	115	2	58	66	14	34	64	97	43	37	101	35	79	118	117	106	20	1	51	114	13	108	44	102	101	84	35	100	53	120	96	58	17	43	61	93	116	29	55	95	119	117	32	74	26	24	49	11	30	111	112	58	69	25	48	111	7	123	123	124	64	126	85	122	42	99	76	22	15	64	21	54	118	82	66	30	52	93	59	124	92	72	123	21	117	52	63	22	94	83	81	13	124	62	92	88	54	24	38	112	57	97	52	89	127	7	95	25	12	125	6	120
0	0	0	0	0	0	0	0	26	33	68	121	43	30	66	61	25	23	102	41	128	4	12	116	56	90	125	36	15	50	91	3	4	9	33	121	66	84	69	62	15	12	44	40	124	124	71	80	93	49	111	114	57	103	73	14	46	82	88	102	19	79	2	8	38	68	104	22	35	122	67	21	38	116	97	36	123	50	118	107	119	68	92	6	123	45	108	115	114	25	66	61	4	1	54	13	5	15	99	78	84	128	3	11	23	128	117	44	17	15	18	78	57	86	109	1	70	36	71	92	85	9	44	72	101	26	94	38
0	0	0	0	0	0	0	0	0	84	117	49	127	128	102	26	60	97	37	92	58	34	13	95	65	111	63	91	20	8	110	122	89	21	52	105	62	15	66	15	49	92	125	74	47	15	108	38	40	43	35	62	33	20	117	99	83	23	85	19	117	1	37	91	104	66	114	37	116	109	17	23	74	80	54	111	74	125	101	36	123	21	124	74	94	49	30	125	37	116	28	48	81	60	87	49	118	39	31	38	24	99	26	40	79	30	46	66	89	33	106	97	121	40	44	98	57	43	103	52	24	62	58	108	104	94	36	66
0	0	0	0	0	0	0	0	0	0	28	44	86	117	39	26	102	20	119	59	107	71	30	52	117	26	52	78	64	35	1	52	66	128	83	76	50	7	98	60	32	98	91	101	82	102	8	9	23	52	70	119	54	6	108	15	18	32	22	33	1	124	19	96	124	45	7	44	33	72	64	51	96	113	62	33	42	30	105	91	11	9	57	68	73	14	123	45	106	43	75	47	31	125	90	2	18	62	124	49	47	121	102	14	8	50	103	50	34	12	101	59	120	69	77	9	32	55	1	96	14	11	24	11	128	20	109	17
0	0	0	0	0	0	0	0	0	0	0	97	115	89	15	69	115	38	114	124	8	88	97	22	31	25	110	55	62	86	128	97	22	88	117	6	12	52	128	104	59	27	101	93	83	27	22	81	81	84	26	19	63	71	96	17	79	123	15	82	127	105	80	123	6	113	43	35	124	59	32	48	22	95	122	26	105	119	94	105	125	73	34	27	53	72	9	26	60	31	4	110	34	95	72	12	52	127	99	128	124	101	23	47	103	7	104	68	23	39	121	45	51	57	102	41	52	38	40	16	107	19	57	28	21	56	60	103
0	0	0	0	0	0	0	0	0	0	0	0	70	45	38	63	12	109	85	103	109	96	114	73	50	7	119	83	36	6	18	5	70	46	65	78	66	109	117	76	110	96	79	61	62	21	24	13	19	118	110	83	39	118	114	115	8	90	41	10	41	101	66	29	123	51	74	49	118	97	50	21	75	77	61	32	90	104	53	120	108	35	92	112	29	7	68	5	9	40	106	62	65	9	33	122	75	97	106	15	121	78	124	55	108	86	56	101	51	53	120	80	118	36	106	36	102	67	60	107	25	76	66	54	48	116	24	118
0	0	0	0	0	0	0	0	0	0	0	0	0	117	101	39	10	80	112	24	111	47	73	64	34	109	97	120	99	109	49	105	55	73	66	34	47	2	121	121	17	60	73	51	39	4	9	113	57	10	25	31	25	93	29	84	19	119	65	123	31	67	6	79	72	31	66	83	110	114	126	33	124	52	87	75	40	109	115	109	69	93	117	120	82	61	56	66	37	9	14	84	12	16	37	120	41	40	121	82	13	39	93	71	45	121	27	20	22	1	128	41	42	58	86	73	94	21	66	103	115	4	22	39	91	34	18	33
0	0	0	0	0	0	0	0	0	0	0	0	0	0	1	94	128	21	21	67	36	37	117	73	17	69	68	85	101	36	99	114	77	28	92	19	106	78	92	26	45	41	72	35	85	30	25	94	47	36	38	12	26	14	91	76	95	73	43	5	28	30	67	116	11	30	101	21	90	74	15	81	31	113	103	18	56	5	83	62	64	4	45	117	49	76	75	66	22	29	127	37	27	46	100	1	75	41	102	27	125	29	90	53	125	35	68	42	3	106	99	122	2	93	89	12	58	55	98	22	39	74	71	30	21	17	4	111
0	0	0	0	0	0	0	0	0	0	0	0	0	0	0	117	128	16	75	40	2	6	41	79	31	13	20	65	46	3	89	64	104	94	31	42	29	36	48	46	92	49	101	28	123	122	2	13	6	120	82	12	47	98	36	111	24	35	23	62	117	91	126	87	25	37	8	15	111	87	10	37	62	26	80	121	34	10	124	14	127	22	62	108	80	19	53	71	26	104	39	24	12	77	32	23	5	20	102	58	23	52	117	63	114	57	124	10	112	74	107	70	86	52	36	62	98	104	68	118	106	106	14	19	82	115	25	50
0	0	0	0	0	0	0	0	0	0	0	0	0	0	0	0	73	97	117	83	52	55	128	50	35	101	58	85	40	21	103	48	55	76	76	47	57	76	40	42	94	122	61	64	109	68	45	22	74	113	113	69	30	9	18	53	92	33	71	124	35	71	81	85	109	65	17	6	61	42	97	84	66	26	60	95	100	8	72	54	24	108	26	34	33	100	34	127	89	99	36	119	20	4	77	72	33	92	109	20	107	109	50	47	59	112	99	125	90	56	84	96	91	63	58	103	2	110	50	100	35	48	108	79	76	79	72	39
0	0	0	0	0	0	0	0	0	0	0	0	0	0	0	0	0	37	113	78	74	74	72	45	51	2	24	95	53	126	19	96	21	60	126	110	65	37	94	38	5	109	13	56	93	37	84	96	25	81	108	110	47	9	21	59	63	82	86	81	30	38	27	125	110	95	21	109	90	13	37	65	81	57	27	96	116	14	105	6	80	117	92	6	80	32	67	81	54	79	71	16	65	90	96	122	44	97	36	78	35	47	26	52	25	58	107	89	112	13	45	114	90	63	24	21	54	45	113	33	67	20	86	57	99	3	73	124
0	0	0	0	0	0	0	0	0	0	0	0	0	0	0	0	0	0	76	122	109	88	119	88	91	86	111	104	25	18	77	82	7	116	30	45	88	80	110	20	9	79	75	36	86	102	29	43	105	108	98	24	19	34	51	1	39	127	17	72	108	122	103	94	109	82	92	41	28	86	73	81	3	45	20	105	25	72	120	39	67	19	127	118	87	117	63	2	106	118	24	69	94	34	18	127	18	15	93	76	102	86	111	19	50	72	18	99	85	23	73	26	57	40	114	36	26	107	41	119	22	114	49	31	18	40	36	11
0	0	0	0	0	0	0	0	0	0	0	0	0	0	0	0	0	0	0	116	13	101	110	60	65	10	122	26	22	30	16	104	25	48	44	45	9	21	23	5	64	69	64	88	102	79	74	79	115	32	67	121	70	8	49	67	68	75	73	67	21	47	125	96	61	5	40	12	20	77	92	71	3	111	10	91	117	65	108	96	47	92	12	45	113	61	83	29	20	70	2	52	89	4	21	94	120	74	52	69	25	105	62	5	46	119	69	121	74	30	120	101	109	113	114	25	65	102	39	41	24	37	46	96	19	79	99	90
0	0	0	0	0	0	0	0	0	0	0	0	0	0	0	0	0	0	0	0	20	100	54	94	1	46	51	103	99	53	27	81	83	20	78	8	123	122	105	111	5	14	117	78	18	124	70	30	26	51	71	39	102	15	119	72	50	91	118	107	79	68	81	34	54	33	38	12	112	67	22	116	20	52	104	43	88	117	43	49	112	29	79	79	76	64	84	20	87	103	30	101	14	117	89	117	67	83	77	68	24	75	89	22	19	41	5	48	12	25	70	96	9	73	71	63	108	124	127	3	105	60	25	90	69	32	15	124
0	0	0	0	0	0	0	0	0	0	0	0	0	0	0	0	0	0	0	0	0	19	1	101	22	76	74	33	128	58	64	93	51	73	112	54	54	30	4	31	38	23	82	5	29	32	44	56	29	29	44	63	111	53	33	87	47	78	65	82	27	121	10	82	12	22	118	58	119	31	85	32	60	110	126	25	1	12	48	8	12	69	115	6	66	92	90	29	113	78	41	60	64	92	80	115	85	124	62	110	56	19	90	2	31	39	15	54	72	102	81	86	119	33	125	53	79	70	10	6	1	8	18	71	114	5	32	3
0	0	0	0	0	0	0	0	0	0	0	0	0	0	0	0	0	0	0	0	0	0	28	110	52	108	118	117	97	64	102	50	28	30	108	57	121	11	70	112	66	18	116	78	2	120	102	71	93	59	3	36	75	95	102	126	60	107	71	26	6	1	82	48	35	96	85	24	102	55	35	12	20	100	83	79	77	9	84	127	30	69	5	4	6	24	109	3	4	11	62	26	48	5	37	21	71	72	88	19	26	80	21	118	63	76	56	72	104	1	108	118	128	64	9	69	90	71	86	13	105	108	100	6	8	127	33	107
0	0	0	0	0	0	0	0	0	0	0	0	0	0	0	0	0	0	0	0	0	0	0	24	112	12	4	86	61	36	82	1	94	70	113	85	60	62	10	42	74	16	117	117	6	55	107	70	43	126	17	27	47	78	96	20	121	36	123	15	112	82	4	83	95	85	11	54	42	67	53	12	73	18	84	20	13	52	35	2	87	31	127	43	95	121	126	97	68	49	69	57	41	104	97	22	81	128	33	123	78	22	98	97	99	89	68	61	60	60	122	30	76	108	79	48	128	85	116	69	46	119	30	6	105	104	12	96
0	0	0	0	0	0	0	0	0	0	0	0	0	0	0	0	0	0	0	0	0	0	0	0	109	19	32	94	82	5	17	66	26	56	33	127	45	120	72	68	26	98	82	7	81	25	51	120	39	72	91	125	35	84	18	95	17	66	25	46	15	112	85	114	20	15	54	53	27	5	20	95	95	49	5	18	7	103	105	44	71	108	36	94	53	17	13	12	9	102	114	107	106	100	11	103	78	101	86	57	82	56	74	1	128	110	126	90	27	94	2	85	101	22	97	15	125	84	59	85	73	51	40	122	56	125	90	77
0	0	0	0	0	0	0	0	0	0	0	0	0	0	0	0	0	0	0	0	0	0	0	0	0	26	85	44	5	110	94	12	16	43	112	32	69	95	110	101	78	92	122	102	44	29	87	64	29	85	4	11	80	10	72	29	9	88	121	94	72	43	113	30	57	46	5	28	65	62	77	42	79	119	61	57	42	88	84	82	123	91	52	126	7	61	81	58	58	28	86	101	26	89	37	95	60	62	113	54	29	86	1	69	14	101	101	85	86	83	46	69	109	95	90	13	49	113	89	36	7	20	97	100	8	38	105	83
0	0	0	0	0	0	0	0	0	0	0	0	0	0	0	0	0	0	0	0	0	0	0	0	0	0	31	74	7	89	6	32	55	82	15	125	15	89	70	103	47	115	87	9	58	36	85	110	70	22	103	26	87	30	4	79	88	49	60	59	75	42	37	118	78	44	99	44	111	20	100	102	128	13	97	14	68	127	34	13	42	13	82	108	112	98	37	59	71	47	84	62	21	28	100	51	110	48	104	70	109	69	103	7	29	102	34	85	111	4	17	59	82	9	6	31	85	77	89	128	80	76	66	42	113	106	16	83
0	0	0	0	0	0	0	0	0	0	0	0	0	0	0	0	0	0	0	0	0	0	0	0	0	0	0	78	39	61	2	112	63	27	93	19	28	45	117	18	40	107	90	88	16	44	17	97	49	3	104	84	32	79	70	35	22	112	34	75	58	54	32	94	81	128	124	22	31	90	50	13	18	108	76	105	39	110	62	61	28	46	47	10	79	87	90	81	86	15	58	80	120	115	41	105	97	100	96	119	125	112	4	117	88	30	80	7	105	69	49	26	103	104	20	106	87	25	79	109	47	96	44	8	15	45	98	9
0	0	0	0	0	0	0	0	0	0	0	0	0	0	0	0	0	0	0	0	0	0	0	0	0	0	0	0	9	95	8	31	45	81	8	77	74	82	8	55	79	123	106	23	76	114	52	70	107	15	72	18	22	52	66	47	125	15	123	11	71	100	63	24	51	43	56	97	47	27	125	14	117	3	80	2	14	47	1	37	98	46	72	76	35	23	30	114	69	72	90	115	3	33	127	115	115	4	118	32	54	128	42	62	105	54	46	111	88	120	94	100	55	57	30	104	95	42	93	40	2	72	121	81	127	46	48	47
0	0	0	0	0	0	0	0	0	0	0	0	0	0	0	0	0	0	0	0	0	0	0	0	0	0	0	0	0	67	42	103	17	67	75	50	112	88	92	102	48	46	94	63	40	6	17	95	107	121	58	111	62	18	105	66	18	122	108	36	1	66	110	103	93	41	26	111	20	127	16	81	47	29	63	71	127	123	12	119	113	90	58	11	65	106	93	95	23	88	120	22	106	74	11	89	54	79	127	16	11	36	54	83	70	91	81	87	52	116	63	102	32	105	115	44	88	94	43	60	86	6	90	79	71	33	86	37
0	0	0	0	0	0	0	0	0	0	0	0	0	0	0	0	0	0	0	0	0	0	0	0	0	0	0	0	0	0	50	19	68	65	26	18	29	103	58	49	71	112	42	67	122	108	14	111	59	113	121	73	77	77	35	75	111	24	40	48	49	79	88	112	1	23	85	42	11	113	78	69	112	12	56	60	126	5	43	62	71	72	122	106	105	117	9	25	118	14	59	32	93	81	62	24	15	109	93	108	103	19	9	100	8	93	63	38	28	13	12	47	13	88	65	78	82	54	119	111	11	105	21	25	97	122	9	89
0	0	0	0	0	0	0	0	0	0	0	0	0	0	0	0	0	0	0	0	0	0	0	0	0	0	0	0	0	0	0	21	98	71	92	108	127	104	16	33	90	92	106	19	63	70	50	33	54	104	63	95	80	50	29	126	122	87	49	8	53	59	37	66	102	97	62	107	115	43	59	53	69	100	124	103	11	13	104	40	105	80	38	120	14	27	6	34	31	109	79	16	68	108	95	31	78	124	55	18	38	24	108	85	119	65	44	65	21	58	34	39	92	38	78	86	124	128	85	48	122	51	82	58	24	4	105	78
0	0	0	0	0	0	0	0	0	0	0	0	0	0	0	0	0	0	0	0	0	0	0	0	0	0	0	0	0	0	0	0	72	52	98	64	23	83	65	119	83	125	70	67	86	112	88	54	70	27	52	52	45	115	56	112	13	59	87	112	76	74	56	57	100	22	126	96	90	30	126	42	99	127	117	111	107	116	20	108	67	9	43	17	13	117	7	128	90	89	46	97	63	97	114	20	20	127	40	48	46	120	65	28	21	100	14	80	65	58	110	17	110	67	79	43	57	7	106	63	102	31	1	76	87	98	67	52
0	0	0	0	0	0	0	0	0	0	0	0	0	0	0	0	0	0	0	0	0	0	0	0	0	0	0	0	0	0	0	0	0	125	122	82	85	76	77	7	5	3	46	94	57	51	67	127	98	75	80	95	28	113	114	121	8	123	77	38	86	98	101	20	89	61	79	66	13	42	68	101	39	100	31	120	86	75	35	7	8	83	100	26	38	106	32	72	58	3	54	110	50	62	82	106	123	34	3	100	97	103	3	13	103	64	110	33	7	76	50	48	25	10	45	82	70	87	72	75	119	101	22	111	32	95	99	33
0	0	0	0	0	0	0	0	0	0	0	0	0	0	0	0	0	0	0	0	0	0	0	0	0	0	0	0	0	0	0	0	0	0	27	102	20	64	61	27	100	93	63	119	85	13	8	33	81	121	80	118	57	72	91	5	8	36	97	121	114	87	54	126	56	84	55	80	64	18	80	115	13	101	112	13	122	7	46	91	84	128	27	84	69	24	1	82	58	110	94	12	39	8	79	107	76	127	122	2	118	92	101	100	94	44	39	14	17	79	48	21	23	37	111	27	100	7	109	64	39	64	24	27	69	57	70	91
0	0	0	0	0	0	0	0	0	0	0	0	0	0	0	0	0	0	0	0	0	0	0	0	0	0	0	0	0	0	0	0	0	0	0	112	90	126	125	16	75	105	53	95	35	44	110	55	100	22	1	54	47	37	78	31	10	65	46	50	54	45	17	95	28	24	55	90	2	67	29	60	112	73	65	25	47	89	54	92	11	51	116	2	6	21	85	27	41	90	121	65	82	120	47	84	122	68	70	120	109	103	13	90	51	123	17	59	58	96	112	128	71	10	111	93	77	96	83	94	87	32	16	85	24	23	46	8
0	0	0	0	0	0	0	0	0	0	0	0	0	0	0	0	0	0	0	0	0	0	0	0	0	0	0	0	0	0	0	0	0	0	0	0	83	89	128	124	46	70	83	93	97	78	48	8	88	124	81	126	73	28	127	89	29	120	76	60	71	6	88	67	25	1	102	5	52	24	75	111	36	117	68	110	103	82	68	4	99	74	42	12	113	69	111	24	21	83	27	37	41	77	8	34	43	43	63	116	101	92	1	88	84	99	29	104	15	10	110	79	119	102	37	86	69	114	124	34	74	37	87	98	74	12	60	51
0	0	0	0	0	0	0	0	0	0	0	0	0	0	0	0	0	0	0	0	0	0	0	0	0	0	0	0	0	0	0	0	0	0	0	0	0	4	117	105	25	63	91	83	12	82	22	28	8	44	29	13	37	113	58	90	119	52	63	91	54	81	26	86	86	91	120	81	55	48	119	53	53	95	116	120	77	18	119	60	26	71	5	89	29	41	42	46	29	115	29	128	61	5	40	6	85	7	30	119	44	8	110	109	95	128	12	31	1	104	101	48	106	76	31	10	41	97	38	5	80	98	119	41	112	1	86	115
0	0	0	0	0	0	0	0	0	0	0	0	0	0	0	0	0	0	0	0	0	0	0	0	0	0	0	0	0	0	0	0	0	0	0	0	0	0	12	7	19	47	78	86	65	22	65	16	106	69	85	35	5	7	100	31	2	17	45	2	23	4	126	16	51	76	49	25	75	73	119	128	118	82	101	120	39	87	113	23	93	51	31	120	116	50	70	97	64	38	114	75	75	11	63	95	23	50	47	12	69	61	34	93	124	46	57	9	58	44	64	48	107	104	105	121	116	70	21	42	103	26	25	54	42	110	69	120
0	0	0	0	0	0	0	0	0	0	0	0	0	0	0	0	0	0	0	0	0	0	0	0	0	0	0	0	0	0	0	0	0	0	0	0	0	0	0	104	48	29	13	51	77	91	95	63	45	38	71	19	16	13	113	114	39	105	36	112	53	101	14	47	51	62	53	41	56	83	57	93	82	8	28	4	114	34	24	51	95	54	34	34	122	14	113	111	64	91	23	107	31	6	49	75	36	71	80	111	33	99	63	78	1	22	84	95	114	31	23	77	76	27	37	83	9	4	76	96	49	112	113	20	73	119	80	7
0	0	0	0	0	0	0	0	0	0	0	0	0	0	0	0	0	0	0	0	0	0	0	0	0	0	0	0	0	0	0	0	0	0	0	0	0	0	0	0	112	100	33	18	64	109	70	16	20	67	78	116	105	79	54	17	22	92	123	114	80	117	83	27	89	75	14	1	69	118	21	53	95	34	3	63	54	20	123	101	122	38	91	35	89	91	21	25	19	14	71	57	36	40	93	58	5	17	125	90	127	28	99	29	118	75	46	114	100	123	33	60	27	37	6	20	85	123	108	47	34	40	97	89	6	124	120	5
0	0	0	0	0	0	0	0	0	0	0	0	0	0	0	0	0	0	0	0	0	0	0	0	0	0	0	0	0	0	0	0	0	0	0	0	0	0	0	0	0	63	83	34	68	123	38	21	13	74	68	43	12	84	118	55	54	125	10	45	9	38	123	68	70	7	85	106	36	112	113	72	102	99	76	80	56	98	11	18	128	114	46	22	80	65	20	106	59	113	45	18	46	70	58	122	83	25	9	66	102	25	84	17	50	118	44	119	50	51	8	110	15	16	98	55	102	23	49	20	27	123	91	18	91	46	111	30
0	0	0	0	0	0	0	0	0	0	0	0	0	0	0	0	0	0	0	0	0	0	0	0	0	0	0	0	0	0	0	0	0	0	0	0	0	0	0	0	0	0	21	30	4	119	63	1	24	61	51	35	60	67	29	56	113	122	23	92	88	87	117	5	67	57	97	122	104	102	21	106	71	16	50	81	92	16	17	66	117	113	115	10	54	116	108	94	82	95	104	53	83	91	125	90	34	105	59	63	99	78	82	116	33	126	7	103	17	27	84	74	65	86	113	31	126	99	71	105	74	115	73	48	100	91	104	99
0	0	0	0	0	0	0	0	0	0	0	0	0	0	0	0	0	0	0	0	0	0	0	0	0	0	0	0	0	0	0	0	0	0	0	0	0	0	0	0	0	0	0	4	25	100	5	74	2	9	121	51	17	46	41	120	10	47	4	89	56	21	68	128	59	23	87	11	125	17	80	7	99	73	69	30	21	12	51	67	116	51	6	41	65	6	29	109	107	43	51	94	17	122	101	106	31	94	54	64	127	27	91	19	22	106	26	100	108	2	110	74	48	103	76	24	113	8	54	74	59	6	61	121	3	61	61	80
0	0	0	0	0	0	0	0	0	0	0	0	0	0	0	0	0	0	0	0	0	0	0	0	0	0	0	0	0	0	0	0	0	0	0	0	0	0	0	0	0	0	0	0	88	65	30	90	82	20	64	46	124	32	91	59	8	85	13	67	80	10	3	8	113	54	34	27	25	36	33	124	108	30	68	33	6	4	13	46	77	22	48	13	80	67	118	60	43	81	70	121	23	78	69	29	67	89	113	61	100	55	118	34	56	102	32	7	58	33	122	42	1	77	67	97	92	55	99	125	51	41	11	36	29	8	10	49
0	0	0	0	0	0	0	0	0	0	0	0	0	0	0	0	0	0	0	0	0	0	0	0	0	0	0	0	0	0	0	0	0	0	0	0	0	0	0	0	0	0	0	0	0	123	46	32	128	71	76	6	1	54	66	87	101	28	22	42	122	68	48	7	115	48	39	5	104	56	50	94	113	33	44	28	11	9	125	21	106	49	43	48	11	125	11	11	104	40	35	74	63	51	108	61	21	84	18	104	51	124	93	25	6	27	101	88	41	106	74	59	59	79	101	116	82	67	85	15	9	96	105	106	85	27	17	91
0	0	0	0	0	0	0	0	0	0	0	0	0	0	0	0	0	0	0	0	0	0	0	0	0	0	0	0	0	0	0	0	0	0	0	0	0	0	0	0	0	0	0	0	0	0	29	51	118	58	64	52	24	22	60	28	93	125	109	31	68	24	124	91	100	72	89	5	71	25	121	60	121	17	88	104	25	106	87	89	104	1	24	95	6	119	6	70	117	110	35	58	17	13	115	14	77	81	123	38	87	115	49	90	26	97	127	56	97	74	93	69	81	34	21	121	98	41	107	85	38	99	1	90	99	26	15	122
0	0	0	0	0	0	0	0	0	0	0	0	0	0	0	0	0	0	0	0	0	0	0	0	0	0	0	0	0	0	0	0	0	0	0	0	0	0	0	0	0	0	0	0	0	0	0	89	79	98	27	66	7	108	55	66	49	47	113	111	23	99	93	100	24	90	84	13	127	110	34	49	94	94	4	40	82	39	64	6	92	14	15	95	18	28	60	9	86	63	35	87	110	24	119	106	7	26	92	75	97	30	67	31	83	87	48	7	76	8	127	66	106	71	108	107	65	97	32	25	58	34	16	42	54	68	126	53
0	0	0	0	0	0	0	0	0	0	0	0	0	0	0	0	0	0	0	0	0	0	0	0	0	0	0	0	0	0	0	0	0	0	0	0	0	0	0	0	0	0	0	0	0	0	0	0	1	83	15	101	10	71	54	26	9	58	117	69	49	5	81	14	86	83	102	30	36	112	67	15	2	114	52	14	42	95	117	116	103	57	82	7	50	26	113	121	49	4	96	27	101	3	31	99	104	36	128	54	30	23	36	27	52	75	73	99	19	96	91	114	1	64	119	121	114	3	22	3	42	87	109	65	112	122	1	35
0	0	0	0	0	0	0	0	0	0	0	0	0	0	0	0	0	0	0	0	0	0	0	0	0	0	0	0	0	0	0	0	0	0	0	0	0	0	0	0	0	0	0	0	0	0	0	0	0	24	67	79	116	87	60	76	8	63	10	10	123	84	108	72	92	97	84	6	67	12	113	67	123	107	80	30	77	13	90	46	19	48	46	75	76	30	123	85	14	43	102	89	5	47	29	99	67	28	57	109	87	55	3	125	48	39	124	97	80	10	102	48	110	82	94	64	25	93	49	93	84	127	43	45	69	91	62	51
0	0	0	0	0	0	0	0	0	0	0	0	0	0	0	0	0	0	0	0	0	0	0	0	0	0	0	0	0	0	0	0	0	0	0	0	0	0	0	0	0	0	0	0	0	0	0	0	0	0	61	128	50	40	5	55	33	47	51	76	25	96	45	92	40	115	94	100	16	34	76	33	35	66	115	121	75	78	127	22	68	97	108	11	100	70	108	117	116	30	29	46	26	102	24	48	54	126	27	63	27	83	116	18	93	105	121	25	75	112	53	25	36	9	104	69	62	111	126	62	77	110	47	96	50	46	106	2
0	0	0	0	0	0	0	0	0	0	0	0	0	0	0	0	0	0	0	0	0	0	0	0	0	0	0	0	0	0	0	0	0	0	0	0	0	0	0	0	0	0	0	0	0	0	0	0	0	0	0	8	29	32	39	77	27	15	44	24	103	54	89	11	8	117	64	34	99	120	60	82	40	102	35	112	28	108	118	23	73	15	4	9	1	18	85	48	105	5	67	3	38	103	105	18	123	58	102	4	64	53	77	34	128	48	92	108	113	28	18	11	87	63	111	100	47	50	15	81	31	118	31	47	58	123	35	32
0	0	0	0	0	0	0	0	0	0	0	0	0	0	0	0	0	0	0	0	0	0	0	0	0	0	0	0	0	0	0	0	0	0	0	0	0	0	0	0	0	0	0	0	0	0	0	0	0	0	0	0	90	64	14	113	114	32	122	102	50	41	38	23	126	1	43	33	109	116	88	5	10	46	7	102	37	60	90	73	43	110	60	44	1	120	112	61	34	111	92	65	51	76	122	42	14	54	113	80	82	124	29	65	100	8	91	38	48	3	74	10	33	87	5	9	121	65	65	68	20	109	111	32	41	117	108	33
0	0	0	0	0	0	0	0	0	0	0	0	0	0	0	0	0	0	0	0	0	0	0	0	0	0	0	0	0	0	0	0	0	0	0	0	0	0	0	0	0	0	0	0	0	0	0	0	0	0	0	0	0	30	126	67	42	7	4	8	6	39	52	120	15	36	27	29	10	36	128	36	117	126	49	89	42	7	108	112	63	41	53	69	68	9	128	52	12	107	48	118	56	27	95	54	63	100	122	51	34	66	33	122	50	29	125	115	4	3	46	106	71	66	3	74	110	14	102	111	70	9	121	76	71	1	92	82
0	0	0	0	0	0	0	0	0	0	0	0	0	0	0	0	0	0	0	0	0	0	0	0	0	0	0	0	0	0	0	0	0	0	0	0	0	0	0	0	0	0	0	0	0	0	0	0	0	0	0	0	0	0	14	77	102	87	45	74	65	128	64	41	8	29	121	124	110	110	114	42	24	104	74	127	39	22	32	127	96	51	46	58	32	124	65	65	17	95	28	10	126	37	24	55	21	105	31	58	115	53	118	14	128	108	6	111	17	101	17	110	32	106	20	7	40	9	81	27	93	124	26	77	36	66	3	85
0	0	0	0	0	0	0	0	0	0	0	0	0	0	0	0	0	0	0	0	0	0	0	0	0	0	0	0	0	0	0	0	0	0	0	0	0	0	0	0	0	0	0	0	0	0	0	0	0	0	0	0	0	0	0	96	110	120	109	31	88	87	40	72	34	113	19	106	19	78	126	120	114	20	117	70	32	48	76	61	25	27	37	2	105	90	73	44	14	79	39	78	6	58	99	16	77	114	116	121	58	74	43	122	43	33	96	115	82	109	82	39	27	83	115	58	70	42	99	89	127	17	33	63	55	2	23	8
0	0	0	0	0	0	0	0	0	0	0	0	0	0	0	0	0	0	0	0	0	0	0	0	0	0	0	0	0	0	0	0	0	0	0	0	0	0	0	0	0	0	0	0	0	0	0	0	0	0	0	0	0	0	0	0	3	8	27	3	96	76	89	119	67	67	107	108	27	42	67	122	126	92	12	109	103	95	40	2	56	29	100	122	15	60	122	113	91	29	127	41	16	19	36	68	96	8	33	74	54	43	22	121	19	3	80	35	113	119	65	116	105	74	122	110	124	127	12	6	70	41	21	64	36	18	30	39
0	0	0	0	0	0	0	0	0	0	0	0	0	0	0	0	0	0	0	0	0	0	0	0	0	0	0	0	0	0	0	0	0	0	0	0	0	0	0	0	0	0	0	0	0	0	0	0	0	0	0	0	0	0	0	0	0	69	44	1	50	99	83	126	27	97	97	63	96	40	45	41	37	49	122	83	128	124	79	64	119	92	39	11	98	115	91	1	97	84	89	19	127	96	49	16	12	101	104	79	119	22	76	110	105	87	106	77	89	37	65	96	73	46	112	115	99	68	91	113	115	128	14	68	47	36	103	50
0	0	0	0	0	0	0	0	0	0	0	0	0	0	0	0	0	0	0	0	0	0	0	0	0	0	0	0	0	0	0	0	0	0	0	0	0	0	0	0	0	0	0	0	0	0	0	0	0	0	0	0	0	0	0	0	0	0	17	94	48	87	85	13	40	8	89	71	61	114	41	112	122	128	52	102	2	119	53	45	53	122	106	112	104	25	82	84	81	73	35	76	75	22	104	122	15	87	86	23	119	29	3	83	112	50	75	50	59	13	5	61	125	54	88	85	70	63	49	65	78	43	30	36	77	69	14	60
0	0	0	0	0	0	0	0	0	0	0	0	0	0	0	0	0	0	0	0	0	0	0	0	0	0	0	0	0	0	0	0	0	0	0	0	0	0	0	0	0	0	0	0	0	0	0	0	0	0	0	0	0	0	0	0	0	0	0	55	28	9	84	123	63	89	33	64	46	70	82	115	9	11	90	64	33	24	63	7	60	83	104	65	34	88	34	97	85	41	95	32	121	91	55	90	43	91	126	124	26	90	40	87	122	90	17	54	93	46	44	110	90	5	101	126	91	14	60	53	103	29	95	64	61	57	15	10
0	0	0	0	0	0	0	0	0	0	0	0	0	0	0	0	0	0	0	0	0	0	0	0	0	0	0	0	0	0	0	0	0	0	0	0	0	0	0	0	0	0	0	0	0	0	0	0	0	0	0	0	0	0	0	0	0	0	0	0	86	110	36	41	56	22	56	65	98	50	26	11	3	18	100	74	54	84	91	128	8	74	36	61	8	105	92	2	3	54	87	27	114	40	95	91	34	2	5	115	116	73	93	29	109	122	66	35	31	17	90	67	36	82	21	26	80	121	120	56	4	7	90	51	112	26	77	29
0	0	0	0	0	0	0	0	0	0	0	0	0	0	0	0	0	0	0	0	0	0	0	0	0	0	0	0	0	0	0	0	0	0	0	0	0	0	0	0	0	0	0	0	0	0	0	0	0	0	0	0	0	0	0	0	0	0	0	0	0	119	34	93	6	21	30	121	107	101	128	52	56	106	15	85	57	54	44	63	109	32	68	106	112	102	34	67	44	52	20	17	116	113	61	126	36	96	24	124	59	45	114	98	57	65	56	96	48	126	104	55	35	25	27	24	119	119	92	48	13	110	80	74	95	97	91	59
0	0	0	0	0	0	0	0	0	0	0	0	0	0	0	0	0	0	0	0	0	0	0	0	0	0	0	0	0	0	0	0	0	0	0	0	0	0	0	0	0	0	0	0	0	0	0	0	0	0	0	0	0	0	0	0	0	0	0	0	0	0	89	34	1	77	67	95	21	44	122	19	108	17	101	94	81	31	56	13	95	113	22	88	58	102	51	4	50	31	113	61	91	101	56	119	95	19	2	31	26	27	125	21	2	44	122	55	117	33	33	63	76	38	63	111	54	58	27	45	90	117	23	55	36	109	42	40
0	0	0	0	0	0	0	0	0	0	0	0	0	0	0	0	0	0	0	0	0	0	0	0	0	0	0	0	0	0	0	0	0	0	0	0	0	0	0	0	0	0	0	0	0	0	0	0	0	0	0	0	0	0	0	0	0	0	0	0	0	0	0	104	120	33	119	10	102	121	94	26	89	14	3	123	35	15	55	46	81	16	55	21	105	80	57	10	82	90	18	100	3	68	28	72	80	24	1	39	49	119	51	22	111	79	14	13	113	69	110	94	84	127	65	9	109	5	126	15	108	5	86	41	44	9	32	103
0	0	0	0	0	0	0	0	0	0	0	0	0	0	0	0	0	0	0	0	0	0	0	0	0	0	0	0	0	0	0	0	0	0	0	0	0	0	0	0	0	0	0	0	0	0	0	0	0	0	0	0	0	0	0	0	0	0	0	0	0	0	0	0	57	1	95	2	34	113	100	103	77	122	124	116	74	72	122	117	86	126	125	63	9	5	82	39	69	70	119	34	30	11	8	100	126	109	128	88	102	49	58	85	98	28	39	104	84	108	126	6	94	14	28	42	114	54	71	121	44	107	50	18	79	126	48	8
0	0	0	0	0	0	0	0	0	0	0	0	0	0	0	0	0	0	0	0	0	0	0	0	0	0	0	0	0	0	0	0	0	0	0	0	0	0	0	0	0	0	0	0	0	0	0	0	0	0	0	0	0	0	0	0	0	0	0	0	0	0	0	0	0	103	42	53	84	66	70	55	46	74	95	56	47	7	110	85	97	113	31	55	63	66	15	19	79	82	27	27	52	70	48	56	83	74	109	18	104	116	91	127	35	83	51	27	22	59	65	31	13	72	116	21	82	8	54	19	5	61	33	82	116	94	38	105
0	0	0	0	0	0	0	0	0	0	0	0	0	0	0	0	0	0	0	0	0	0	0	0	0	0	0	0	0	0	0	0	0	0	0	0	0	0	0	0	0	0	0	0	0	0	0	0	0	0	0	0	0	0	0	0	0	0	0	0	0	0	0	0	0	0	8	124	22	119	45	76	65	44	14	81	84	49	52	8	49	109	3	97	113	61	30	70	13	1	20	99	58	99	97	26	114	33	35	38	49	56	85	119	102	128	94	67	52	4	81	125	112	3	32	18	80	80	46	68	43	85	41	29	109	17	68	101
0	0	0	0	0	0	0	0	0	0	0	0	0	0	0	0	0	0	0	0	0	0	0	0	0	0	0	0	0	0	0	0	0	0	0	0	0	0	0	0	0	0	0	0	0	0	0	0	0	0	0	0	0	0	0	0	0	0	0	0	0	0	0	0	0	0	0	85	93	90	117	67	73	82	60	14	54	27	43	50	112	83	65	114	91	110	60	45	66	72	39	1	82	72	85	84	73	126	90	51	92	86	107	121	55	114	100	7	39	2	103	9	35	37	17	42	18	41	100	58	91	58	18	33	114	101	66	128
0	0	0	0	0	0	0	0	0	0	0	0	0	0	0	0	0	0	0	0	0	0	0	0	0	0	0	0	0	0	0	0	0	0	0	0	0	0	0	0	0	0	0	0	0	0	0	0	0	0	0	0	0	0	0	0	0	0	0	0	0	0	0	0	0	0	0	0	116	128	83	120	48	45	64	17	1	85	86	77	95	128	83	118	69	29	27	63	68	63	108	116	95	14	55	25	10	113	29	18	119	66	60	71	109	65	77	5	56	74	37	31	119	102	37	63	121	103	30	118	78	42	119	47	126	119	79	24
0	0	0	0	0	0	0	0	0	0	0	0	0	0	0	0	0	0	0	0	0	0	0	0	0	0	0	0	0	0	0	0	0	0	0	0	0	0	0	0	0	0	0	0	0	0	0	0	0	0	0	0	0	0	0	0	0	0	0	0	0	0	0	0	0	0	0	0	0	110	79	95	91	74	118	87	127	16	44	106	32	22	12	118	25	49	41	29	61	34	118	62	61	4	59	9	111	11	88	67	101	97	95	7	39	93	82	41	73	89	126	64	39	43	93	21	50	126	19	59	89	86	77	54	74	78	110	105
0	0	0	0	0	0	0	0	0	0	0	0	0	0	0	0	0	0	0	0	0	0	0	0	0	0	0	0	0	0	0	0	0	0	0	0	0	0	0	0	0	0	0	0	0	0	0	0	0	0	0	0	0	0	0	0	0	0	0	0	0	0	0	0	0	0	0	0	0	0	41	114	14	115	1	92	52	64	22	33	68	66	54	70	30	37	28	107	90	81	55	39	15	85	27	16	67	48	63	70	76	112	30	3	53	12	121	59	28	74	74	68	126	107	30	85	85	32	89	96	11	30	75	87	94	118	12	102
0	0	0	0	0	0	0	0	0	0	0	0	0	0	0	0	0	0	0	0	0	0	0	0	0	0	0	0	0	0	0	0	0	0	0	0	0	0	0	0	0	0	0	0	0	0	0	0	0	0	0	0	0	0	0	0	0	0	0	0	0	0	0	0	0	0	0	0	0	0	0	7	87	35	1	51	30	52	67	41	24	54	77	57	128	12	114	57	29	41	56	1	60	128	6	126	40	104	86	89	81	53	23	44	34	110	16	54	25	70	65	122	47	79	2	91	86	12	70	30	74	63	92	47	125	93	4	42
0	0	0	0	0	0	0	0	0	0	0	0	0	0	0	0	0	0	0	0	0	0	0	0	0	0	0	0	0	0	0	0	0	0	0	0	0	0	0	0	0	0	0	0	0	0	0	0	0	0	0	0	0	0	0	0	0	0	0	0	0	0	0	0	0	0	0	0	0	0	0	0	29	105	107	102	68	105	24	39	22	39	57	63	109	15	48	73	56	113	125	11	98	45	97	95	2	123	105	46	9	71	29	53	94	110	49	87	119	56	26	55	40	122	75	43	87	2	96	9	57	87	108	68	88	72	19	56
0	0	0	0	0	0	0	0	0	0	0	0	0	0	0	0	0	0	0	0	0	0	0	0	0	0	0	0	0	0	0	0	0	0	0	0	0	0	0	0	0	0	0	0	0	0	0	0	0	0	0	0	0	0	0	0	0	0	0	0	0	0	0	0	0	0	0	0	0	0	0	0	0	62	54	85	119	97	127	34	124	25	103	77	113	100	15	85	118	119	109	82	59	98	117	55	74	125	91	127	25	80	69	22	75	85	101	68	73	82	60	1	49	92	44	103	39	53	120	102	119	29	8	1	24	32	70	83
0	0	0	0	0	0	0	0	0	0	0	0	0	0	0	0	0	0	0	0	0	0	0	0	0	0	0	0	0	0	0	0	0	0	0	0	0	0	0	0	0	0	0	0	0	0	0	0	0	0	0	0	0	0	0	0	0	0	0	0	0	0	0	0	0	0	0	0	0	0	0	0	0	0	43	10	73	48	35	85	57	99	72	35	102	27	55	73	8	40	128	31	62	113	5	99	79	33	111	44	121	98	91	77	31	66	58	40	11	32	20	106	109	69	46	98	118	50	66	95	61	34	51	126	66	116	123	110
0	0	0	0	0	0	0	0	0	0	0	0	0	0	0	0	0	0	0	0	0	0	0	0	0	0	0	0	0	0	0	0	0	0	0	0	0	0	0	0	0	0	0	0	0	0	0	0	0	0	0	0	0	0	0	0	0	0	0	0	0	0	0	0	0	0	0	0	0	0	0	0	0	0	0	90	65	38	104	111	127	62	7	14	10	11	10	44	98	121	1	125	98	15	27	124	123	38	61	21	64	99	113	24	110	110	28	45	93	68	5	119	34	26	63	5	69	32	11	68	79	75	73	109	12	28	118	112
0	0	0	0	0	0	0	0	0	0	0	0	0	0	0	0	0	0	0	0	0	0	0	0	0	0	0	0	0	0	0	0	0	0	0	0	0	0	0	0	0	0	0	0	0	0	0	0	0	0	0	0	0	0	0	0	0	0	0	0	0	0	0	0	0	0	0	0	0	0	0	0	0	0	0	0	42	122	66	87	61	97	125	78	37	29	24	36	75	34	42	125	66	107	69	89	109	72	50	120	108	44	65	22	53	2	82	128	8	125	7	85	68	20	24	101	11	69	102	35	100	97	61	102	40	71	58	77
0	0	0	0	0	0	0	0	0	0	0	0	0	0	0	0	0	0	0	0	0	0	0	0	0	0	0	0	0	0	0	0	0	0	0	0	0	0	0	0	0	0	0	0	0	0	0	0	0	0	0	0	0	0	0	0	0	0	0	0	0	0	0	0	0	0	0	0	0	0	0	0	0	0	0	0	0	89	70	57	84	85	41	67	119	102	84	39	119	58	106	9	128	39	69	35	118	125	71	3	78	13	63	18	101	40	90	6	56	125	76	43	81	52	96	32	39	2	100	1	40	99	34	25	101	108	49	15
0	0	0	0	0	0	0	0	0	0	0	0	0	0	0	0	0	0	0	0	0	0	0	0	0	0	0	0	0	0	0	0	0	0	0	0	0	0	0	0	0	0	0	0	0	0	0	0	0	0	0	0	0	0	0	0	0	0	0	0	0	0	0	0	0	0	0	0	0	0	0	0	0	0	0	0	0	0	68	14	42	60	93	91	73	32	120	91	47	126	35	35	125	81	58	64	33	116	44	88	126	105	29	40	53	111	88	60	97	65	66	125	117	36	16	126	44	56	50	116	73	65	123	35	96	3	23	24
0	0	0	0	0	0	0	0	0	0	0	0	0	0	0	0	0	0	0	0	0	0	0	0	0	0	0	0	0	0	0	0	0	0	0	0	0	0	0	0	0	0	0	0	0	0	0	0	0	0	0	0	0	0	0	0	0	0	0	0	0	0	0	0	0	0	0	0	0	0	0	0	0	0	0	0	0	0	0	98	92	36	44	2	4	60	117	68	69	2	76	11	33	20	113	76	3	78	77	43	15	43	85	11	108	44	20	54	104	124	58	46	96	100	63	32	39	42	14	36	89	84	104	77	24	33	62	57
0	0	0	0	0	0	0	0	0	0	0	0	0	0	0	0	0	0	0	0	0	0	0	0	0	0	0	0	0	0	0	0	0	0	0	0	0	0	0	0	0	0	0	0	0	0	0	0	0	0	0	0	0	0	0	0	0	0	0	0	0	0	0	0	0	0	0	0	0	0	0	0	0	0	0	0	0	0	0	0	31	74	125	117	71	128	126	112	8	67	98	91	126	28	83	27	116	124	2	100	105	59	48	106	89	119	80	53	7	34	39	70	46	91	101	70	3	81	35	110	70	59	46	32	108	103	88	113
0	0	0	0	0	0	0	0	0	0	0	0	0	0	0	0	0	0	0	0	0	0	0	0	0	0	0	0	0	0	0	0	0	0	0	0	0	0	0	0	0	0	0	0	0	0	0	0	0	0	0	0	0	0	0	0	0	0	0	0	0	0	0	0	0	0	0	0	0	0	0	0	0	0	0	0	0	0	0	0	0	90	86	44	112	116	32	84	15	82	15	26	109	115	18	105	59	1	32	74	124	45	96	36	84	19	104	115	27	9	125	74	30	21	87	25	112	29	11	95	35	97	110	36	94	109	119	66
0	0	0	0	0	0	0	0	0	0	0	0	0	0	0	0	0	0	0	0	0	0	0	0	0	0	0	0	0	0	0	0	0	0	0	0	0	0	0	0	0	0	0	0	0	0	0	0	0	0	0	0	0	0	0	0	0	0	0	0	0	0	0	0	0	0	0	0	0	0	0	0	0	0	0	0	0	0	0	0	0	0	99	82	20	65	95	17	60	113	5	49	99	54	79	23	69	109	91	36	97	38	128	51	30	37	1	48	25	75	116	75	53	63	80	97	10	21	108	87	119	90	69	108	110	39	82	24
0	0	0	0	0	0	0	0	0	0	0	0	0	0	0	0	0	0	0	0	0	0	0	0	0	0	0	0	0	0	0	0	0	0	0	0	0	0	0	0	0	0	0	0	0	0	0	0	0	0	0	0	0	0	0	0	0	0	0	0	0	0	0	0	0	0	0	0	0	0	0	0	0	0	0	0	0	0	0	0	0	0	0	2	49	71	115	20	117	35	40	97	95	89	25	98	111	34	37	33	103	104	86	101	114	107	101	102	108	85	93	67	42	101	30	50	91	127	128	71	33	99	63	58	78	2	78	28
0	0	0	0	0	0	0	0	0	0	0	0	0	0	0	0	0	0	0	0	0	0	0	0	0	0	0	0	0	0	0	0	0	0	0	0	0	0	0	0	0	0	0	0	0	0	0	0	0	0	0	0	0	0	0	0	0	0	0	0	0	0	0	0	0	0	0	0	0	0	0	0	0	0	0	0	0	0	0	0	0	0	0	0	62	64	116	90	72	34	87	38	90	34	120	11	111	97	45	68	1	118	66	34	95	32	101	93	40	94	71	65	2	116	5	35	42	10	74	21	7	21	109	1	17	40	51	41
0	0	0	0	0	0	0	0	0	0	0	0	0	0	0	0	0	0	0	0	0	0	0	0	0	0	0	0	0	0	0	0	0	0	0	0	0	0	0	0	0	0	0	0	0	0	0	0	0	0	0	0	0	0	0	0	0	0	0	0	0	0	0	0	0	0	0	0	0	0	0	0	0	0	0	0	0	0	0	0	0	0	0	0	0	99	87	122	26	18	113	126	4	111	24	72	20	102	65	97	115	55	95	114	45	50	7	2	10	123	22	118	66	48	92	95	64	31	89	117	68	117	18	72	15	50	124	90
0	0	0	0	0	0	0	0	0	0	0	0	0	0	0	0	0	0	0	0	0	0	0	0	0	0	0	0	0	0	0	0	0	0	0	0	0	0	0	0	0	0	0	0	0	0	0	0	0	0	0	0	0	0	0	0	0	0	0	0	0	0	0	0	0	0	0	0	0	0	0	0	0	0	0	0	0	0	0	0	0	0	0	0	0	0	92	15	106	23	24	62	51	45	38	122	37	26	108	119	121	8	53	108	50	76	121	107	51	34	54	45	85	47	73	31	110	55	2	96	18	16	38	85	27	53	106	80
0	0	0	0	0	0	0	0	0	0	0	0	0	0	0	0	0	0	0	0	0	0	0	0	0	0	0	0	0	0	0	0	0	0	0	0	0	0	0	0	0	0	0	0	0	0	0	0	0	0	0	0	0	0	0	0	0	0	0	0	0	0	0	0	0	0	0	0	0	0	0	0	0	0	0	0	0	0	0	0	0	0	0	0	0	0	0	107	117	10	21	52	79	15	14	90	107	60	86	74	114	77	83	85	116	44	113	128	124	86	7	94	80	59	10	117	12	119	117	53	7	79	106	121	77	123	106	108
0	0	0	0	0	0	0	0	0	0	0	0	0	0	0	0	0	0	0	0	0	0	0	0	0	0	0	0	0	0	0	0	0	0	0	0	0	0	0	0	0	0	0	0	0	0	0	0	0	0	0	0	0	0	0	0	0	0	0	0	0	0	0	0	0	0	0	0	0	0	0	0	0	0	0	0	0	0	0	0	0	0	0	0	0	0	0	0	118	16	20	44	22	9	40	124	27	25	92	118	33	75	69	71	22	83	11	45	51	23	57	119	57	39	99	55	52	120	85	72	27	13	3	96	101	22	18	18
0	0	0	0	0	0	0	0	0	0	0	0	0	0	0	0	0	0	0	0	0	0	0	0	0	0	0	0	0	0	0	0	0	0	0	0	0	0	0	0	0	0	0	0	0	0	0	0	0	0	0	0	0	0	0	0	0	0	0	0	0	0	0	0	0	0	0	0	0	0	0	0	0	0	0	0	0	0	0	0	0	0	0	0	0	0	0	0	0	54	61	67	78	63	19	99	36	24	86	58	10	12	34	66	111	27	68	117	3	39	81	35	46	46	126	55	33	10	13	109	3	22	28	78	83	9	106	69
0	0	0	0	0	0	0	0	0	0	0	0	0	0	0	0	0	0	0	0	0	0	0	0	0	0	0	0	0	0	0	0	0	0	0	0	0	0	0	0	0	0	0	0	0	0	0	0	0	0	0	0	0	0	0	0	0	0	0	0	0	0	0	0	0	0	0	0	0	0	0	0	0	0	0	0	0	0	0	0	0	0	0	0	0	0	0	0	0	0	22	44	80	38	79	45	103	71	25	31	77	29	39	67	63	74	75	53	73	40	5	13	94	92	103	128	24	46	61	51	97	120	15	41	87	87	21	88
0	0	0	0	0	0	0	0	0	0	0	0	0	0	0	0	0	0	0	0	0	0	0	0	0	0	0	0	0	0	0	0	0	0	0	0	0	0	0	0	0	0	0	0	0	0	0	0	0	0	0	0	0	0	0	0	0	0	0	0	0	0	0	0	0	0	0	0	0	0	0	0	0	0	0	0	0	0	0	0	0	0	0	0	0	0	0	0	0	0	0	113	121	65	7	88	10	23	60	64	16	6	82	82	4	76	15	41	33	98	66	43	18	72	18	111	82	86	126	74	8	95	124	112	37	35	32	77
0	0	0	0	0	0	0	0	0	0	0	0	0	0	0	0	0	0	0	0	0	0	0	0	0	0	0	0	0	0	0	0	0	0	0	0	0	0	0	0	0	0	0	0	0	0	0	0	0	0	0	0	0	0	0	0	0	0	0	0	0	0	0	0	0	0	0	0	0	0	0	0	0	0	0	0	0	0	0	0	0	0	0	0	0	0	0	0	0	0	0	0	75	22	22	107	115	124	108	9	94	2	53	50	101	34	7	35	75	15	11	9	71	105	116	88	94	37	49	25	93	17	46	2	16	91	115	49
0	0	0	0	0	0	0	0	0	0	0	0	0	0	0	0	0	0	0	0	0	0	0	0	0	0	0	0	0	0	0	0	0	0	0	0	0	0	0	0	0	0	0	0	0	0	0	0	0	0	0	0	0	0	0	0	0	0	0	0	0	0	0	0	0	0	0	0	0	0	0	0	0	0	0	0	0	0	0	0	0	0	0	0	0	0	0	0	0	0	0	0	0	76	75	53	37	25	1	63	79	23	111	38	40	20	16	37	46	65	109	119	69	46	59	25	113	12	52	28	17	119	74	42	36	86	81	66
0	0	0	0	0	0	0	0	0	0	0	0	0	0	0	0	0	0	0	0	0	0	0	0	0	0	0	0	0	0	0	0	0	0	0	0	0	0	0	0	0	0	0	0	0	0	0	0	0	0	0	0	0	0	0	0	0	0	0	0	0	0	0	0	0	0	0	0	0	0	0	0	0	0	0	0	0	0	0	0	0	0	0	0	0	0	0	0	0	0	0	0	0	0	92	63	78	127	24	6	58	30	83	53	82	77	5	44	74	14	93	26	32	120	3	36	34	115	121	58	79	16	116	12	20	104	37	96
0	0	0	0	0	0	0	0	0	0	0	0	0	0	0	0	0	0	0	0	0	0	0	0	0	0	0	0	0	0	0	0	0	0	0	0	0	0	0	0	0	0	0	0	0	0	0	0	0	0	0	0	0	0	0	0	0	0	0	0	0	0	0	0	0	0	0	0	0	0	0	0	0	0	0	0	0	0	0	0	0	0	0	0	0	0	0	0	0	0	0	0	0	0	0	48	41	52	30	37	59	95	83	1	73	45	52	61	16	30	121	2	68	17	37	113	73	93	86	127	64	61	100	48	60	53	86	40
0	0	0	0	0	0	0	0	0	0	0	0	0	0	0	0	0	0	0	0	0	0	0	0	0	0	0	0	0	0	0	0	0	0	0	0	0	0	0	0	0	0	0	0	0	0	0	0	0	0	0	0	0	0	0	0	0	0	0	0	0	0	0	0	0	0	0	0	0	0	0	0	0	0	0	0	0	0	0	0	0	0	0	0	0	0	0	0	0	0	0	0	0	0	0	0	64	2	120	48	7	28	102	75	9	104	6	42	51	28	7	56	114	43	109	75	41	28	54	70	34	75	81	74	71	107	123	29
0	0	0	0	0	0	0	0	0	0	0	0	0	0	0	0	0	0	0	0	0	0	0	0	0	0	0	0	0	0	0	0	0	0	0	0	0	0	0	0	0	0	0	0	0	0	0	0	0	0	0	0	0	0	0	0	0	0	0	0	0	0	0	0	0	0	0	0	0	0	0	0	0	0	0	0	0	0	0	0	0	0	0	0	0	0	0	0	0	0	0	0	0	0	0	0	0	54	22	128	124	5	116	83	87	105	35	60	39	118	73	100	18	125	97	123	92	5	49	2	40	20	57	44	59	80	127	48
0	0	0	0	0	0	0	0	0	0	0	0	0	0	0	0	0	0	0	0	0	0	0	0	0	0	0	0	0	0	0	0	0	0	0	0	0	0	0	0	0	0	0	0	0	0	0	0	0	0	0	0	0	0	0	0	0	0	0	0	0	0	0	0	0	0	0	0	0	0	0	0	0	0	0	0	0	0	0	0	0	0	0	0	0	0	0	0	0	0	0	0	0	0	0	0	0	0	85	50	122	31	71	66	90	53	37	21	89	111	86	49	87	68	114	10	73	101	28	26	11	50	46	29	11	126	103	3
0	0	0	0	0	0	0	0	0	0	0	0	0	0	0	0	0	0	0	0	0	0	0	0	0	0	0	0	0	0	0	0	0	0	0	0	0	0	0	0	0	0	0	0	0	0	0	0	0	0	0	0	0	0	0	0	0	0	0	0	0	0	0	0	0	0	0	0	0	0	0	0	0	0	0	0	0	0	0	0	0	0	0	0	0	0	0	0	0	0	0	0	0	0	0	0	0	0	0	53	107	45	52	30	16	47	65	68	81	127	13	42	97	20	92	82	66	103	16	75	83	1	51	99	28	17	63	115
0	0	0	0	0	0	0	0	0	0	0	0	0	0	0	0	0	0	0	0	0	0	0	0	0	0	0	0	0	0	0	0	0	0	0	0	0	0	0	0	0	0	0	0	0	0	0	0	0	0	0	0	0	0	0	0	0	0	0	0	0	0	0	0	0	0	0	0	0	0	0	0	0	0	0	0	0	0	0	0	0	0	0	0	0	0	0	0	0	0	0	0	0	0	0	0	0	0	0	0	49	31	23	9	38	70	84	44	63	91	55	87	21	28	54	50	49	28	63	57	42	24	18	30	40	78	49	110
0	0	0	0	0	0	0	0	0	0	0	0	0	0	0	0	0	0	0	0	0	0	0	0	0	0	0	0	0	0	0	0	0	0	0	0	0	0	0	0	0	0	0	0	0	0	0	0	0	0	0	0	0	0	0	0	0	0	0	0	0	0	0	0	0	0	0	0	0	0	0	0	0	0	0	0	0	0	0	0	0	0	0	0	0	0	0	0	0	0	0	0	0	0	0	0	0	0	0	0	0	118	98	92	125	12	62	32	105	82	78	15	94	38	57	3	62	19	65	26	90	8	111	98	58	46	3	77
0	0	0	0	0	0	0	0	0	0	0	0	0	0	0	0	0	0	0	0	0	0	0	0	0	0	0	0	0	0	0	0	0	0	0	0	0	0	0	0	0	0	0	0	0	0	0	0	0	0	0	0	0	0	0	0	0	0	0	0	0	0	0	0	0	0	0	0	0	0	0	0	0	0	0	0	0	0	0	0	0	0	0	0	0	0	0	0	0	0	0	0	0	0	0	0	0	0	0	0	0	0	89	92	29	16	71	14	90	44	125	38	96	13	35	118	65	123	8	2	73	104	8	88	40	95	9	65
0	0	0	0	0	0	0	0	0	0	0	0	0	0	0	0	0	0	0	0	0	0	0	0	0	0	0	0	0	0	0	0	0	0	0	0	0	0	0	0	0	0	0	0	0	0	0	0	0	0	0	0	0	0	0	0	0	0	0	0	0	0	0	0	0	0	0	0	0	0	0	0	0	0	0	0	0	0	0	0	0	0	0	0	0	0	0	0	0	0	0	0	0	0	0	0	0	0	0	0	0	0	0	52	44	100	109	8	106	64	7	7	89	24	124	47	55	117	52	72	98	21	63	107	66	68	112	106
0	0	0	0	0	0	0	0	0	0	0	0	0	0	0	0	0	0	0	0	0	0	0	0	0	0	0	0	0	0	0	0	0	0	0	0	0	0	0	0	0	0	0	0	0	0	0	0	0	0	0	0	0	0	0	0	0	0	0	0	0	0	0	0	0	0	0	0	0	0	0	0	0	0	0	0	0	0	0	0	0	0	0	0	0	0	0	0	0	0	0	0	0	0	0	0	0	0	0	0	0	0	0	0	113	23	128	78	113	35	92	7	76	8	85	88	100	7	12	97	79	105	71	106	26	4	60	100
0	0	0	0	0	0	0	0	0	0	0	0	0	0	0	0	0	0	0	0	0	0	0	0	0	0	0	0	0	0	0	0	0	0	0	0	0	0	0	0	0	0	0	0	0	0	0	0	0	0	0	0	0	0	0	0	0	0	0	0	0	0	0	0	0	0	0	0	0	0	0	0	0	0	0	0	0	0	0	0	0	0	0	0	0	0	0	0	0	0	0	0	0	0	0	0	0	0	0	0	0	0	0	0	0	49	16	19	52	6	116	33	104	73	35	91	61	30	20	8	116	18	119	34	111	115	23	77
0	0	0	0	0	0	0	0	0	0	0	0	0	0	0	0	0	0	0	0	0	0	0	0	0	0	0	0	0	0	0	0	0	0	0	0	0	0	0	0	0	0	0	0	0	0	0	0	0	0	0	0	0	0	0	0	0	0	0	0	0	0	0	0	0	0	0	0	0	0	0	0	0	0	0	0	0	0	0	0	0	0	0	0	0	0	0	0	0	0	0	0	0	0	0	0	0	0	0	0	0	0	0	0	0	0	96	1	119	17	93	21	10	97	60	108	40	94	31	13	28	37	87	12	96	99	72	13
0	0	0	0	0	0	0	0	0	0	0	0	0	0	0	0	0	0	0	0	0	0	0	0	0	0	0	0	0	0	0	0	0	0	0	0	0	0	0	0	0	0	0	0	0	0	0	0	0	0	0	0	0	0	0	0	0	0	0	0	0	0	0	0	0	0	0	0	0	0	0	0	0	0	0	0	0	0	0	0	0	0	0	0	0	0	0	0	0	0	0	0	0	0	0	0	0	0	0	0	0	0	0	0	0	0	0	21	49	10	60	83	74	53	106	68	46	45	94	75	94	24	6	105	12	121	7	73
0	0	0	0	0	0	0	0	0	0	0	0	0	0	0	0	0	0	0	0	0	0	0	0	0	0	0	0	0	0	0	0	0	0	0	0	0	0	0	0	0	0	0	0	0	0	0	0	0	0	0	0	0	0	0	0	0	0	0	0	0	0	0	0	0	0	0	0	0	0	0	0	0	0	0	0	0	0	0	0	0	0	0	0	0	0	0	0	0	0	0	0	0	0	0	0	0	0	0	0	0	0	0	0	0	0	0	0	33	58	42	6	61	43	42	72	12	51	87	20	2	11	118	67	26	44	11	24
0	0	0	0	0	0	0	0	0	0	0	0	0	0	0	0	0	0	0	0	0	0	0	0	0	0	0	0	0	0	0	0	0	0	0	0	0	0	0	0	0	0	0	0	0	0	0	0	0	0	0	0	0	0	0	0	0	0	0	0	0	0	0	0	0	0	0	0	0	0	0	0	0	0	0	0	0	0	0	0	0	0	0	0	0	0	0	0	0	0	0	0	0	0	0	0	0	0	0	0	0	0	0	0	0	0	0	0	0	99	41	109	102	101	31	5	90	9	33	122	104	79	35	109	64	118	109	121
0	0	0	0	0	0	0	0	0	0	0	0	0	0	0	0	0	0	0	0	0	0	0	0	0	0	0	0	0	0	0	0	0	0	0	0	0	0	0	0	0	0	0	0	0	0	0	0	0	0	0	0	0	0	0	0	0	0	0	0	0	0	0	0	0	0	0	0	0	0	0	0	0	0	0	0	0	0	0	0	0	0	0	0	0	0	0	0	0	0	0	0	0	0	0	0	0	0	0	0	0	0	0	0	0	0	0	0	0	0	72	23	62	96	44	40	125	3	85	26	118	104	69	99	52	98	83	43
0	0	0	0	0	0	0	0	0	0	0	0	0	0	0	0	0	0	0	0	0	0	0	0	0	0	0	0	0	0	0	0	0	0	0	0	0	0	0	0	0	0	0	0	0	0	0	0	0	0	0	0	0	0	0	0	0	0	0	0	0	0	0	0	0	0	0	0	0	0	0	0	0	0	0	0	0	0	0	0	0	0	0	0	0	0	0	0	0	0	0	0	0	0	0	0	0	0	0	0	0	0	0	0	0	0	0	0	0	0	0	2	1	73	66	87	10	109	102	16	118	79	32	32	40	74	4	41
0	0	0	0	0	0	0	0	0	0	0	0	0	0	0	0	0	0	0	0	0	0	0	0	0	0	0	0	0	0	0	0	0	0	0	0	0	0	0	0	0	0	0	0	0	0	0	0	0	0	0	0	0	0	0	0	0	0	0	0	0	0	0	0	0	0	0	0	0	0	0	0	0	0	0	0	0	0	0	0	0	0	0	0	0	0	0	0	0	0	0	0	0	0	0	0	0	0	0	0	0	0	0	0	0	0	0	0	0	0	0	0	40	39	18	41	81	84	76	55	125	85	44	32	70	2	15	127
0	0	0	0	0	0	0	0	0	0	0	0	0	0	0	0	0	0	0	0	0	0	0	0	0	0	0	0	0	0	0	0	0	0	0	0	0	0	0	0	0	0	0	0	0	0	0	0	0	0	0	0	0	0	0	0	0	0	0	0	0	0	0	0	0	0	0	0	0	0	0	0	0	0	0	0	0	0	0	0	0	0	0	0	0	0	0	0	0	0	0	0	0	0	0	0	0	0	0	0	0	0	0	0	0	0	0	0	0	0	0	0	0	27	12	97	81	16	106	8	3	11	17	29	51	105	74	86
0	0	0	0	0	0	0	0	0	0	0	0	0	0	0	0	0	0	0	0	0	0	0	0	0	0	0	0	0	0	0	0	0	0	0	0	0	0	0	0	0	0	0	0	0	0	0	0	0	0	0	0	0	0	0	0	0	0	0	0	0	0	0	0	0	0	0	0	0	0	0	0	0	0	0	0	0	0	0	0	0	0	0	0	0	0	0	0	0	0	0	0	0	0	0	0	0	0	0	0	0	0	0	0	0	0	0	0	0	0	0	0	0	0	69	50	10	101	66	44	104	93	116	77	102	101	27	80
0	0	0	0	0	0	0	0	0	0	0	0	0	0	0	0	0	0	0	0	0	0	0	0	0	0	0	0	0	0	0	0	0	0	0	0	0	0	0	0	0	0	0	0	0	0	0	0	0	0	0	0	0	0	0	0	0	0	0	0	0	0	0	0	0	0	0	0	0	0	0	0	0	0	0	0	0	0	0	0	0	0	0	0	0	0	0	0	0	0	0	0	0	0	0	0	0	0	0	0	0	0	0	0	0	0	0	0	0	0	0	0	0	0	0	119	46	104	25	27	83	124	10	83	56	103	123	68
0	0	0	0	0	0	0	0	0	0	0	0	0	0	0	0	0	0	0	0	0	0	0	0	0	0	0	0	0	0	0	0	0	0	0	0	0	0	0	0	0	0	0	0	0	0	0	0	0	0	0	0	0	0	0	0	0	0	0	0	0	0	0	0	0	0	0	0	0	0	0	0	0	0	0	0	0	0	0	0	0	0	0	0	0	0	0	0	0	0	0	0	0	0	0	0	0	0	0	0	0	0	0	0	0	0	0	0	0	0	0	0	0	0	0	0	74	27	64	36	34	18	19	49	96	42	8	55
0	0	0	0	0	0	0	0	0	0	0	0	0	0	0	0	0	0	0	0	0	0	0	0	0	0	0	0	0	0	0	0	0	0	0	0	0	0	0	0	0	0	0	0	0	0	0	0	0	0	0	0	0	0	0	0	0	0	0	0	0	0	0	0	0	0	0	0	0	0	0	0	0	0	0	0	0	0	0	0	0	0	0	0	0	0	0	0	0	0	0	0	0	0	0	0	0	0	0	0	0	0	0	0	0	0	0	0	0	0	0	0	0	0	0	0	0	117	87	38	9	39	118	90	72	125	91	68
0	0	0	0	0	0	0	0	0	0	0	0	0	0	0	0	0	0	0	0	0	0	0	0	0	0	0	0	0	0	0	0	0	0	0	0	0	0	0	0	0	0	0	0	0	0	0	0	0	0	0	0	0	0	0	0	0	0	0	0	0	0	0	0	0	0	0	0	0	0	0	0	0	0	0	0	0	0	0	0	0	0	0	0	0	0	0	0	0	0	0	0	0	0	0	0	0	0	0	0	0	0	0	0	0	0	0	0	0	0	0	0	0	0	0	0	0	0	6	45	57	108	78	42	39	34	61	27
0	0	0	0	0	0	0	0	0	0	0	0	0	0	0	0	0	0	0	0	0	0	0	0	0	0	0	0	0	0	0	0	0	0	0	0	0	0	0	0	0	0	0	0	0	0	0	0	0	0	0	0	0	0	0	0	0	0	0	0	0	0	0	0	0	0	0	0	0	0	0	0	0	0	0	0	0	0	0	0	0	0	0	0	0	0	0	0	0	0	0	0	0	0	0	0	0	0	0	0	0	0	0	0	0	0	0	0	0	0	0	0	0	0	0	0	0	0	0	116	95	66	112	111	61	104	40	121
0	0	0	0	0	0	0	0	0	0	0	0	0	0	0	0	0	0	0	0	0	0	0	0	0	0	0	0	0	0	0	0	0	0	0	0	0	0	0	0	0	0	0	0	0	0	0	0	0	0	0	0	0	0	0	0	0	0	0	0	0	0	0	0	0	0	0	0	0	0	0	0	0	0	0	0	0	0	0	0	0	0	0	0	0	0	0	0	0	0	0	0	0	0	0	0	0	0	0	0	0	0	0	0	0	0	0	0	0	0	0	0	0	0	0	0	0	0	0	0	15	117	94	9	27	55	23	108
0	0	0	0	0	0	0	0	0	0	0	0	0	0	0	0	0	0	0	0	0	0	0	0	0	0	0	0	0	0	0	0	0	0	0	0	0	0	0	0	0	0	0	0	0	0	0	0	0	0	0	0	0	0	0	0	0	0	0	0	0	0	0	0	0	0	0	0	0	0	0	0	0	0	0	0	0	0	0	0	0	0	0	0	0	0	0	0	0	0	0	0	0	0	0	0	0	0	0	0	0	0	0	0	0	0	0	0	0	0	0	0	0	0	0	0	0	0	0	0	0	28	53	111	127	107	95	19
0	0	0	0	0	0	0	0	0	0	0	0	0	0	0	0	0	0	0	0	0	0	0	0	0	0	0	0	0	0	0	0	0	0	0	0	0	0	0	0	0	0	0	0	0	0	0	0	0	0	0	0	0	0	0	0	0	0	0	0	0	0	0	0	0	0	0	0	0	0	0	0	0	0	0	0	0	0	0	0	0	0	0	0	0	0	0	0	0	0	0	0	0	0	0	0	0	0	0	0	0	0	0	0	0	0	0	0	0	0	0	0	0	0	0	0	0	0	0	0	0	0	81	38	74	114	7	63
0	0	0	0	0	0	0	0	0	0	0	0	0	0	0	0	0	0	0	0	0	0	0	0	0	0	0	0	0	0	0	0	0	0	0	0	0	0	0	0	0	0	0	0	0	0	0	0	0	0	0	0	0	0	0	0	0	0	0	0	0	0	0	0	0	0	0	0	0	0	0	0	0	0	0	0	0	0	0	0	0	0	0	0	0	0	0	0	0	0	0	0	0	0	0	0	0	0	0	0	0	0	0	0	0	0	0	0	0	0	0	0	0	0	0	0	0	0	0	0	0	0	0	16	12	4	33	1
0	0	0	0	0	0	0	0	0	0	0	0	0	0	0	0	0	0	0	0	0	0	0	0	0	0	0	0	0	0	0	0	0	0	0	0	0	0	0	0	0	0	0	0	0	0	0	0	0	0	0	0	0	0	0	0	0	0	0	0	0	0	0	0	0	0	0	0	0	0	0	0	0	0	0	0	0	0	0	0	0	0	0	0	0	0	0	0	0	0	0	0	0	0	0	0	0	0	0	0	0	0	0	0	0	0	0	0	0	0	0	0	0	0	0	0	0	0	0	0	0	0	0	0	117	5	76	41
0	0	0	0	0	0	0	0	0	0	0	0	0	0	0	0	0	0	0	0	0	0	0	0	0	0	0	0	0	0	0	0	0	0	0	0	0	0	0	0	0	0	0	0	0	0	0	0	0	0	0	0	0	0	0	0	0	0	0	0	0	0	0	0	0	0	0	0	0	0	0	0	0	0	0	0	0	0	0	0	0	0	0	0	0	0	0	0	0	0	0	0	0	0	0	0	0	0	0	0	0	0	0	0	0	0	0	0	0	0	0	0	0	0	0	0	0	0	0	0	0	0	0	0	0	109	66	14
0	0	0	0	0	0	0	0	0	0	0	0	0	0	0	0	0	0	0	0	0	0	0	0	0	0	0	0	0	0	0	0	0	0	0	0	0	0	0	0	0	0	0	0	0	0	0	0	0	0	0	0	0	0	0	0	0	0	0	0	0	0	0	0	0	0	0	0	0	0	0	0	0	0	0	0	0	0	0	0	0	0	0	0	0	0	0	0	0	0	0	0	0	0	0	0	0	0	0	0	0	0	0	0	0	0	0	0	0	0	0	0	0	0	0	0	0	0	0	0	0	0	0	0	0	0	117	15
0	0	0	0	0	0	0	0	0	0	0	0	0	0	0	0	0	0	0	0	0	0	0	0	0	0	0	0	0	0	0	0	0	0	0	0	0	0	0	0	0	0	0	0	0	0	0	0	0	0	0	0	0	0	0	0	0	0	0	0	0	0	0	0	0	0	0	0	0	0	0	0	0	0	0	0	0	0	0	0	0	0	0	0	0	0	0	0	0	0	0	0	0	0	0	0	0	0	0	0	0	0	0	0	0	0	0	0	0	0	0	0	0	0	0	0	0	0	0	0	0	0	0	0	0	0	0	104
0	0	0	0	0	0	0	0	0	0	0	0	0	0	0	0	0	0	0	0	0	0	0	0	0	0	0	0	0	0	0	0	0	0	0	0	0	0	0	0	0	0	0	0	0	0	0	0	0	0	0	0	0	0	0	0	0	0	0	0	0	0	0	0	0	0	0	0	0	0	0	0	0	0	0	0	0	0	0	0	0	0	0	0	0	0	0	0	0	0	0	0	0	0	0	0	0	0	0	0	0	0	0	0	0	0	0	0	0	0	0	0	0	0	0	0	0	0	0	0	0	0	0	0	0	0	0	0