0	84	104	112	89	51	126	49	36	95	103	111	111	14	11	44	72	122	89	109	103	46	52	127	22	70	74	27	45	36	91	2	75	56	31	77	14	106	31	62	103	113	63	44	93	123	44	84	41	109	27	126	4	95	66	1	127	104	3	35	69	110	102	105	89	15	94	122	64	112	107	62	107	77	4	43	33	73	6	22	47	107	12	75	45	66	118	49	83	77	93	80	51	8	76	95	91	101	114	94	98	119	79	96	84	117	108	62	128	6	53	47	43	13	6	33	117	84	72	38	26	1	52	104	86	47	6	13
0	0	100	4	39	66	70	6	50	9	102	48	113	26	118	118	42	122	93	29	12	62	86	93	54	52	112	26	31	84	94	40	8	19	27	81	71	13	94	120	36	87	7	32	21	99	1	126	3	120	94	118	102	11	115	52	44	57	122	128	30	53	57	98	22	122	88	23	121	5	91	105	34	87	12	64	79	95	53	19	21	9	40	9	23	14	116	59	57	86	23	31	54	22	115	60	68	2	77	108	53	26	98	23	41	2	60	6	118	34	27	56	45	54	25	52	61	69	69	127	93	127	48	62	3	122	54	125
0	0	0	23	18	115	89	112	79	21	14	36	106	63	90	23	100	100	98	50	44	73	90	67	8	120	108	70	20	71	71	87	107	20	123	50	28	92	83	40	74	87	58	76	28	117	47	28	44	16	112	127	92	108	41	117	21	116	112	39	23	104	68	103	11	64	91	39	36	29	98	19	21	48	42	121	108	63	57	51	79	118	106	74	63	95	46	60	115	55	112	100	65	54	90	42	51	121	86	28	16	115	41	24	117	113	28	115	27	107	34	25	68	1	20	97	76	111	35	98	23	39	55	49	107	119	30	46
0	0	0	0	39	100	2	110	70	80	86	70	76	69	103	50	63	110	118	123	35	29	127	126	12	4	124	67	56	99	99	6	123	43	42	112	127	39	45	8	99	30	51	91	105	75	68	116	42	110	32	114	66	85	62	4	17	67	106	123	128	27	94	125	106	97	116	34	66	91	63	1	60	60	107	33	117	73	12	48	14	82	91	35	14	128	31	5	108	19	81	73	97	40	106	107	5	123	17	37	86	49	99	68	26	95	103	11	38	111	127	68	8	37	117	38	20	43	67	48	59	9	119	9	105	49	32	80
0	0	0	0	0	31	15	68	46	9	1	79	123	86	32	9	10	127	26	85	108	76	69	111	76	40	7	64	63	80	65	66	37	34	49	69	38	122	126	108	56	46	86	63	112	38	95	47	29	93	44	93	29	23	69	39	27	115	16	128	102	104	81	19	70	97	108	78	80	84	14	12	81	18	45	117	38	25	68	122	72	100	19	125	112	117	44	38	65	111	16	85	41	87	34	76	91	27	66	20	18	79	123	90	128	6	60	111	4	85	60	25	43	17	45	118	70	83	13	14	114	61	88	125	78	114	125	45
0	0	0	0	0	0	118	115	48	112	118	47	38	110	15	16	37	50	16	123	126	117	33	42	23	59	20	96	82	65	1	91	80	49	97	55	109	89	15	123	65	15	40	20	109	96	22	23	19	33	104	22	11	10	65	49	125	85	111	45	39	122	105	25	110	80	76	4	72	99	91	77	78	24	4	100	81	32	106	11	16	108	53	115	79	94	46	124	57	120	117	121	45	22	91	93	37	79	70	70	72	47	69	4	113	10	62	36	43	56	36	21	78	103	37	118	49	41	62	121	26	106	33	98	30	88	60	42
0	0	0	0	0	0	0	66	53	107	42	3	103	31	111	19	100	46	31	55	61	62	72	103	64	102	74	30	13	19	23	10	104	59	41	91	49	84	68	54	31	76	37	116	7	52	13	106	64	88	79	38	15	81	100	60	21	14	66	87	117	62	119	69	121	8	45	18	97	17	40	114	7	1	3	86	22	58	68	63	29	65	7	19	61	115	55	81	65	26	12	68	72	118	55	74	124	77	98	33	71	73	120	111	11	23	46	122	83	79	38	92	95	59	22	20	43	124	90	74	126	48	99	95	109	63	29	116
0	0	0	0	0	0	0	0	9	124	11	80	60	32	63	82	85	13	42	5	82	94	83	71	23	98	13	24	39	81	42	53	61	57	84	87	2	79	30	10	92	25	97	111	35	111	95	83	64	71	81	41	98	88	75	37	78	21	95	81	88	89	24	127	124	121	11	116	96	45	86	80	112	36	63	124	30	126	74	79	11	87	73	67	106	83	113	124	38	20	62	82	77	103	105	52	11	38	42	43	54	44	83	98	53	77	33	61	30	123	119	6	111	124	101	68	68	92	101	96	62	44	77	61	18	115	124	123
0	0	0	0	0	0	0	0	0	15	61	103	52	36	23	49	62	17	55	89	51	109	98	100	2	103	10	81	56	99	59	54	18	83	100	100	23	4	84	27	25	10	49	106	65	3	64	59	27	13	33	63	97	1	80	53	110	97	59	85	127	111	60	108	122	8	63	10	91	124	83	3	96	14	127	53	66	67	118	50	16	23	40	43	53	107	76	44	81	91	3	46	68	101	41	35	97	114	42	1	37	112	119	123	18	32	17	47	98	62	37	32	118	118	16	126	26	13	23	20	112	30	38	110	23	43	46	107
0	0	0	0	0	0	0	0	0	0	16	81	79	70	94	99	13	38	62	47	115	64	66	25	22	37	94	19	120	27	57	61	2	28	127	101	121	82	60	32	42	93	119	107	49	56	79	58	110	112	65	17	81	41	102	118	84	72	67	85	2	13	21	127	15	18	61	48	3	109	3	23	31	102	9	76	76	75	90	55	41	50	47	104	94	68	41	92	66	5	45	107	115	99	47	54	96	100	20	55	78	45	12	45	72	127	92	65	85	126	20	77	57	10	6	75	66	97	71	114	116	88	103	112	71	39	124	12
0	0	0	0	0	0	0	0	0	0	0	40	123	35	51	86	105	120	95	100	30	117	76	33	12	51	99	120	77	77	78	53	64	100	102	109	127	62	81	52	128	47	91	20	128	97	127	122	48	116	73	68	109	8	31	114	82	21	127	8	21	89	49	74	116	69	123	49	86	25	17	16	39	75	124	48	114	112	46	25	30	10	63	52	43	86	62	119	107	102	23	63	24	35	83	4	18	78	119	27	125	6	28	72	87	44	43	71	66	116	103	109	47	97	59	20	106	72	3	76	100	72	33	37	44	58	39	124
0	0	0	0	0	0	0	0	0	0	0	0	84	80	67	23	37	22	58	112	15	74	20	37	84	115	125	29	104	10	32	60	77	65	42	43	40	46	94	9	61	119	52	81	60	60	95	8	62	103	52	32	70	42	60	93	91	34	87	32	103	117	84	46	34	18	120	26	78	11	59	36	41	49	106	33	114	90	28	106	40	64	30	46	55	121	80	107	98	90	122	93	125	79	9	83	84	25	54	89	104	113	33	60	112	13	57	72	114	84	118	33	39	37	114	78	121	27	90	72	33	105	95	127	100	127	27	25
0	0	0	0	0	0	0	0	0	0	0	0	0	61	60	122	9	124	75	114	127	4	7	63	107	28	39	112	18	12	110	122	125	39	59	59	118	83	17	80	95	79	91	23	74	20	48	122	18	1	37	15	71	106	10	11	43	90	20	39	121	69	124	105	110	19	77	96	111	58	112	90	29	34	2	111	50	48	110	19	82	9	66	82	118	110	84	9	113	119	64	45	15	17	101	27	107	22	109	19	105	71	18	4	84	55	127	62	92	24	27	110	126	109	47	19	75	88	83	109	86	26	56	49	92	21	113	10
0	0	0	0	0	0	0	0	0	0	0	0	0	0	24	109	105	31	27	1	6	69	108	12	67	72	42	66	113	89	27	80	26	117	7	73	30	115	66	33	52	92	90	20	97	87	73	125	62	92	51	16	108	95	36	20	101	63	112	4	91	99	7	119	71	97	58	66	126	123	16	51	75	35	38	95	66	22	83	19	21	64	53	106	108	79	64	2	12	96	88	105	117	78	48	20	18	26	100	105	118	16	118	27	94	10	113	97	20	84	3	63	81	32	124	21	95	88	77	24	38	7	9	99	67	54	65	82
0	0	0	0	0	0	0	0	0	0	0	0	0	0	0	9	13	113	6	114	7	77	74	85	65	83	16	69	49	93	58	29	48	10	69	26	43	18	94	47	7	2	12	71	71	64	61	16	93	113	110	19	77	100	83	93	126	112	30	90	114	64	48	23	42	81	70	12	6	34	100	124	44	4	45	85	25	7	77	65	21	71	15	13	44	10	86	110	52	19	47	55	115	18	71	4	55	33	120	34	87	8	112	44	57	14	73	2	100	65	84	87	66	17	36	120	71	84	90	97	97	18	106	81	41	37	88	75
0	0	0	0	0	0	0	0	0	0	0	0	0	0	0	0	81	57	38	123	116	49	68	57	30	10	66	56	88	118	79	18	2	21	10	125	18	128	96	107	29	89	10	97	34	71	56	73	25	117	90	102	109	81	97	112	69	60	2	56	93	29	76	16	36	8	81	26	20	100	17	9	65	70	50	42	117	113	107	16	57	103	108	43	100	42	34	32	7	5	111	41	36	40	120	7	53	95	26	31	78	36	68	109	88	116	1	61	53	123	108	113	122	13	90	41	89	91	122	1	27	48	45	60	85	112	97	31
0	0	0	0	0	0	0	0	0	0	0	0	0	0	0	0	0	49	33	78	34	68	65	60	74	97	22	19	77	34	5	43	127	98	79	120	77	9	110	100	100	18	82	82	72	63	14	20	94	44	85	99	77	128	127	51	80	83	61	121	76	13	43	81	13	106	18	97	15	56	31	34	35	87	64	73	106	44	119	119	102	68	118	61	96	121	85	84	42	52	91	52	83	77	16	58	27	43	9	63	61	38	69	88	121	74	119	116	45	88	127	9	34	39	22	36	15	18	124	29	127	49	114	47	113	105	28	94
0	0	0	0	0	0	0	0	0	0	0	0	0	0	0	0	0	0	10	3	74	9	32	109	113	47	70	55	1	79	67	20	57	6	16	85	120	127	70	58	60	66	126	40	53	73	35	108	37	7	76	13	41	45	6	127	99	27	74	123	128	76	112	41	92	62	15	18	32	82	55	119	44	99	118	74	25	30	12	108	12	53	78	4	89	110	9	66	9	85	11	118	125	68	63	36	17	108	91	22	64	1	38	36	25	111	24	66	105	12	128	13	127	120	45	88	8	55	26	110	93	110	27	35	47	41	68	30
0	0	0	0	0	0	0	0	0	0	0	0	0	0	0	0	0	0	0	55	74	122	70	30	122	30	71	95	74	36	66	124	60	117	88	10	47	24	54	55	96	72	78	82	81	30	109	41	114	29	118	80	32	63	9	99	91	122	79	28	60	108	70	43	4	43	102	112	82	43	68	35	86	60	28	64	90	79	80	36	86	45	42	78	70	96	42	118	79	12	89	18	61	124	22	80	97	125	38	81	52	50	17	63	124	39	56	60	71	42	51	112	33	86	88	80	104	35	113	53	14	108	79	82	91	78	124	50
0	0	0	0	0	0	0	0	0	0	0	0	0	0	0	0	0	0	0	0	97	5	105	51	70	22	98	86	100	75	30	117	114	4	15	44	27	15	9	103	124	45	39	40	73	63	92	74	24	10	7	97	47	56	60	30	115	1	3	76	65	58	50	82	33	64	79	36	77	7	5	39	23	28	9	19	26	55	44	79	111	8	81	22	17	42	126	128	58	82	5	1	5	24	128	26	27	108	20	37	88	108	83	27	114	126	87	32	49	68	40	6	23	102	86	69	122	98	42	110	59	69	120	96	48	38	123	47
0	0	0	0	0	0	0	0	0	0	0	0	0	0	0	0	0	0	0	0	0	93	78	123	109	62	32	53	122	16	118	79	2	13	34	8	38	70	74	1	95	18	57	37	47	23	5	62	75	65	5	112	7	111	86	123	56	52	116	9	84	84	43	34	85	73	61	10	44	4	59	59	49	1	30	115	25	1	116	88	12	118	51	20	40	24	26	18	72	128	47	3	80	74	23	119	60	46	105	17	69	114	117	10	121	6	89	55	111	85	95	88	12	109	114	62	34	56	108	78	60	33	118	62	61	39	93	54
0	0	0	0	0	0	0	0	0	0	0	0	0	0	0	0	0	0	0	0	0	0	58	35	4	85	88	88	73	33	69	21	30	64	67	98	81	28	103	109	87	43	82	124	62	122	125	125	19	47	90	49	88	111	70	85	101	25	3	121	94	93	46	69	66	79	5	26	32	115	76	82	76	42	125	111	113	30	2	76	54	84	61	115	16	82	86	77	81	46	122	75	4	46	66	81	82	8	105	113	119	75	28	15	52	57	98	82	65	81	86	52	23	87	71	124	35	19	85	82	110	39	77	82	71	127	37	75
0	0	0	0	0	0	0	0	0	0	0	0	0	0	0	0	0	0	0	0	0	0	0	71	110	19	110	45	73	43	27	50	34	118	113	103	118	126	124	37	78	14	79	42	7	84	98	96	126	16	109	13	14	19	22	17	107	57	75	31	65	126	118	95	66	78	110	111	117	54	4	16	24	83	53	11	23	36	29	86	29	22	50	11	33	29	71	26	71	5	85	29	101	55	120	33	30	71	14	45	8	81	123	53	121	33	38	79	126	88	127	4	36	16	13	99	82	123	116	30	68	15	117	111	101	12	36	84
0	0	0	0	0	0	0	0	0	0	0	0	0	0	0	0	0	0	0	0	0	0	0	0	63	45	74	28	24	72	107	71	30	16	25	69	86	15	75	64	64	34	69	105	92	35	47	83	84	103	77	43	104	70	49	77	69	26	20	95	107	19	56	7	16	64	105	116	92	29	126	52	115	79	8	48	38	121	24	69	8	75	79	48	66	72	53	103	112	29	60	25	124	80	65	34	50	124	124	89	100	10	113	61	34	94	38	87	29	25	14	30	46	5	59	119	83	106	43	69	97	103	4	36	44	31	80	114
0	0	0	0	0	0	0	0	0	0	0	0	0	0	0	0	0	0	0	0	0	0	0	0	0	25	4	34	27	115	104	58	118	100	103	60	8	8	29	95	35	43	93	29	42	105	62	38	22	15	24	106	58	108	17	29	60	92	123	118	4	76	124	43	102	31	115	24	45	20	110	40	128	107	67	22	117	111	126	100	60	81	46	100	44	112	82	124	54	120	36	64	5	75	99	87	79	61	19	3	85	45	84	95	33	18	22	47	6	41	45	64	15	102	103	57	106	43	83	113	54	41	74	51	52	107	99	97
0	0	0	0	0	0	0	0	0	0	0	0	0	0	0	0	0	0	0	0	0	0	0	0	0	0	35	46	95	54	78	96	106	47	128	128	8	33	41	30	56	126	122	57	44	122	12	20	7	122	39	19	113	10	45	118	123	115	108	8	16	35	96	99	55	109	88	3	118	128	87	48	53	109	85	100	102	89	89	45	3	17	39	11	17	85	57	75	51	79	119	90	1	83	109	104	64	41	82	79	122	40	64	122	15	70	60	17	96	11	66	15	27	81	51	27	45	5	59	101	94	110	102	2	106	94	47	47
0	0	0	0	0	0	0	0	0	0	0	0	0	0	0	0	0	0	0	0	0	0	0	0	0	0	0	16	62	127	23	25	42	35	65	59	89	7	113	74	71	47	99	40	117	18	67	127	65	68	22	52	88	48	89	34	116	103	2	37	19	50	106	80	62	75	126	43	101	117	38	30	114	102	72	76	124	20	22	62	20	64	84	9	84	127	88	123	48	100	31	35	120	51	80	87	112	1	8	106	46	52	128	113	113	106	112	112	40	76	26	85	7	12	59	103	68	61	67	78	89	59	15	58	8	85	105	72
0	0	0	0	0	0	0	0	0	0	0	0	0	0	0	0	0	0	0	0	0	0	0	0	0	0	0	0	53	103	103	102	99	112	42	72	28	111	109	87	37	105	37	20	94	79	41	2	2	48	4	38	78	5	12	39	4	105	37	4	98	116	5	68	13	64	93	4	101	44	21	98	74	4	119	61	7	87	70	121	39	107	102	88	57	106	4	96	41	43	23	5	38	27	106	19	128	95	123	70	59	9	38	32	90	76	102	116	81	39	10	4	95	84	95	94	62	113	20	80	122	53	61	112	97	119	109	98
0	0	0	0	0	0	0	0	0	0	0	0	0	0	0	0	0	0	0	0	0	0	0	0	0	0	0	0	0	113	116	108	12	110	57	18	49	35	17	101	105	75	71	117	107	77	58	29	106	101	124	84	86	48	57	6	122	73	67	95	21	74	50	7	80	90	94	88	13	37	21	108	95	40	56	38	2	23	20	13	100	99	53	88	37	5	37	42	3	102	8	6	9	100	121	85	97	100	99	7	98	123	75	55	40	91	76	24	83	64	32	106	36	11	70	11	43	124	113	19	53	70	74	71	70	88	53	20
0	0	0	0	0	0	0	0	0	0	0	0	0	0	0	0	0	0	0	0	0	0	0	0	0	0	0	0	0	0	83	106	27	12	26	19	58	55	103	107	86	30	23	120	96	117	58	54	18	74	51	107	10	69	117	104	112	83	34	21	12	51	107	114	69	83	38	54	67	29	102	10	35	12	77	127	112	125	119	100	106	86	65	102	117	107	96	117	10	73	88	83	114	73	66	78	53	36	71	54	114	39	84	71	42	116	21	26	19	106	94	116	53	98	5	18	31	43	38	101	90	48	121	82	107	21	125	61
0	0	0	0	0	0	0	0	0	0	0	0	0	0	0	0	0	0	0	0	0	0	0	0	0	0	0	0	0	0	0	30	25	94	117	128	78	81	97	12	18	44	19	67	119	4	4	22	107	91	72	110	91	48	44	96	34	8	33	59	5	127	48	124	53	38	44	66	42	11	120	10	44	50	81	97	44	90	109	47	72	35	12	120	87	78	89	39	38	69	70	10	1	62	91	107	7	22	49	29	39	33	21	45	55	49	107	28	72	57	94	121	116	49	110	10	89	127	101	127	67	22	77	5	74	79	16	5
0	0	0	0	0	0	0	0	0	0	0	0	0	0	0	0	0	0	0	0	0	0	0	0	0	0	0	0	0	0	0	0	66	79	37	36	85	119	20	118	125	29	128	16	4	15	22	58	87	10	55	26	50	125	88	117	73	42	43	101	97	66	127	54	10	4	26	54	110	114	95	22	94	107	55	107	80	97	7	57	45	4	72	122	87	125	20	106	117	4	42	88	54	13	29	41	31	91	25	15	42	101	1	107	61	61	122	46	14	111	20	127	60	18	42	116	29	91	102	105	38	10	111	39	24	51	43	124
0	0	0	0	0	0	0	0	0	0	0	0	0	0	0	0	0	0	0	0	0	0	0	0	0	0	0	0	0	0	0	0	0	73	23	122	43	112	70	2	114	75	65	19	76	15	84	74	110	36	58	6	68	95	62	60	36	16	79	91	49	12	91	85	99	1	108	108	34	79	42	106	125	94	52	46	67	71	67	55	17	59	47	9	64	78	113	43	65	33	55	124	121	40	86	80	28	97	63	80	1	69	40	6	36	30	46	51	120	77	122	14	19	46	128	76	27	49	110	26	103	114	35	70	70	110	85	34
0	0	0	0	0	0	0	0	0	0	0	0	0	0	0	0	0	0	0	0	0	0	0	0	0	0	0	0	0	0	0	0	0	0	109	42	1	48	69	6	42	114	113	77	59	116	10	79	53	76	2	86	116	70	84	13	69	10	118	20	100	97	92	92	47	57	102	27	50	32	110	126	115	51	52	46	98	59	6	39	88	31	2	62	79	82	3	113	57	50	90	30	52	47	5	61	57	44	56	20	40	36	110	61	116	50	39	110	73	113	103	33	102	6	78	2	80	123	60	121	43	88	111	124	49	39	37	35
0	0	0	0	0	0	0	0	0	0	0	0	0	0	0	0	0	0	0	0	0	0	0	0	0	0	0	0	0	0	0	0	0	0	0	2	108	13	46	46	77	61	35	95	20	88	36	95	87	110	105	7	52	117	68	19	11	56	119	126	94	55	64	123	79	81	92	3	80	27	57	90	94	110	107	21	94	82	40	90	73	102	114	102	96	42	23	31	30	64	120	31	102	72	66	74	79	93	99	1	67	91	95	24	49	66	56	102	49	80	109	118	112	44	39	59	79	20	7	39	17	119	6	51	55	93	66	51
0	0	0	0	0	0	0	0	0	0	0	0	0	0	0	0	0	0	0	0	0	0	0	0	0	0	0	0	0	0	0	0	0	0	0	0	62	88	119	24	12	20	77	96	6	30	126	67	9	7	7	91	44	21	1	13	102	106	16	2	77	5	107	52	69	28	43	124	41	105	60	65	20	98	124	56	89	73	93	100	125	98	93	112	29	85	54	15	65	60	44	73	14	57	72	94	55	72	109	30	25	69	121	119	24	43	24	92	96	21	118	69	118	50	67	81	68	21	60	77	33	19	95	92	52	2	82	65
0	0	0	0	0	0	0	0	0	0	0	0	0	0	0	0	0	0	0	0	0	0	0	0	0	0	0	0	0	0	0	0	0	0	0	0	0	28	62	66	78	105	86	4	23	96	58	16	79	106	39	86	72	69	126	51	94	78	73	1	39	12	101	22	21	74	62	115	73	41	52	22	62	63	102	10	126	19	99	95	85	103	113	39	112	125	5	25	96	35	125	11	104	35	46	24	126	20	32	22	127	99	65	55	118	81	125	56	103	17	24	66	73	95	55	31	96	47	108	115	41	109	25	7	26	90	125	118
0	0	0	0	0	0	0	0	0	0	0	0	0	0	0	0	0	0	0	0	0	0	0	0	0	0	0	0	0	0	0	0	0	0	0	0	0	0	50	53	10	121	71	70	65	39	13	127	96	42	38	44	72	67	117	98	60	72	54	59	20	113	19	108	9	61	6	68	28	33	99	91	34	9	57	107	73	4	83	32	33	95	34	7	34	107	114	110	122	103	86	1	41	85	106	50	121	98	71	1	78	75	58	69	101	3	35	36	24	111	33	100	124	77	63	98	37	78	98	108	12	91	71	49	20	43	114	5
0	0	0	0	0	0	0	0	0	0	0	0	0	0	0	0	0	0	0	0	0	0	0	0	0	0	0	0	0	0	0	0	0	0	0	0	0	0	0	128	11	1	31	60	105	1	7	65	68	81	127	49	80	35	48	32	107	52	2	35	28	28	57	128	38	65	8	69	93	42	75	44	57	127	62	48	14	3	77	84	108	113	7	48	114	51	8	113	51	94	65	29	71	75	49	24	112	19	81	10	98	17	22	90	71	18	34	39	82	53	112	84	71	50	126	41	102	125	106	25	72	114	53	35	125	6	30	67
0	0	0	0	0	0	0	0	0	0	0	0	0	0	0	0	0	0	0	0	0	0	0	0	0	0	0	0	0	0	0	0	0	0	0	0	0	0	0	0	98	26	69	79	117	22	128	88	119	120	77	76	121	107	34	68	11	68	100	91	59	20	31	16	46	32	56	8	117	109	24	77	39	7	24	23	50	22	106	44	37	68	45	108	97	126	28	46	29	87	20	96	70	51	99	61	28	51	52	108	110	56	57	104	25	58	73	45	38	118	103	100	28	78	80	29	124	97	42	117	47	5	70	38	55	128	108	47
0	0	0	0	0	0	0	0	0	0	0	0	0	0	0	0	0	0	0	0	0	0	0	0	0	0	0	0	0	0	0	0	0	0	0	0	0	0	0	0	0	95	1	35	83	78	2	127	85	76	118	91	72	112	15	49	112	40	35	87	91	91	117	86	88	64	23	111	8	99	126	120	51	37	125	23	17	62	94	11	33	93	64	6	26	58	33	105	121	17	33	82	43	31	72	45	61	125	79	103	3	17	62	125	17	30	94	77	89	111	69	110	70	2	111	56	107	62	110	77	86	57	90	92	69	61	93	77
0	0	0	0	0	0	0	0	0	0	0	0	0	0	0	0	0	0	0	0	0	0	0	0	0	0	0	0	0	0	0	0	0	0	0	0	0	0	0	0	0	0	80	63	31	124	13	95	68	49	23	20	18	17	124	107	83	100	103	22	66	28	60	46	5	11	48	116	117	113	88	96	48	76	105	49	45	88	118	122	119	19	21	37	46	128	78	111	121	25	92	3	81	56	47	32	94	30	90	66	24	98	109	45	16	110	10	81	62	69	21	61	77	81	47	19	100	95	87	98	52	112	109	83	44	88	5	38
0	0	0	0	0	0	0	0	0	0	0	0	0	0	0	0	0	0	0	0	0	0	0	0	0	0	0	0	0	0	0	0	0	0	0	0	0	0	0	0	0	0	0	2	120	121	12	28	106	30	15	49	120	39	86	121	28	18	38	29	87	71	34	81	12	35	101	37	2	47	77	116	30	21	65	59	57	67	117	59	89	93	57	53	30	67	46	25	105	75	60	124	99	89	89	34	50	3	63	24	48	125	5	26	8	54	33	97	80	21	79	53	82	91	102	89	44	80	89	118	83	7	103	25	51	27	128	29
0	0	0	0	0	0	0	0	0	0	0	0	0	0	0	0	0	0	0	0	0	0	0	0	0	0	0	0	0	0	0	0	0	0	0	0	0	0	0	0	0	0	0	0	97	11	61	74	93	3	123	38	10	121	9	58	80	112	63	88	7	99	71	91	58	103	18	14	108	67	87	78	24	69	73	62	57	92	37	53	40	128	123	120	56	58	23	64	128	51	35	43	37	12	94	9	79	82	10	32	114	25	61	51	41	72	7	114	78	60	35	66	78	34	18	7	8	30	15	109	5	125	28	69	15	17	57	52
0	0	0	0	0	0	0	0	0	0	0	0	0	0	0	0	0	0	0	0	0	0	0	0	0	0	0	0	0	0	0	0	0	0	0	0	0	0	0	0	0	0	0	0	0	92	9	110	102	93	82	39	89	78	123	91	26	56	1	87	100	62	108	50	68	81	83	120	84	4	56	25	61	15	86	110	95	92	42	36	45	40	1	33	118	98	15	96	55	89	127	86	93	68	121	123	34	26	117	79	65	10	12	35	27	102	115	36	5	33	39	112	114	122	118	102	37	106	45	13	85	67	86	41	1	109	7	21
0	0	0	0	0	0	0	0	0	0	0	0	0	0	0	0	0	0	0	0	0	0	0	0	0	0	0	0	0	0	0	0	0	0	0	0	0	0	0	0	0	0	0	0	0	0	24	22	106	41	95	105	24	4	125	123	96	120	10	3	126	48	32	108	44	21	28	92	72	128	65	20	48	99	71	35	50	1	34	14	57	77	68	101	3	110	124	14	101	97	22	26	122	122	106	29	73	117	34	7	1	33	35	63	125	90	58	128	51	126	31	87	87	47	108	94	97	88	46	98	86	122	1	87	65	16	67	66
0	0	0	0	0	0	0	0	0	0	0	0	0	0	0	0	0	0	0	0	0	0	0	0	0	0	0	0	0	0	0	0	0	0	0	0	0	0	0	0	0	0	0	0	0	0	0	112	109	51	69	34	20	108	14	95	8	29	45	61	87	72	98	113	22	8	63	44	80	4	99	126	47	21	108	92	24	102	95	107	63	104	18	66	40	31	58	108	17	72	117	12	126	126	121	9	76	109	73	34	59	5	58	78	58	12	109	57	92	123	56	73	124	4	85	32	57	93	123	69	40	85	95	119	32	60	121	53
0	0	0	0	0	0	0	0	0	0	0	0	0	0	0	0	0	0	0	0	0	0	0	0	0	0	0	0	0	0	0	0	0	0	0	0	0	0	0	0	0	0	0	0	0	0	0	0	70	61	30	115	101	9	49	17	120	103	4	119	60	25	94	34	2	84	80	86	9	42	39	34	49	115	4	86	11	60	11	120	26	126	6	94	59	120	105	108	102	73	86	77	113	30	85	64	65	68	115	74	69	103	47	39	8	47	126	90	63	114	99	95	43	70	45	56	31	123	54	22	115	14	33	102	37	16	39	24
0	0	0	0	0	0	0	0	0	0	0	0	0	0	0	0	0	0	0	0	0	0	0	0	0	0	0	0	0	0	0	0	0	0	0	0	0	0	0	0	0	0	0	0	0	0	0	0	0	39	51	40	99	124	111	68	16	79	122	82	63	4	6	68	27	112	50	40	11	127	21	116	72	66	123	63	100	6	78	79	108	122	45	97	1	116	64	3	96	113	5	110	124	60	21	91	76	17	54	99	115	106	35	15	43	126	63	4	31	93	63	11	87	104	122	120	82	104	124	28	126	107	48	46	70	85	95	119
0	0	0	0	0	0	0	0	0	0	0	0	0	0	0	0	0	0	0	0	0	0	0	0	0	0	0	0	0	0	0	0	0	0	0	0	0	0	0	0	0	0	0	0	0	0	0	0	0	0	60	26	74	125	118	14	1	77	94	52	42	99	50	31	49	32	91	82	6	6	78	37	39	15	83	40	10	23	28	8	116	26	1	114	109	9	123	2	110	42	88	54	72	100	110	24	49	111	81	92	61	43	51	93	76	128	30	23	42	20	106	33	65	68	79	5	77	110	111	120	75	59	50	122	75	60	74	12
0	0	0	0	0	0	0	0	0	0	0	0	0	0	0	0	0	0	0	0	0	0	0	0	0	0	0	0	0	0	0	0	0	0	0	0	0	0	0	0	0	0	0	0	0	0	0	0	0	0	0	51	58	11	39	128	22	81	77	20	115	53	33	36	14	99	69	67	83	62	50	13	78	114	45	43	59	61	75	24	89	23	51	41	73	34	58	101	74	101	42	38	51	51	22	101	90	39	107	31	43	109	73	100	108	15	22	17	81	25	18	83	40	56	66	6	105	109	66	69	64	45	29	109	2	75	104	61
0	0	0	0	0	0	0	0	0	0	0	0	0	0	0	0	0	0	0	0	0	0	0	0	0	0	0	0	0	0	0	0	0	0	0	0	0	0	0	0	0	0	0	0	0	0	0	0	0	0	0	0	55	120	41	89	100	124	90	49	77	80	18	2	66	67	109	63	80	15	54	62	99	83	33	58	34	114	38	71	53	28	47	10	110	13	113	35	52	96	13	50	125	52	126	59	85	3	32	79	111	65	25	20	3	93	92	67	30	107	45	103	125	21	55	94	40	96	127	118	115	52	19	81	11	73	95	50
0	0	0	0	0	0	0	0	0	0	0	0	0	0	0	0	0	0	0	0	0	0	0	0	0	0	0	0	0	0	0	0	0	0	0	0	0	0	0	0	0	0	0	0	0	0	0	0	0	0	0	0	0	27	45	56	12	25	7	79	105	49	70	45	34	77	118	125	69	32	105	9	32	88	56	42	61	53	104	73	88	103	60	114	13	35	4	128	3	74	89	99	5	56	16	12	117	14	49	93	113	102	71	105	97	20	81	78	20	1	113	61	93	91	36	91	101	119	103	40	35	114	29	77	105	74	7	120
0	0	0	0	0	0	0	0	0	0	0	0	0	0	0	0	0	0	0	0	0	0	0	0	0	0	0	0	0	0	0	0	0	0	0	0	0	0	0	0	0	0	0	0	0	0	0	0	0	0	0	0	0	0	102	68	94	40	35	101	104	103	21	15	105	119	75	57	40	96	119	89	57	47	32	8	68	115	95	70	57	113	22	31	89	86	117	107	90	23	51	74	17	105	40	79	21	77	51	88	47	128	22	85	87	37	98	64	96	56	68	96	24	97	114	77	115	73	82	97	123	92	78	15	83	45	104	23
0	0	0	0	0	0	0	0	0	0	0	0	0	0	0	0	0	0	0	0	0	0	0	0	0	0	0	0	0	0	0	0	0	0	0	0	0	0	0	0	0	0	0	0	0	0	0	0	0	0	0	0	0	0	0	63	39	28	86	13	21	8	77	53	8	53	123	7	91	10	56	125	13	107	111	44	20	106	22	116	62	46	39	18	115	69	123	51	42	81	3	34	93	91	69	91	79	90	70	118	68	93	86	100	11	86	39	3	22	55	92	86	117	41	9	6	63	123	32	115	111	122	8	99	77	47	25	104
0	0	0	0	0	0	0	0	0	0	0	0	0	0	0	0	0	0	0	0	0	0	0	0	0	0	0	0	0	0	0	0	0	0	0	0	0	0	0	0	0	0	0	0	0	0	0	0	0	0	0	0	0	0	0	0	1	52	76	95	119	73	100	86	105	64	4	19	30	11	18	64	71	44	17	110	5	100	69	55	51	5	93	80	56	25	106	97	64	63	35	47	100	9	87	100	32	82	122	75	72	4	79	109	8	32	5	16	78	33	33	4	110	73	13	28	39	66	18	30	119	91	96	32	60	7	107	76
0	0	0	0	0	0	0	0	0	0	0	0	0	0	0	0	0	0	0	0	0	0	0	0	0	0	0	0	0	0	0	0	0	0	0	0	0	0	0	0	0	0	0	0	0	0	0	0	0	0	0	0	0	0	0	0	0	40	5	55	75	91	115	125	13	103	33	11	45	8	124	46	96	86	89	46	34	128	63	69	38	29	78	67	26	117	109	75	7	114	125	1	112	90	72	34	55	87	63	126	127	6	10	41	12	107	103	73	16	34	45	40	49	36	26	95	63	75	59	30	124	57	71	104	42	14	29	42
0	0	0	0	0	0	0	0	0	0	0	0	0	0	0	0	0	0	0	0	0	0	0	0	0	0	0	0	0	0	0	0	0	0	0	0	0	0	0	0	0	0	0	0	0	0	0	0	0	0	0	0	0	0	0	0	0	0	3	88	32	38	104	31	4	92	45	2	4	53	78	119	109	56	48	19	126	37	89	10	110	107	84	123	36	84	13	23	3	49	32	103	35	107	44	79	14	45	11	27	93	89	115	107	15	16	22	61	117	9	117	97	6	120	114	24	48	120	67	17	48	113	28	124	117	33	81	15
0	0	0	0	0	0	0	0	0	0	0	0	0	0	0	0	0	0	0	0	0	0	0	0	0	0	0	0	0	0	0	0	0	0	0	0	0	0	0	0	0	0	0	0	0	0	0	0	0	0	0	0	0	0	0	0	0	0	0	23	102	31	111	11	11	52	38	106	96	86	45	71	94	85	119	126	30	103	12	94	11	85	108	111	113	21	48	4	7	37	91	72	120	29	28	97	11	39	47	47	98	7	127	86	119	106	17	105	126	42	124	8	19	2	67	9	44	24	58	118	10	78	49	123	25	31	103	33
0	0	0	0	0	0	0	0	0	0	0	0	0	0	0	0	0	0	0	0	0	0	0	0	0	0	0	0	0	0	0	0	0	0	0	0	0	0	0	0	0	0	0	0	0	0	0	0	0	0	0	0	0	0	0	0	0	0	0	0	8	110	4	22	86	11	48	112	45	51	34	62	70	73	74	114	7	50	117	19	80	37	128	66	60	123	32	85	90	71	70	78	109	44	45	128	55	25	125	91	52	7	37	46	45	117	46	123	64	94	108	29	48	31	27	13	5	43	17	64	115	9	46	41	84	77	77	71
0	0	0	0	0	0	0	0	0	0	0	0	0	0	0	0	0	0	0	0	0	0	0	0	0	0	0	0	0	0	0	0	0	0	0	0	0	0	0	0	0	0	0	0	0	0	0	0	0	0	0	0	0	0	0	0	0	0	0	0	0	57	18	110	50	27	30	71	47	98	111	99	94	65	56	4	79	59	64	99	63	102	35	8	94	118	25	18	69	62	45	110	27	60	108	92	9	13	90	48	33	81	58	105	117	120	115	90	6	70	74	17	102	75	49	97	92	97	17	107	1	63	40	100	123	25	125	92
0	0	0	0	0	0	0	0	0	0	0	0	0	0	0	0	0	0	0	0	0	0	0	0	0	0	0	0	0	0	0	0	0	0	0	0	0	0	0	0	0	0	0	0	0	0	0	0	0	0	0	0	0	0	0	0	0	0	0	0	0	0	54	78	104	9	15	73	127	41	68	93	77	117	35	36	38	2	103	26	4	66	5	54	114	110	1	113	99	105	111	81	127	71	27	127	104	109	15	17	38	122	25	128	51	45	29	95	69	58	127	97	111	127	88	12	109	10	128	84	48	56	38	11	30	7	45	31
0	0	0	0	0	0	0	0	0	0	0	0	0	0	0	0	0	0	0	0	0	0	0	0	0	0	0	0	0	0	0	0	0	0	0	0	0	0	0	0	0	0	0	0	0	0	0	0	0	0	0	0	0	0	0	0	0	0	0	0	0	0	0	69	36	68	7	14	69	112	62	48	88	77	126	22	101	75	119	35	78	30	20	44	105	29	72	52	85	68	109	29	112	59	57	19	122	95	27	53	8	117	116	62	2	103	92	112	85	116	70	31	72	65	50	102	40	11	106	104	61	26	106	107	116	43	61	117
0	0	0	0	0	0	0	0	0	0	0	0	0	0	0	0	0	0	0	0	0	0	0	0	0	0	0	0	0	0	0	0	0	0	0	0	0	0	0	0	0	0	0	0	0	0	0	0	0	0	0	0	0	0	0	0	0	0	0	0	0	0	0	0	108	74	78	102	95	74	19	75	8	34	12	118	101	102	10	22	112	46	18	83	113	43	18	19	99	70	29	72	76	62	115	83	1	5	62	78	108	117	43	4	25	83	111	47	49	31	58	34	70	44	28	124	54	86	86	103	47	5	36	82	58	103	90	50
0	0	0	0	0	0	0	0	0	0	0	0	0	0	0	0	0	0	0	0	0	0	0	0	0	0	0	0	0	0	0	0	0	0	0	0	0	0	0	0	0	0	0	0	0	0	0	0	0	0	0	0	0	0	0	0	0	0	0	0	0	0	0	0	0	38	87	28	123	4	18	55	101	36	105	37	79	83	80	54	108	50	106	63	48	13	20	117	47	90	22	92	116	82	110	37	42	53	62	4	97	25	63	108	82	127	118	32	45	36	87	36	124	13	103	65	3	67	35	10	81	51	32	107	52	50	33	98
0	0	0	0	0	0	0	0	0	0	0	0	0	0	0	0	0	0	0	0	0	0	0	0	0	0	0	0	0	0	0	0	0	0	0	0	0	0	0	0	0	0	0	0	0	0	0	0	0	0	0	0	0	0	0	0	0	0	0	0	0	0	0	0	0	0	35	49	107	21	110	19	92	64	58	122	60	72	97	56	75	57	96	85	10	17	73	112	15	22	17	116	20	37	98	20	102	30	104	124	68	100	47	47	51	97	124	24	86	91	53	54	36	101	69	60	108	64	76	65	110	55	100	25	38	64	60	71
0	0	0	0	0	0	0	0	0	0	0	0	0	0	0	0	0	0	0	0	0	0	0	0	0	0	0	0	0	0	0	0	0	0	0	0	0	0	0	0	0	0	0	0	0	0	0	0	0	0	0	0	0	0	0	0	0	0	0	0	0	0	0	0	0	0	0	74	7	111	107	73	44	28	76	88	80	77	102	31	122	120	72	90	111	84	57	115	58	32	61	54	68	32	78	76	38	66	106	113	56	83	93	122	17	76	44	36	101	111	98	82	34	128	124	124	85	43	90	37	46	43	110	68	23	41	100	80
0	0	0	0	0	0	0	0	0	0	0	0	0	0	0	0	0	0	0	0	0	0	0	0	0	0	0	0	0	0	0	0	0	0	0	0	0	0	0	0	0	0	0	0	0	0	0	0	0	0	0	0	0	0	0	0	0	0	0	0	0	0	0	0	0	0	0	0	21	101	40	72	99	21	115	91	4	99	100	34	126	77	4	30	110	124	35	67	58	93	100	102	92	114	41	88	104	94	127	112	109	99	31	108	120	15	30	117	4	5	24	118	88	92	39	126	6	57	38	117	31	43	63	60	73	54	28	3
0	0	0	0	0	0	0	0	0	0	0	0	0	0	0	0	0	0	0	0	0	0	0	0	0	0	0	0	0	0	0	0	0	0	0	0	0	0	0	0	0	0	0	0	0	0	0	0	0	0	0	0	0	0	0	0	0	0	0	0	0	0	0	0	0	0	0	0	0	23	105	122	47	126	110	47	92	50	4	85	31	72	78	107	96	29	23	39	128	3	106	3	36	18	60	67	5	77	44	40	115	12	51	82	12	90	72	31	81	95	105	24	3	27	75	11	21	3	35	48	128	57	119	12	102	122	76	112
0	0	0	0	0	0	0	0	0	0	0	0	0	0	0	0	0	0	0	0	0	0	0	0	0	0	0	0	0	0	0	0	0	0	0	0	0	0	0	0	0	0	0	0	0	0	0	0	0	0	0	0	0	0	0	0	0	0	0	0	0	0	0	0	0	0	0	0	0	0	34	78	89	18	78	18	105	104	51	16	84	15	27	43	63	114	105	33	1	98	119	70	65	102	25	35	9	98	15	94	60	11	114	21	30	56	102	61	68	122	121	42	1	102	3	3	110	17	83	5	67	38	119	36	28	4	7	51
0	0	0	0	0	0	0	0	0	0	0	0	0	0	0	0	0	0	0	0	0	0	0	0	0	0	0	0	0	0	0	0	0	0	0	0	0	0	0	0	0	0	0	0	0	0	0	0	0	0	0	0	0	0	0	0	0	0	0	0	0	0	0	0	0	0	0	0	0	0	0	101	82	66	125	104	125	82	37	21	19	21	69	25	53	106	55	11	35	94	51	108	62	99	80	30	60	15	89	67	8	95	55	124	89	18	124	37	82	100	105	110	84	12	16	82	68	94	50	43	2	127	120	23	122	53	62	11
0	0	0	0	0	0	0	0	0	0	0	0	0	0	0	0	0	0	0	0	0	0	0	0	0	0	0	0	0	0	0	0	0	0	0	0	0	0	0	0	0	0	0	0	0	0	0	0	0	0	0	0	0	0	0	0	0	0	0	0	0	0	0	0	0	0	0	0	0	0	0	0	37	51	20	53	121	79	9	110	22	60	8	20	9	114	5	97	101	88	95	73	2	82	120	33	77	24	127	31	18	38	50	36	88	94	18	87	78	125	11	87	60	59	28	49	96	107	10	110	10	123	41	84	114	48	80	95
0	0	0	0	0	0	0	0	0	0	0	0	0	0	0	0	0	0	0	0	0	0	0	0	0	0	0	0	0	0	0	0	0	0	0	0	0	0	0	0	0	0	0	0	0	0	0	0	0	0	0	0	0	0	0	0	0	0	0	0	0	0	0	0	0	0	0	0	0	0	0	0	0	45	33	67	72	43	85	121	33	122	120	89	127	69	97	80	63	119	106	88	90	91	19	74	80	41	79	36	38	121	37	50	9	48	120	56	125	108	68	54	80	2	124	103	7	77	31	22	39	116	100	75	11	106	103	32
0	0	0	0	0	0	0	0	0	0	0	0	0	0	0	0	0	0	0	0	0	0	0	0	0	0	0	0	0	0	0	0	0	0	0	0	0	0	0	0	0	0	0	0	0	0	0	0	0	0	0	0	0	0	0	0	0	0	0	0	0	0	0	0	0	0	0	0	0	0	0	0	0	0	6	44	90	81	56	8	117	8	26	65	5	18	88	40	109	2	88	57	50	70	91	25	58	15	1	91	44	103	53	64	75	34	13	61	60	22	71	40	13	72	77	118	25	112	110	54	57	102	8	68	120	29	46	104
0	0	0	0	0	0	0	0	0	0	0	0	0	0	0	0	0	0	0	0	0	0	0	0	0	0	0	0	0	0	0	0	0	0	0	0	0	0	0	0	0	0	0	0	0	0	0	0	0	0	0	0	0	0	0	0	0	0	0	0	0	0	0	0	0	0	0	0	0	0	0	0	0	0	0	105	123	66	1	37	85	75	126	39	99	87	78	96	118	61	29	73	62	7	10	12	84	38	91	52	80	9	57	58	30	128	30	89	74	49	45	101	2	54	65	78	102	90	62	107	107	40	26	38	96	44	121	1
0	0	0	0	0	0	0	0	0	0	0	0	0	0	0	0	0	0	0	0	0	0	0	0	0	0	0	0	0	0	0	0	0	0	0	0	0	0	0	0	0	0	0	0	0	0	0	0	0	0	0	0	0	0	0	0	0	0	0	0	0	0	0	0	0	0	0	0	0	0	0	0	0	0	0	0	82	34	20	92	68	39	33	45	79	92	119	112	49	18	20	79	50	114	95	53	111	94	100	64	33	20	11	124	51	15	66	30	76	35	106	84	109	40	42	80	72	109	128	52	23	103	89	60	70	42	15	100
0	0	0	0	0	0	0	0	0	0	0	0	0	0	0	0	0	0	0	0	0	0	0	0	0	0	0	0	0	0	0	0	0	0	0	0	0	0	0	0	0	0	0	0	0	0	0	0	0	0	0	0	0	0	0	0	0	0	0	0	0	0	0	0	0	0	0	0	0	0	0	0	0	0	0	0	0	42	128	64	49	20	40	118	110	120	108	41	127	64	14	72	76	26	88	112	35	92	127	102	88	67	56	106	111	2	111	35	73	23	108	124	38	28	102	32	19	31	65	85	68	104	54	102	36	95	119	83
0	0	0	0	0	0	0	0	0	0	0	0	0	0	0	0	0	0	0	0	0	0	0	0	0	0	0	0	0	0	0	0	0	0	0	0	0	0	0	0	0	0	0	0	0	0	0	0	0	0	0	0	0	0	0	0	0	0	0	0	0	0	0	0	0	0	0	0	0	0	0	0	0	0	0	0	0	0	100	39	52	32	125	104	21	17	98	99	42	104	119	83	37	38	77	128	10	90	52	39	101	119	75	13	61	71	50	17	42	112	62	43	123	17	18	44	9	127	98	38	43	28	106	85	26	48	36	115
0	0	0	0	0	0	0	0	0	0	0	0	0	0	0	0	0	0	0	0	0	0	0	0	0	0	0	0	0	0	0	0	0	0	0	0	0	0	0	0	0	0	0	0	0	0	0	0	0	0	0	0	0	0	0	0	0	0	0	0	0	0	0	0	0	0	0	0	0	0	0	0	0	0	0	0	0	0	0	8	66	10	31	106	127	16	43	64	99	81	35	109	61	110	124	76	42	31	63	121	100	21	75	7	111	60	66	20	52	84	74	80	27	104	112	124	14	5	11	118	88	27	63	113	96	22	81	13
0	0	0	0	0	0	0	0	0	0	0	0	0	0	0	0	0	0	0	0	0	0	0	0	0	0	0	0	0	0	0	0	0	0	0	0	0	0	0	0	0	0	0	0	0	0	0	0	0	0	0	0	0	0	0	0	0	0	0	0	0	0	0	0	0	0	0	0	0	0	0	0	0	0	0	0	0	0	0	0	28	20	60	102	96	51	29	38	74	87	33	122	36	49	3	106	45	117	31	112	27	84	22	22	33	73	63	53	109	41	29	31	30	42	119	7	59	75	46	41	52	34	3	31	37	99	104	78
0	0	0	0	0	0	0	0	0	0	0	0	0	0	0	0	0	0	0	0	0	0	0	0	0	0	0	0	0	0	0	0	0	0	0	0	0	0	0	0	0	0	0	0	0	0	0	0	0	0	0	0	0	0	0	0	0	0	0	0	0	0	0	0	0	0	0	0	0	0	0	0	0	0	0	0	0	0	0	0	0	42	12	127	43	99	70	49	123	115	74	10	40	126	27	16	70	29	47	74	15	61	115	37	68	74	38	102	34	96	25	45	31	70	42	128	126	9	109	76	33	125	14	110	101	5	70	44
0	0	0	0	0	0	0	0	0	0	0	0	0	0	0	0	0	0	0	0	0	0	0	0	0	0	0	0	0	0	0	0	0	0	0	0	0	0	0	0	0	0	0	0	0	0	0	0	0	0	0	0	0	0	0	0	0	0	0	0	0	0	0	0	0	0	0	0	0	0	0	0	0	0	0	0	0	0	0	0	0	0	92	79	96	103	95	116	69	60	34	7	65	61	107	76	24	47	17	53	2	12	43	26	95	68	74	55	41	10	66	76	9	53	97	12	5	92	30	34	93	114	34	87	95	88	15	46
0	0	0	0	0	0	0	0	0	0	0	0	0	0	0	0	0	0	0	0	0	0	0	0	0	0	0	0	0	0	0	0	0	0	0	0	0	0	0	0	0	0	0	0	0	0	0	0	0	0	0	0	0	0	0	0	0	0	0	0	0	0	0	0	0	0	0	0	0	0	0	0	0	0	0	0	0	0	0	0	0	0	0	70	128	4	2	5	127	24	32	88	52	13	110	108	43	71	60	125	122	23	68	29	63	89	113	38	103	6	13	60	57	53	41	63	69	123	128	98	45	127	10	128	73	55	89	41
0	0	0	0	0	0	0	0	0	0	0	0	0	0	0	0	0	0	0	0	0	0	0	0	0	0	0	0	0	0	0	0	0	0	0	0	0	0	0	0	0	0	0	0	0	0	0	0	0	0	0	0	0	0	0	0	0	0	0	0	0	0	0	0	0	0	0	0	0	0	0	0	0	0	0	0	0	0	0	0	0	0	0	0	84	17	103	15	81	34	90	10	72	22	113	44	22	18	85	42	11	69	29	96	113	27	44	46	105	67	93	91	109	75	65	90	103	30	14	80	60	50	52	15	77	18	16	93
0	0	0	0	0	0	0	0	0	0	0	0	0	0	0	0	0	0	0	0	0	0	0	0	0	0	0	0	0	0	0	0	0	0	0	0	0	0	0	0	0	0	0	0	0	0	0	0	0	0	0	0	0	0	0	0	0	0	0	0	0	0	0	0	0	0	0	0	0	0	0	0	0	0	0	0	0	0	0	0	0	0	0	0	0	45	26	104	92	48	97	89	83	85	85	78	115	125	55	58	92	81	71	29	97	9	89	123	125	104	42	127	41	54	90	13	15	22	2	99	87	93	95	96	40	97	84	64
0	0	0	0	0	0	0	0	0	0	0	0	0	0	0	0	0	0	0	0	0	0	0	0	0	0	0	0	0	0	0	0	0	0	0	0	0	0	0	0	0	0	0	0	0	0	0	0	0	0	0	0	0	0	0	0	0	0	0	0	0	0	0	0	0	0	0	0	0	0	0	0	0	0	0	0	0	0	0	0	0	0	0	0	0	0	106	33	26	53	25	16	128	111	108	50	1	124	62	62	51	8	75	2	89	71	22	91	76	18	68	83	42	94	7	123	80	33	119	90	76	70	74	56	41	52	21	59
0	0	0	0	0	0	0	0	0	0	0	0	0	0	0	0	0	0	0	0	0	0	0	0	0	0	0	0	0	0	0	0	0	0	0	0	0	0	0	0	0	0	0	0	0	0	0	0	0	0	0	0	0	0	0	0	0	0	0	0	0	0	0	0	0	0	0	0	0	0	0	0	0	0	0	0	0	0	0	0	0	0	0	0	0	0	0	112	104	50	26	90	115	116	38	31	69	112	100	115	91	70	59	72	46	86	96	7	58	111	61	110	17	124	125	3	89	42	86	20	32	102	18	7	65	5	100	15
0	0	0	0	0	0	0	0	0	0	0	0	0	0	0	0	0	0	0	0	0	0	0	0	0	0	0	0	0	0	0	0	0	0	0	0	0	0	0	0	0	0	0	0	0	0	0	0	0	0	0	0	0	0	0	0	0	0	0	0	0	0	0	0	0	0	0	0	0	0	0	0	0	0	0	0	0	0	0	0	0	0	0	0	0	0	0	0	113	82	70	4	31	67	36	104	85	72	62	41	63	51	46	82	72	62	49	97	53	11	114	42	31	70	108	117	31	122	88	113	128	13	85	11	43	28	78	15
0	0	0	0	0	0	0	0	0	0	0	0	0	0	0	0	0	0	0	0	0	0	0	0	0	0	0	0	0	0	0	0	0	0	0	0	0	0	0	0	0	0	0	0	0	0	0	0	0	0	0	0	0	0	0	0	0	0	0	0	0	0	0	0	0	0	0	0	0	0	0	0	0	0	0	0	0	0	0	0	0	0	0	0	0	0	0	0	0	47	24	106	90	75	100	40	60	14	14	75	70	48	19	1	52	45	78	46	6	8	85	32	8	81	88	97	90	60	38	35	96	66	1	87	108	112	30	52
0	0	0	0	0	0	0	0	0	0	0	0	0	0	0	0	0	0	0	0	0	0	0	0	0	0	0	0	0	0	0	0	0	0	0	0	0	0	0	0	0	0	0	0	0	0	0	0	0	0	0	0	0	0	0	0	0	0	0	0	0	0	0	0	0	0	0	0	0	0	0	0	0	0	0	0	0	0	0	0	0	0	0	0	0	0	0	0	0	0	97	81	75	7	107	86	72	23	102	32	19	4	109	23	30	107	65	29	22	100	75	60	21	13	66	1	29	84	105	75	44	16	20	104	19	73	83	60
0	0	0	0	0	0	0	0	0	0	0	0	0	0	0	0	0	0	0	0	0	0	0	0	0	0	0	0	0	0	0	0	0	0	0	0	0	0	0	0	0	0	0	0	0	0	0	0	0	0	0	0	0	0	0	0	0	0	0	0	0	0	0	0	0	0	0	0	0	0	0	0	0	0	0	0	0	0	0	0	0	0	0	0	0	0	0	0	0	0	0	74	84	5	113	6	123	38	70	26	23	18	71	122	69	118	71	124	34	102	49	126	45	127	125	45	15	95	32	74	101	113	123	106	3	124	42	40
0	0	0	0	0	0	0	0	0	0	0	0	0	0	0	0	0	0	0	0	0	0	0	0	0	0	0	0	0	0	0	0	0	0	0	0	0	0	0	0	0	0	0	0	0	0	0	0	0	0	0	0	0	0	0	0	0	0	0	0	0	0	0	0	0	0	0	0	0	0	0	0	0	0	0	0	0	0	0	0	0	0	0	0	0	0	0	0	0	0	0	0	104	62	62	54	126	83	128	81	86	26	36	105	55	95	31	34	13	10	64	73	77	46	71	64	24	39	76	42	119	6	63	36	19	119	1	100
0	0	0	0	0	0	0	0	0	0	0	0	0	0	0	0	0	0	0	0	0	0	0	0	0	0	0	0	0	0	0	0	0	0	0	0	0	0	0	0	0	0	0	0	0	0	0	0	0	0	0	0	0	0	0	0	0	0	0	0	0	0	0	0	0	0	0	0	0	0	0	0	0	0	0	0	0	0	0	0	0	0	0	0	0	0	0	0	0	0	0	0	0	114	85	100	43	31	44	65	41	17	2	80	49	31	91	107	22	48	12	116	65	52	5	127	92	52	120	119	77	99	54	109	66	60	109	27
0	0	0	0	0	0	0	0	0	0	0	0	0	0	0	0	0	0	0	0	0	0	0	0	0	0	0	0	0	0	0	0	0	0	0	0	0	0	0	0	0	0	0	0	0	0	0	0	0	0	0	0	0	0	0	0	0	0	0	0	0	0	0	0	0	0	0	0	0	0	0	0	0	0	0	0	0	0	0	0	0	0	0	0	0	0	0	0	0	0	0	0	0	0	21	74	6	116	1	24	91	107	48	94	96	27	69	93	27	88	70	68	12	45	23	122	11	127	86	78	14	11	80	117	82	124	114	49
0	0	0	0	0	0	0	0	0	0	0	0	0	0	0	0	0	0	0	0	0	0	0	0	0	0	0	0	0	0	0	0	0	0	0	0	0	0	0	0	0	0	0	0	0	0	0	0	0	0	0	0	0	0	0	0	0	0	0	0	0	0	0	0	0	0	0	0	0	0	0	0	0	0	0	0	0	0	0	0	0	0	0	0	0	0	0	0	0	0	0	0	0	0	0	73	93	97	122	24	50	96	56	22	114	21	106	115	60	25	8	116	88	10	8	120	11	106	20	126	113	115	69	78	97	85	94	39
0	0	0	0	0	0	0	0	0	0	0	0	0	0	0	0	0	0	0	0	0	0	0	0	0	0	0	0	0	0	0	0	0	0	0	0	0	0	0	0	0	0	0	0	0	0	0	0	0	0	0	0	0	0	0	0	0	0	0	0	0	0	0	0	0	0	0	0	0	0	0	0	0	0	0	0	0	0	0	0	0	0	0	0	0	0	0	0	0	0	0	0	0	0	0	0	120	126	50	17	78	121	5	83	84	91	99	122	99	42	13	61	12	62	118	106	113	24	49	61	107	5	93	116	118	126	28	22
0	0	0	0	0	0	0	0	0	0	0	0	0	0	0	0	0	0	0	0	0	0	0	0	0	0	0	0	0	0	0	0	0	0	0	0	0	0	0	0	0	0	0	0	0	0	0	0	0	0	0	0	0	0	0	0	0	0	0	0	0	0	0	0	0	0	0	0	0	0	0	0	0	0	0	0	0	0	0	0	0	0	0	0	0	0	0	0	0	0	0	0	0	0	0	0	0	14	126	106	62	123	123	115	108	123	101	64	71	65	22	101	121	75	77	73	5	94	14	48	35	44	29	68	55	17	102	81
0	0	0	0	0	0	0	0	0	0	0	0	0	0	0	0	0	0	0	0	0	0	0	0	0	0	0	0	0	0	0	0	0	0	0	0	0	0	0	0	0	0	0	0	0	0	0	0	0	0	0	0	0	0	0	0	0	0	0	0	0	0	0	0	0	0	0	0	0	0	0	0	0	0	0	0	0	0	0	0	0	0	0	0	0	0	0	0	0	0	0	0	0	0	0	0	0	0	20	127	103	93	106	62	12	65	41	89	77	95	94	94	31	13	115	101	92	97	81	25	85	101	114	127	62	70	89	120
0	0	0	0	0	0	0	0	0	0	0	0	0	0	0	0	0	0	0	0	0	0	0	0	0	0	0	0	0	0	0	0	0	0	0	0	0	0	0	0	0	0	0	0	0	0	0	0	0	0	0	0	0	0	0	0	0	0	0	0	0	0	0	0	0	0	0	0	0	0	0	0	0	0	0	0	0	0	0	0	0	0	0	0	0	0	0	0	0	0	0	0	0	0	0	0	0	0	0	52	16	38	79	10	2	29	37	102	2	122	23	28	83	119	32	61	7	36	19	50	123	93	11	2	90	53	77	111
0	0	0	0	0	0	0	0	0	0	0	0	0	0	0	0	0	0	0	0	0	0	0	0	0	0	0	0	0	0	0	0	0	0	0	0	0	0	0	0	0	0	0	0	0	0	0	0	0	0	0	0	0	0	0	0	0	0	0	0	0	0	0	0	0	0	0	0	0	0	0	0	0	0	0	0	0	0	0	0	0	0	0	0	0	0	0	0	0	0	0	0	0	0	0	0	0	0	0	0	104	119	84	43	102	1	94	13	43	20	26	39	43	47	50	109	103	4	87	117	106	105	123	1	1	6	85	58
0	0	0	0	0	0	0	0	0	0	0	0	0	0	0	0	0	0	0	0	0	0	0	0	0	0	0	0	0	0	0	0	0	0	0	0	0	0	0	0	0	0	0	0	0	0	0	0	0	0	0	0	0	0	0	0	0	0	0	0	0	0	0	0	0	0	0	0	0	0	0	0	0	0	0	0	0	0	0	0	0	0	0	0	0	0	0	0	0	0	0	0	0	0	0	0	0	0	0	0	0	32	113	105	87	48	38	22	106	127	20	79	74	99	93	119	120	121	4	91	94	75	88	100	42	100	102	61
0	0	0	0	0	0	0	0	0	0	0	0	0	0	0	0	0	0	0	0	0	0	0	0	0	0	0	0	0	0	0	0	0	0	0	0	0	0	0	0	0	0	0	0	0	0	0	0	0	0	0	0	0	0	0	0	0	0	0	0	0	0	0	0	0	0	0	0	0	0	0	0	0	0	0	0	0	0	0	0	0	0	0	0	0	0	0	0	0	0	0	0	0	0	0	0	0	0	0	0	0	0	26	46	24	65	19	103	71	122	98	64	121	96	21	111	19	47	55	95	51	110	36	112	61	106	39	29
0	0	0	0	0	0	0	0	0	0	0	0	0	0	0	0	0	0	0	0	0	0	0	0	0	0	0	0	0	0	0	0	0	0	0	0	0	0	0	0	0	0	0	0	0	0	0	0	0	0	0	0	0	0	0	0	0	0	0	0	0	0	0	0	0	0	0	0	0	0	0	0	0	0	0	0	0	0	0	0	0	0	0	0	0	0	0	0	0	0	0	0	0	0	0	0	0	0	0	0	0	0	0	93	36	70	89	94	61	13	12	88	120	33	75	78	6	78	27	16	6	85	104	9	50	84	114	102
0	0	0	0	0	0	0	0	0	0	0	0	0	0	0	0	0	0	0	0	0	0	0	0	0	0	0	0	0	0	0	0	0	0	0	0	0	0	0	0	0	0	0	0	0	0	0	0	0	0	0	0	0	0	0	0	0	0	0	0	0	0	0	0	0	0	0	0	0	0	0	0	0	0	0	0	0	0	0	0	0	0	0	0	0	0	0	0	0	0	0	0	0	0	0	0	0	0	0	0	0	0	0	0	58	8	62	40	105	97	107	103	59	24	3	46	86	5	21	98	96	124	49	85	114	11	66	53
0	0	0	0	0	0	0	0	0	0	0	0	0	0	0	0	0	0	0	0	0	0	0	0	0	0	0	0	0	0	0	0	0	0	0	0	0	0	0	0	0	0	0	0	0	0	0	0	0	0	0	0	0	0	0	0	0	0	0	0	0	0	0	0	0	0	0	0	0	0	0	0	0	0	0	0	0	0	0	0	0	0	0	0	0	0	0	0	0	0	0	0	0	0	0	0	0	0	0	0	0	0	0	0	0	3	38	73	21	97	29	67	97	17	3	42	116	105	116	27	20	16	105	67	10	122	89	59
0	0	0	0	0	0	0	0	0	0	0	0	0	0	0	0	0	0	0	0	0	0	0	0	0	0	0	0	0	0	0	0	0	0	0	0	0	0	0	0	0	0	0	0	0	0	0	0	0	0	0	0	0	0	0	0	0	0	0	0	0	0	0	0	0	0	0	0	0	0	0	0	0	0	0	0	0	0	0	0	0	0	0	0	0	0	0	0	0	0	0	0	0	0	0	0	0	0	0	0	0	0	0	0	0	0	86	124	6	6	77	85	21	119	31	9	41	94	33	45	57	52	79	87	1	17	35	90
0	0	0	0	0	0	0	0	0	0	0	0	0	0	0	0	0	0	0	0	0	0	0	0	0	0	0	0	0	0	0	0	0	0	0	0	0	0	0	0	0	0	0	0	0	0	0	0	0	0	0	0	0	0	0	0	0	0	0	0	0	0	0	0	0	0	0	0	0	0	0	0	0	0	0	0	0	0	0	0	0	0	0	0	0	0	0	0	0	0	0	0	0	0	0	0	0	0	0	0	0	0	0	0	0	0	0	40	58	113	29	106	91	96	56	32	97	28	101	5	67	122	3	122	29	124	98	96
0	0	0	0	0	0	0	0	0	0	0	0	0	0	0	0	0	0	0	0	0	0	0	0	0	0	0	0	0	0	0	0	0	0	0	0	0	0	0	0	0	0	0	0	0	0	0	0	0	0	0	0	0	0	0	0	0	0	0	0	0	0	0	0	0	0	0	0	0	0	0	0	0	0	0	0	0	0	0	0	0	0	0	0	0	0	0	0	0	0	0	0	0	0	0	0	0	0	0	0	0	0	0	0	0	0	0	0	98	99	6	26	82	121	36	10	49	60	2	106	59	21	43	30	27	76	122	61
0	0	0	0	0	0	0	0	0	0	0	0	0	0	0	0	0	0	0	0	0	0	0	0	0	0	0	0	0	0	0	0	0	0	0	0	0	0	0	0	0	0	0	0	0	0	0	0	0	0	0	0	0	0	0	0	0	0	0	0	0	0	0	0	0	0	0	0	0	0	0	0	0	0	0	0	0	0	0	0	0	0	0	0	0	0	0	0	0	0	0	0	0	0	0	0	0	0	0	0	0	0	0	0	0	0	0	0	0	95	37	53	66	66	91	78	91	21	114	105	35	48	31	90	58	4	10	92
0	0	0	0	0	0	0	0	0	0	0	0	0	0	0	0	0	0	0	0	0	0	0	0	0	0	0	0	0	0	0	0	0	0	0	0	0	0	0	0	0	0	0	0	0	0	0	0	0	0	0	0	0	0	0	0	0	0	0	0	0	0	0	0	0	0	0	0	0	0	0	0	0	0	0	0	0	0	0	0	0	0	0	0	0	0	0	0	0	0	0	0	0	0	0	0	0	0	0	0	0	0	0	0	0	0	0	0	0	0	96	72	26	44	23	67	82	122	93	119	115	63	123	49	109	105	8	34
0	0	0	0	0	0	0	0	0	0	0	0	0	0	0	0	0	0	0	0	0	0	0	0	0	0	0	0	0	0	0	0	0	0	0	0	0	0	0	0	0	0	0	0	0	0	0	0	0	0	0	0	0	0	0	0	0	0	0	0	0	0	0	0	0	0	0	0	0	0	0	0	0	0	0	0	0	0	0	0	0	0	0	0	0	0	0	0	0	0	0	0	0	0	0	0	0	0	0	0	0	0	0	0	0	0	0	0	0	0	0	84	34	47	114	7	19	68	109	27	14	107	68	19	77	33	18	83
0	0	0	0	0	0	0	0	0	0	0	0	0	0	0	0	0	0	0	0	0	0	0	0	0	0	0	0	0	0	0	0	0	0	0	0	0	0	0	0	0	0	0	0	0	0	0	0	0	0	0	0	0	0	0	0	0	0	0	0	0	0	0	0	0	0	0	0	0	0	0	0	0	0	0	0	0	0	0	0	0	0	0	0	0	0	0	0	0	0	0	0	0	0	0	0	0	0	0	0	0	0	0	0	0	0	0	0	0	0	0	0	118	1	56	117	6	64	128	80	27	53	106	29	33	6	61	72
0	0	0	0	0	0	0	0	0	0	0	0	0	0	0	0	0	0	0	0	0	0	0	0	0	0	0	0	0	0	0	0	0	0	0	0	0	0	0	0	0	0	0	0	0	0	0	0	0	0	0	0	0	0	0	0	0	0	0	0	0	0	0	0	0	0	0	0	0	0	0	0	0	0	0	0	0	0	0	0	0	0	0	0	0	0	0	0	0	0	0	0	0	0	0	0	0	0	0	0	0	0	0	0	0	0	0	0	0	0	0	0	0	109	6	90	52	101	80	108	51	26	4	103	32	128	46	116
0	0	0	0	0	0	0	0	0	0	0	0	0	0	0	0	0	0	0	0	0	0	0	0	0	0	0	0	0	0	0	0	0	0	0	0	0	0	0	0	0	0	0	0	0	0	0	0	0	0	0	0	0	0	0	0	0	0	0	0	0	0	0	0	0	0	0	0	0	0	0	0	0	0	0	0	0	0	0	0	0	0	0	0	0	0	0	0	0	0	0	0	0	0	0	0	0	0	0	0	0	0	0	0	0	0	0	0	0	0	0	0	0	0	87	34	59	38	51	67	61	120	119	57	96	41	7	59
0	0	0	0	0	0	0	0	0	0	0	0	0	0	0	0	0	0	0	0	0	0	0	0	0	0	0	0	0	0	0	0	0	0	0	0	0	0	0	0	0	0	0	0	0	0	0	0	0	0	0	0	0	0	0	0	0	0	0	0	0	0	0	0	0	0	0	0	0	0	0	0	0	0	0	0	0	0	0	0	0	0	0	0	0	0	0	0	0	0	0	0	0	0	0	0	0	0	0	0	0	0	0	0	0	0	0	0	0	0	0	0	0	0	0	113	50	122	92	68	63	88	76	104	18	103	67	121
0	0	0	0	0	0	0	0	0	0	0	0	0	0	0	0	0	0	0	0	0	0	0	0	0	0	0	0	0	0	0	0	0	0	0	0	0	0	0	0	0	0	0	0	0	0	0	0	0	0	0	0	0	0	0	0	0	0	0	0	0	0	0	0	0	0	0	0	0	0	0	0	0	0	0	0	0	0	0	0	0	0	0	0	0	0	0	0	0	0	0	0	0	0	0	0	0	0	0	0	0	0	0	0	0	0	0	0	0	0	0	0	0	0	0	0	105	127	48	35	36	79	15	26	54	116	27	85
0	0	0	0	0	0	0	0	0	0	0	0	0	0	0	0	0	0	0	0	0	0	0	0	0	0	0	0	0	0	0	0	0	0	0	0	0	0	0	0	0	0	0	0	0	0	0	0	0	0	0	0	0	0	0	0	0	0	0	0	0	0	0	0	0	0	0	0	0	0	0	0	0	0	0	0	0	0	0	0	0	0	0	0	0	0	0	0	0	0	0	0	0	0	0	0	0	0	0	0	0	0	0	0	0	0	0	0	0	0	0	0	0	0	0	0	0	61	63	56	55	29	76	30	36	9	101	119
0	0	0	0	0	0	0	0	0	0	0	0	0	0	0	0	0	0	0	0	0	0	0	0	0	0	0	0	0	0	0	0	0	0	0	0	0	0	0	0	0	0	0	0	0	0	0	0	0	0	0	0	0	0	0	0	0	0	0	0	0	0	0	0	0	0	0	0	0	0	0	0	0	0	0	0	0	0	0	0	0	0	0	0	0	0	0	0	0	0	0	0	0	0	0	0	0	0	0	0	0	0	0	0	0	0	0	0	0	0	0	0	0	0	0	0	0	0	47	118	43	80	126	104	58	116	64	99
0	0	0	0	0	0	0	0	0	0	0	0	0	0	0	0	0	0	0	0	0	0	0	0	0	0	0	0	0	0	0	0	0	0	0	0	0	0	0	0	0	0	0	0	0	0	0	0	0	0	0	0	0	0	0	0	0	0	0	0	0	0	0	0	0	0	0	0	0	0	0	0	0	0	0	0	0	0	0	0	0	0	0	0	0	0	0	0	0	0	0	0	0	0	0	0	0	0	0	0	0	0	0	0	0	0	0	0	0	0	0	0	0	0	0	0	0	0	0	75	59	45	15	111	15	22	64	57
0	0	0	0	0	0	0	0	0	0	0	0	0	0	0	0	0	0	0	0	0	0	0	0	0	0	0	0	0	0	0	0	0	0	0	0	0	0	0	0	0	0	0	0	0	0	0	0	0	0	0	0	0	0	0	0	0	0	0	0	0	0	0	0	0	0	0	0	0	0	0	0	0	0	0	0	0	0	0	0	0	0	0	0	0	0	0	0	0	0	0	0	0	0	0	0	0	0	0	0	0	0	0	0	0	0	0	0	0	0	0	0	0	0	0	0	0	0	0	0	31	108	104	120	85	1	67	112
0	0	0	0	0	0	0	0	0	0	0	0	0	0	0	0	0	0	0	0	0	0	0	0	0	0	0	0	0	0	0	0	0	0	0	0	0	0	0	0	0	0	0	0	0	0	0	0	0	0	0	0	0	0	0	0	0	0	0	0	0	0	0	0	0	0	0	0	0	0	0	0	0	0	0	0	0	0	0	0	0	0	0	0	0	0	0	0	0	0	0	0	0	0	0	0	0	0	0	0	0	0	0	0	0	0	0	0	0	0	0	0	0	0	0	0	0	0	0	0	0	108	96	50	60	13	78	25
0	0	0	0	0	0	0	0	0	0	0	0	0	0	0	0	0	0	0	0	0	0	0	0	0	0	0	0	0	0	0	0	0	0	0	0	0	0	0	0	0	0	0	0	0	0	0	0	0	0	0	0	0	0	0	0	0	0	0	0	0	0	0	0	0	0	0	0	0	0	0	0	0	0	0	0	0	0	0	0	0	0	0	0	0	0	0	0	0	0	0	0	0	0	0	0	0	0	0	0	0	0	0	0	0	0	0	0	0	0	0	0	0	0	0	0	0	0	0	0	0	0	72	87	78	52	81	90
0	0	0	0	0	0	0	0	0	0	0	0	0	0	0	0	0	0	0	0	0	0	0	0	0	0	0	0	0	0	0	0	0	0	0	0	0	0	0	0	0	0	0	0	0	0	0	0	0	0	0	0	0	0	0	0	0	0	0	0	0	0	0	0	0	0	0	0	0	0	0	0	0	0	0	0	0	0	0	0	0	0	0	0	0	0	0	0	0	0	0	0	0	0	0	0	0	0	0	0	0	0	0	0	0	0	0	0	0	0	0	0	0	0	0	0	0	0	0	0	0	0	0	39	94	122	103	89
0	0	0	0	0	0	0	0	0	0	0	0	0	0	0	0	0	0	0	0	0	0	0	0	0	0	0	0	0	0	0	0	0	0	0	0	0	0	0	0	0	0	0	0	0	0	0	0	0	0	0	0	0	0	0	0	0	0	0	0	0	0	0	0	0	0	0	0	0	0	0	0	0	0	0	0	0	0	0	0	0	0	0	0	0	0	0	0	0	0	0	0	0	0	0	0	0	0	0	0	0	0	0	0	0	0	0	0	0	0	0	0	0	0	0	0	0	0	0	0	0	0	0	0	11	32	54	90
0	0	0	0	0	0	0	0	0	0	0	0	0	0	0	0	0	0	0	0	0	0	0	0	0	0	0	0	0	0	0	0	0	0	0	0	0	0	0	0	0	0	0	0	0	0	0	0	0	0	0	0	0	0	0	0	0	0	0	0	0	0	0	0	0	0	0	0	0	0	0	0	0	0	0	0	0	0	0	0	0	0	0	0	0	0	0	0	0	0	0	0	0	0	0	0	0	0	0	0	0	0	0	0	0	0	0	0	0	0	0	0	0	0	0	0	0	0	0	0	0	0	0	0	0	25	105	23
0	0	0	0	0	0	0	0	0	0	0	0	0	0	0	0	0	0	0	0	0	0	0	0	0	0	0	0	0	0	0	0	0	0	0	0	0	0	0	0	0	0	0	0	0	0	0	0	0	0	0	0	0	0	0	0	0	0	0	0	0	0	0	0	0	0	0	0	0	0	0	0	0	0	0	0	0	0	0	0	0	0	0	0	0	0	0	0	0	0	0	0	0	0	0	0	0	0	0	0	0	0	0	0	0	0	0	0	0	0	0	0	0	0	0	0	0	0	0	0	0	0	0	0	0	0	8	117
0	0	0	0	0	0	0	0	0	0	0	0	0	0	0	0	0	0	0	0	0	0	0	0	0	0	0	0	0	0	0	0	0	0	0	0	0	0	0	0	0	0	0	0	0	0	0	0	0	0	0	0	0	0	0	0	0	0	0	0	0	0	0	0	0	0	0	0	0	0	0	0	0	0	0	0	0	0	0	0	0	0	0	0	0	0	0	0	0	0	0	0	0	0	0	0	0	0	0	0	0	0	0	0	0	0	0	0	0	0	0	0	0	0	0	0	0	0	0	0	0	0	0	0	0	0	0	102
0	0	0	0	0	0	0	0	0	0	0	0	0	0	0	0	0	0	0	0	0	0	0	0	0	0	0	0	0	0	0	0	0	0	0	0	0	0	0	0	0	0	0	0	0	0	0	0	0	0	0	0	0	0	0	0	0	0	0	0	0	0	0	0	0	0	0	0	0	0	0	0	0	0	0	0	0	0	0	0	0	0	0	0	0	0	0	0	0	0	0	0	0	0	0	0	0	0	0	0	0	0	0	0	0	0	0	0	0	0	0	0	0	0	0	0	0	0	0	0	0	0	0	0	0	0	0	0