0	44	120	82	9	91	80	4	99	38	70	42	96	106	44	21	121	86	94	53	85	113	17	69	74	15	100	68	125	53	68	89	112	94	107	62	26	13	15	41	57	38	37	52	118	105	83	95	29	64	112	82	91	13	46	90	97	4	84	19	61	16	29	68	75	40	39	106	126	67	109	40	14	81	118	64	9	74	33	99	95	19	103	95	83	26	39	98	9	104	101	28	46	6	123	76	97	108	34	122	13	86	106	107	110	98	38	111	34	76	89	91	71	95	88	57	62	69	110	99	66	121	1	29	56	105	50	65
0	0	70	115	79	128	115	56	74	109	127	102	86	74	26	91	38	71	79	7	33	90	90	72	101	102	123	65	60	71	112	19	117	34	74	13	124	87	92	114	38	119	80	50	106	42	84	33	54	121	85	12	14	8	30	90	65	99	92	39	22	127	54	29	73	116	10	56	128	40	52	76	125	85	124	35	10	107	67	94	28	55	47	123	33	79	80	67	6	48	75	24	97	55	92	77	109	52	98	114	57	100	27	51	82	106	2	124	81	86	77	26	13	47	63	73	67	121	20	99	90	34	122	119	25	26	110	34
0	0	0	29	56	101	103	52	102	10	62	23	113	112	59	41	128	105	42	100	96	125	107	25	71	8	11	93	99	76	105	60	9	18	115	86	44	26	54	91	70	4	63	120	48	27	4	69	103	122	92	3	124	97	120	99	112	63	45	14	96	4	27	104	87	25	65	51	3	119	40	56	71	95	112	76	73	80	65	101	95	8	63	93	102	121	44	21	89	42	84	37	9	40	100	123	16	93	70	20	85	118	22	74	27	73	38	38	107	39	89	88	75	67	107	23	20	57	26	79	11	127	82	124	69	95	115	64
0	0	0	0	23	21	52	118	29	109	15	73	72	108	26	87	74	7	72	57	121	35	8	69	56	65	32	35	1	52	33	7	32	71	81	87	60	29	18	68	35	106	77	82	40	119	71	50	107	1	106	64	37	108	106	85	54	22	17	28	70	69	128	43	67	122	119	53	90	118	73	7	122	6	98	37	126	24	111	27	16	68	15	93	40	36	32	78	26	59	123	69	23	54	104	110	40	50	99	106	58	26	14	97	45	28	49	1	24	89	52	6	121	96	46	53	5	45	124	73	55	16	32	103	12	54	100	57
0	0	0	0	0	67	75	48	22	118	75	24	10	8	109	5	54	104	96	22	86	80	59	108	122	22	11	70	53	3	8	23	22	75	92	125	80	117	104	15	107	92	72	117	91	74	97	125	52	91	19	9	69	124	79	123	44	25	121	74	81	53	90	18	71	23	69	105	9	72	35	56	92	16	91	123	43	103	65	46	64	80	17	98	50	62	115	105	4	27	67	54	62	43	84	32	98	49	118	1	112	91	63	119	114	94	123	2	102	52	31	82	114	36	78	101	60	43	59	12	41	69	55	6	127	115	118	47
0	0	0	0	0	0	94	106	106	24	28	60	82	99	39	61	1	54	96	66	76	40	34	121	69	108	51	128	93	116	87	45	100	43	38	85	62	58	78	54	103	9	29	90	104	101	2	35	86	80	42	42	101	124	117	107	20	50	101	79	43	121	88	126	20	55	91	115	27	21	113	56	63	111	76	103	121	34	107	66	82	53	47	115	112	88	13	85	127	99	51	73	75	60	76	6	38	80	96	76	81	18	110	31	39	68	84	3	77	109	60	56	84	77	121	123	12	39	97	48	45	47	53	123	12	84	54	124
0	0	0	0	0	0	0	1	45	37	68	48	51	118	88	93	93	116	119	24	55	36	26	86	107	74	54	125	48	1	81	62	70	115	91	13	73	109	123	26	97	21	75	31	93	35	61	77	110	95	24	3	35	22	87	116	101	15	21	127	10	10	120	77	97	88	64	10	42	43	32	106	53	56	101	19	30	94	98	32	93	68	18	111	99	83	85	70	20	80	126	50	53	116	94	116	100	128	105	64	66	50	115	14	61	13	20	98	100	51	80	125	44	76	6	125	88	114	67	47	53	63	96	43	49	29	118	88
0	0	0	0	0	0	0	0	109	15	79	69	51	51	127	1	70	36	108	6	48	105	44	104	120	38	36	74	125	90	39	104	125	60	38	40	113	62	34	36	33	26	51	4	48	41	77	32	86	102	30	102	106	17	30	3	14	68	94	99	97	100	47	127	114	35	2	89	86	20	105	4	100	59	97	6	19	31	7	97	108	85	68	122	95	61	64	54	80	24	2	26	23	8	81	116	15	19	18	114	79	9	125	65	56	114	16	15	30	21	122	101	82	114	127	78	8	47	44	101	43	22	9	71	72	70	15	122
0	0	0	0	0	0	0	0	0	1	3	100	29	53	110	84	2	116	90	92	55	14	127	122	99	74	68	121	12	88	127	58	53	117	34	65	4	8	120	126	117	51	99	99	82	91	60	44	115	13	61	37	100	50	33	36	94	73	33	47	126	125	38	43	71	35	78	120	1	118	88	113	21	66	3	41	80	79	112	108	128	80	47	9	83	96	63	82	38	43	82	16	79	24	114	99	102	49	15	9	94	109	28	26	38	83	65	91	55	75	72	63	9	118	26	21	111	67	84	125	126	69	7	121	57	21	36	66
0	0	0	0	0	0	0	0	0	0	128	125	120	91	83	66	56	71	66	77	34	88	6	127	116	2	61	29	75	79	97	52	36	49	118	24	96	3	83	119	81	37	119	32	57	84	100	87	99	95	97	109	3	42	42	89	6	42	105	46	48	53	112	120	56	95	60	100	20	117	82	5	124	74	107	65	125	67	9	5	48	91	35	22	71	42	110	46	87	57	86	126	57	71	14	126	85	4	54	55	71	126	124	68	88	117	30	42	96	65	95	125	48	107	21	104	43	87	127	42	109	108	22	16	45	80	32	74
0	0	0	0	0	0	0	0	0	0	0	33	20	94	5	54	76	79	27	80	87	124	113	124	113	36	120	19	15	40	48	27	8	84	2	110	119	68	101	22	74	79	93	102	39	116	122	49	33	37	98	79	69	41	29	115	93	96	1	25	44	50	108	94	18	61	123	55	71	16	20	10	63	2	68	111	80	120	52	14	72	111	88	11	118	77	86	92	118	121	38	79	59	45	3	31	110	54	120	53	112	31	121	54	89	12	26	55	30	91	84	110	68	87	118	74	78	51	69	114	14	114	49	111	27	67	49	123
0	0	0	0	0	0	0	0	0	0	0	0	13	53	47	43	37	91	71	101	77	32	25	39	49	117	124	25	29	123	108	25	122	69	19	126	79	122	64	17	33	27	125	113	38	27	38	124	52	118	39	14	103	40	76	97	73	10	91	50	54	123	52	37	81	40	70	48	126	40	114	68	30	122	82	60	53	120	14	93	45	42	40	77	10	4	80	68	78	24	63	31	101	45	90	70	43	33	69	102	105	25	3	18	33	71	19	122	86	29	15	70	10	69	23	119	92	78	8	62	91	13	2	19	26	80	116	18
0	0	0	0	0	0	0	0	0	0	0	0	0	13	83	56	54	50	49	73	13	22	81	84	101	99	58	91	92	22	108	86	105	53	26	9	108	36	91	126	53	87	128	61	26	118	97	68	28	100	116	119	97	8	79	110	117	71	20	107	100	73	82	112	67	18	36	55	26	34	1	7	91	19	126	105	40	57	46	10	122	20	3	75	11	63	76	46	87	69	55	21	52	50	17	61	101	119	113	101	116	32	120	15	10	69	18	20	94	16	9	11	19	72	29	107	106	91	103	4	112	105	114	105	7	82	6	116
0	0	0	0	0	0	0	0	0	0	0	0	0	0	56	105	18	109	19	88	55	85	14	59	7	110	95	8	38	109	118	115	110	121	47	48	28	119	59	42	46	51	19	126	73	16	17	89	34	49	68	58	30	110	98	63	5	120	13	44	94	33	99	65	73	13	108	18	116	46	87	52	5	121	83	4	2	6	6	59	109	64	85	107	77	116	88	17	22	54	2	59	66	56	115	59	75	33	52	51	39	81	64	103	106	97	110	87	67	117	89	64	77	126	18	32	29	85	13	23	49	69	118	122	64	54	12	113
0	0	0	0	0	0	0	0	0	0	0	0	0	0	0	98	92	34	43	124	9	44	107	61	68	18	96	35	84	5	108	58	68	126	115	17	63	37	62	125	40	64	9	26	15	25	14	16	20	125	85	98	81	98	7	28	31	102	79	89	54	33	72	106	35	127	125	62	117	121	87	1	36	104	40	16	111	46	109	30	101	87	6	85	104	9	30	6	42	56	11	122	52	23	47	116	34	56	64	40	58	79	115	17	26	52	123	96	95	14	74	64	20	49	50	78	106	120	100	46	100	126	65	125	23	82	30	107
0	0	0	0	0	0	0	0	0	0	0	0	0	0	0	0	43	49	14	105	75	123	79	37	60	99	106	122	24	75	29	1	54	63	12	119	20	20	42	79	70	65	108	56	37	43	73	102	70	99	1	25	56	85	126	79	10	4	42	105	52	67	73	19	102	101	76	8	86	20	126	93	66	18	43	49	85	50	46	14	95	125	66	103	50	77	78	64	19	66	97	81	97	66	113	111	49	68	100	65	100	38	123	42	14	83	34	8	87	12	115	34	112	79	13	43	70	92	115	117	84	50	5	64	82	78	23	45
0	0	0	0	0	0	0	0	0	0	0	0	0	0	0	0	0	114	119	35	25	1	67	90	95	36	1	40	53	55	64	33	81	9	38	126	29	80	18	9	76	49	5	25	88	83	90	90	126	52	74	96	38	3	123	13	54	47	12	120	38	102	56	76	125	67	37	61	108	42	94	97	60	103	58	38	35	128	113	46	65	81	34	105	101	16	126	127	59	49	19	28	96	128	93	36	22	88	37	6	75	51	41	29	10	89	79	81	121	24	76	88	87	38	87	122	8	78	96	23	1	126	51	55	89	110	35	14
0	0	0	0	0	0	0	0	0	0	0	0	0	0	0	0	0	0	89	35	71	92	58	53	87	83	124	27	93	90	104	88	104	37	113	29	125	28	93	24	109	30	113	119	90	78	29	114	40	35	44	7	102	128	114	94	48	31	14	104	94	85	120	119	127	42	65	88	13	41	21	123	105	101	41	10	90	44	103	71	77	113	21	68	125	63	87	83	51	59	76	40	20	66	100	90	111	33	18	61	26	55	35	15	26	43	30	33	78	35	26	47	95	24	6	113	50	115	62	35	101	80	102	7	91	18	123	80
0	0	0	0	0	0	0	0	0	0	0	0	0	0	0	0	0	0	0	40	100	18	18	27	15	67	109	111	46	67	20	57	91	106	49	101	103	121	23	48	85	7	78	82	24	128	35	45	59	96	57	116	103	73	108	54	9	1	12	30	96	86	58	80	60	57	99	88	14	58	127	42	95	74	31	4	122	58	5	20	93	5	48	67	18	2	69	94	43	114	47	119	93	3	124	24	127	98	33	33	41	55	70	19	9	121	33	1	75	47	99	33	19	88	67	106	94	22	97	88	16	115	116	120	120	23	54	16
0	0	0	0	0	0	0	0	0	0	0	0	0	0	0	0	0	0	0	0	92	54	126	41	3	54	19	115	13	103	25	47	30	38	25	20	95	108	79	76	73	33	50	72	47	85	75	111	43	3	112	54	117	28	34	21	27	112	43	74	62	65	80	13	88	12	21	117	42	9	81	128	13	48	94	65	101	5	42	91	5	112	127	45	59	35	122	119	120	22	115	9	84	46	45	41	43	43	13	125	82	71	74	46	61	114	60	46	82	97	77	79	13	52	63	29	20	100	80	103	3	25	12	83	108	125	93	49
0	0	0	0	0	0	0	0	0	0	0	0	0	0	0	0	0	0	0	0	0	112	111	73	15	9	37	48	88	61	18	113	99	63	72	127	97	80	78	71	76	115	70	35	68	79	114	102	40	64	119	93	89	76	106	74	67	47	97	41	115	45	15	117	34	87	105	51	112	10	45	35	66	40	96	79	123	46	71	93	59	128	7	1	57	52	27	12	67	21	111	127	73	87	21	78	16	89	107	26	109	61	6	119	86	73	89	112	81	63	41	25	50	118	37	17	106	121	35	17	19	62	68	54	89	120	30	24
0	0	0	0	0	0	0	0	0	0	0	0	0	0	0	0	0	0	0	0	0	0	2	12	49	18	51	35	115	88	77	4	64	52	59	60	57	18	52	11	17	3	95	110	53	19	19	12	101	33	80	120	103	32	56	115	84	126	10	123	89	105	24	71	121	65	89	125	106	92	6	77	88	123	48	16	49	125	103	30	62	38	42	127	62	33	102	6	90	42	20	104	98	73	55	52	70	120	62	1	2	15	78	79	102	76	124	69	1	92	14	8	30	61	19	85	83	89	72	13	44	35	64	122	68	114	9	57
0	0	0	0	0	0	0	0	0	0	0	0	0	0	0	0	0	0	0	0	0	0	0	18	54	44	122	20	7	125	124	61	106	58	67	127	108	105	59	119	113	25	73	85	110	89	15	75	107	82	126	24	23	60	41	76	12	27	4	46	6	90	36	110	66	28	101	6	106	89	10	102	59	88	126	86	39	73	122	15	15	57	60	60	90	122	8	54	37	3	93	39	73	19	120	123	38	50	7	100	6	61	71	104	65	122	69	111	9	57	53	103	51	76	75	41	20	76	81	125	30	57	105	108	9	77	69	64
0	0	0	0	0	0	0	0	0	0	0	0	0	0	0	0	0	0	0	0	0	0	0	0	98	5	126	5	124	2	36	123	112	23	73	63	114	75	85	81	117	39	98	29	21	106	56	41	77	32	127	78	17	44	13	93	60	105	6	128	80	84	20	128	8	107	127	39	26	122	42	1	41	35	46	95	74	51	20	120	55	123	113	28	17	73	94	89	17	7	111	77	29	16	76	84	31	31	22	37	72	97	109	55	67	127	31	75	18	12	34	36	12	125	101	28	15	63	12	124	128	86	111	106	64	127	1	29
0	0	0	0	0	0	0	0	0	0	0	0	0	0	0	0	0	0	0	0	0	0	0	0	0	109	54	6	97	10	36	14	23	9	102	45	70	42	19	94	104	55	35	100	32	40	82	67	17	90	5	84	78	127	71	11	68	63	113	15	67	68	73	72	1	90	67	69	25	66	124	37	7	10	4	57	69	29	44	4	13	6	85	36	59	95	79	55	124	15	59	11	51	94	104	97	115	81	6	82	102	22	71	34	106	77	77	12	105	7	43	98	82	31	41	102	118	70	66	89	104	62	126	103	3	109	10	29
0	0	0	0	0	0	0	0	0	0	0	0	0	0	0	0	0	0	0	0	0	0	0	0	0	0	68	17	67	43	32	12	19	6	88	1	106	19	53	1	70	98	46	32	66	80	108	7	7	104	89	88	30	70	12	83	12	49	71	122	58	28	72	69	105	73	82	123	50	105	19	105	92	4	94	2	119	99	104	112	25	73	127	78	55	101	110	60	24	98	3	67	82	89	52	19	20	52	23	76	124	16	120	112	61	78	119	33	75	98	80	101	83	53	104	87	107	26	99	31	124	25	49	120	11	79	105	108
0	0	0	0	0	0	0	0	0	0	0	0	0	0	0	0	0	0	0	0	0	0	0	0	0	0	0	75	61	77	102	84	43	20	2	6	21	77	81	28	45	92	18	17	102	80	73	88	71	70	108	54	104	52	127	6	122	96	102	23	101	42	121	105	92	108	81	20	103	79	79	28	108	123	63	122	113	101	60	95	125	114	7	33	76	24	89	72	55	94	38	57	125	85	125	107	56	122	88	103	80	82	82	8	102	74	66	42	81	85	86	19	107	126	123	14	45	3	126	45	118	41	87	45	38	125	102	114
0	0	0	0	0	0	0	0	0	0	0	0	0	0	0	0	0	0	0	0	0	0	0	0	0	0	0	0	31	97	12	124	24	34	82	34	13	69	44	17	100	44	28	57	12	13	85	85	15	46	82	107	64	22	127	86	48	12	17	101	36	96	127	75	39	23	50	73	90	103	116	54	118	5	11	106	126	20	110	90	89	60	115	56	124	85	111	114	75	14	60	3	112	87	52	4	23	103	96	30	115	116	16	70	100	90	14	104	53	110	46	52	63	38	73	52	113	127	8	29	76	87	18	5	47	97	26	105
0	0	0	0	0	0	0	0	0	0	0	0	0	0	0	0	0	0	0	0	0	0	0	0	0	0	0	0	0	94	38	117	67	110	89	91	114	67	71	28	72	106	91	69	84	57	96	90	25	55	71	16	104	50	91	86	9	127	56	22	8	59	12	81	113	37	50	11	7	64	119	125	12	101	52	60	34	5	60	98	48	45	58	56	15	22	53	49	100	29	91	17	6	9	27	88	74	99	61	12	38	26	21	86	65	19	20	3	9	89	127	95	125	109	49	21	87	85	108	64	87	127	53	5	58	107	26	1
0	0	0	0	0	0	0	0	0	0	0	0	0	0	0	0	0	0	0	0	0	0	0	0	0	0	0	0	0	0	69	116	49	11	37	49	62	23	2	100	102	17	103	92	110	42	105	50	53	5	104	80	74	7	115	21	117	120	52	114	67	29	21	68	18	51	116	27	63	117	126	116	22	87	42	12	114	110	24	105	43	42	61	19	10	52	19	117	95	34	64	77	72	28	24	81	79	4	112	73	11	91	9	90	47	28	67	50	110	20	61	79	64	5	80	95	127	90	15	128	19	27	12	48	112	53	123	37
0	0	0	0	0	0	0	0	0	0	0	0	0	0	0	0	0	0	0	0	0	0	0	0	0	0	0	0	0	0	0	1	58	21	103	84	70	84	58	96	116	89	9	49	114	43	128	11	109	23	79	125	73	15	2	15	49	34	99	124	62	71	35	39	1	107	95	21	43	49	118	36	128	124	56	36	3	118	128	111	27	85	18	101	118	114	62	40	53	16	66	104	43	26	47	88	71	125	105	43	40	112	39	83	24	93	119	16	7	16	69	110	21	114	107	46	65	112	13	62	58	97	56	108	62	95	37	51
0	0	0	0	0	0	0	0	0	0	0	0	0	0	0	0	0	0	0	0	0	0	0	0	0	0	0	0	0	0	0	0	116	67	100	76	1	30	90	40	127	24	103	101	23	97	24	12	128	31	95	75	58	63	66	30	66	34	72	8	33	31	81	80	35	11	54	109	83	9	2	17	107	108	5	121	58	43	11	93	76	62	118	35	58	92	44	93	5	34	92	36	102	1	96	25	15	74	47	109	15	106	68	85	91	23	53	33	85	108	120	61	115	119	14	17	20	57	28	57	63	123	28	104	16	22	69	113
0	0	0	0	0	0	0	0	0	0	0	0	0	0	0	0	0	0	0	0	0	0	0	0	0	0	0	0	0	0	0	0	0	19	102	98	41	56	13	2	95	93	48	62	85	92	77	16	113	127	27	118	78	3	96	113	26	118	70	30	64	82	77	70	5	67	6	33	74	8	79	128	19	103	9	109	55	14	57	106	53	97	101	110	73	67	94	84	48	95	90	103	17	124	80	90	10	41	12	16	120	24	2	56	117	84	80	92	11	34	76	4	14	106	89	11	91	82	52	18	83	104	42	37	70	72	67	112
0	0	0	0	0	0	0	0	0	0	0	0	0	0	0	0	0	0	0	0	0	0	0	0	0	0	0	0	0	0	0	0	0	0	47	1	106	10	21	3	10	22	101	18	122	26	78	56	17	69	9	106	61	110	118	73	45	111	35	102	26	125	1	69	2	65	71	26	60	34	6	34	25	54	123	1	3	90	67	24	128	28	27	73	95	8	28	34	31	56	80	97	28	8	97	121	29	93	33	84	118	35	81	55	17	94	18	104	90	118	19	81	68	29	5	113	123	86	38	6	60	126	101	108	115	126	30	23
0	0	0	0	0	0	0	0	0	0	0	0	0	0	0	0	0	0	0	0	0	0	0	0	0	0	0	0	0	0	0	0	0	0	0	67	29	12	87	87	91	52	91	65	88	120	46	14	41	83	43	63	123	75	70	92	114	52	69	4	111	37	78	77	70	36	83	113	93	41	21	72	98	39	86	22	124	31	7	33	26	78	67	34	99	26	86	49	7	22	104	81	114	26	128	116	108	49	50	64	25	96	15	36	111	126	34	49	46	3	58	79	57	74	112	27	34	114	52	91	93	60	43	105	78	83	71	39
0	0	0	0	0	0	0	0	0	0	0	0	0	0	0	0	0	0	0	0	0	0	0	0	0	0	0	0	0	0	0	0	0	0	0	0	2	128	13	49	39	99	85	25	20	62	4	83	3	103	122	15	20	126	19	43	80	88	125	41	42	16	122	63	67	78	28	5	119	10	108	91	58	85	56	6	72	121	56	93	43	116	36	9	104	102	106	118	126	84	92	90	12	26	86	87	64	103	110	127	100	83	24	48	113	25	54	83	4	6	8	64	97	10	86	85	77	53	14	37	15	63	113	49	118	121	127	26
0	0	0	0	0	0	0	0	0	0	0	0	0	0	0	0	0	0	0	0	0	0	0	0	0	0	0	0	0	0	0	0	0	0	0	0	0	123	127	61	50	116	24	106	52	70	124	22	28	22	55	94	91	32	128	36	19	72	33	11	10	79	82	92	19	11	49	107	19	8	75	98	3	32	97	10	43	80	57	72	67	62	5	114	17	71	43	32	109	68	94	114	116	90	122	118	49	23	43	117	123	80	2	123	2	101	121	5	17	39	64	128	1	90	73	82	38	93	107	10	95	69	76	12	107	47	1	51
0	0	0	0	0	0	0	0	0	0	0	0	0	0	0	0	0	0	0	0	0	0	0	0	0	0	0	0	0	0	0	0	0	0	0	0	0	0	22	43	117	54	73	79	62	5	88	86	105	104	57	36	116	47	6	40	45	107	50	36	73	87	62	116	65	63	98	110	8	10	16	127	101	128	10	97	30	12	121	59	68	63	35	82	17	52	116	52	93	87	62	71	70	38	8	102	58	86	34	94	10	69	30	86	2	6	56	108	67	62	29	81	103	35	86	1	112	112	103	10	100	24	126	118	85	2	119	19
0	0	0	0	0	0	0	0	0	0	0	0	0	0	0	0	0	0	0	0	0	0	0	0	0	0	0	0	0	0	0	0	0	0	0	0	0	0	0	2	30	81	96	51	89	68	12	114	109	62	32	93	13	101	6	28	109	110	26	34	83	66	48	92	41	52	119	47	128	73	79	24	62	39	8	59	106	10	1	89	80	60	52	19	27	25	21	37	73	83	3	101	95	9	103	39	50	57	67	122	97	56	38	109	41	42	29	59	64	118	94	103	8	20	24	18	59	7	4	92	36	50	34	25	117	86	47	92
0	0	0	0	0	0	0	0	0	0	0	0	0	0	0	0	0	0	0	0	0	0	0	0	0	0	0	0	0	0	0	0	0	0	0	0	0	0	0	0	3	91	110	43	96	107	56	48	74	44	111	102	64	62	106	54	69	36	85	66	33	49	126	62	87	128	117	110	35	98	37	93	123	125	14	47	22	113	58	46	116	54	22	53	49	111	119	128	55	8	46	44	49	38	67	16	31	5	124	5	86	54	55	88	40	27	113	24	108	117	59	101	117	46	47	37	3	115	34	71	63	50	11	32	38	35	54	3
0	0	0	0	0	0	0	0	0	0	0	0	0	0	0	0	0	0	0	0	0	0	0	0	0	0	0	0	0	0	0	0	0	0	0	0	0	0	0	0	0	26	73	68	100	109	90	81	92	8	48	71	69	65	124	120	57	26	95	58	124	53	6	54	49	91	77	27	8	45	97	85	38	11	97	20	60	75	24	23	12	103	67	11	18	6	16	128	104	100	82	44	17	45	105	105	116	126	66	68	85	24	90	78	128	100	80	103	44	66	37	39	41	48	97	13	4	16	115	4	67	17	88	63	59	63	125	27
0	0	0	0	0	0	0	0	0	0	0	0	0	0	0	0	0	0	0	0	0	0	0	0	0	0	0	0	0	0	0	0	0	0	0	0	0	0	0	0	0	0	84	127	36	119	20	24	22	95	46	26	46	78	72	106	78	94	51	110	65	103	42	71	75	23	123	8	54	3	83	73	46	32	6	64	51	72	27	117	42	34	71	119	27	95	79	119	107	77	45	63	119	41	61	21	30	8	120	104	72	78	42	124	34	102	4	39	76	93	70	120	42	112	59	89	120	49	9	91	16	41	4	83	83	104	70	94
0	0	0	0	0	0	0	0	0	0	0	0	0	0	0	0	0	0	0	0	0	0	0	0	0	0	0	0	0	0	0	0	0	0	0	0	0	0	0	0	0	0	0	106	58	52	101	10	102	104	19	110	63	22	32	66	86	124	20	101	110	23	61	116	65	113	84	77	74	33	40	16	112	41	17	119	124	2	15	45	44	90	85	35	92	99	80	35	37	60	46	30	22	90	91	86	16	24	65	77	30	36	89	61	106	7	67	61	78	52	99	104	85	128	76	81	94	92	95	66	112	51	98	48	68	63	125	69
0	0	0	0	0	0	0	0	0	0	0	0	0	0	0	0	0	0	0	0	0	0	0	0	0	0	0	0	0	0	0	0	0	0	0	0	0	0	0	0	0	0	0	0	93	28	24	92	25	81	36	107	111	68	81	83	53	43	120	85	124	124	113	117	68	73	49	33	20	17	119	16	5	89	95	11	114	13	125	52	87	11	21	6	122	65	20	114	48	68	101	120	80	118	58	19	30	8	128	79	56	51	79	12	81	103	53	23	45	75	59	81	15	7	66	63	77	21	33	96	40	90	19	54	30	97	67	12
0	0	0	0	0	0	0	0	0	0	0	0	0	0	0	0	0	0	0	0	0	0	0	0	0	0	0	0	0	0	0	0	0	0	0	0	0	0	0	0	0	0	0	0	0	1	98	96	41	38	51	94	90	110	121	122	36	107	112	10	46	96	120	70	88	3	91	80	123	30	102	63	107	120	97	105	27	127	41	16	29	68	6	75	28	23	35	59	128	88	101	57	32	21	38	80	91	47	115	42	94	29	121	88	75	68	51	1	10	18	117	4	2	85	66	33	70	16	8	32	126	87	47	68	77	99	20	41
0	0	0	0	0	0	0	0	0	0	0	0	0	0	0	0	0	0	0	0	0	0	0	0	0	0	0	0	0	0	0	0	0	0	0	0	0	0	0	0	0	0	0	0	0	0	128	124	45	7	42	123	47	20	87	39	106	15	39	6	97	60	66	114	48	48	40	102	59	123	93	51	15	3	63	39	68	52	24	79	24	76	97	93	10	114	59	56	37	54	23	59	54	112	95	45	99	41	92	78	81	17	83	37	42	89	122	11	88	111	89	54	81	69	118	13	30	75	20	115	106	98	9	116	55	128	43	7
0	0	0	0	0	0	0	0	0	0	0	0	0	0	0	0	0	0	0	0	0	0	0	0	0	0	0	0	0	0	0	0	0	0	0	0	0	0	0	0	0	0	0	0	0	0	0	52	82	46	53	63	76	112	37	116	119	25	42	107	111	91	117	39	53	8	94	101	76	63	42	35	53	19	39	92	40	123	10	110	98	124	91	51	30	119	87	91	36	54	75	37	54	29	117	122	66	128	41	32	89	56	46	85	33	126	127	115	84	32	73	47	29	76	122	3	123	54	15	119	30	12	113	12	81	93	42	109
0	0	0	0	0	0	0	0	0	0	0	0	0	0	0	0	0	0	0	0	0	0	0	0	0	0	0	0	0	0	0	0	0	0	0	0	0	0	0	0	0	0	0	0	0	0	0	0	8	91	37	66	13	61	44	51	63	90	75	43	96	28	2	121	96	47	56	89	111	64	62	12	29	56	109	79	79	39	113	68	47	18	119	49	120	19	121	78	125	8	104	18	11	128	55	73	120	7	111	81	60	93	4	57	103	124	60	65	117	108	125	92	49	68	79	7	65	84	76	80	74	101	45	10	76	88	48	70
0	0	0	0	0	0	0	0	0	0	0	0	0	0	0	0	0	0	0	0	0	0	0	0	0	0	0	0	0	0	0	0	0	0	0	0	0	0	0	0	0	0	0	0	0	0	0	0	0	115	51	30	70	105	104	112	109	31	89	14	14	103	87	16	105	91	29	55	29	66	50	5	89	104	77	85	37	26	127	64	61	70	8	60	28	68	37	90	18	37	126	23	10	108	31	117	26	124	30	53	119	23	44	28	75	64	115	72	25	120	46	84	6	104	98	25	69	56	53	66	93	3	111	68	102	20	116	47
0	0	0	0	0	0	0	0	0	0	0	0	0	0	0	0	0	0	0	0	0	0	0	0	0	0	0	0	0	0	0	0	0	0	0	0	0	0	0	0	0	0	0	0	0	0	0	0	0	0	97	98	27	32	76	93	112	61	96	2	74	58	98	9	14	16	57	113	45	126	62	117	111	50	87	94	4	43	82	20	14	11	112	69	14	117	121	70	22	126	49	24	84	27	16	49	47	80	106	43	107	76	61	26	81	17	8	32	5	63	123	102	89	1	19	128	85	94	68	114	97	5	125	79	127	47	95	28
0	0	0	0	0	0	0	0	0	0	0	0	0	0	0	0	0	0	0	0	0	0	0	0	0	0	0	0	0	0	0	0	0	0	0	0	0	0	0	0	0	0	0	0	0	0	0	0	0	0	0	53	82	8	97	3	48	88	23	79	38	56	51	107	89	123	48	92	47	76	28	64	51	73	49	54	67	37	68	19	128	64	108	3	82	114	42	18	67	35	25	42	1	29	108	77	90	70	128	21	50	26	55	7	13	51	112	54	81	31	103	106	4	46	10	95	97	25	83	74	34	23	95	106	36	103	88	114
0	0	0	0	0	0	0	0	0	0	0	0	0	0	0	0	0	0	0	0	0	0	0	0	0	0	0	0	0	0	0	0	0	0	0	0	0	0	0	0	0	0	0	0	0	0	0	0	0	0	0	0	115	126	3	43	19	33	97	21	35	121	39	92	26	128	103	75	23	49	76	91	65	39	11	5	3	62	105	99	74	15	30	111	35	51	99	83	123	85	76	109	103	110	2	94	92	77	89	6	78	60	49	115	124	48	10	24	52	45	23	91	22	113	27	102	98	89	101	79	47	63	21	54	84	94	9	83
0	0	0	0	0	0	0	0	0	0	0	0	0	0	0	0	0	0	0	0	0	0	0	0	0	0	0	0	0	0	0	0	0	0	0	0	0	0	0	0	0	0	0	0	0	0	0	0	0	0	0	0	0	36	118	49	14	33	95	43	19	45	86	27	23	39	45	14	86	99	49	1	85	118	105	86	31	115	65	76	50	91	28	75	70	7	63	36	68	124	58	54	1	125	112	16	106	85	9	1	40	18	48	127	48	21	14	58	114	79	83	32	44	77	46	2	63	123	121	96	67	77	61	88	5	77	28	121
0	0	0	0	0	0	0	0	0	0	0	0	0	0	0	0	0	0	0	0	0	0	0	0	0	0	0	0	0	0	0	0	0	0	0	0	0	0	0	0	0	0	0	0	0	0	0	0	0	0	0	0	0	0	80	62	66	41	31	76	60	87	7	56	2	61	58	97	83	120	35	95	124	58	100	50	18	81	84	98	45	22	6	61	61	24	2	28	113	70	36	5	69	37	93	26	3	18	53	4	3	60	47	85	1	124	31	38	58	43	115	6	7	127	6	10	90	123	41	83	127	11	13	110	5	105	11	49
0	0	0	0	0	0	0	0	0	0	0	0	0	0	0	0	0	0	0	0	0	0	0	0	0	0	0	0	0	0	0	0	0	0	0	0	0	0	0	0	0	0	0	0	0	0	0	0	0	0	0	0	0	0	0	75	53	44	124	40	10	49	14	45	45	8	36	55	26	59	46	69	23	110	69	123	102	20	28	24	73	124	73	33	10	1	22	103	20	84	113	29	86	109	98	17	115	121	43	117	101	103	66	102	25	52	107	79	5	16	37	51	123	2	4	14	68	66	110	120	6	10	101	75	65	94	47	17
0	0	0	0	0	0	0	0	0	0	0	0	0	0	0	0	0	0	0	0	0	0	0	0	0	0	0	0	0	0	0	0	0	0	0	0	0	0	0	0	0	0	0	0	0	0	0	0	0	0	0	0	0	0	0	0	101	117	14	128	127	104	63	79	91	98	126	70	97	63	44	89	89	95	103	76	15	24	45	43	100	113	39	99	92	113	58	56	14	96	62	22	30	29	10	86	90	63	27	9	35	95	87	40	41	97	89	62	112	5	46	121	17	24	27	79	88	77	73	103	22	114	46	7	122	114	112	83
0	0	0	0	0	0	0	0	0	0	0	0	0	0	0	0	0	0	0	0	0	0	0	0	0	0	0	0	0	0	0	0	0	0	0	0	0	0	0	0	0	0	0	0	0	0	0	0	0	0	0	0	0	0	0	0	0	67	73	55	77	122	39	73	58	116	31	37	94	126	113	83	89	78	108	102	117	73	45	97	94	40	9	120	29	12	104	110	33	60	103	115	13	16	76	124	127	26	30	10	106	125	40	85	55	67	118	101	82	118	56	128	65	90	80	38	108	68	75	68	33	80	22	86	11	121	103	108
0	0	0	0	0	0	0	0	0	0	0	0	0	0	0	0	0	0	0	0	0	0	0	0	0	0	0	0	0	0	0	0	0	0	0	0	0	0	0	0	0	0	0	0	0	0	0	0	0	0	0	0	0	0	0	0	0	0	37	33	79	89	124	7	117	41	68	54	89	122	70	66	44	14	52	33	43	127	30	7	118	13	62	82	60	44	52	26	66	29	107	42	60	15	90	91	10	56	46	9	9	110	60	65	73	60	4	9	77	35	21	124	57	11	101	103	18	118	90	23	94	95	86	7	39	33	112	118
0	0	0	0	0	0	0	0	0	0	0	0	0	0	0	0	0	0	0	0	0	0	0	0	0	0	0	0	0	0	0	0	0	0	0	0	0	0	0	0	0	0	0	0	0	0	0	0	0	0	0	0	0	0	0	0	0	0	0	3	83	81	87	28	17	48	53	106	91	123	77	107	80	11	19	79	103	25	1	108	63	26	8	1	118	32	20	107	74	15	125	62	23	34	26	46	20	120	46	61	81	57	99	113	123	109	120	67	29	53	4	16	85	45	50	92	36	1	84	108	125	71	54	66	72	63	20	92
0	0	0	0	0	0	0	0	0	0	0	0	0	0	0	0	0	0	0	0	0	0	0	0	0	0	0	0	0	0	0	0	0	0	0	0	0	0	0	0	0	0	0	0	0	0	0	0	0	0	0	0	0	0	0	0	0	0	0	0	24	114	98	58	118	16	69	88	83	52	71	119	53	57	48	98	19	127	92	76	31	117	27	90	31	92	106	42	113	71	68	106	124	75	14	46	32	50	104	14	91	64	95	24	63	123	11	21	117	77	4	89	104	89	107	127	48	58	115	48	103	103	14	45	27	88	46	87
0	0	0	0	0	0	0	0	0	0	0	0	0	0	0	0	0	0	0	0	0	0	0	0	0	0	0	0	0	0	0	0	0	0	0	0	0	0	0	0	0	0	0	0	0	0	0	0	0	0	0	0	0	0	0	0	0	0	0	0	0	64	105	9	60	121	52	4	12	117	95	38	79	91	56	80	26	65	26	72	98	128	125	48	12	116	81	7	109	36	113	105	107	86	80	29	71	109	48	48	123	1	20	35	123	76	80	91	38	112	13	70	31	56	98	22	9	69	122	26	99	118	115	86	27	107	41	68
0	0	0	0	0	0	0	0	0	0	0	0	0	0	0	0	0	0	0	0	0	0	0	0	0	0	0	0	0	0	0	0	0	0	0	0	0	0	0	0	0	0	0	0	0	0	0	0	0	0	0	0	0	0	0	0	0	0	0	0	0	0	13	100	94	98	5	120	10	96	4	32	49	89	24	66	6	19	48	59	46	27	17	55	72	12	11	125	57	26	126	105	104	112	86	13	105	98	112	104	28	63	42	60	127	93	33	42	9	97	6	15	8	110	69	44	49	35	52	54	119	122	17	99	23	2	25	48
0	0	0	0	0	0	0	0	0	0	0	0	0	0	0	0	0	0	0	0	0	0	0	0	0	0	0	0	0	0	0	0	0	0	0	0	0	0	0	0	0	0	0	0	0	0	0	0	0	0	0	0	0	0	0	0	0	0	0	0	0	0	0	20	115	24	39	81	47	111	99	109	18	69	82	19	52	13	33	49	124	105	71	88	8	36	45	47	40	15	10	71	63	36	29	75	40	84	97	120	90	101	36	35	61	110	80	128	59	66	33	73	59	68	64	8	42	33	1	52	99	10	81	31	64	1	54	24
0	0	0	0	0	0	0	0	0	0	0	0	0	0	0	0	0	0	0	0	0	0	0	0	0	0	0	0	0	0	0	0	0	0	0	0	0	0	0	0	0	0	0	0	0	0	0	0	0	0	0	0	0	0	0	0	0	0	0	0	0	0	0	0	5	30	24	77	14	73	111	84	25	26	82	45	52	99	92	31	95	76	116	12	68	58	48	44	44	96	94	4	116	68	77	72	8	40	127	85	121	29	54	64	11	48	120	18	122	106	50	56	108	125	31	106	38	76	59	83	118	98	101	28	55	54	93	68
0	0	0	0	0	0	0	0	0	0	0	0	0	0	0	0	0	0	0	0	0	0	0	0	0	0	0	0	0	0	0	0	0	0	0	0	0	0	0	0	0	0	0	0	0	0	0	0	0	0	0	0	0	0	0	0	0	0	0	0	0	0	0	0	0	37	114	89	37	27	86	11	12	60	8	22	70	35	88	42	23	30	82	41	117	41	29	97	104	117	98	16	35	90	46	32	115	8	36	25	33	117	38	41	87	103	119	104	40	72	85	23	108	76	63	52	76	111	77	86	42	34	86	36	3	17	71	61
0	0	0	0	0	0	0	0	0	0	0	0	0	0	0	0	0	0	0	0	0	0	0	0	0	0	0	0	0	0	0	0	0	0	0	0	0	0	0	0	0	0	0	0	0	0	0	0	0	0	0	0	0	0	0	0	0	0	0	0	0	0	0	0	0	0	122	95	85	115	78	52	34	123	95	96	30	2	24	102	63	69	111	44	87	90	90	28	1	27	34	100	97	29	81	2	42	95	55	86	50	12	33	68	23	92	120	41	91	113	91	2	98	59	99	65	80	51	78	44	45	65	113	43	74	95	60	73
0	0	0	0	0	0	0	0	0	0	0	0	0	0	0	0	0	0	0	0	0	0	0	0	0	0	0	0	0	0	0	0	0	0	0	0	0	0	0	0	0	0	0	0	0	0	0	0	0	0	0	0	0	0	0	0	0	0	0	0	0	0	0	0	0	0	0	74	127	96	124	73	4	99	8	88	27	42	28	43	20	110	4	43	12	28	30	18	75	43	109	84	21	20	42	47	101	75	84	32	9	57	50	125	85	33	50	121	30	39	87	57	19	83	9	29	59	87	40	61	35	54	56	44	27	26	48	46
0	0	0	0	0	0	0	0	0	0	0	0	0	0	0	0	0	0	0	0	0	0	0	0	0	0	0	0	0	0	0	0	0	0	0	0	0	0	0	0	0	0	0	0	0	0	0	0	0	0	0	0	0	0	0	0	0	0	0	0	0	0	0	0	0	0	0	0	101	6	9	91	67	118	100	16	93	94	7	80	128	127	16	109	1	57	125	49	81	127	32	33	46	102	52	17	121	42	48	8	55	14	99	74	117	94	13	124	124	12	52	72	118	44	98	121	85	68	127	69	1	74	6	93	30	115	29	91
0	0	0	0	0	0	0	0	0	0	0	0	0	0	0	0	0	0	0	0	0	0	0	0	0	0	0	0	0	0	0	0	0	0	0	0	0	0	0	0	0	0	0	0	0	0	0	0	0	0	0	0	0	0	0	0	0	0	0	0	0	0	0	0	0	0	0	0	0	15	117	93	89	77	114	128	85	71	81	11	29	4	40	116	43	86	125	72	106	23	110	72	25	96	10	75	120	91	78	43	120	76	22	115	53	65	118	66	40	95	12	54	59	99	81	111	123	89	88	58	93	25	84	15	87	124	23	4
0	0	0	0	0	0	0	0	0	0	0	0	0	0	0	0	0	0	0	0	0	0	0	0	0	0	0	0	0	0	0	0	0	0	0	0	0	0	0	0	0	0	0	0	0	0	0	0	0	0	0	0	0	0	0	0	0	0	0	0	0	0	0	0	0	0	0	0	0	0	94	6	89	124	10	97	88	77	93	78	108	106	38	41	89	33	4	121	78	53	55	13	71	54	4	60	81	110	8	4	58	64	107	87	94	55	81	101	4	122	122	98	65	48	42	106	118	81	49	60	6	31	54	117	118	125	47	25
0	0	0	0	0	0	0	0	0	0	0	0	0	0	0	0	0	0	0	0	0	0	0	0	0	0	0	0	0	0	0	0	0	0	0	0	0	0	0	0	0	0	0	0	0	0	0	0	0	0	0	0	0	0	0	0	0	0	0	0	0	0	0	0	0	0	0	0	0	0	0	21	28	110	109	14	41	39	83	28	26	119	57	61	53	126	35	28	55	47	126	42	55	29	65	33	50	83	84	120	14	114	126	67	8	110	2	77	117	127	48	43	40	73	99	29	121	102	69	61	82	101	27	46	35	13	4	35
0	0	0	0	0	0	0	0	0	0	0	0	0	0	0	0	0	0	0	0	0	0	0	0	0	0	0	0	0	0	0	0	0	0	0	0	0	0	0	0	0	0	0	0	0	0	0	0	0	0	0	0	0	0	0	0	0	0	0	0	0	0	0	0	0	0	0	0	0	0	0	0	108	110	63	47	123	34	122	103	70	96	72	79	59	107	109	67	24	55	80	91	67	49	124	76	21	94	12	30	35	37	101	62	20	117	5	48	87	116	127	87	99	23	113	56	73	65	76	13	21	61	11	110	74	17	58	34
0	0	0	0	0	0	0	0	0	0	0	0	0	0	0	0	0	0	0	0	0	0	0	0	0	0	0	0	0	0	0	0	0	0	0	0	0	0	0	0	0	0	0	0	0	0	0	0	0	0	0	0	0	0	0	0	0	0	0	0	0	0	0	0	0	0	0	0	0	0	0	0	0	126	105	125	69	50	95	45	113	115	76	24	27	62	113	44	55	68	124	25	125	110	114	15	58	78	58	29	64	29	84	63	61	57	53	4	86	82	77	124	49	86	68	54	5	56	44	14	103	57	2	49	108	101	41	109
0	0	0	0	0	0	0	0	0	0	0	0	0	0	0	0	0	0	0	0	0	0	0	0	0	0	0	0	0	0	0	0	0	0	0	0	0	0	0	0	0	0	0	0	0	0	0	0	0	0	0	0	0	0	0	0	0	0	0	0	0	0	0	0	0	0	0	0	0	0	0	0	0	0	37	9	86	116	11	86	20	5	72	11	110	9	39	7	27	4	123	102	108	56	36	15	21	117	106	55	76	127	123	28	69	127	4	68	91	14	36	123	116	15	122	39	66	5	87	11	32	102	42	49	33	93	128	43
0	0	0	0	0	0	0	0	0	0	0	0	0	0	0	0	0	0	0	0	0	0	0	0	0	0	0	0	0	0	0	0	0	0	0	0	0	0	0	0	0	0	0	0	0	0	0	0	0	0	0	0	0	0	0	0	0	0	0	0	0	0	0	0	0	0	0	0	0	0	0	0	0	0	0	73	99	117	74	89	63	34	64	52	70	103	41	41	47	58	30	31	107	113	127	11	56	8	119	98	26	46	25	11	105	41	96	48	90	122	41	48	31	116	72	109	58	85	127	69	102	7	76	10	57	64	12	71
0	0	0	0	0	0	0	0	0	0	0	0	0	0	0	0	0	0	0	0	0	0	0	0	0	0	0	0	0	0	0	0	0	0	0	0	0	0	0	0	0	0	0	0	0	0	0	0	0	0	0	0	0	0	0	0	0	0	0	0	0	0	0	0	0	0	0	0	0	0	0	0	0	0	0	0	72	23	14	21	54	90	45	73	3	116	45	8	4	105	106	8	16	96	95	33	10	43	37	49	95	85	111	33	99	111	65	46	38	62	123	108	72	107	36	109	61	81	53	128	51	123	81	67	29	31	39	36
0	0	0	0	0	0	0	0	0	0	0	0	0	0	0	0	0	0	0	0	0	0	0	0	0	0	0	0	0	0	0	0	0	0	0	0	0	0	0	0	0	0	0	0	0	0	0	0	0	0	0	0	0	0	0	0	0	0	0	0	0	0	0	0	0	0	0	0	0	0	0	0	0	0	0	0	0	61	51	41	101	100	21	21	108	90	75	117	88	58	108	29	17	113	54	97	97	73	106	128	39	39	73	71	36	9	88	27	27	49	72	64	120	16	52	77	89	93	50	22	64	4	21	44	91	82	85	93
0	0	0	0	0	0	0	0	0	0	0	0	0	0	0	0	0	0	0	0	0	0	0	0	0	0	0	0	0	0	0	0	0	0	0	0	0	0	0	0	0	0	0	0	0	0	0	0	0	0	0	0	0	0	0	0	0	0	0	0	0	0	0	0	0	0	0	0	0	0	0	0	0	0	0	0	0	0	61	116	34	110	1	14	3	34	116	79	111	21	127	67	93	43	6	59	71	77	37	6	43	40	127	112	124	51	47	91	44	78	49	116	30	1	83	65	80	82	93	66	109	8	15	81	17	28	106	87
0	0	0	0	0	0	0	0	0	0	0	0	0	0	0	0	0	0	0	0	0	0	0	0	0	0	0	0	0	0	0	0	0	0	0	0	0	0	0	0	0	0	0	0	0	0	0	0	0	0	0	0	0	0	0	0	0	0	0	0	0	0	0	0	0	0	0	0	0	0	0	0	0	0	0	0	0	0	0	53	76	31	106	117	2	71	105	113	77	107	104	64	37	36	33	32	2	53	114	95	49	20	17	111	59	56	81	5	96	121	78	5	87	106	121	100	108	118	91	120	64	18	50	85	57	6	125	27
0	0	0	0	0	0	0	0	0	0	0	0	0	0	0	0	0	0	0	0	0	0	0	0	0	0	0	0	0	0	0	0	0	0	0	0	0	0	0	0	0	0	0	0	0	0	0	0	0	0	0	0	0	0	0	0	0	0	0	0	0	0	0	0	0	0	0	0	0	0	0	0	0	0	0	0	0	0	0	0	8	113	56	39	37	76	95	56	18	128	119	20	20	69	61	121	115	105	16	25	93	29	115	115	127	32	83	58	37	5	40	90	37	65	54	85	65	94	84	106	41	43	125	2	128	71	34	33
0	0	0	0	0	0	0	0	0	0	0	0	0	0	0	0	0	0	0	0	0	0	0	0	0	0	0	0	0	0	0	0	0	0	0	0	0	0	0	0	0	0	0	0	0	0	0	0	0	0	0	0	0	0	0	0	0	0	0	0	0	0	0	0	0	0	0	0	0	0	0	0	0	0	0	0	0	0	0	0	0	79	79	71	36	66	54	116	41	115	39	92	65	51	63	106	2	10	77	124	116	115	94	16	126	124	86	47	11	42	108	59	84	1	93	55	80	77	24	90	64	72	88	27	107	16	28	121
0	0	0	0	0	0	0	0	0	0	0	0	0	0	0	0	0	0	0	0	0	0	0	0	0	0	0	0	0	0	0	0	0	0	0	0	0	0	0	0	0	0	0	0	0	0	0	0	0	0	0	0	0	0	0	0	0	0	0	0	0	0	0	0	0	0	0	0	0	0	0	0	0	0	0	0	0	0	0	0	0	0	114	18	64	121	124	48	94	26	11	17	16	95	26	46	95	102	93	94	20	10	125	96	31	72	53	15	23	21	55	51	55	44	128	85	13	112	34	4	7	83	18	90	56	44	61	45
0	0	0	0	0	0	0	0	0	0	0	0	0	0	0	0	0	0	0	0	0	0	0	0	0	0	0	0	0	0	0	0	0	0	0	0	0	0	0	0	0	0	0	0	0	0	0	0	0	0	0	0	0	0	0	0	0	0	0	0	0	0	0	0	0	0	0	0	0	0	0	0	0	0	0	0	0	0	0	0	0	0	0	89	66	125	13	10	34	57	99	24	45	23	53	24	107	30	105	40	89	25	103	105	38	31	90	93	14	70	19	109	93	63	3	25	45	97	6	119	57	58	10	124	87	100	35	127
0	0	0	0	0	0	0	0	0	0	0	0	0	0	0	0	0	0	0	0	0	0	0	0	0	0	0	0	0	0	0	0	0	0	0	0	0	0	0	0	0	0	0	0	0	0	0	0	0	0	0	0	0	0	0	0	0	0	0	0	0	0	0	0	0	0	0	0	0	0	0	0	0	0	0	0	0	0	0	0	0	0	0	0	50	12	2	38	44	82	123	80	81	47	8	104	95	65	34	112	33	112	74	80	91	68	4	34	83	116	5	61	69	6	111	90	81	12	121	91	12	115	56	78	78	75	63	73
0	0	0	0	0	0	0	0	0	0	0	0	0	0	0	0	0	0	0	0	0	0	0	0	0	0	0	0	0	0	0	0	0	0	0	0	0	0	0	0	0	0	0	0	0	0	0	0	0	0	0	0	0	0	0	0	0	0	0	0	0	0	0	0	0	0	0	0	0	0	0	0	0	0	0	0	0	0	0	0	0	0	0	0	0	92	13	16	14	22	113	29	68	81	7	65	111	72	46	3	20	50	47	111	34	114	18	27	118	32	118	17	23	90	128	77	124	65	4	78	28	22	16	99	85	9	71	46
0	0	0	0	0	0	0	0	0	0	0	0	0	0	0	0	0	0	0	0	0	0	0	0	0	0	0	0	0	0	0	0	0	0	0	0	0	0	0	0	0	0	0	0	0	0	0	0	0	0	0	0	0	0	0	0	0	0	0	0	0	0	0	0	0	0	0	0	0	0	0	0	0	0	0	0	0	0	0	0	0	0	0	0	0	0	86	86	127	107	11	63	51	101	124	80	101	90	30	126	115	15	94	20	61	11	37	40	22	32	102	19	33	66	47	26	104	112	74	15	30	19	81	122	46	42	20	11
0	0	0	0	0	0	0	0	0	0	0	0	0	0	0	0	0	0	0	0	0	0	0	0	0	0	0	0	0	0	0	0	0	0	0	0	0	0	0	0	0	0	0	0	0	0	0	0	0	0	0	0	0	0	0	0	0	0	0	0	0	0	0	0	0	0	0	0	0	0	0	0	0	0	0	0	0	0	0	0	0	0	0	0	0	0	0	101	31	119	8	93	84	9	113	61	91	27	106	104	106	14	92	11	50	78	50	77	27	112	99	42	31	25	3	5	5	123	15	117	124	101	117	14	86	36	119	121
0	0	0	0	0	0	0	0	0	0	0	0	0	0	0	0	0	0	0	0	0	0	0	0	0	0	0	0	0	0	0	0	0	0	0	0	0	0	0	0	0	0	0	0	0	0	0	0	0	0	0	0	0	0	0	0	0	0	0	0	0	0	0	0	0	0	0	0	0	0	0	0	0	0	0	0	0	0	0	0	0	0	0	0	0	0	0	0	82	102	22	120	43	120	47	8	65	58	99	72	123	70	38	66	127	51	83	64	17	13	97	109	102	105	41	82	77	23	62	61	42	43	16	11	99	11	42	113
0	0	0	0	0	0	0	0	0	0	0	0	0	0	0	0	0	0	0	0	0	0	0	0	0	0	0	0	0	0	0	0	0	0	0	0	0	0	0	0	0	0	0	0	0	0	0	0	0	0	0	0	0	0	0	0	0	0	0	0	0	0	0	0	0	0	0	0	0	0	0	0	0	0	0	0	0	0	0	0	0	0	0	0	0	0	0	0	0	70	39	9	38	113	93	24	80	103	85	111	55	20	83	15	50	66	7	99	36	68	24	54	27	54	26	31	123	63	69	70	100	20	4	62	20	12	95	58
0	0	0	0	0	0	0	0	0	0	0	0	0	0	0	0	0	0	0	0	0	0	0	0	0	0	0	0	0	0	0	0	0	0	0	0	0	0	0	0	0	0	0	0	0	0	0	0	0	0	0	0	0	0	0	0	0	0	0	0	0	0	0	0	0	0	0	0	0	0	0	0	0	0	0	0	0	0	0	0	0	0	0	0	0	0	0	0	0	0	9	46	61	49	121	116	59	14	127	120	69	115	48	21	38	59	10	4	126	42	86	5	43	123	99	60	88	39	76	67	93	73	45	59	89	48	66	53
0	0	0	0	0	0	0	0	0	0	0	0	0	0	0	0	0	0	0	0	0	0	0	0	0	0	0	0	0	0	0	0	0	0	0	0	0	0	0	0	0	0	0	0	0	0	0	0	0	0	0	0	0	0	0	0	0	0	0	0	0	0	0	0	0	0	0	0	0	0	0	0	0	0	0	0	0	0	0	0	0	0	0	0	0	0	0	0	0	0	0	112	66	57	15	109	102	65	58	31	7	56	35	35	125	48	115	34	87	71	10	42	10	32	3	3	43	122	126	105	127	123	19	125	96	67	8	36
0	0	0	0	0	0	0	0	0	0	0	0	0	0	0	0	0	0	0	0	0	0	0	0	0	0	0	0	0	0	0	0	0	0	0	0	0	0	0	0	0	0	0	0	0	0	0	0	0	0	0	0	0	0	0	0	0	0	0	0	0	0	0	0	0	0	0	0	0	0	0	0	0	0	0	0	0	0	0	0	0	0	0	0	0	0	0	0	0	0	0	0	44	3	21	10	81	40	100	66	125	28	121	108	107	3	6	82	83	64	54	14	17	56	14	2	71	126	30	26	72	14	45	19	1	96	9	94
0	0	0	0	0	0	0	0	0	0	0	0	0	0	0	0	0	0	0	0	0	0	0	0	0	0	0	0	0	0	0	0	0	0	0	0	0	0	0	0	0	0	0	0	0	0	0	0	0	0	0	0	0	0	0	0	0	0	0	0	0	0	0	0	0	0	0	0	0	0	0	0	0	0	0	0	0	0	0	0	0	0	0	0	0	0	0	0	0	0	0	0	0	122	76	53	27	60	114	63	120	23	75	57	115	108	99	11	48	37	116	10	93	16	63	87	22	5	18	19	106	6	90	63	111	52	24	36
0	0	0	0	0	0	0	0	0	0	0	0	0	0	0	0	0	0	0	0	0	0	0	0	0	0	0	0	0	0	0	0	0	0	0	0	0	0	0	0	0	0	0	0	0	0	0	0	0	0	0	0	0	0	0	0	0	0	0	0	0	0	0	0	0	0	0	0	0	0	0	0	0	0	0	0	0	0	0	0	0	0	0	0	0	0	0	0	0	0	0	0	0	0	42	56	26	57	93	107	43	77	52	56	99	126	45	7	73	97	2	95	63	97	63	37	54	65	106	32	121	76	102	17	60	128	76	3
0	0	0	0	0	0	0	0	0	0	0	0	0	0	0	0	0	0	0	0	0	0	0	0	0	0	0	0	0	0	0	0	0	0	0	0	0	0	0	0	0	0	0	0	0	0	0	0	0	0	0	0	0	0	0	0	0	0	0	0	0	0	0	0	0	0	0	0	0	0	0	0	0	0	0	0	0	0	0	0	0	0	0	0	0	0	0	0	0	0	0	0	0	0	0	82	60	9	108	10	2	55	84	83	17	97	52	121	29	88	43	65	29	72	96	4	21	112	105	97	34	57	121	28	122	9	124	33
0	0	0	0	0	0	0	0	0	0	0	0	0	0	0	0	0	0	0	0	0	0	0	0	0	0	0	0	0	0	0	0	0	0	0	0	0	0	0	0	0	0	0	0	0	0	0	0	0	0	0	0	0	0	0	0	0	0	0	0	0	0	0	0	0	0	0	0	0	0	0	0	0	0	0	0	0	0	0	0	0	0	0	0	0	0	0	0	0	0	0	0	0	0	0	0	4	23	69	22	13	123	41	111	44	99	12	58	113	71	61	25	34	32	113	36	126	30	91	61	58	24	21	60	1	28	104	2
0	0	0	0	0	0	0	0	0	0	0	0	0	0	0	0	0	0	0	0	0	0	0	0	0	0	0	0	0	0	0	0	0	0	0	0	0	0	0	0	0	0	0	0	0	0	0	0	0	0	0	0	0	0	0	0	0	0	0	0	0	0	0	0	0	0	0	0	0	0	0	0	0	0	0	0	0	0	0	0	0	0	0	0	0	0	0	0	0	0	0	0	0	0	0	0	0	72	37	62	116	128	4	9	119	123	34	43	100	35	25	80	104	29	63	57	75	45	55	6	85	121	122	122	30	33	42	127
0	0	0	0	0	0	0	0	0	0	0	0	0	0	0	0	0	0	0	0	0	0	0	0	0	0	0	0	0	0	0	0	0	0	0	0	0	0	0	0	0	0	0	0	0	0	0	0	0	0	0	0	0	0	0	0	0	0	0	0	0	0	0	0	0	0	0	0	0	0	0	0	0	0	0	0	0	0	0	0	0	0	0	0	0	0	0	0	0	0	0	0	0	0	0	0	0	0	75	44	96	87	128	80	110	105	55	94	77	20	2	113	101	109	78	103	119	67	45	62	12	100	95	101	64	66	84	112
0	0	0	0	0	0	0	0	0	0	0	0	0	0	0	0	0	0	0	0	0	0	0	0	0	0	0	0	0	0	0	0	0	0	0	0	0	0	0	0	0	0	0	0	0	0	0	0	0	0	0	0	0	0	0	0	0	0	0	0	0	0	0	0	0	0	0	0	0	0	0	0	0	0	0	0	0	0	0	0	0	0	0	0	0	0	0	0	0	0	0	0	0	0	0	0	0	0	0	93	6	38	125	20	80	45	124	23	93	6	36	75	10	70	97	100	85	125	107	48	1	8	18	91	4	82	3	104
0	0	0	0	0	0	0	0	0	0	0	0	0	0	0	0	0	0	0	0	0	0	0	0	0	0	0	0	0	0	0	0	0	0	0	0	0	0	0	0	0	0	0	0	0	0	0	0	0	0	0	0	0	0	0	0	0	0	0	0	0	0	0	0	0	0	0	0	0	0	0	0	0	0	0	0	0	0	0	0	0	0	0	0	0	0	0	0	0	0	0	0	0	0	0	0	0	0	0	0	25	101	57	89	15	30	58	84	67	34	90	116	61	7	9	64	89	61	103	103	40	42	22	8	100	115	3	61
0	0	0	0	0	0	0	0	0	0	0	0	0	0	0	0	0	0	0	0	0	0	0	0	0	0	0	0	0	0	0	0	0	0	0	0	0	0	0	0	0	0	0	0	0	0	0	0	0	0	0	0	0	0	0	0	0	0	0	0	0	0	0	0	0	0	0	0	0	0	0	0	0	0	0	0	0	0	0	0	0	0	0	0	0	0	0	0	0	0	0	0	0	0	0	0	0	0	0	0	0	11	100	92	12	10	10	44	61	86	81	66	90	35	98	114	31	121	25	35	18	124	34	82	9	24	101	101
0	0	0	0	0	0	0	0	0	0	0	0	0	0	0	0	0	0	0	0	0	0	0	0	0	0	0	0	0	0	0	0	0	0	0	0	0	0	0	0	0	0	0	0	0	0	0	0	0	0	0	0	0	0	0	0	0	0	0	0	0	0	0	0	0	0	0	0	0	0	0	0	0	0	0	0	0	0	0	0	0	0	0	0	0	0	0	0	0	0	0	0	0	0	0	0	0	0	0	0	0	0	68	100	117	23	20	30	32	67	48	1	97	28	12	3	50	36	115	26	66	45	19	38	35	100	71	29
0	0	0	0	0	0	0	0	0	0	0	0	0	0	0	0	0	0	0	0	0	0	0	0	0	0	0	0	0	0	0	0	0	0	0	0	0	0	0	0	0	0	0	0	0	0	0	0	0	0	0	0	0	0	0	0	0	0	0	0	0	0	0	0	0	0	0	0	0	0	0	0	0	0	0	0	0	0	0	0	0	0	0	0	0	0	0	0	0	0	0	0	0	0	0	0	0	0	0	0	0	0	0	43	77	52	82	60	84	104	85	94	4	104	101	14	52	119	49	24	68	16	1	33	22	68	51	37
0	0	0	0	0	0	0	0	0	0	0	0	0	0	0	0	0	0	0	0	0	0	0	0	0	0	0	0	0	0	0	0	0	0	0	0	0	0	0	0	0	0	0	0	0	0	0	0	0	0	0	0	0	0	0	0	0	0	0	0	0	0	0	0	0	0	0	0	0	0	0	0	0	0	0	0	0	0	0	0	0	0	0	0	0	0	0	0	0	0	0	0	0	0	0	0	0	0	0	0	0	0	0	0	119	92	26	23	19	67	99	126	11	123	97	51	57	112	41	67	57	60	11	112	109	39	116	46
0	0	0	0	0	0	0	0	0	0	0	0	0	0	0	0	0	0	0	0	0	0	0	0	0	0	0	0	0	0	0	0	0	0	0	0	0	0	0	0	0	0	0	0	0	0	0	0	0	0	0	0	0	0	0	0	0	0	0	0	0	0	0	0	0	0	0	0	0	0	0	0	0	0	0	0	0	0	0	0	0	0	0	0	0	0	0	0	0	0	0	0	0	0	0	0	0	0	0	0	0	0	0	0	0	26	121	25	76	76	97	126	106	5	116	2	97	97	94	68	112	111	121	62	95	122	114	88
0	0	0	0	0	0	0	0	0	0	0	0	0	0	0	0	0	0	0	0	0	0	0	0	0	0	0	0	0	0	0	0	0	0	0	0	0	0	0	0	0	0	0	0	0	0	0	0	0	0	0	0	0	0	0	0	0	0	0	0	0	0	0	0	0	0	0	0	0	0	0	0	0	0	0	0	0	0	0	0	0	0	0	0	0	0	0	0	0	0	0	0	0	0	0	0	0	0	0	0	0	0	0	0	0	0	8	62	26	101	76	62	69	44	10	32	59	27	43	12	51	97	66	71	3	1	72	62
0	0	0	0	0	0	0	0	0	0	0	0	0	0	0	0	0	0	0	0	0	0	0	0	0	0	0	0	0	0	0	0	0	0	0	0	0	0	0	0	0	0	0	0	0	0	0	0	0	0	0	0	0	0	0	0	0	0	0	0	0	0	0	0	0	0	0	0	0	0	0	0	0	0	0	0	0	0	0	0	0	0	0	0	0	0	0	0	0	0	0	0	0	0	0	0	0	0	0	0	0	0	0	0	0	0	0	3	49	104	75	25	77	111	118	36	33	58	127	55	39	18	38	103	121	119	108	121
0	0	0	0	0	0	0	0	0	0	0	0	0	0	0	0	0	0	0	0	0	0	0	0	0	0	0	0	0	0	0	0	0	0	0	0	0	0	0	0	0	0	0	0	0	0	0	0	0	0	0	0	0	0	0	0	0	0	0	0	0	0	0	0	0	0	0	0	0	0	0	0	0	0	0	0	0	0	0	0	0	0	0	0	0	0	0	0	0	0	0	0	0	0	0	0	0	0	0	0	0	0	0	0	0	0	0	0	127	64	113	80	26	49	124	89	61	121	64	82	125	1	128	122	72	120	96	13
0	0	0	0	0	0	0	0	0	0	0	0	0	0	0	0	0	0	0	0	0	0	0	0	0	0	0	0	0	0	0	0	0	0	0	0	0	0	0	0	0	0	0	0	0	0	0	0	0	0	0	0	0	0	0	0	0	0	0	0	0	0	0	0	0	0	0	0	0	0	0	0	0	0	0	0	0	0	0	0	0	0	0	0	0	0	0	0	0	0	0	0	0	0	0	0	0	0	0	0	0	0	0	0	0	0	0	0	0	94	33	66	2	83	15	125	33	93	26	59	26	82	10	58	41	24	71	121
0	0	0	0	0	0	0	0	0	0	0	0	0	0	0	0	0	0	0	0	0	0	0	0	0	0	0	0	0	0	0	0	0	0	0	0	0	0	0	0	0	0	0	0	0	0	0	0	0	0	0	0	0	0	0	0	0	0	0	0	0	0	0	0	0	0	0	0	0	0	0	0	0	0	0	0	0	0	0	0	0	0	0	0	0	0	0	0	0	0	0	0	0	0	0	0	0	0	0	0	0	0	0	0	0	0	0	0	0	0	66	83	51	47	71	104	31	102	61	13	90	18	43	8	45	22	32	123
0	0	0	0	0	0	0	0	0	0	0	0	0	0	0	0	0	0	0	0	0	0	0	0	0	0	0	0	0	0	0	0	0	0	0	0	0	0	0	0	0	0	0	0	0	0	0	0	0	0	0	0	0	0	0	0	0	0	0	0	0	0	0	0	0	0	0	0	0	0	0	0	0	0	0	0	0	0	0	0	0	0	0	0	0	0	0	0	0	0	0	0	0	0	0	0	0	0	0	0	0	0	0	0	0	0	0	0	0	0	0	11	99	91	79	59	120	70	39	36	56	2	17	2	90	15	62	89
0	0	0	0	0	0	0	0	0	0	0	0	0	0	0	0	0	0	0	0	0	0	0	0	0	0	0	0	0	0	0	0	0	0	0	0	0	0	0	0	0	0	0	0	0	0	0	0	0	0	0	0	0	0	0	0	0	0	0	0	0	0	0	0	0	0	0	0	0	0	0	0	0	0	0	0	0	0	0	0	0	0	0	0	0	0	0	0	0	0	0	0	0	0	0	0	0	0	0	0	0	0	0	0	0	0	0	0	0	0	0	0	94	67	54	71	53	41	5	17	54	69	11	21	10	36	38	29
0	0	0	0	0	0	0	0	0	0	0	0	0	0	0	0	0	0	0	0	0	0	0	0	0	0	0	0	0	0	0	0	0	0	0	0	0	0	0	0	0	0	0	0	0	0	0	0	0	0	0	0	0	0	0	0	0	0	0	0	0	0	0	0	0	0	0	0	0	0	0	0	0	0	0	0	0	0	0	0	0	0	0	0	0	0	0	0	0	0	0	0	0	0	0	0	0	0	0	0	0	0	0	0	0	0	0	0	0	0	0	0	0	91	47	31	84	80	83	79	86	119	75	54	87	11	78	1
0	0	0	0	0	0	0	0	0	0	0	0	0	0	0	0	0	0	0	0	0	0	0	0	0	0	0	0	0	0	0	0	0	0	0	0	0	0	0	0	0	0	0	0	0	0	0	0	0	0	0	0	0	0	0	0	0	0	0	0	0	0	0	0	0	0	0	0	0	0	0	0	0	0	0	0	0	0	0	0	0	0	0	0	0	0	0	0	0	0	0	0	0	0	0	0	0	0	0	0	0	0	0	0	0	0	0	0	0	0	0	0	0	0	121	16	128	19	54	28	97	126	77	121	70	32	57	72
0	0	0	0	0	0	0	0	0	0	0	0	0	0	0	0	0	0	0	0	0	0	0	0	0	0	0	0	0	0	0	0	0	0	0	0	0	0	0	0	0	0	0	0	0	0	0	0	0	0	0	0	0	0	0	0	0	0	0	0	0	0	0	0	0	0	0	0	0	0	0	0	0	0	0	0	0	0	0	0	0	0	0	0	0	0	0	0	0	0	0	0	0	0	0	0	0	0	0	0	0	0	0	0	0	0	0	0	0	0	0	0	0	0	0	97	103	85	3	20	54	35	128	90	67	86	101	44
0	0	0	0	0	0	0	0	0	0	0	0	0	0	0	0	0	0	0	0	0	0	0	0	0	0	0	0	0	0	0	0	0	0	0	0	0	0	0	0	0	0	0	0	0	0	0	0	0	0	0	0	0	0	0	0	0	0	0	0	0	0	0	0	0	0	0	0	0	0	0	0	0	0	0	0	0	0	0	0	0	0	0	0	0	0	0	0	0	0	0	0	0	0	0	0	0	0	0	0	0	0	0	0	0	0	0	0	0	0	0	0	0	0	0	0	64	30	11	78	115	127	123	36	22	64	53	29
0	0	0	0	0	0	0	0	0	0	0	0	0	0	0	0	0	0	0	0	0	0	0	0	0	0	0	0	0	0	0	0	0	0	0	0	0	0	0	0	0	0	0	0	0	0	0	0	0	0	0	0	0	0	0	0	0	0	0	0	0	0	0	0	0	0	0	0	0	0	0	0	0	0	0	0	0	0	0	0	0	0	0	0	0	0	0	0	0	0	0	0	0	0	0	0	0	0	0	0	0	0	0	0	0	0	0	0	0	0	0	0	0	0	0	0	0	20	69	39	40	66	78	124	105	102	72	120
0	0	0	0	0	0	0	0	0	0	0	0	0	0	0	0	0	0	0	0	0	0	0	0	0	0	0	0	0	0	0	0	0	0	0	0	0	0	0	0	0	0	0	0	0	0	0	0	0	0	0	0	0	0	0	0	0	0	0	0	0	0	0	0	0	0	0	0	0	0	0	0	0	0	0	0	0	0	0	0	0	0	0	0	0	0	0	0	0	0	0	0	0	0	0	0	0	0	0	0	0	0	0	0	0	0	0	0	0	0	0	0	0	0	0	0	0	0	110	18	83	27	2	65	85	70	102	3
0	0	0	0	0	0	0	0	0	0	0	0	0	0	0	0	0	0	0	0	0	0	0	0	0	0	0	0	0	0	0	0	0	0	0	0	0	0	0	0	0	0	0	0	0	0	0	0	0	0	0	0	0	0	0	0	0	0	0	0	0	0	0	0	0	0	0	0	0	0	0	0	0	0	0	0	0	0	0	0	0	0	0	0	0	0	0	0	0	0	0	0	0	0	0	0	0	0	0	0	0	0	0	0	0	0	0	0	0	0	0	0	0	0	0	0	0	0	0	102	34	126	45	72	82	109	11	103
0	0	0	0	0	0	0	0	0	0	0	0	0	0	0	0	0	0	0	0	0	0	0	0	0	0	0	0	0	0	0	0	0	0	0	0	0	0	0	0	0	0	0	0	0	0	0	0	0	0	0	0	0	0	0	0	0	0	0	0	0	0	0	0	0	0	0	0	0	0	0	0	0	0	0	0	0	0	0	0	0	0	0	0	0	0	0	0	0	0	0	0	0	0	0	0	0	0	0	0	0	0	0	0	0	0	0	0	0	0	0	0	0	0	0	0	0	0	0	0	125	80	56	26	17	99	53	96
0	0	0	0	0	0	0	0	0	0	0	0	0	0	0	0	0	0	0	0	0	0	0	0	0	0	0	0	0	0	0	0	0	0	0	0	0	0	0	0	0	0	0	0	0	0	0	0	0	0	0	0	0	0	0	0	0	0	0	0	0	0	0	0	0	0	0	0	0	0	0	0	0	0	0	0	0	0	0	0	0	0	0	0	0	0	0	0	0	0	0	0	0	0	0	0	0	0	0	0	0	0	0	0	0	0	0	0	0	0	0	0	0	0	0	0	0	0	0	0	0	103	25	46	113	69	89	124
0	0	0	0	0	0	0	0	0	0	0	0	0	0	0	0	0	0	0	0	0	0	0	0	0	0	0	0	0	0	0	0	0	0	0	0	0	0	0	0	0	0	0	0	0	0	0	0	0	0	0	0	0	0	0	0	0	0	0	0	0	0	0	0	0	0	0	0	0	0	0	0	0	0	0	0	0	0	0	0	0	0	0	0	0	0	0	0	0	0	0	0	0	0	0	0	0	0	0	0	0	0	0	0	0	0	0	0	0	0	0	0	0	0	0	0	0	0	0	0	0	0	73	6	108	102	66	110
0	0	0	0	0	0	0	0	0	0	0	0	0	0	0	0	0	0	0	0	0	0	0	0	0	0	0	0	0	0	0	0	0	0	0	0	0	0	0	0	0	0	0	0	0	0	0	0	0	0	0	0	0	0	0	0	0	0	0	0	0	0	0	0	0	0	0	0	0	0	0	0	0	0	0	0	0	0	0	0	0	0	0	0	0	0	0	0	0	0	0	0	0	0	0	0	0	0	0	0	0	0	0	0	0	0	0	0	0	0	0	0	0	0	0	0	0	0	0	0	0	0	0	82	99	127	10	36
0	0	0	0	0	0	0	0	0	0	0	0	0	0	0	0	0	0	0	0	0	0	0	0	0	0	0	0	0	0	0	0	0	0	0	0	0	0	0	0	0	0	0	0	0	0	0	0	0	0	0	0	0	0	0	0	0	0	0	0	0	0	0	0	0	0	0	0	0	0	0	0	0	0	0	0	0	0	0	0	0	0	0	0	0	0	0	0	0	0	0	0	0	0	0	0	0	0	0	0	0	0	0	0	0	0	0	0	0	0	0	0	0	0	0	0	0	0	0	0	0	0	0	0	42	59	11	113
0	0	0	0	0	0	0	0	0	0	0	0	0	0	0	0	0	0	0	0	0	0	0	0	0	0	0	0	0	0	0	0	0	0	0	0	0	0	0	0	0	0	0	0	0	0	0	0	0	0	0	0	0	0	0	0	0	0	0	0	0	0	0	0	0	0	0	0	0	0	0	0	0	0	0	0	0	0	0	0	0	0	0	0	0	0	0	0	0	0	0	0	0	0	0	0	0	0	0	0	0	0	0	0	0	0	0	0	0	0	0	0	0	0	0	0	0	0	0	0	0	0	0	0	0	89	53	115
0	0	0	0	0	0	0	0	0	0	0	0	0	0	0	0	0	0	0	0	0	0	0	0	0	0	0	0	0	0	0	0	0	0	0	0	0	0	0	0	0	0	0	0	0	0	0	0	0	0	0	0	0	0	0	0	0	0	0	0	0	0	0	0	0	0	0	0	0	0	0	0	0	0	0	0	0	0	0	0	0	0	0	0	0	0	0	0	0	0	0	0	0	0	0	0	0	0	0	0	0	0	0	0	0	0	0	0	0	0	0	0	0	0	0	0	0	0	0	0	0	0	0	0	0	0	84	51
0	0	0	0	0	0	0	0	0	0	0	0	0	0	0	0	0	0	0	0	0	0	0	0	0	0	0	0	0	0	0	0	0	0	0	0	0	0	0	0	0	0	0	0	0	0	0	0	0	0	0	0	0	0	0	0	0	0	0	0	0	0	0	0	0	0	0	0	0	0	0	0	0	0	0	0	0	0	0	0	0	0	0	0	0	0	0	0	0	0	0	0	0	0	0	0	0	0	0	0	0	0	0	0	0	0	0	0	0	0	0	0	0	0	0	0	0	0	0	0	0	0	0	0	0	0	0	9
0	0	0	0	0	0	0	0	0	0	0	0	0	0	0	0	0	0	0	0	0	0	0	0	0	0	0	0	0	0	0	0	0	0	0	0	0	0	0	0	0	0	0	0	0	0	0	0	0	0	0	0	0	0	0	0	0	0	0	0	0	0	0	0	0	0	0	0	0	0	0	0	0	0	0	0	0	0	0	0	0	0	0	0	0	0	0	0	0	0	0	0	0	0	0	0	0	0	0	0	0	0	0	0	0	0	0	0	0	0	0	0	0	0	0	0	0	0	0	0	0	0	0	0	0	0	0	0