0	80	14	32	63	118	30	122	84	18	49	32	63	104	57	8	52	56	62	115	58	54	33	127	25	68	3	1	46	65	99	79	87	30	4	39	127	80	70	71	107	67	49	22	88	9	25	40	116	103	112	117	77	13	49	12	74	118	122	62	62	28	91	87	122	70	52	98	37	10	123	103	57	61	59	116	25	13	125	113	91	28	45	111	32	102	71	106	15	16	31	20	93	123	38	49	8	99	60	49	78	41	27	45	99	62	32	63	30	88	75	2	95	29	50	63	86	5	69	1	36	22	94	43	95	15	50	20
0	0	70	60	116	124	120	42	41	49	78	120	19	100	103	92	47	86	109	112	123	106	32	37	61	20	106	16	13	82	41	25	117	43	112	12	62	19	102	77	40	120	81	121	58	103	39	113	31	64	64	87	71	32	116	46	125	65	94	128	10	125	50	124	118	18	34	125	118	44	84	22	40	111	94	11	16	31	72	72	8	32	123	47	29	124	99	107	54	100	52	64	13	16	83	120	82	59	99	60	120	95	23	128	42	125	2	70	85	68	109	78	101	77	7	1	53	104	82	12	42	90	4	84	12	27	107	24
0	0	0	46	77	94	26	60	14	80	45	6	44	34	95	29	77	115	92	124	32	123	8	115	108	59	26	33	49	20	44	101	10	118	52	116	65	57	10	110	36	35	90	127	41	102	23	84	37	124	90	64	34	57	126	4	14	23	79	9	27	44	52	120	74	115	108	120	70	56	26	91	70	30	50	111	44	63	54	66	70	49	77	91	64	73	44	3	63	94	88	46	10	103	36	80	10	106	77	119	102	49	21	111	59	40	127	86	49	108	46	31	62	39	52	102	48	67	100	103	42	28	108	108	47	13	114	14
0	0	0	0	16	33	57	52	74	27	105	113	65	31	73	52	95	116	23	2	113	100	114	20	11	59	44	113	85	127	34	7	100	53	65	14	12	114	97	125	20	36	27	107	91	40	119	50	67	18	18	108	42	9	94	55	42	79	77	107	16	60	112	114	67	35	40	29	55	91	8	101	114	88	31	124	16	128	87	69	4	7	56	59	119	57	69	52	25	108	90	101	89	66	103	11	48	45	90	114	10	64	78	105	47	33	9	9	60	51	106	2	40	78	111	95	10	108	68	76	43	61	42	97	42	53	82	81
0	0	0	0	0	114	66	29	22	53	86	94	51	127	83	55	16	63	117	49	92	39	30	15	54	125	126	70	94	19	70	127	25	76	38	78	103	65	59	84	33	49	111	75	51	38	56	26	33	14	19	59	38	99	2	11	65	66	82	44	17	22	85	98	58	66	99	4	128	121	94	9	105	12	5	29	105	107	114	49	101	74	54	36	124	71	65	25	25	71	39	41	100	116	33	68	117	103	93	55	112	51	72	48	39	42	57	81	105	40	40	62	65	114	37	66	114	103	16	108	54	119	35	30	61	40	39	62
0	0	0	0	0	0	81	25	121	97	115	31	56	17	128	32	83	5	126	93	3	110	126	36	16	21	38	49	5	24	109	2	55	95	77	65	8	75	29	23	33	106	46	108	93	5	109	94	60	82	73	54	51	88	36	43	77	26	68	29	14	26	8	31	123	92	81	71	64	19	41	70	12	16	106	71	11	18	95	128	92	35	96	11	17	105	82	16	4	36	27	80	64	126	1	50	121	88	43	94	26	109	87	42	41	19	38	3	18	45	27	74	60	48	30	20	46	117	15	88	51	108	95	2	68	85	62	91
0	0	0	0	0	0	0	24	48	62	16	127	93	24	106	10	93	58	36	19	54	96	40	64	100	111	6	85	47	77	94	35	31	94	11	65	45	34	37	12	35	85	71	16	45	58	51	108	103	16	124	4	12	30	23	77	9	61	8	62	67	48	25	61	18	73	109	80	12	33	9	57	92	87	81	116	59	82	116	61	26	67	69	30	59	113	35	4	43	73	11	112	40	72	115	106	116	18	51	72	100	81	89	127	104	117	47	71	58	46	66	83	48	74	99	8	20	103	101	42	114	48	15	32	10	105	90	78
0	0	0	0	0	0	0	0	29	46	84	89	63	123	18	74	66	35	126	19	42	124	121	27	29	16	7	112	62	42	87	126	113	5	72	47	49	26	61	86	122	15	45	128	103	36	106	120	27	18	120	108	73	125	112	60	28	122	126	48	90	84	110	89	106	115	102	83	32	106	64	51	61	87	81	71	12	42	14	92	125	113	109	40	22	95	41	25	7	94	116	85	71	10	104	14	17	2	39	80	25	24	48	44	103	98	36	10	124	65	42	73	105	121	9	39	91	1	82	62	60	81	63	122	28	30	46	16
0	0	0	0	0	0	0	0	0	102	91	50	96	23	14	10	80	60	19	99	26	89	91	110	6	108	65	3	41	64	96	113	33	116	10	111	60	92	35	36	58	6	71	73	9	95	101	121	7	46	63	76	125	75	24	105	101	81	52	7	83	86	85	2	23	103	75	32	83	4	27	119	10	66	42	16	18	12	83	31	81	90	61	53	94	12	62	4	32	17	125	79	19	120	59	29	63	8	32	58	15	67	94	24	116	83	63	99	38	51	63	124	115	27	84	110	82	40	121	127	71	125	93	54	72	81	102	57
0	0	0	0	0	0	0	0	0	0	16	60	104	8	90	102	42	31	27	80	62	76	22	74	33	78	2	103	59	121	125	52	99	4	62	93	106	42	103	70	22	81	76	15	105	42	78	128	65	12	11	88	12	96	79	27	20	75	78	96	40	58	104	6	123	67	46	105	59	81	82	75	114	70	40	100	117	22	21	121	97	22	62	54	82	18	5	125	50	35	58	70	9	58	121	31	30	11	53	114	84	25	6	30	84	13	45	127	15	111	37	98	24	4	53	56	101	39	120	69	34	68	67	115	120	77	35	56
0	0	0	0	0	0	0	0	0	0	0	110	107	123	6	46	126	47	44	91	54	87	85	90	128	84	109	27	47	23	98	88	58	49	127	121	64	18	22	113	28	24	81	100	60	93	60	55	56	71	67	61	62	59	48	94	52	85	58	27	89	32	102	47	53	15	102	12	105	22	125	90	68	47	28	80	126	80	88	57	104	113	102	108	74	111	97	48	20	58	103	93	5	126	27	122	35	75	106	48	89	103	111	57	92	23	98	15	56	119	113	111	28	37	27	24	125	9	83	82	79	112	56	109	94	125	122	63
0	0	0	0	0	0	0	0	0	0	0	0	86	79	17	48	16	33	109	61	63	74	78	15	6	17	43	13	53	20	61	20	71	32	96	45	104	64	43	37	70	45	7	104	59	128	96	59	116	38	63	75	13	24	36	32	29	70	1	69	110	128	78	6	99	72	88	96	46	36	106	73	65	37	46	58	7	33	119	105	112	111	80	126	1	8	6	20	41	37	101	9	19	32	116	103	9	61	18	95	72	125	101	101	120	27	89	82	27	22	74	73	23	32	18	3	39	43	15	125	45	24	123	50	87	118	101	108
0	0	0	0	0	0	0	0	0	0	0	0	0	99	4	72	35	23	83	79	11	44	88	6	86	125	3	73	75	69	87	83	13	101	72	99	66	16	67	106	111	32	45	55	57	44	127	52	53	91	29	83	110	48	115	115	48	60	117	70	112	34	70	109	52	127	108	80	115	110	81	91	79	90	68	84	70	90	103	96	80	79	76	67	75	97	82	11	117	21	26	70	69	55	104	60	78	120	103	118	56	72	68	112	127	35	14	17	40	88	35	93	125	30	85	111	60	94	13	58	40	18	126	102	116	47	113	118
0	0	0	0	0	0	0	0	0	0	0	0	0	0	70	106	58	38	28	80	25	27	56	19	64	124	117	7	74	93	59	34	126	10	80	71	111	101	73	78	79	35	2	53	24	122	127	23	93	11	18	73	128	84	79	110	45	12	26	63	49	30	127	80	85	70	13	10	128	62	3	11	27	19	41	71	49	65	118	117	118	58	36	91	27	44	32	24	65	73	66	99	16	46	23	13	15	117	31	17	80	58	10	110	90	59	33	9	16	71	107	73	5	20	89	126	80	95	79	57	91	101	32	41	55	33	127	35
0	0	0	0	0	0	0	0	0	0	0	0	0	0	0	27	40	11	3	117	119	45	2	98	123	97	106	71	128	106	11	35	17	20	26	31	124	66	40	113	49	33	103	81	6	75	76	67	86	48	126	107	85	102	123	61	102	125	22	52	7	6	98	20	15	39	86	90	72	97	67	127	55	45	81	120	124	96	116	47	90	123	11	102	115	127	8	95	15	49	35	71	90	48	55	14	107	119	40	56	125	37	36	47	111	16	12	104	30	78	42	70	79	52	38	15	88	55	122	26	120	47	113	94	2	119	75	112
0	0	0	0	0	0	0	0	0	0	0	0	0	0	0	0	40	68	66	63	64	10	110	94	111	2	66	70	86	75	16	24	28	82	76	52	16	2	3	116	14	13	6	57	51	98	87	125	110	116	48	106	96	97	98	49	10	37	90	29	65	83	38	113	105	38	61	22	105	45	28	52	103	117	46	122	17	80	77	82	67	111	61	99	38	121	108	112	107	121	126	92	68	84	60	27	4	35	53	120	73	75	114	27	114	90	24	103	20	17	35	53	85	24	78	111	110	97	4	34	114	105	30	126	104	120	42	93
0	0	0	0	0	0	0	0	0	0	0	0	0	0	0	0	0	124	92	73	44	106	90	123	121	24	18	55	102	10	40	54	10	25	34	22	116	31	79	46	127	13	18	22	52	77	125	84	107	89	22	62	65	110	116	32	73	92	125	61	40	69	7	47	25	34	3	78	27	112	39	97	118	16	88	32	81	65	39	29	77	75	110	28	71	70	63	61	100	75	5	62	119	119	120	38	66	15	58	118	12	29	9	77	45	62	7	66	37	63	14	24	19	103	45	94	80	113	19	38	110	62	41	91	92	20	44	94
0	0	0	0	0	0	0	0	0	0	0	0	0	0	0	0	0	0	118	67	126	16	12	65	125	112	123	119	124	6	47	47	22	27	70	63	125	7	80	67	62	126	111	116	25	126	5	24	2	79	28	67	31	28	21	83	41	121	45	82	126	77	62	2	91	9	107	81	110	9	3	116	98	85	49	46	50	77	87	6	110	17	116	87	19	79	112	100	124	14	77	87	58	124	33	56	53	42	38	61	24	31	105	125	63	102	19	94	40	76	44	124	114	65	11	94	125	48	32	127	112	124	1	53	124	47	100	79
0	0	0	0	0	0	0	0	0	0	0	0	0	0	0	0	0	0	0	111	6	11	118	71	116	41	61	3	69	86	74	22	47	28	106	60	83	37	51	75	64	33	33	125	101	93	102	108	125	75	47	13	125	117	8	61	81	43	98	89	95	16	77	37	118	24	92	1	64	38	82	73	45	97	34	53	4	12	15	35	122	88	24	127	54	108	5	64	54	78	43	28	9	80	115	113	128	51	27	111	102	32	120	13	10	49	83	38	84	89	99	44	30	36	65	85	101	111	45	29	3	84	3	29	74	68	112	100
0	0	0	0	0	0	0	0	0	0	0	0	0	0	0	0	0	0	0	0	104	50	120	74	38	46	107	10	75	20	98	120	20	5	14	56	45	43	76	48	73	48	116	118	56	30	94	17	58	13	127	91	39	32	68	21	17	84	9	60	125	35	51	17	114	53	73	118	14	67	32	75	17	108	31	4	36	40	107	109	81	86	121	108	34	27	81	4	30	73	128	54	32	120	74	113	76	14	124	74	28	91	83	11	128	97	99	48	36	34	128	24	71	50	71	58	83	31	27	53	120	97	39	15	86	119	32	102
0	0	0	0	0	0	0	0	0	0	0	0	0	0	0	0	0	0	0	0	0	31	125	105	94	98	108	61	57	63	19	120	19	66	43	78	113	117	112	122	79	29	47	47	16	84	113	105	82	14	40	63	1	70	70	51	55	87	47	54	12	127	32	81	68	8	39	25	33	42	3	127	128	56	61	100	86	105	19	2	16	62	96	46	111	89	72	25	114	94	45	78	16	62	15	9	78	63	53	25	83	126	101	33	85	58	78	128	28	114	53	15	98	28	29	20	109	16	84	29	18	10	2	52	44	99	45	3
0	0	0	0	0	0	0	0	0	0	0	0	0	0	0	0	0	0	0	0	0	0	33	65	55	98	96	90	73	92	71	65	125	12	8	18	69	102	1	41	44	32	84	50	110	9	39	16	2	99	63	11	124	9	23	16	65	97	113	76	97	110	24	39	71	46	115	3	17	19	29	117	115	86	113	93	85	77	14	36	53	98	119	20	88	75	108	122	97	106	84	38	20	113	123	64	114	57	94	39	31	10	84	18	82	16	16	4	98	43	83	43	7	94	67	111	31	100	1	103	123	65	38	60	2	65	41	81
0	0	0	0	0	0	0	0	0	0	0	0	0	0	0	0	0	0	0	0	0	0	0	112	10	33	107	89	53	57	113	79	1	3	6	2	50	5	89	77	57	47	61	57	84	95	81	91	19	19	23	18	8	93	119	48	49	60	103	31	77	41	15	109	4	20	39	34	103	14	73	22	97	61	108	51	120	90	115	43	44	40	77	98	37	2	39	123	111	64	118	107	83	76	37	20	102	96	90	114	82	15	102	71	100	3	80	52	49	67	26	1	55	65	51	111	12	24	35	17	20	30	127	81	128	58	42	15
0	0	0	0	0	0	0	0	0	0	0	0	0	0	0	0	0	0	0	0	0	0	0	0	2	110	87	56	119	29	70	101	121	98	128	71	120	57	83	32	37	119	68	43	56	109	106	121	14	56	42	117	126	82	1	61	91	15	5	113	63	60	97	65	71	69	35	69	92	113	56	17	51	113	31	69	114	8	59	42	55	62	55	105	61	54	108	49	64	3	88	31	97	56	11	44	122	123	101	71	7	77	29	100	34	40	73	95	59	36	51	76	12	57	98	125	106	32	62	106	17	17	7	37	37	108	106	37
0	0	0	0	0	0	0	0	0	0	0	0	0	0	0	0	0	0	0	0	0	0	0	0	0	29	91	5	113	84	111	105	123	56	68	75	17	65	75	125	4	17	30	63	54	66	50	23	46	76	19	48	121	14	99	79	11	3	96	93	12	40	34	62	32	99	38	41	23	88	99	85	98	25	53	97	31	80	126	122	47	36	52	18	45	25	108	27	22	56	122	127	96	32	27	50	84	61	60	14	102	1	5	57	54	2	44	53	121	9	116	71	117	78	22	33	40	74	104	28	110	117	9	103	49	126	16	19
0	0	0	0	0	0	0	0	0	0	0	0	0	0	0	0	0	0	0	0	0	0	0	0	0	0	106	35	77	78	100	94	126	10	29	119	126	32	126	21	65	100	84	62	33	17	118	11	108	77	120	114	69	45	31	92	4	96	19	115	6	117	58	68	37	64	42	127	66	81	26	98	35	124	23	4	90	59	54	59	13	121	119	51	103	71	128	9	25	99	96	116	3	40	112	102	127	93	21	64	18	124	62	31	117	73	15	85	49	58	96	4	78	69	70	57	50	118	116	79	9	84	41	47	81	28	103	2
0	0	0	0	0	0	0	0	0	0	0	0	0	0	0	0	0	0	0	0	0	0	0	0	0	0	0	33	90	41	36	52	6	85	27	21	116	93	62	44	78	26	71	67	42	24	96	119	19	68	57	101	85	66	57	6	32	3	118	125	103	4	18	95	29	46	109	113	31	85	49	32	89	40	82	123	27	47	109	123	26	104	120	112	102	77	43	5	86	49	80	25	120	86	34	45	72	18	88	125	58	49	113	83	86	110	48	9	30	78	52	95	30	62	84	37	56	101	63	123	109	81	126	45	95	10	28	79
0	0	0	0	0	0	0	0	0	0	0	0	0	0	0	0	0	0	0	0	0	0	0	0	0	0	0	0	40	101	95	111	33	14	112	23	9	12	6	101	91	126	56	34	122	37	53	85	58	43	61	56	46	17	83	111	92	69	30	4	81	77	26	93	99	1	25	55	88	29	11	68	76	123	58	55	41	35	123	34	65	65	33	97	56	30	120	1	48	99	36	81	65	85	87	82	89	24	32	100	99	96	47	75	57	76	43	117	123	8	127	127	73	104	50	89	120	3	24	24	75	54	34	3	125	8	30	45
0	0	0	0	0	0	0	0	0	0	0	0	0	0	0	0	0	0	0	0	0	0	0	0	0	0	0	0	0	124	49	38	19	112	110	7	94	39	90	118	118	65	2	70	19	111	34	41	57	50	16	105	70	20	66	86	57	108	114	60	49	106	7	69	88	52	101	56	88	31	56	61	115	37	92	26	104	17	21	36	118	93	79	90	55	101	116	62	79	15	71	106	83	4	124	98	13	67	64	126	5	87	118	87	96	118	107	103	32	53	122	33	29	49	20	94	117	94	10	4	70	48	28	20	38	97	122	66
0	0	0	0	0	0	0	0	0	0	0	0	0	0	0	0	0	0	0	0	0	0	0	0	0	0	0	0	0	0	35	70	8	103	94	127	32	79	101	80	24	8	13	1	68	127	120	67	78	118	67	110	90	41	102	121	81	109	77	24	82	127	81	120	60	100	66	84	30	74	64	20	122	58	7	61	35	58	87	79	113	20	60	36	21	11	124	45	65	67	2	66	70	83	34	48	71	13	116	6	21	79	82	2	108	101	116	117	12	94	108	22	87	125	64	84	128	33	82	6	67	128	107	28	87	38	2	110
0	0	0	0	0	0	0	0	0	0	0	0	0	0	0	0	0	0	0	0	0	0	0	0	0	0	0	0	0	0	0	89	101	36	104	60	63	10	27	69	106	21	82	68	93	21	115	27	80	58	53	26	110	68	21	94	61	51	51	29	42	91	100	126	92	119	31	32	77	86	33	18	27	127	27	99	74	18	72	120	103	113	108	32	27	85	35	86	13	115	119	16	70	28	16	119	113	40	98	85	32	26	55	115	113	10	94	85	35	59	109	123	100	95	65	106	115	112	54	78	104	68	60	23	106	23	12	81
0	0	0	0	0	0	0	0	0	0	0	0	0	0	0	0	0	0	0	0	0	0	0	0	0	0	0	0	0	0	0	0	59	105	7	53	120	63	81	57	53	11	91	44	76	121	35	16	31	56	3	39	68	64	68	97	51	37	51	126	114	13	68	110	52	55	114	122	96	40	118	6	103	33	98	28	71	4	29	15	66	73	19	105	125	6	101	14	109	54	23	107	21	28	95	101	74	23	33	37	45	111	122	63	32	91	111	106	112	54	96	87	51	88	63	2	39	96	42	18	70	108	24	119	33	49	64	99
0	0	0	0	0	0	0	0	0	0	0	0	0	0	0	0	0	0	0	0	0	0	0	0	0	0	0	0	0	0	0	0	0	74	106	31	75	51	109	14	6	44	6	34	101	37	121	30	76	98	85	76	11	124	7	37	79	64	70	68	97	19	106	119	18	77	69	79	85	119	70	15	53	26	42	93	94	96	6	34	39	115	124	116	88	3	87	82	10	118	68	109	47	62	125	67	85	18	52	43	122	28	55	117	92	78	74	101	122	31	50	4	71	81	107	69	77	39	31	41	113	104	14	123	117	18	103	81
0	0	0	0	0	0	0	0	0	0	0	0	0	0	0	0	0	0	0	0	0	0	0	0	0	0	0	0	0	0	0	0	0	0	87	10	94	121	37	46	58	111	84	95	73	62	71	117	121	90	103	39	87	71	94	97	123	14	16	39	11	71	63	30	60	96	82	99	89	30	17	11	26	72	47	84	11	4	12	32	21	109	83	17	27	46	64	84	53	72	36	43	10	60	61	32	124	1	7	106	124	54	83	72	55	111	21	113	120	127	1	126	7	124	59	117	127	29	56	101	10	61	35	54	90	5	24	83
0	0	0	0	0	0	0	0	0	0	0	0	0	0	0	0	0	0	0	0	0	0	0	0	0	0	0	0	0	0	0	0	0	0	0	23	46	98	22	43	29	39	51	120	57	83	86	49	83	2	72	110	116	29	101	123	68	19	83	113	115	43	2	71	75	71	96	12	44	93	37	46	34	114	114	97	120	78	23	84	87	102	83	5	43	106	32	110	98	3	68	128	68	105	2	126	36	88	83	26	31	50	110	106	89	73	45	80	80	6	97	110	106	39	1	73	16	29	23	110	92	8	57	109	7	104	112	44
0	0	0	0	0	0	0	0	0	0	0	0	0	0	0	0	0	0	0	0	0	0	0	0	0	0	0	0	0	0	0	0	0	0	0	0	85	38	54	22	19	104	75	97	1	86	124	111	40	67	1	78	114	99	52	40	8	106	77	13	79	94	3	58	102	12	106	37	100	34	85	113	114	69	74	83	27	105	17	36	106	87	34	105	100	102	36	79	86	78	95	75	94	83	74	128	122	70	2	120	50	85	2	55	101	3	118	11	11	118	77	7	81	62	126	73	96	56	92	34	24	89	25	38	71	100	68	35
0	0	0	0	0	0	0	0	0	0	0	0	0	0	0	0	0	0	0	0	0	0	0	0	0	0	0	0	0	0	0	0	0	0	0	0	0	84	100	25	77	3	123	109	34	19	122	60	8	5	114	46	22	41	113	39	76	100	27	44	40	96	96	13	67	126	44	60	45	53	63	117	122	35	89	26	10	40	51	30	54	69	74	20	125	61	103	26	81	23	32	54	74	13	83	96	58	96	45	81	52	120	42	39	45	26	117	124	109	53	31	121	88	27	94	51	122	120	46	13	66	74	105	67	99	55	19	12
0	0	0	0	0	0	0	0	0	0	0	0	0	0	0	0	0	0	0	0	0	0	0	0	0	0	0	0	0	0	0	0	0	0	0	0	0	0	70	66	28	112	74	38	49	32	80	95	39	117	37	32	72	37	95	118	102	92	9	87	87	29	91	56	101	91	121	8	106	127	124	115	106	121	121	111	53	58	92	31	74	121	96	96	122	73	14	24	14	111	104	14	92	84	22	49	96	76	118	18	72	30	73	36	60	86	70	70	75	76	94	51	87	125	80	118	124	120	13	127	4	32	113	28	68	24	58	88
0	0	0	0	0	0	0	0	0	0	0	0	0	0	0	0	0	0	0	0	0	0	0	0	0	0	0	0	0	0	0	0	0	0	0	0	0	0	0	107	54	86	66	89	34	36	39	65	56	96	124	62	93	101	104	110	115	35	81	55	9	69	19	28	119	73	111	91	22	80	126	25	111	61	115	35	53	59	95	82	15	49	30	54	69	44	27	76	76	49	108	64	39	116	10	113	125	1	43	75	55	73	48	70	11	10	69	102	93	116	7	110	54	97	48	63	44	37	57	69	19	37	22	86	67	47	70	110
0	0	0	0	0	0	0	0	0	0	0	0	0	0	0	0	0	0	0	0	0	0	0	0	0	0	0	0	0	0	0	0	0	0	0	0	0	0	0	0	32	48	14	58	28	125	47	39	47	14	126	78	25	84	116	14	4	123	37	70	128	17	31	62	92	105	123	97	48	110	34	68	118	91	9	90	74	126	4	99	45	54	89	116	3	117	5	79	74	15	24	109	61	40	78	33	65	71	7	16	60	96	65	77	30	62	103	22	56	30	70	53	113	25	3	125	40	92	36	7	101	120	37	111	113	123	86	33
0	0	0	0	0	0	0	0	0	0	0	0	0	0	0	0	0	0	0	0	0	0	0	0	0	0	0	0	0	0	0	0	0	0	0	0	0	0	0	0	0	117	65	72	117	62	99	51	112	117	99	3	94	22	88	14	4	85	98	73	57	38	10	118	121	118	41	114	105	68	123	55	41	55	128	32	122	108	1	98	40	96	75	81	106	21	97	108	51	1	29	109	109	123	65	21	81	120	34	58	122	81	21	55	98	81	28	21	94	35	90	11	115	37	29	70	121	39	110	68	84	100	98	1	72	46	107	114
0	0	0	0	0	0	0	0	0	0	0	0	0	0	0	0	0	0	0	0	0	0	0	0	0	0	0	0	0	0	0	0	0	0	0	0	0	0	0	0	0	0	104	53	121	120	98	27	31	8	64	62	127	91	49	22	86	124	27	46	126	100	10	98	42	104	62	114	7	93	80	39	101	64	59	70	94	67	111	83	10	78	46	54	55	9	44	103	29	51	115	117	67	16	122	126	93	41	2	90	71	120	85	71	117	82	89	118	16	4	123	93	14	88	58	85	29	87	62	32	89	19	51	127	99	26	45	59
0	0	0	0	0	0	0	0	0	0	0	0	0	0	0	0	0	0	0	0	0	0	0	0	0	0	0	0	0	0	0	0	0	0	0	0	0	0	0	0	0	0	0	21	96	67	109	7	72	11	65	98	52	92	88	93	39	47	20	113	121	36	60	17	5	120	6	123	96	91	11	105	38	58	52	23	71	22	115	94	72	127	25	29	115	37	101	60	22	105	92	120	89	80	128	42	22	60	39	21	57	80	72	111	20	83	101	124	100	119	39	52	42	12	89	108	79	111	19	62	81	9	73	117	88	24	121	128
0	0	0	0	0	0	0	0	0	0	0	0	0	0	0	0	0	0	0	0	0	0	0	0	0	0	0	0	0	0	0	0	0	0	0	0	0	0	0	0	0	0	0	0	101	127	4	59	12	92	43	38	97	117	22	108	36	85	118	51	65	112	49	85	50	79	115	13	36	63	5	9	65	17	12	115	10	91	31	61	31	126	73	72	41	16	12	99	116	84	51	75	103	23	45	92	70	125	84	39	119	84	34	82	97	34	89	43	8	68	65	116	57	101	52	85	101	110	39	15	1	7	80	38	39	97	94	78
0	0	0	0	0	0	0	0	0	0	0	0	0	0	0	0	0	0	0	0	0	0	0	0	0	0	0	0	0	0	0	0	0	0	0	0	0	0	0	0	0	0	0	0	0	121	65	43	52	86	100	77	54	18	117	54	106	60	8	53	5	46	9	35	55	90	77	40	28	7	126	100	98	37	63	111	25	31	83	102	31	29	24	11	74	6	118	55	115	70	101	122	82	37	69	54	26	55	101	23	60	74	124	69	45	2	96	99	113	123	91	28	91	92	8	102	9	12	91	101	113	17	66	105	14	19	73	56
0	0	0	0	0	0	0	0	0	0	0	0	0	0	0	0	0	0	0	0	0	0	0	0	0	0	0	0	0	0	0	0	0	0	0	0	0	0	0	0	0	0	0	0	0	0	65	127	17	109	36	21	97	16	13	108	82	47	80	58	90	86	77	11	58	54	11	93	109	66	112	22	69	19	80	112	102	94	52	49	95	19	9	94	89	101	6	34	121	41	4	66	17	78	43	30	47	76	2	43	112	24	83	52	46	35	80	91	2	34	122	45	60	94	127	26	15	63	72	45	69	124	73	116	118	37	115	101
0	0	0	0	0	0	0	0	0	0	0	0	0	0	0	0	0	0	0	0	0	0	0	0	0	0	0	0	0	0	0	0	0	0	0	0	0	0	0	0	0	0	0	0	0	0	0	100	78	1	109	60	115	48	87	91	100	72	8	106	56	111	70	28	18	6	23	66	6	24	60	15	116	73	112	61	59	101	67	16	77	71	39	57	126	41	90	68	14	14	4	9	20	101	87	3	16	46	39	92	117	36	35	104	16	15	59	6	54	35	75	8	36	65	3	56	22	127	73	58	9	47	68	128	12	4	27	36
0	0	0	0	0	0	0	0	0	0	0	0	0	0	0	0	0	0	0	0	0	0	0	0	0	0	0	0	0	0	0	0	0	0	0	0	0	0	0	0	0	0	0	0	0	0	0	0	57	65	30	5	116	32	119	115	11	105	33	125	97	110	4	13	23	89	3	47	85	105	78	101	7	86	73	48	57	52	29	97	45	125	88	26	128	99	67	6	34	5	115	43	73	86	63	64	95	45	36	112	97	37	114	127	12	21	92	94	104	107	90	94	109	83	50	98	80	37	74	44	72	41	74	62	5	110	126	101
0	0	0	0	0	0	0	0	0	0	0	0	0	0	0	0	0	0	0	0	0	0	0	0	0	0	0	0	0	0	0	0	0	0	0	0	0	0	0	0	0	0	0	0	0	0	0	0	0	23	103	39	39	17	68	15	93	42	92	1	49	35	93	61	7	18	35	43	125	15	78	44	105	111	22	103	7	23	122	111	106	97	28	75	68	44	86	115	113	67	36	83	127	87	32	21	16	42	82	102	95	54	70	127	115	105	119	64	67	55	13	12	81	7	87	44	118	118	19	43	89	89	83	18	100	10	83	2
0	0	0	0	0	0	0	0	0	0	0	0	0	0	0	0	0	0	0	0	0	0	0	0	0	0	0	0	0	0	0	0	0	0	0	0	0	0	0	0	0	0	0	0	0	0	0	0	0	0	100	68	5	79	3	5	96	87	15	22	113	76	106	122	99	79	76	108	34	94	76	100	83	90	17	127	35	31	123	29	42	1	35	94	47	24	76	93	102	53	61	60	72	20	43	114	87	76	117	66	53	117	43	67	115	35	86	102	55	106	96	24	71	3	35	61	69	109	92	80	93	78	91	13	90	25	107	7
0	0	0	0	0	0	0	0	0	0	0	0	0	0	0	0	0	0	0	0	0	0	0	0	0	0	0	0	0	0	0	0	0	0	0	0	0	0	0	0	0	0	0	0	0	0	0	0	0	0	0	126	57	79	41	66	124	89	93	105	88	42	111	120	105	4	20	29	32	15	39	30	68	120	20	68	114	126	14	109	49	33	16	57	89	24	23	120	109	116	91	62	50	12	53	68	107	57	116	14	122	59	81	21	50	33	125	55	26	90	47	26	13	124	76	83	56	61	6	25	67	77	53	81	78	113	64	105
0	0	0	0	0	0	0	0	0	0	0	0	0	0	0	0	0	0	0	0	0	0	0	0	0	0	0	0	0	0	0	0	0	0	0	0	0	0	0	0	0	0	0	0	0	0	0	0	0	0	0	0	103	37	41	18	6	57	28	95	12	93	60	111	49	120	18	73	50	56	117	115	40	56	56	100	105	9	116	67	128	93	86	23	108	21	37	110	31	97	114	119	83	117	74	29	109	107	112	73	91	72	27	15	101	17	30	103	103	64	65	127	69	54	66	125	123	90	41	115	73	91	104	119	108	85	113	71
0	0	0	0	0	0	0	0	0	0	0	0	0	0	0	0	0	0	0	0	0	0	0	0	0	0	0	0	0	0	0	0	0	0	0	0	0	0	0	0	0	0	0	0	0	0	0	0	0	0	0	0	0	95	80	51	90	58	81	64	82	22	47	126	18	107	88	26	10	109	77	22	71	87	103	19	3	121	78	77	73	104	84	69	91	76	98	69	127	64	106	122	25	57	30	84	103	14	77	38	35	30	74	93	41	52	75	127	28	114	104	61	47	15	1	100	18	9	125	87	51	90	23	14	69	49	80	93
0	0	0	0	0	0	0	0	0	0	0	0	0	0	0	0	0	0	0	0	0	0	0	0	0	0	0	0	0	0	0	0	0	0	0	0	0	0	0	0	0	0	0	0	0	0	0	0	0	0	0	0	0	0	7	99	29	23	119	57	66	111	6	15	78	70	124	16	73	7	73	44	28	73	114	97	34	6	91	93	80	92	128	124	38	84	31	44	95	87	113	114	80	62	45	39	100	102	65	105	95	63	117	27	47	53	35	72	119	115	89	113	43	125	87	78	48	78	57	23	42	120	59	87	54	85	107	64
0	0	0	0	0	0	0	0	0	0	0	0	0	0	0	0	0	0	0	0	0	0	0	0	0	0	0	0	0	0	0	0	0	0	0	0	0	0	0	0	0	0	0	0	0	0	0	0	0	0	0	0	0	0	0	44	12	54	90	75	74	117	97	85	112	42	35	93	64	76	54	81	106	26	8	14	4	51	73	2	7	10	85	79	43	55	94	58	59	1	108	5	93	128	17	59	50	83	91	30	19	127	68	38	14	28	46	83	107	11	105	17	30	69	21	3	16	61	14	65	91	31	89	82	8	32	101	57
0	0	0	0	0	0	0	0	0	0	0	0	0	0	0	0	0	0	0	0	0	0	0	0	0	0	0	0	0	0	0	0	0	0	0	0	0	0	0	0	0	0	0	0	0	0	0	0	0	0	0	0	0	0	0	0	111	21	119	57	41	109	96	34	35	88	5	60	95	62	81	102	47	77	100	96	120	19	13	76	103	98	50	83	7	101	64	71	84	123	38	8	63	12	126	120	51	4	89	66	32	42	127	120	65	18	18	70	87	112	112	128	90	22	81	116	89	109	27	2	70	112	95	44	46	116	56	2
0	0	0	0	0	0	0	0	0	0	0	0	0	0	0	0	0	0	0	0	0	0	0	0	0	0	0	0	0	0	0	0	0	0	0	0	0	0	0	0	0	0	0	0	0	0	0	0	0	0	0	0	0	0	0	0	0	108	38	87	7	29	127	49	113	17	109	120	53	75	88	35	2	109	46	81	126	3	121	28	123	45	6	57	99	125	115	15	22	116	55	43	38	70	109	56	126	80	115	102	7	22	124	3	84	5	17	21	2	82	24	99	3	59	127	25	104	119	55	91	77	46	92	117	49	57	27	68
0	0	0	0	0	0	0	0	0	0	0	0	0	0	0	0	0	0	0	0	0	0	0	0	0	0	0	0	0	0	0	0	0	0	0	0	0	0	0	0	0	0	0	0	0	0	0	0	0	0	0	0	0	0	0	0	0	0	61	128	96	18	63	124	97	121	9	48	114	20	84	96	7	84	23	18	97	42	10	75	49	3	67	116	14	75	127	99	59	114	118	21	48	21	122	121	77	5	90	16	56	13	67	91	47	121	41	25	23	69	111	65	16	47	25	46	19	94	10	12	28	49	54	3	94	126	49	102
0	0	0	0	0	0	0	0	0	0	0	0	0	0	0	0	0	0	0	0	0	0	0	0	0	0	0	0	0	0	0	0	0	0	0	0	0	0	0	0	0	0	0	0	0	0	0	0	0	0	0	0	0	0	0	0	0	0	0	52	12	125	85	108	94	65	88	1	107	56	23	17	77	83	67	64	24	76	70	122	95	104	108	97	22	110	102	111	127	26	15	117	69	36	82	60	18	33	37	95	56	125	67	81	28	120	107	78	86	87	77	111	123	32	13	106	26	124	110	103	117	17	122	71	52	67	29	48
0	0	0	0	0	0	0	0	0	0	0	0	0	0	0	0	0	0	0	0	0	0	0	0	0	0	0	0	0	0	0	0	0	0	0	0	0	0	0	0	0	0	0	0	0	0	0	0	0	0	0	0	0	0	0	0	0	0	0	0	57	60	18	71	112	51	60	118	88	100	90	54	33	97	104	47	48	126	18	85	77	51	29	22	97	26	73	91	105	45	124	4	83	34	120	111	87	66	86	42	16	35	6	6	84	91	55	99	104	69	46	36	67	20	15	44	101	10	112	22	8	77	36	34	29	13	31	49
0	0	0	0	0	0	0	0	0	0	0	0	0	0	0	0	0	0	0	0	0	0	0	0	0	0	0	0	0	0	0	0	0	0	0	0	0	0	0	0	0	0	0	0	0	0	0	0	0	0	0	0	0	0	0	0	0	0	0	0	0	22	7	70	81	18	80	16	46	100	111	125	108	69	104	28	95	11	79	56	44	104	91	125	23	28	32	79	31	81	1	101	21	100	56	50	62	112	83	50	7	91	51	121	118	93	20	124	37	25	39	77	86	56	123	74	124	103	82	127	107	69	76	3	100	98	115	2
0	0	0	0	0	0	0	0	0	0	0	0	0	0	0	0	0	0	0	0	0	0	0	0	0	0	0	0	0	0	0	0	0	0	0	0	0	0	0	0	0	0	0	0	0	0	0	0	0	0	0	0	0	0	0	0	0	0	0	0	0	0	42	64	90	94	42	126	12	94	21	70	121	128	119	31	109	124	60	51	83	101	86	50	42	26	86	1	49	50	28	87	47	34	89	63	58	17	33	50	8	78	121	63	24	26	42	14	127	31	93	61	28	93	73	119	78	70	104	44	74	25	50	67	79	47	87	116
0	0	0	0	0	0	0	0	0	0	0	0	0	0	0	0	0	0	0	0	0	0	0	0	0	0	0	0	0	0	0	0	0	0	0	0	0	0	0	0	0	0	0	0	0	0	0	0	0	0	0	0	0	0	0	0	0	0	0	0	0	0	0	35	68	49	32	123	80	128	39	97	12	62	82	3	27	103	103	62	81	82	102	64	70	40	4	11	43	115	89	115	15	85	18	121	8	52	90	104	37	81	1	78	125	103	36	90	86	31	32	9	47	57	95	31	53	126	74	47	6	76	92	28	65	71	117	110
0	0	0	0	0	0	0	0	0	0	0	0	0	0	0	0	0	0	0	0	0	0	0	0	0	0	0	0	0	0	0	0	0	0	0	0	0	0	0	0	0	0	0	0	0	0	0	0	0	0	0	0	0	0	0	0	0	0	0	0	0	0	0	0	42	72	39	21	101	127	38	100	52	114	112	110	107	85	87	71	47	11	74	118	29	90	108	124	66	30	22	82	41	64	94	52	40	83	20	67	30	47	68	111	121	55	107	54	110	20	29	66	127	1	91	41	50	80	111	95	99	3	16	1	29	126	65	105
0	0	0	0	0	0	0	0	0	0	0	0	0	0	0	0	0	0	0	0	0	0	0	0	0	0	0	0	0	0	0	0	0	0	0	0	0	0	0	0	0	0	0	0	0	0	0	0	0	0	0	0	0	0	0	0	0	0	0	0	0	0	0	0	0	83	22	30	67	59	92	105	104	70	59	65	44	42	27	97	34	34	123	4	76	58	39	123	65	97	108	50	124	6	66	113	48	123	99	23	49	123	72	90	84	124	114	99	66	71	112	95	53	120	9	68	46	14	30	28	117	46	17	11	10	62	97	125
0	0	0	0	0	0	0	0	0	0	0	0	0	0	0	0	0	0	0	0	0	0	0	0	0	0	0	0	0	0	0	0	0	0	0	0	0	0	0	0	0	0	0	0	0	0	0	0	0	0	0	0	0	0	0	0	0	0	0	0	0	0	0	0	0	0	11	51	90	115	124	101	66	112	37	82	84	4	92	108	96	108	100	115	41	91	20	79	53	87	71	102	31	46	73	19	126	32	103	106	3	1	81	94	73	30	11	51	126	38	16	13	55	6	123	29	114	81	21	123	5	84	95	51	104	112	44	6
0	0	0	0	0	0	0	0	0	0	0	0	0	0	0	0	0	0	0	0	0	0	0	0	0	0	0	0	0	0	0	0	0	0	0	0	0	0	0	0	0	0	0	0	0	0	0	0	0	0	0	0	0	0	0	0	0	0	0	0	0	0	0	0	0	0	0	28	30	61	124	1	49	96	34	40	21	51	96	58	70	38	62	51	47	6	83	1	86	94	104	45	81	44	89	31	85	125	5	24	13	107	44	123	86	98	12	44	64	2	3	90	23	19	87	96	24	104	69	73	102	91	106	109	31	80	59	41
0	0	0	0	0	0	0	0	0	0	0	0	0	0	0	0	0	0	0	0	0	0	0	0	0	0	0	0	0	0	0	0	0	0	0	0	0	0	0	0	0	0	0	0	0	0	0	0	0	0	0	0	0	0	0	0	0	0	0	0	0	0	0	0	0	0	0	0	126	123	20	101	110	107	58	121	113	82	81	58	119	125	85	8	63	11	10	75	31	62	54	73	19	92	65	59	35	14	107	39	125	48	70	9	19	65	96	67	40	94	93	31	41	10	29	77	100	78	72	14	26	65	54	43	16	95	35	56
0	0	0	0	0	0	0	0	0	0	0	0	0	0	0	0	0	0	0	0	0	0	0	0	0	0	0	0	0	0	0	0	0	0	0	0	0	0	0	0	0	0	0	0	0	0	0	0	0	0	0	0	0	0	0	0	0	0	0	0	0	0	0	0	0	0	0	0	0	117	45	76	67	57	17	68	68	62	118	29	34	117	119	50	74	3	23	96	105	70	107	109	116	123	96	2	35	54	21	29	88	34	7	62	49	104	56	56	12	13	100	122	58	108	19	112	47	85	83	67	86	71	120	115	62	71	50	119
0	0	0	0	0	0	0	0	0	0	0	0	0	0	0	0	0	0	0	0	0	0	0	0	0	0	0	0	0	0	0	0	0	0	0	0	0	0	0	0	0	0	0	0	0	0	0	0	0	0	0	0	0	0	0	0	0	0	0	0	0	0	0	0	0	0	0	0	0	0	71	35	18	49	108	53	106	1	33	109	109	32	99	90	72	15	85	58	7	73	105	86	32	58	123	33	16	85	123	114	103	122	92	19	23	88	107	59	93	119	53	124	123	45	83	127	84	120	117	15	13	4	109	63	80	123	54	39
0	0	0	0	0	0	0	0	0	0	0	0	0	0	0	0	0	0	0	0	0	0	0	0	0	0	0	0	0	0	0	0	0	0	0	0	0	0	0	0	0	0	0	0	0	0	0	0	0	0	0	0	0	0	0	0	0	0	0	0	0	0	0	0	0	0	0	0	0	0	0	4	82	66	73	52	95	44	105	81	66	32	43	96	99	42	105	64	67	3	117	91	69	17	115	81	8	85	26	127	118	45	53	24	29	74	36	53	104	23	58	91	122	97	108	15	66	27	55	102	92	115	100	115	121	69	51	87
0	0	0	0	0	0	0	0	0	0	0	0	0	0	0	0	0	0	0	0	0	0	0	0	0	0	0	0	0	0	0	0	0	0	0	0	0	0	0	0	0	0	0	0	0	0	0	0	0	0	0	0	0	0	0	0	0	0	0	0	0	0	0	0	0	0	0	0	0	0	0	0	60	39	26	126	94	45	98	93	90	76	81	68	24	104	98	9	105	93	37	76	17	53	124	100	91	23	5	49	24	93	106	19	32	63	65	34	72	4	24	23	52	77	70	118	1	63	25	2	45	87	30	87	119	32	128	72
0	0	0	0	0	0	0	0	0	0	0	0	0	0	0	0	0	0	0	0	0	0	0	0	0	0	0	0	0	0	0	0	0	0	0	0	0	0	0	0	0	0	0	0	0	0	0	0	0	0	0	0	0	0	0	0	0	0	0	0	0	0	0	0	0	0	0	0	0	0	0	0	0	105	62	41	92	10	120	19	96	79	17	40	26	40	114	92	119	24	79	112	124	2	120	18	116	35	109	60	5	91	12	49	34	12	70	68	89	46	50	91	19	95	50	81	44	74	117	82	30	99	120	125	1	108	41	65
0	0	0	0	0	0	0	0	0	0	0	0	0	0	0	0	0	0	0	0	0	0	0	0	0	0	0	0	0	0	0	0	0	0	0	0	0	0	0	0	0	0	0	0	0	0	0	0	0	0	0	0	0	0	0	0	0	0	0	0	0	0	0	0	0	0	0	0	0	0	0	0	0	0	94	59	101	21	18	24	54	51	7	55	90	24	60	20	15	59	113	41	125	101	21	92	117	106	63	116	104	62	61	128	62	54	30	4	92	45	5	105	72	57	35	127	42	112	17	124	40	28	18	45	27	96	128	52
0	0	0	0	0	0	0	0	0	0	0	0	0	0	0	0	0	0	0	0	0	0	0	0	0	0	0	0	0	0	0	0	0	0	0	0	0	0	0	0	0	0	0	0	0	0	0	0	0	0	0	0	0	0	0	0	0	0	0	0	0	0	0	0	0	0	0	0	0	0	0	0	0	0	0	113	94	12	28	40	76	9	90	56	9	119	116	71	127	71	91	80	48	111	97	6	60	9	30	99	51	87	55	30	72	106	14	57	109	62	89	18	11	115	10	59	1	108	83	74	54	114	118	44	63	88	95	56
0	0	0	0	0	0	0	0	0	0	0	0	0	0	0	0	0	0	0	0	0	0	0	0	0	0	0	0	0	0	0	0	0	0	0	0	0	0	0	0	0	0	0	0	0	0	0	0	0	0	0	0	0	0	0	0	0	0	0	0	0	0	0	0	0	0	0	0	0	0	0	0	0	0	0	0	96	17	74	59	22	127	119	76	104	90	21	14	87	117	7	73	122	1	116	72	8	47	47	59	124	94	20	52	62	127	36	95	104	127	69	110	47	37	53	96	11	115	121	83	65	119	102	70	32	14	84	128
0	0	0	0	0	0	0	0	0	0	0	0	0	0	0	0	0	0	0	0	0	0	0	0	0	0	0	0	0	0	0	0	0	0	0	0	0	0	0	0	0	0	0	0	0	0	0	0	0	0	0	0	0	0	0	0	0	0	0	0	0	0	0	0	0	0	0	0	0	0	0	0	0	0	0	0	0	40	45	88	46	26	103	99	47	27	13	59	114	74	100	82	50	19	118	75	48	81	60	100	100	70	74	34	11	48	53	120	15	97	64	64	65	57	9	65	107	103	122	128	58	20	83	65	57	103	58	86
0	0	0	0	0	0	0	0	0	0	0	0	0	0	0	0	0	0	0	0	0	0	0	0	0	0	0	0	0	0	0	0	0	0	0	0	0	0	0	0	0	0	0	0	0	0	0	0	0	0	0	0	0	0	0	0	0	0	0	0	0	0	0	0	0	0	0	0	0	0	0	0	0	0	0	0	0	0	34	91	81	85	101	105	92	128	43	87	9	15	38	32	81	93	52	44	125	98	105	121	70	44	113	71	95	123	12	113	70	62	43	38	83	111	103	30	82	109	121	32	109	110	95	87	53	40	4	126
0	0	0	0	0	0	0	0	0	0	0	0	0	0	0	0	0	0	0	0	0	0	0	0	0	0	0	0	0	0	0	0	0	0	0	0	0	0	0	0	0	0	0	0	0	0	0	0	0	0	0	0	0	0	0	0	0	0	0	0	0	0	0	0	0	0	0	0	0	0	0	0	0	0	0	0	0	0	0	12	112	74	51	90	15	76	62	88	104	111	36	55	76	111	50	50	35	20	101	58	35	10	18	124	23	90	71	114	64	17	105	29	101	13	77	29	56	9	111	6	94	87	18	43	72	121	36	32
0	0	0	0	0	0	0	0	0	0	0	0	0	0	0	0	0	0	0	0	0	0	0	0	0	0	0	0	0	0	0	0	0	0	0	0	0	0	0	0	0	0	0	0	0	0	0	0	0	0	0	0	0	0	0	0	0	0	0	0	0	0	0	0	0	0	0	0	0	0	0	0	0	0	0	0	0	0	0	0	50	43	74	46	88	60	34	65	80	6	5	83	3	71	101	1	32	128	7	1	80	20	20	35	98	56	106	39	41	124	116	99	21	88	122	4	58	53	48	62	13	47	107	12	67	98	125	35
0	0	0	0	0	0	0	0	0	0	0	0	0	0	0	0	0	0	0	0	0	0	0	0	0	0	0	0	0	0	0	0	0	0	0	0	0	0	0	0	0	0	0	0	0	0	0	0	0	0	0	0	0	0	0	0	0	0	0	0	0	0	0	0	0	0	0	0	0	0	0	0	0	0	0	0	0	0	0	0	0	94	86	49	118	103	58	24	52	16	125	63	14	36	61	20	14	9	28	72	103	102	28	128	58	25	51	105	70	90	6	74	13	75	94	108	61	112	4	37	111	3	29	12	6	101	15	112
0	0	0	0	0	0	0	0	0	0	0	0	0	0	0	0	0	0	0	0	0	0	0	0	0	0	0	0	0	0	0	0	0	0	0	0	0	0	0	0	0	0	0	0	0	0	0	0	0	0	0	0	0	0	0	0	0	0	0	0	0	0	0	0	0	0	0	0	0	0	0	0	0	0	0	0	0	0	0	0	0	0	62	107	105	32	59	22	17	98	55	51	6	128	116	16	101	31	119	35	115	57	29	77	28	100	102	81	86	17	7	41	93	64	35	78	91	91	3	80	42	70	88	1	52	120	34	9
0	0	0	0	0	0	0	0	0	0	0	0	0	0	0	0	0	0	0	0	0	0	0	0	0	0	0	0	0	0	0	0	0	0	0	0	0	0	0	0	0	0	0	0	0	0	0	0	0	0	0	0	0	0	0	0	0	0	0	0	0	0	0	0	0	0	0	0	0	0	0	0	0	0	0	0	0	0	0	0	0	0	0	38	36	79	63	19	16	79	68	85	25	14	94	32	80	99	41	81	11	103	100	116	33	5	52	108	69	115	54	12	112	41	18	46	65	80	116	125	73	109	85	69	46	76	4	50
0	0	0	0	0	0	0	0	0	0	0	0	0	0	0	0	0	0	0	0	0	0	0	0	0	0	0	0	0	0	0	0	0	0	0	0	0	0	0	0	0	0	0	0	0	0	0	0	0	0	0	0	0	0	0	0	0	0	0	0	0	0	0	0	0	0	0	0	0	0	0	0	0	0	0	0	0	0	0	0	0	0	0	0	83	22	110	16	121	21	104	78	74	41	64	34	30	54	104	3	13	101	60	67	76	48	82	17	122	7	1	4	10	59	111	8	119	48	56	122	29	89	108	42	92	102	48	68
0	0	0	0	0	0	0	0	0	0	0	0	0	0	0	0	0	0	0	0	0	0	0	0	0	0	0	0	0	0	0	0	0	0	0	0	0	0	0	0	0	0	0	0	0	0	0	0	0	0	0	0	0	0	0	0	0	0	0	0	0	0	0	0	0	0	0	0	0	0	0	0	0	0	0	0	0	0	0	0	0	0	0	0	0	72	34	102	40	22	50	107	73	83	90	89	56	25	125	95	9	103	28	66	21	56	94	5	2	44	28	75	34	65	9	13	50	106	43	88	19	53	17	7	42	95	93	22
0	0	0	0	0	0	0	0	0	0	0	0	0	0	0	0	0	0	0	0	0	0	0	0	0	0	0	0	0	0	0	0	0	0	0	0	0	0	0	0	0	0	0	0	0	0	0	0	0	0	0	0	0	0	0	0	0	0	0	0	0	0	0	0	0	0	0	0	0	0	0	0	0	0	0	0	0	0	0	0	0	0	0	0	0	0	15	73	119	126	39	94	69	42	5	48	54	90	77	37	19	69	109	2	119	75	117	93	128	58	8	97	106	40	64	48	100	60	14	15	26	109	23	19	62	24	57	43
0	0	0	0	0	0	0	0	0	0	0	0	0	0	0	0	0	0	0	0	0	0	0	0	0	0	0	0	0	0	0	0	0	0	0	0	0	0	0	0	0	0	0	0	0	0	0	0	0	0	0	0	0	0	0	0	0	0	0	0	0	0	0	0	0	0	0	0	0	0	0	0	0	0	0	0	0	0	0	0	0	0	0	0	0	0	0	13	21	7	30	4	99	14	31	46	72	123	95	17	65	114	80	32	62	23	84	118	72	70	27	17	100	115	2	26	22	3	69	51	43	9	67	116	62	16	125	9
0	0	0	0	0	0	0	0	0	0	0	0	0	0	0	0	0	0	0	0	0	0	0	0	0	0	0	0	0	0	0	0	0	0	0	0	0	0	0	0	0	0	0	0	0	0	0	0	0	0	0	0	0	0	0	0	0	0	0	0	0	0	0	0	0	0	0	0	0	0	0	0	0	0	0	0	0	0	0	0	0	0	0	0	0	0	0	0	60	7	57	33	37	72	60	39	51	54	65	39	49	116	44	23	62	96	78	120	30	51	38	110	72	57	46	112	113	44	15	108	4	98	17	101	36	21	53	24
0	0	0	0	0	0	0	0	0	0	0	0	0	0	0	0	0	0	0	0	0	0	0	0	0	0	0	0	0	0	0	0	0	0	0	0	0	0	0	0	0	0	0	0	0	0	0	0	0	0	0	0	0	0	0	0	0	0	0	0	0	0	0	0	0	0	0	0	0	0	0	0	0	0	0	0	0	0	0	0	0	0	0	0	0	0	0	0	0	97	114	24	19	58	54	125	103	110	55	38	51	119	121	3	39	57	96	20	42	41	13	62	123	44	94	60	54	36	67	128	57	17	47	33	85	35	34	123
0	0	0	0	0	0	0	0	0	0	0	0	0	0	0	0	0	0	0	0	0	0	0	0	0	0	0	0	0	0	0	0	0	0	0	0	0	0	0	0	0	0	0	0	0	0	0	0	0	0	0	0	0	0	0	0	0	0	0	0	0	0	0	0	0	0	0	0	0	0	0	0	0	0	0	0	0	0	0	0	0	0	0	0	0	0	0	0	0	0	4	53	52	107	29	100	110	101	27	51	90	89	78	75	18	106	112	103	40	55	17	52	9	126	90	87	35	116	52	4	18	68	114	125	77	23	75	86
0	0	0	0	0	0	0	0	0	0	0	0	0	0	0	0	0	0	0	0	0	0	0	0	0	0	0	0	0	0	0	0	0	0	0	0	0	0	0	0	0	0	0	0	0	0	0	0	0	0	0	0	0	0	0	0	0	0	0	0	0	0	0	0	0	0	0	0	0	0	0	0	0	0	0	0	0	0	0	0	0	0	0	0	0	0	0	0	0	0	0	62	1	36	100	55	115	111	46	29	5	81	103	87	45	12	28	128	44	21	80	55	114	15	95	97	93	103	59	58	7	27	49	29	97	66	106	84
0	0	0	0	0	0	0	0	0	0	0	0	0	0	0	0	0	0	0	0	0	0	0	0	0	0	0	0	0	0	0	0	0	0	0	0	0	0	0	0	0	0	0	0	0	0	0	0	0	0	0	0	0	0	0	0	0	0	0	0	0	0	0	0	0	0	0	0	0	0	0	0	0	0	0	0	0	0	0	0	0	0	0	0	0	0	0	0	0	0	0	0	57	100	98	7	46	41	120	112	18	84	5	47	77	100	10	116	104	45	17	54	52	78	81	42	22	90	91	30	55	43	5	44	69	122	83	41
0	0	0	0	0	0	0	0	0	0	0	0	0	0	0	0	0	0	0	0	0	0	0	0	0	0	0	0	0	0	0	0	0	0	0	0	0	0	0	0	0	0	0	0	0	0	0	0	0	0	0	0	0	0	0	0	0	0	0	0	0	0	0	0	0	0	0	0	0	0	0	0	0	0	0	0	0	0	0	0	0	0	0	0	0	0	0	0	0	0	0	0	0	11	92	75	29	119	101	92	117	32	74	75	81	69	50	16	119	113	85	24	1	38	64	36	10	102	70	77	89	2	18	122	1	88	74	63
0	0	0	0	0	0	0	0	0	0	0	0	0	0	0	0	0	0	0	0	0	0	0	0	0	0	0	0	0	0	0	0	0	0	0	0	0	0	0	0	0	0	0	0	0	0	0	0	0	0	0	0	0	0	0	0	0	0	0	0	0	0	0	0	0	0	0	0	0	0	0	0	0	0	0	0	0	0	0	0	0	0	0	0	0	0	0	0	0	0	0	0	0	0	23	44	15	27	62	85	97	87	57	50	35	69	55	60	42	27	33	72	128	15	75	88	70	88	49	20	2	56	70	117	109	31	20	48
0	0	0	0	0	0	0	0	0	0	0	0	0	0	0	0	0	0	0	0	0	0	0	0	0	0	0	0	0	0	0	0	0	0	0	0	0	0	0	0	0	0	0	0	0	0	0	0	0	0	0	0	0	0	0	0	0	0	0	0	0	0	0	0	0	0	0	0	0	0	0	0	0	0	0	0	0	0	0	0	0	0	0	0	0	0	0	0	0	0	0	0	0	0	0	28	70	12	65	8	53	56	40	6	49	31	24	81	78	18	24	112	67	87	30	119	74	64	25	115	45	78	118	89	99	100	88	100
0	0	0	0	0	0	0	0	0	0	0	0	0	0	0	0	0	0	0	0	0	0	0	0	0	0	0	0	0	0	0	0	0	0	0	0	0	0	0	0	0	0	0	0	0	0	0	0	0	0	0	0	0	0	0	0	0	0	0	0	0	0	0	0	0	0	0	0	0	0	0	0	0	0	0	0	0	0	0	0	0	0	0	0	0	0	0	0	0	0	0	0	0	0	0	0	125	18	20	92	42	51	108	89	65	1	106	11	3	98	60	112	100	68	21	55	54	20	93	54	4	10	27	67	54	104	16	91
0	0	0	0	0	0	0	0	0	0	0	0	0	0	0	0	0	0	0	0	0	0	0	0	0	0	0	0	0	0	0	0	0	0	0	0	0	0	0	0	0	0	0	0	0	0	0	0	0	0	0	0	0	0	0	0	0	0	0	0	0	0	0	0	0	0	0	0	0	0	0	0	0	0	0	0	0	0	0	0	0	0	0	0	0	0	0	0	0	0	0	0	0	0	0	0	0	37	28	88	32	74	116	46	126	114	4	6	68	66	4	53	60	10	82	14	39	99	66	43	115	6	64	34	32	33	76	104
0	0	0	0	0	0	0	0	0	0	0	0	0	0	0	0	0	0	0	0	0	0	0	0	0	0	0	0	0	0	0	0	0	0	0	0	0	0	0	0	0	0	0	0	0	0	0	0	0	0	0	0	0	0	0	0	0	0	0	0	0	0	0	0	0	0	0	0	0	0	0	0	0	0	0	0	0	0	0	0	0	0	0	0	0	0	0	0	0	0	0	0	0	0	0	0	0	0	45	98	18	73	33	54	49	13	115	126	106	89	24	67	31	20	52	106	36	85	53	124	104	83	21	57	86	11	74	28
0	0	0	0	0	0	0	0	0	0	0	0	0	0	0	0	0	0	0	0	0	0	0	0	0	0	0	0	0	0	0	0	0	0	0	0	0	0	0	0	0	0	0	0	0	0	0	0	0	0	0	0	0	0	0	0	0	0	0	0	0	0	0	0	0	0	0	0	0	0	0	0	0	0	0	0	0	0	0	0	0	0	0	0	0	0	0	0	0	0	0	0	0	0	0	0	0	0	0	118	17	97	32	38	89	122	108	104	2	31	118	123	36	14	72	10	74	33	86	39	126	99	44	31	25	27	89	78
0	0	0	0	0	0	0	0	0	0	0	0	0	0	0	0	0	0	0	0	0	0	0	0	0	0	0	0	0	0	0	0	0	0	0	0	0	0	0	0	0	0	0	0	0	0	0	0	0	0	0	0	0	0	0	0	0	0	0	0	0	0	0	0	0	0	0	0	0	0	0	0	0	0	0	0	0	0	0	0	0	0	0	0	0	0	0	0	0	0	0	0	0	0	0	0	0	0	0	0	66	8	34	19	43	77	116	113	4	47	60	104	72	3	55	98	78	103	69	38	71	52	127	18	58	40	83	96
0	0	0	0	0	0	0	0	0	0	0	0	0	0	0	0	0	0	0	0	0	0	0	0	0	0	0	0	0	0	0	0	0	0	0	0	0	0	0	0	0	0	0	0	0	0	0	0	0	0	0	0	0	0	0	0	0	0	0	0	0	0	0	0	0	0	0	0	0	0	0	0	0	0	0	0	0	0	0	0	0	0	0	0	0	0	0	0	0	0	0	0	0	0	0	0	0	0	0	0	0	90	79	6	109	99	60	45	22	32	90	78	90	116	127	120	87	16	106	119	4	111	100	30	33	98	118	76
0	0	0	0	0	0	0	0	0	0	0	0	0	0	0	0	0	0	0	0	0	0	0	0	0	0	0	0	0	0	0	0	0	0	0	0	0	0	0	0	0	0	0	0	0	0	0	0	0	0	0	0	0	0	0	0	0	0	0	0	0	0	0	0	0	0	0	0	0	0	0	0	0	0	0	0	0	0	0	0	0	0	0	0	0	0	0	0	0	0	0	0	0	0	0	0	0	0	0	0	0	0	95	124	46	75	48	59	40	29	20	48	24	116	107	6	77	27	87	62	35	58	101	38	108	54	77	92
0	0	0	0	0	0	0	0	0	0	0	0	0	0	0	0	0	0	0	0	0	0	0	0	0	0	0	0	0	0	0	0	0	0	0	0	0	0	0	0	0	0	0	0	0	0	0	0	0	0	0	0	0	0	0	0	0	0	0	0	0	0	0	0	0	0	0	0	0	0	0	0	0	0	0	0	0	0	0	0	0	0	0	0	0	0	0	0	0	0	0	0	0	0	0	0	0	0	0	0	0	0	0	36	95	67	123	101	113	84	15	98	118	63	83	37	72	5	100	125	15	30	82	110	113	61	27	48
0	0	0	0	0	0	0	0	0	0	0	0	0	0	0	0	0	0	0	0	0	0	0	0	0	0	0	0	0	0	0	0	0	0	0	0	0	0	0	0	0	0	0	0	0	0	0	0	0	0	0	0	0	0	0	0	0	0	0	0	0	0	0	0	0	0	0	0	0	0	0	0	0	0	0	0	0	0	0	0	0	0	0	0	0	0	0	0	0	0	0	0	0	0	0	0	0	0	0	0	0	0	0	0	40	93	125	112	28	58	110	79	14	68	127	17	3	25	55	28	110	52	68	59	11	106	63	30
0	0	0	0	0	0	0	0	0	0	0	0	0	0	0	0	0	0	0	0	0	0	0	0	0	0	0	0	0	0	0	0	0	0	0	0	0	0	0	0	0	0	0	0	0	0	0	0	0	0	0	0	0	0	0	0	0	0	0	0	0	0	0	0	0	0	0	0	0	0	0	0	0	0	0	0	0	0	0	0	0	0	0	0	0	0	0	0	0	0	0	0	0	0	0	0	0	0	0	0	0	0	0	0	0	104	19	93	46	65	92	124	94	127	67	71	8	81	47	32	18	18	94	6	99	100	112	114
0	0	0	0	0	0	0	0	0	0	0	0	0	0	0	0	0	0	0	0	0	0	0	0	0	0	0	0	0	0	0	0	0	0	0	0	0	0	0	0	0	0	0	0	0	0	0	0	0	0	0	0	0	0	0	0	0	0	0	0	0	0	0	0	0	0	0	0	0	0	0	0	0	0	0	0	0	0	0	0	0	0	0	0	0	0	0	0	0	0	0	0	0	0	0	0	0	0	0	0	0	0	0	0	0	0	73	8	98	25	103	83	72	107	81	35	70	67	66	49	122	121	7	99	55	10	22	113
0	0	0	0	0	0	0	0	0	0	0	0	0	0	0	0	0	0	0	0	0	0	0	0	0	0	0	0	0	0	0	0	0	0	0	0	0	0	0	0	0	0	0	0	0	0	0	0	0	0	0	0	0	0	0	0	0	0	0	0	0	0	0	0	0	0	0	0	0	0	0	0	0	0	0	0	0	0	0	0	0	0	0	0	0	0	0	0	0	0	0	0	0	0	0	0	0	0	0	0	0	0	0	0	0	0	0	40	124	88	35	55	112	74	66	76	81	93	87	82	64	57	103	103	101	31	114	37
0	0	0	0	0	0	0	0	0	0	0	0	0	0	0	0	0	0	0	0	0	0	0	0	0	0	0	0	0	0	0	0	0	0	0	0	0	0	0	0	0	0	0	0	0	0	0	0	0	0	0	0	0	0	0	0	0	0	0	0	0	0	0	0	0	0	0	0	0	0	0	0	0	0	0	0	0	0	0	0	0	0	0	0	0	0	0	0	0	0	0	0	0	0	0	0	0	0	0	0	0	0	0	0	0	0	0	0	125	77	39	116	79	127	9	114	22	101	2	37	84	115	57	25	79	55	74	44
0	0	0	0	0	0	0	0	0	0	0	0	0	0	0	0	0	0	0	0	0	0	0	0	0	0	0	0	0	0	0	0	0	0	0	0	0	0	0	0	0	0	0	0	0	0	0	0	0	0	0	0	0	0	0	0	0	0	0	0	0	0	0	0	0	0	0	0	0	0	0	0	0	0	0	0	0	0	0	0	0	0	0	0	0	0	0	0	0	0	0	0	0	0	0	0	0	0	0	0	0	0	0	0	0	0	0	0	0	95	106	59	48	46	8	13	113	43	122	11	40	52	49	62	110	76	118	80
0	0	0	0	0	0	0	0	0	0	0	0	0	0	0	0	0	0	0	0	0	0	0	0	0	0	0	0	0	0	0	0	0	0	0	0	0	0	0	0	0	0	0	0	0	0	0	0	0	0	0	0	0	0	0	0	0	0	0	0	0	0	0	0	0	0	0	0	0	0	0	0	0	0	0	0	0	0	0	0	0	0	0	0	0	0	0	0	0	0	0	0	0	0	0	0	0	0	0	0	0	0	0	0	0	0	0	0	0	0	76	118	14	111	99	32	41	115	83	21	53	103	2	95	16	18	128	27
0	0	0	0	0	0	0	0	0	0	0	0	0	0	0	0	0	0	0	0	0	0	0	0	0	0	0	0	0	0	0	0	0	0	0	0	0	0	0	0	0	0	0	0	0	0	0	0	0	0	0	0	0	0	0	0	0	0	0	0	0	0	0	0	0	0	0	0	0	0	0	0	0	0	0	0	0	0	0	0	0	0	0	0	0	0	0	0	0	0	0	0	0	0	0	0	0	0	0	0	0	0	0	0	0	0	0	0	0	0	0	81	48	30	119	26	115	71	5	107	117	32	101	108	31	98	71	30
0	0	0	0	0	0	0	0	0	0	0	0	0	0	0	0	0	0	0	0	0	0	0	0	0	0	0	0	0	0	0	0	0	0	0	0	0	0	0	0	0	0	0	0	0	0	0	0	0	0	0	0	0	0	0	0	0	0	0	0	0	0	0	0	0	0	0	0	0	0	0	0	0	0	0	0	0	0	0	0	0	0	0	0	0	0	0	0	0	0	0	0	0	0	0	0	0	0	0	0	0	0	0	0	0	0	0	0	0	0	0	0	63	45	45	95	4	52	89	11	2	117	96	52	20	14	95	122
0	0	0	0	0	0	0	0	0	0	0	0	0	0	0	0	0	0	0	0	0	0	0	0	0	0	0	0	0	0	0	0	0	0	0	0	0	0	0	0	0	0	0	0	0	0	0	0	0	0	0	0	0	0	0	0	0	0	0	0	0	0	0	0	0	0	0	0	0	0	0	0	0	0	0	0	0	0	0	0	0	0	0	0	0	0	0	0	0	0	0	0	0	0	0	0	0	0	0	0	0	0	0	0	0	0	0	0	0	0	0	0	0	99	79	102	65	126	97	89	20	69	58	31	70	95	125	73
0	0	0	0	0	0	0	0	0	0	0	0	0	0	0	0	0	0	0	0	0	0	0	0	0	0	0	0	0	0	0	0	0	0	0	0	0	0	0	0	0	0	0	0	0	0	0	0	0	0	0	0	0	0	0	0	0	0	0	0	0	0	0	0	0	0	0	0	0	0	0	0	0	0	0	0	0	0	0	0	0	0	0	0	0	0	0	0	0	0	0	0	0	0	0	0	0	0	0	0	0	0	0	0	0	0	0	0	0	0	0	0	0	0	94	31	115	41	32	24	125	13	15	21	28	84	65	45
0	0	0	0	0	0	0	0	0	0	0	0	0	0	0	0	0	0	0	0	0	0	0	0	0	0	0	0	0	0	0	0	0	0	0	0	0	0	0	0	0	0	0	0	0	0	0	0	0	0	0	0	0	0	0	0	0	0	0	0	0	0	0	0	0	0	0	0	0	0	0	0	0	0	0	0	0	0	0	0	0	0	0	0	0	0	0	0	0	0	0	0	0	0	0	0	0	0	0	0	0	0	0	0	0	0	0	0	0	0	0	0	0	0	0	119	82	47	112	121	82	81	96	113	20	33	105	94
0	0	0	0	0	0	0	0	0	0	0	0	0	0	0	0	0	0	0	0	0	0	0	0	0	0	0	0	0	0	0	0	0	0	0	0	0	0	0	0	0	0	0	0	0	0	0	0	0	0	0	0	0	0	0	0	0	0	0	0	0	0	0	0	0	0	0	0	0	0	0	0	0	0	0	0	0	0	0	0	0	0	0	0	0	0	0	0	0	0	0	0	0	0	0	0	0	0	0	0	0	0	0	0	0	0	0	0	0	0	0	0	0	0	0	0	100	19	4	126	23	50	48	43	11	61	60	109
0	0	0	0	0	0	0	0	0	0	0	0	0	0	0	0	0	0	0	0	0	0	0	0	0	0	0	0	0	0	0	0	0	0	0	0	0	0	0	0	0	0	0	0	0	0	0	0	0	0	0	0	0	0	0	0	0	0	0	0	0	0	0	0	0	0	0	0	0	0	0	0	0	0	0	0	0	0	0	0	0	0	0	0	0	0	0	0	0	0	0	0	0	0	0	0	0	0	0	0	0	0	0	0	0	0	0	0	0	0	0	0	0	0	0	0	0	106	64	66	106	27	20	121	73	49	118	123
0	0	0	0	0	0	0	0	0	0	0	0	0	0	0	0	0	0	0	0	0	0	0	0	0	0	0	0	0	0	0	0	0	0	0	0	0	0	0	0	0	0	0	0	0	0	0	0	0	0	0	0	0	0	0	0	0	0	0	0	0	0	0	0	0	0	0	0	0	0	0	0	0	0	0	0	0	0	0	0	0	0	0	0	0	0	0	0	0	0	0	0	0	0	0	0	0	0	0	0	0	0	0	0	0	0	0	0	0	0	0	0	0	0	0	0	0	0	36	51	72	112	50	63	67	83	47	81
0	0	0	0	0	0	0	0	0	0	0	0	0	0	0	0	0	0	0	0	0	0	0	0	0	0	0	0	0	0	0	0	0	0	0	0	0	0	0	0	0	0	0	0	0	0	0	0	0	0	0	0	0	0	0	0	0	0	0	0	0	0	0	0	0	0	0	0	0	0	0	0	0	0	0	0	0	0	0	0	0	0	0	0	0	0	0	0	0	0	0	0	0	0	0	0	0	0	0	0	0	0	0	0	0	0	0	0	0	0	0	0	0	0	0	0	0	0	0	59	65	72	101	65	14	119	110	125
0	0	0	0	0	0	0	0	0	0	0	0	0	0	0	0	0	0	0	0	0	0	0	0	0	0	0	0	0	0	0	0	0	0	0	0	0	0	0	0	0	0	0	0	0	0	0	0	0	0	0	0	0	0	0	0	0	0	0	0	0	0	0	0	0	0	0	0	0	0	0	0	0	0	0	0	0	0	0	0	0	0	0	0	0	0	0	0	0	0	0	0	0	0	0	0	0	0	0	0	0	0	0	0	0	0	0	0	0	0	0	0	0	0	0	0	0	0	0	0	11	98	115	32	12	88	100	114
0	0	0	0	0	0	0	0	0	0	0	0	0	0	0	0	0	0	0	0	0	0	0	0	0	0	0	0	0	0	0	0	0	0	0	0	0	0	0	0	0	0	0	0	0	0	0	0	0	0	0	0	0	0	0	0	0	0	0	0	0	0	0	0	0	0	0	0	0	0	0	0	0	0	0	0	0	0	0	0	0	0	0	0	0	0	0	0	0	0	0	0	0	0	0	0	0	0	0	0	0	0	0	0	0	0	0	0	0	0	0	0	0	0	0	0	0	0	0	0	0	3	28	77	71	90	54	8
0	0	0	0	0	0	0	0	0	0	0	0	0	0	0	0	0	0	0	0	0	0	0	0	0	0	0	0	0	0	0	0	0	0	0	0	0	0	0	0	0	0	0	0	0	0	0	0	0	0	0	0	0	0	0	0	0	0	0	0	0	0	0	0	0	0	0	0	0	0	0	0	0	0	0	0	0	0	0	0	0	0	0	0	0	0	0	0	0	0	0	0	0	0	0	0	0	0	0	0	0	0	0	0	0	0	0	0	0	0	0	0	0	0	0	0	0	0	0	0	0	0	73	53	56	33	109	63
0	0	0	0	0	0	0	0	0	0	0	0	0	0	0	0	0	0	0	0	0	0	0	0	0	0	0	0	0	0	0	0	0	0	0	0	0	0	0	0	0	0	0	0	0	0	0	0	0	0	0	0	0	0	0	0	0	0	0	0	0	0	0	0	0	0	0	0	0	0	0	0	0	0	0	0	0	0	0	0	0	0	0	0	0	0	0	0	0	0	0	0	0	0	0	0	0	0	0	0	0	0	0	0	0	0	0	0	0	0	0	0	0	0	0	0	0	0	0	0	0	0	0	79	102	36	23	95
0	0	0	0	0	0	0	0	0	0	0	0	0	0	0	0	0	0	0	0	0	0	0	0	0	0	0	0	0	0	0	0	0	0	0	0	0	0	0	0	0	0	0	0	0	0	0	0	0	0	0	0	0	0	0	0	0	0	0	0	0	0	0	0	0	0	0	0	0	0	0	0	0	0	0	0	0	0	0	0	0	0	0	0	0	0	0	0	0	0	0	0	0	0	0	0	0	0	0	0	0	0	0	0	0	0	0	0	0	0	0	0	0	0	0	0	0	0	0	0	0	0	0	0	100	44	35	90
0	0	0	0	0	0	0	0	0	0	0	0	0	0	0	0	0	0	0	0	0	0	0	0	0	0	0	0	0	0	0	0	0	0	0	0	0	0	0	0	0	0	0	0	0	0	0	0	0	0	0	0	0	0	0	0	0	0	0	0	0	0	0	0	0	0	0	0	0	0	0	0	0	0	0	0	0	0	0	0	0	0	0	0	0	0	0	0	0	0	0	0	0	0	0	0	0	0	0	0	0	0	0	0	0	0	0	0	0	0	0	0	0	0	0	0	0	0	0	0	0	0	0	0	0	13	110	65
0	0	0	0	0	0	0	0	0	0	0	0	0	0	0	0	0	0	0	0	0	0	0	0	0	0	0	0	0	0	0	0	0	0	0	0	0	0	0	0	0	0	0	0	0	0	0	0	0	0	0	0	0	0	0	0	0	0	0	0	0	0	0	0	0	0	0	0	0	0	0	0	0	0	0	0	0	0	0	0	0	0	0	0	0	0	0	0	0	0	0	0	0	0	0	0	0	0	0	0	0	0	0	0	0	0	0	0	0	0	0	0	0	0	0	0	0	0	0	0	0	0	0	0	0	0	53	57
0	0	0	0	0	0	0	0	0	0	0	0	0	0	0	0	0	0	0	0	0	0	0	0	0	0	0	0	0	0	0	0	0	0	0	0	0	0	0	0	0	0	0	0	0	0	0	0	0	0	0	0	0	0	0	0	0	0	0	0	0	0	0	0	0	0	0	0	0	0	0	0	0	0	0	0	0	0	0	0	0	0	0	0	0	0	0	0	0	0	0	0	0	0	0	0	0	0	0	0	0	0	0	0	0	0	0	0	0	0	0	0	0	0	0	0	0	0	0	0	0	0	0	0	0	0	0	110
0	0	0	0	0	0	0	0	0	0	0	0	0	0	0	0	0	0	0	0	0	0	0	0	0	0	0	0	0	0	0	0	0	0	0	0	0	0	0	0	0	0	0	0	0	0	0	0	0	0	0	0	0	0	0	0	0	0	0	0	0	0	0	0	0	0	0	0	0	0	0	0	0	0	0	0	0	0	0	0	0	0	0	0	0	0	0	0	0	0	0	0	0	0	0	0	0	0	0	0	0	0	0	0	0	0	0	0	0	0	0	0	0	0	0	0	0	0	0	0	0	0	0	0	0	0	0	0