0	80	126	36	125	106	101	19	9	100	27	53	46	106	39	19	85	44	81	19	126	126	106	106	39	92	35	77	65	53	66	33	102	68	117	86	97	91	108	64	85	107	4	8	75	43	92	36	50	81	125	68	24	117	34	77	17	40	99	127	23	78	113	120	69	112	125	18	29	61	72	106	98	30	24	70	6	61	114	36	49	92	44	39	12	57	41	69	75	88	57	1	122	76	102	108	60	68	91	48	32	124	21	33	43	100	127	10	114	75	120	7	45	16	8	10	35	58	98	19	42	86	21	93	107	15	89	85
0	0	81	39	51	4	119	54	8	17	6	50	34	113	119	109	7	19	16	72	86	116	43	117	52	58	125	67	53	85	116	96	83	122	64	91	24	35	19	38	110	105	88	42	28	57	46	100	47	48	128	31	119	107	75	74	23	118	6	92	4	115	79	119	101	14	57	114	62	3	17	87	88	76	85	50	69	115	75	5	21	95	44	100	98	21	69	108	79	10	22	83	41	4	112	46	23	19	36	36	46	62	44	78	90	123	117	22	109	2	107	40	78	22	51	41	90	8	86	120	83	67	79	68	61	102	52	45
0	0	0	20	15	29	74	70	101	124	49	116	3	117	86	4	99	70	35	49	120	7	88	45	84	22	15	52	61	117	95	16	16	10	110	117	73	120	101	13	59	26	35	38	105	91	54	113	111	31	59	11	102	100	15	28	35	82	122	32	99	110	58	124	71	97	11	56	70	67	24	72	65	26	80	26	128	15	108	77	101	39	39	32	18	85	83	53	81	81	23	84	54	33	5	119	81	21	48	105	87	3	96	30	114	46	46	47	114	1	121	44	121	11	68	113	17	122	103	76	71	73	102	82	45	124	69	56
0	0	0	0	119	120	47	125	76	85	47	99	15	121	61	85	76	87	60	13	36	70	76	124	61	33	36	120	12	122	54	84	88	101	91	113	56	21	4	125	17	63	121	19	69	20	93	19	45	90	105	29	115	49	39	82	43	127	18	56	17	54	74	69	79	102	15	126	39	94	91	12	19	121	92	120	119	22	13	5	15	64	123	110	127	93	31	77	125	56	3	121	35	126	86	18	57	48	11	45	101	39	89	38	106	95	40	126	108	57	59	51	61	105	97	19	29	49	73	99	112	18	92	24	75	52	84	64
0	0	0	0	0	31	33	14	96	12	101	36	124	119	44	116	118	112	127	123	90	79	31	2	5	38	73	114	52	71	43	65	69	56	52	114	38	113	82	119	28	74	43	4	84	76	82	112	12	29	118	3	53	66	128	127	100	55	62	42	13	23	74	120	124	106	113	123	72	100	36	27	115	41	12	50	107	70	6	47	85	122	58	70	2	115	61	114	88	33	84	59	51	20	7	71	98	44	13	63	14	78	43	126	25	14	84	84	115	36	11	43	101	9	44	74	85	45	27	28	5	100	20	54	23	57	69	11
0	0	0	0	0	0	37	84	125	97	102	78	116	95	75	3	19	65	1	47	95	47	40	32	102	4	42	70	72	72	17	111	3	52	41	113	33	26	39	75	119	126	32	69	60	91	103	121	83	115	20	110	60	14	19	10	84	14	107	39	6	65	31	100	111	100	27	39	2	94	96	39	62	51	17	2	115	115	33	121	47	52	43	39	83	32	12	39	64	67	34	72	1	127	114	128	46	87	6	75	45	12	108	86	60	40	5	127	13	83	78	57	54	124	104	70	29	11	92	57	103	45	36	73	57	65	21	19
0	0	0	0	0	0	0	65	55	106	99	112	76	22	19	98	125	58	47	30	93	17	7	107	44	107	16	2	62	112	111	35	71	52	118	41	50	124	96	11	117	93	49	96	29	95	35	71	7	94	55	67	74	52	20	76	25	63	80	113	50	7	12	17	119	8	121	75	101	36	113	93	86	56	46	46	86	14	74	60	92	111	24	21	93	122	57	108	115	97	6	40	33	6	83	70	62	61	29	8	74	44	16	36	75	73	86	33	42	61	92	122	116	121	113	40	119	121	90	23	95	81	52	118	101	34	8	57
0	0	0	0	0	0	0	0	48	90	102	74	13	7	59	78	88	73	123	11	66	55	53	2	62	8	103	68	14	103	66	14	20	79	39	43	26	26	64	60	15	106	88	8	109	89	43	126	111	6	44	122	106	39	124	59	87	83	115	69	56	121	88	64	9	97	103	49	20	40	97	94	102	65	105	86	100	106	2	49	57	44	57	106	32	13	29	81	38	51	119	78	26	3	10	69	81	89	122	74	93	100	72	20	90	28	62	95	52	74	24	65	73	115	119	68	35	76	81	2	89	100	43	46	45	20	30	98
0	0	0	0	0	0	0	0	0	126	41	127	43	60	64	60	90	95	64	50	4	111	16	96	22	6	4	34	51	116	90	13	55	58	89	62	111	121	111	14	69	57	30	56	51	87	51	9	78	12	115	82	14	49	30	23	42	85	27	17	94	122	59	117	16	40	67	120	51	106	33	8	38	45	25	37	33	126	64	7	114	119	44	111	73	87	123	4	60	11	69	71	98	61	7	127	7	81	1	99	99	119	113	51	43	111	58	64	11	105	124	12	22	59	42	118	9	62	62	117	102	53	71	2	14	125	127	106
0	0	0	0	0	0	0	0	0	0	27	8	101	94	11	5	89	32	120	65	78	92	40	83	108	95	99	42	77	26	79	87	36	90	56	77	96	96	37	10	67	47	126	128	66	29	101	122	61	101	90	31	22	86	115	61	125	106	4	120	14	73	83	83	30	76	123	101	76	60	66	26	122	111	80	105	79	108	24	87	54	19	96	100	112	51	95	75	96	62	45	25	29	58	90	49	89	71	88	75	84	32	87	2	55	84	16	49	7	125	124	60	57	126	123	46	55	91	53	83	40	14	120	68	120	99	5	63
0	0	0	0	0	0	0	0	0	0	0	84	62	15	36	97	18	65	126	122	94	99	115	121	89	73	117	41	44	30	76	38	123	122	60	35	23	47	107	108	34	33	57	70	60	120	62	33	113	119	52	42	92	48	103	61	70	54	64	91	104	61	51	73	24	58	104	114	88	92	53	122	6	22	52	34	6	15	1	35	61	29	87	5	122	40	63	40	119	39	28	18	39	97	66	57	9	103	112	38	18	46	44	122	61	1	57	16	113	62	62	119	82	75	37	111	68	23	23	106	103	125	9	73	2	119	78	78
0	0	0	0	0	0	0	0	0	0	0	0	15	51	79	61	52	28	65	29	5	82	78	88	38	27	25	100	32	101	97	44	21	118	44	124	101	22	112	111	40	98	72	29	66	85	108	121	46	16	93	92	3	28	36	99	74	76	67	94	52	56	25	57	33	6	24	88	83	76	53	116	61	90	22	33	127	7	76	118	19	75	25	4	61	87	12	60	29	125	59	7	43	69	29	26	20	123	35	83	69	113	21	90	2	121	90	95	76	78	19	99	83	66	81	60	69	39	86	123	5	95	79	3	62	81	117	64
0	0	0	0	0	0	0	0	0	0	0	0	0	22	75	5	11	41	21	54	80	108	49	54	54	34	15	94	23	51	63	35	84	10	72	50	20	99	123	119	37	96	64	52	106	72	37	27	118	112	59	47	121	70	43	19	126	122	37	78	119	100	4	98	4	33	100	9	91	8	104	29	98	19	12	81	122	63	83	54	110	45	32	50	60	85	65	81	70	18	90	59	112	94	121	67	97	26	63	31	63	50	57	57	94	22	30	115	89	73	35	103	9	27	26	89	27	98	38	107	71	60	93	102	107	69	85	74
0	0	0	0	0	0	0	0	0	0	0	0	0	0	92	93	119	87	71	75	126	22	83	95	87	45	53	24	27	28	57	114	119	104	73	19	70	112	109	33	89	44	95	48	123	79	99	7	60	26	27	84	77	103	44	16	108	67	12	122	88	37	113	15	88	53	63	12	41	82	77	26	61	52	34	77	37	15	1	32	8	56	30	56	22	29	28	6	72	28	19	74	42	117	64	52	85	122	84	70	41	9	118	24	49	16	67	127	58	122	27	123	32	37	82	112	59	18	20	109	63	9	71	21	102	20	2	43
0	0	0	0	0	0	0	0	0	0	0	0	0	0	0	58	110	63	46	13	11	3	85	115	75	11	24	101	120	16	57	4	124	31	24	90	120	102	65	49	102	8	121	99	120	85	92	81	50	72	90	16	78	91	16	14	48	30	25	127	94	39	67	33	4	17	58	114	55	83	62	58	48	102	16	81	27	95	38	39	81	128	108	82	88	124	71	125	27	112	60	50	47	93	26	116	123	79	97	35	53	65	125	15	23	85	91	107	119	46	66	63	77	92	87	78	5	32	98	98	126	14	89	70	92	120	92	35
0	0	0	0	0	0	0	0	0	0	0	0	0	0	0	0	35	11	108	75	87	82	80	4	40	56	90	26	23	89	71	1	16	84	22	55	6	90	41	2	62	123	60	67	24	84	38	104	86	89	41	71	68	57	30	121	100	46	124	26	122	128	91	61	8	9	77	29	3	47	95	111	80	32	7	53	45	85	10	4	30	70	102	10	65	36	64	79	57	70	107	53	123	29	49	9	52	101	3	12	33	17	6	33	124	99	85	83	119	79	22	75	97	115	7	120	43	28	10	33	111	122	51	72	30	92	62	41
0	0	0	0	0	0	0	0	0	0	0	0	0	0	0	0	0	10	26	110	26	60	13	13	114	102	104	102	125	1	3	12	56	68	28	57	38	12	124	126	25	124	118	12	112	88	90	14	34	127	108	87	121	111	101	25	2	42	35	126	83	76	20	84	34	97	38	122	69	35	124	87	108	122	52	115	113	2	32	30	86	63	78	121	54	31	126	51	17	32	41	57	112	96	73	40	116	42	67	4	125	11	63	88	116	97	109	73	78	124	116	124	30	94	21	94	33	127	60	27	82	21	5	34	70	108	48	74
0	0	0	0	0	0	0	0	0	0	0	0	0	0	0	0	0	0	10	46	55	47	110	46	76	67	89	48	121	68	99	2	62	108	2	42	104	75	106	77	39	74	104	23	5	99	34	57	68	43	4	89	115	35	103	74	75	91	39	3	103	53	99	57	67	95	57	3	7	103	108	81	56	113	49	59	46	67	80	7	112	110	22	50	49	11	41	45	69	102	13	41	85	79	68	40	95	107	56	95	126	25	23	13	32	106	46	111	11	50	70	70	47	99	80	86	27	68	72	92	68	28	65	55	126	67	4	60
0	0	0	0	0	0	0	0	0	0	0	0	0	0	0	0	0	0	0	8	7	110	74	58	94	97	67	109	11	92	78	39	104	51	14	113	49	43	125	72	4	68	44	107	72	70	74	10	1	14	44	94	103	73	52	17	67	69	69	57	21	18	5	29	52	46	61	21	72	109	108	21	37	62	99	67	32	30	37	46	76	15	100	70	35	84	53	80	28	82	64	110	7	42	106	91	16	4	111	121	60	23	121	97	119	2	14	31	41	98	111	54	54	109	107	116	9	42	49	67	34	85	29	85	122	79	125	55
0	0	0	0	0	0	0	0	0	0	0	0	0	0	0	0	0	0	0	0	108	14	56	126	77	73	89	56	21	13	68	85	122	79	27	19	9	2	23	3	117	127	13	13	59	126	98	22	105	62	10	74	118	36	40	102	51	62	39	54	34	24	72	1	9	88	25	50	72	17	41	25	28	63	121	73	115	76	10	29	82	103	58	109	73	52	78	59	70	64	42	58	23	100	24	99	68	50	29	78	108	16	83	19	7	13	61	59	57	128	84	54	17	111	86	47	89	2	117	104	122	94	93	108	49	60	120	13
0	0	0	0	0	0	0	0	0	0	0	0	0	0	0	0	0	0	0	0	0	3	24	45	47	21	119	17	99	93	84	124	42	58	19	78	103	12	88	71	24	82	80	69	23	88	51	82	62	64	26	17	84	41	118	57	123	45	80	55	44	91	48	75	62	44	98	22	20	8	11	88	102	7	115	85	106	42	103	71	47	53	21	67	49	66	26	121	40	113	18	36	125	108	6	115	79	49	94	42	124	74	74	127	27	111	25	16	122	76	51	49	118	124	76	122	68	27	26	80	122	18	36	99	30	18	115	100
0	0	0	0	0	0	0	0	0	0	0	0	0	0	0	0	0	0	0	0	0	0	21	93	113	85	47	103	2	95	126	30	114	119	72	32	48	67	101	110	100	43	106	115	26	95	54	62	4	80	107	105	51	41	55	97	76	63	112	91	18	50	127	40	64	114	48	106	99	39	46	70	45	28	36	93	59	34	24	79	18	91	15	71	11	62	36	79	20	81	114	15	102	105	51	106	55	120	125	117	35	76	41	48	126	22	68	27	13	120	66	27	48	53	77	70	19	82	110	22	32	76	107	53	11	113	62	95
0	0	0	0	0	0	0	0	0	0	0	0	0	0	0	0	0	0	0	0	0	0	0	3	83	121	114	46	10	55	14	48	96	61	121	10	54	104	109	13	63	105	84	68	71	86	8	57	83	99	7	26	68	44	88	65	107	114	103	106	17	59	78	1	122	8	97	85	71	98	95	85	126	14	84	40	29	91	102	7	26	124	80	85	54	111	93	13	99	80	39	120	105	100	61	119	90	8	38	29	39	118	47	2	50	59	102	56	118	106	96	1	68	110	13	77	27	107	117	51	27	43	46	25	120	58	63	51
0	0	0	0	0	0	0	0	0	0	0	0	0	0	0	0	0	0	0	0	0	0	0	0	24	20	22	13	3	88	8	120	68	126	82	9	60	33	32	104	28	99	93	96	105	73	66	6	87	62	102	10	103	92	99	5	66	16	42	98	74	128	9	41	18	56	2	114	107	65	4	106	53	16	83	103	47	123	116	90	17	73	39	35	76	99	47	114	56	104	53	22	71	100	64	61	56	11	47	39	21	80	63	59	105	25	124	107	17	91	79	36	29	121	40	92	54	119	57	96	36	41	44	26	127	87	101	26
0	0	0	0	0	0	0	0	0	0	0	0	0	0	0	0	0	0	0	0	0	0	0	0	0	20	88	106	44	99	9	100	119	44	108	38	70	44	78	48	8	28	28	2	68	23	50	67	13	33	94	112	43	7	4	32	74	19	5	7	27	86	42	64	20	49	99	128	120	14	30	46	7	49	82	55	73	60	104	84	85	112	53	121	37	96	12	12	79	67	62	28	81	2	71	46	96	79	107	82	31	9	48	124	40	92	3	88	29	122	121	116	95	105	108	106	99	106	36	91	115	4	53	12	100	109	67	27
0	0	0	0	0	0	0	0	0	0	0	0	0	0	0	0	0	0	0	0	0	0	0	0	0	0	68	64	74	42	124	5	27	114	37	70	73	35	23	46	125	17	84	6	126	12	72	80	19	119	122	105	2	81	33	63	113	30	122	122	39	124	39	48	119	18	41	8	15	106	109	122	5	11	79	79	44	9	85	69	39	36	87	97	24	59	89	67	56	57	87	93	22	18	115	90	28	75	38	126	117	22	39	119	23	81	117	35	40	24	10	65	63	34	63	69	39	20	87	94	67	85	24	35	20	105	97	51
0	0	0	0	0	0	0	0	0	0	0	0	0	0	0	0	0	0	0	0	0	0	0	0	0	0	0	17	21	36	77	77	116	51	20	22	104	14	40	106	78	83	46	55	21	89	125	95	47	75	74	43	43	46	19	80	1	12	105	76	29	105	47	15	11	18	105	33	47	123	126	110	128	21	85	58	66	49	39	42	23	48	30	120	126	47	4	49	63	55	62	14	40	52	122	89	4	5	119	83	22	126	58	25	76	17	67	65	49	35	40	61	33	37	55	120	52	47	36	113	11	55	90	91	75	58	38	19
0	0	0	0	0	0	0	0	0	0	0	0	0	0	0	0	0	0	0	0	0	0	0	0	0	0	0	0	10	37	5	50	44	27	122	66	106	66	50	108	52	112	65	50	47	91	93	123	71	94	43	28	106	95	59	33	92	15	77	121	73	6	112	115	73	33	53	75	18	126	81	26	30	11	100	91	75	19	127	42	38	57	113	86	48	122	11	103	3	73	75	123	128	74	12	21	25	80	30	5	31	71	20	106	123	20	115	1	44	34	19	4	82	6	122	83	46	24	112	40	112	113	75	111	35	97	43	110
0	0	0	0	0	0	0	0	0	0	0	0	0	0	0	0	0	0	0	0	0	0	0	0	0	0	0	0	0	80	39	21	111	54	8	120	82	29	34	21	26	89	34	85	65	8	111	86	106	85	109	42	67	42	114	114	84	61	67	82	119	75	20	6	53	77	33	38	42	70	123	124	41	33	125	93	3	11	34	73	89	69	4	93	3	114	52	37	116	53	52	112	60	28	104	98	49	82	38	15	81	1	98	45	79	81	71	6	55	34	54	45	6	92	29	22	56	118	75	56	20	3	94	120	80	97	124	89
0	0	0	0	0	0	0	0	0	0	0	0	0	0	0	0	0	0	0	0	0	0	0	0	0	0	0	0	0	0	51	51	60	43	2	92	113	95	89	128	1	101	61	119	29	93	128	103	21	48	24	20	40	28	5	94	86	30	64	36	61	44	102	100	47	58	4	51	89	4	126	47	67	15	27	27	4	62	9	34	3	69	72	91	70	94	46	121	50	119	101	82	64	19	36	34	33	67	122	92	12	70	98	4	23	108	91	109	17	105	21	31	112	55	12	67	31	54	98	27	95	88	16	40	89	43	93	46
0	0	0	0	0	0	0	0	0	0	0	0	0	0	0	0	0	0	0	0	0	0	0	0	0	0	0	0	0	0	0	4	49	50	41	98	113	74	74	121	50	110	26	2	105	45	88	88	2	110	112	92	62	3	35	27	82	116	120	103	4	91	127	119	22	64	88	51	119	20	20	125	7	75	73	70	125	56	99	103	53	53	102	74	38	8	23	62	34	125	108	111	59	104	56	116	19	85	43	61	127	76	120	76	124	101	107	118	11	51	72	26	30	100	9	83	110	86	31	45	127	76	85	103	68	86	22	38
0	0	0	0	0	0	0	0	0	0	0	0	0	0	0	0	0	0	0	0	0	0	0	0	0	0	0	0	0	0	0	0	6	100	80	3	113	80	90	70	10	67	4	44	51	68	85	107	77	119	99	44	71	82	1	100	21	100	11	89	106	72	24	99	108	116	123	97	57	18	58	97	25	115	41	74	120	88	113	108	103	36	61	6	13	74	117	100	101	80	58	23	44	45	60	51	104	88	6	46	100	18	81	85	52	69	51	14	12	83	96	123	19	128	85	100	66	49	6	6	107	53	52	15	48	34	121	68
0	0	0	0	0	0	0	0	0	0	0	0	0	0	0	0	0	0	0	0	0	0	0	0	0	0	0	0	0	0	0	0	0	113	115	6	18	53	17	115	76	32	64	21	106	83	32	116	44	6	28	10	51	91	64	123	63	15	30	8	17	24	54	93	46	108	102	16	4	59	60	63	58	118	43	89	121	53	62	18	8	98	14	10	105	68	88	43	124	25	122	124	85	22	115	20	6	121	89	52	17	111	105	114	92	75	8	59	36	105	31	80	128	51	118	47	110	50	75	75	57	11	87	81	28	48	36	57
0	0	0	0	0	0	0	0	0	0	0	0	0	0	0	0	0	0	0	0	0	0	0	0	0	0	0	0	0	0	0	0	0	0	28	11	13	52	74	94	119	83	70	8	17	47	10	79	37	59	81	123	104	93	3	36	111	10	115	85	44	2	103	126	82	19	110	95	115	101	10	1	16	80	20	25	69	34	9	5	78	52	49	125	122	26	80	96	120	37	55	57	72	57	37	83	54	118	72	48	88	32	80	24	88	121	15	25	100	126	119	44	63	76	13	82	66	58	79	108	101	114	105	2	6	54	79	71
0	0	0	0	0	0	0	0	0	0	0	0	0	0	0	0	0	0	0	0	0	0	0	0	0	0	0	0	0	0	0	0	0	0	0	73	91	120	3	36	36	99	8	109	9	2	79	4	44	19	91	50	12	35	58	82	11	88	23	36	28	115	52	110	82	106	94	35	103	117	74	15	126	118	43	84	43	11	128	67	23	7	61	36	38	22	1	111	116	37	71	8	5	96	54	60	90	101	56	18	15	88	102	13	5	82	106	110	125	33	19	12	94	88	48	67	109	33	77	72	40	43	94	23	18	76	24	86
0	0	0	0	0	0	0	0	0	0	0	0	0	0	0	0	0	0	0	0	0	0	0	0	0	0	0	0	0	0	0	0	0	0	0	0	67	123	89	26	83	91	65	40	6	57	98	45	109	9	30	105	93	12	28	12	79	62	73	125	31	115	31	60	43	25	108	25	88	28	31	1	40	42	113	1	89	97	94	113	94	14	58	50	12	65	125	14	60	19	27	49	47	76	63	122	83	28	123	34	25	41	121	113	30	94	79	33	32	71	39	75	22	20	89	20	88	120	121	75	103	69	25	116	113	24	94	12
0	0	0	0	0	0	0	0	0	0	0	0	0	0	0	0	0	0	0	0	0	0	0	0	0	0	0	0	0	0	0	0	0	0	0	0	0	50	18	61	19	82	36	66	108	78	86	27	120	52	38	13	36	47	5	32	111	60	12	82	97	65	76	90	34	127	52	58	26	48	110	22	36	115	89	77	25	108	86	113	97	123	70	28	78	79	95	102	11	86	34	66	27	83	32	74	77	53	76	7	7	65	11	21	67	17	82	93	54	99	13	86	87	25	50	16	13	86	21	72	110	22	23	36	76	46	22	48
0	0	0	0	0	0	0	0	0	0	0	0	0	0	0	0	0	0	0	0	0	0	0	0	0	0	0	0	0	0	0	0	0	0	0	0	0	0	17	114	88	114	53	96	63	48	67	97	14	123	116	59	8	26	34	101	49	110	72	25	77	18	15	75	96	11	57	96	41	88	46	31	100	116	64	107	38	53	110	68	66	105	46	65	23	105	92	93	41	87	51	128	119	64	109	89	16	24	40	76	28	86	38	12	63	125	41	22	14	97	76	21	76	38	74	95	112	88	27	108	100	113	71	15	97	111	123	72
0	0	0	0	0	0	0	0	0	0	0	0	0	0	0	0	0	0	0	0	0	0	0	0	0	0	0	0	0	0	0	0	0	0	0	0	0	0	0	86	46	43	101	47	74	18	23	41	73	109	64	72	34	109	9	36	50	5	74	110	10	24	107	114	28	52	79	92	37	23	113	63	61	75	87	102	97	29	17	6	90	74	81	97	90	21	3	83	87	2	106	27	113	103	16	104	105	86	88	52	17	73	90	67	104	76	47	81	101	4	105	69	61	16	37	99	75	59	95	56	74	40	44	11	67	112	48	119
0	0	0	0	0	0	0	0	0	0	0	0	0	0	0	0	0	0	0	0	0	0	0	0	0	0	0	0	0	0	0	0	0	0	0	0	0	0	0	0	61	114	79	12	3	104	81	111	109	63	6	11	118	34	103	67	54	90	19	38	127	55	92	120	38	52	87	25	121	97	46	16	8	28	44	76	116	48	51	86	22	30	28	65	101	5	39	53	41	46	32	72	98	111	32	1	75	55	65	39	97	85	105	70	76	71	87	63	124	6	33	70	15	81	60	65	122	17	67	19	114	113	124	14	39	23	66	80
0	0	0	0	0	0	0	0	0	0	0	0	0	0	0	0	0	0	0	0	0	0	0	0	0	0	0	0	0	0	0	0	0	0	0	0	0	0	0	0	0	95	95	97	128	115	98	60	104	3	12	60	33	116	28	125	48	113	72	67	92	32	50	108	99	95	88	48	115	97	58	124	62	92	33	67	124	74	12	110	41	30	114	16	42	78	47	2	126	52	59	50	118	90	19	84	17	55	95	50	25	127	51	63	43	46	76	93	28	36	93	88	56	123	22	41	112	112	30	58	89	93	79	119	9	107	28	60
0	0	0	0	0	0	0	0	0	0	0	0	0	0	0	0	0	0	0	0	0	0	0	0	0	0	0	0	0	0	0	0	0	0	0	0	0	0	0	0	0	0	30	61	120	112	57	9	59	19	38	80	13	60	82	24	31	23	123	32	61	42	74	120	49	95	31	72	48	103	53	101	115	57	81	46	92	85	61	70	114	100	35	17	100	127	120	73	17	52	38	68	75	86	104	78	115	75	123	98	70	12	24	98	45	34	91	83	69	106	74	64	125	16	65	109	84	111	5	82	105	126	22	65	100	85	113	48
0	0	0	0	0	0	0	0	0	0	0	0	0	0	0	0	0	0	0	0	0	0	0	0	0	0	0	0	0	0	0	0	0	0	0	0	0	0	0	0	0	0	0	127	12	20	57	88	46	86	110	11	11	108	34	24	51	47	125	98	106	26	110	116	22	109	51	68	111	49	96	120	9	94	39	69	98	13	31	67	31	32	76	47	48	31	12	87	17	94	83	106	26	79	125	18	55	3	95	50	46	106	46	86	10	116	57	73	31	78	48	118	36	117	26	53	56	104	95	27	49	73	29	127	8	21	81	27
0	0	0	0	0	0	0	0	0	0	0	0	0	0	0	0	0	0	0	0	0	0	0	0	0	0	0	0	0	0	0	0	0	0	0	0	0	0	0	0	0	0	0	0	112	56	28	78	48	35	123	5	46	12	83	106	21	29	16	72	24	58	1	49	91	13	80	17	25	44	46	6	124	16	30	19	100	33	12	120	40	28	59	85	5	20	113	19	71	30	37	29	83	77	65	72	53	40	112	33	25	20	1	5	32	33	25	35	23	55	82	85	85	71	61	44	55	88	9	2	117	84	100	17	24	89	106	6
0	0	0	0	0	0	0	0	0	0	0	0	0	0	0	0	0	0	0	0	0	0	0	0	0	0	0	0	0	0	0	0	0	0	0	0	0	0	0	0	0	0	0	0	0	15	21	31	105	55	114	38	90	106	128	84	41	65	125	85	6	33	117	35	88	88	63	12	17	43	17	39	122	54	69	125	26	64	31	120	86	8	71	122	108	25	34	64	54	29	70	126	55	47	34	19	72	32	81	11	55	92	82	96	64	88	117	18	15	117	78	84	16	55	105	118	64	111	55	113	1	19	37	74	23	36	17	114
0	0	0	0	0	0	0	0	0	0	0	0	0	0	0	0	0	0	0	0	0	0	0	0	0	0	0	0	0	0	0	0	0	0	0	0	0	0	0	0	0	0	0	0	0	0	69	35	82	51	63	25	121	35	102	15	23	91	52	63	35	89	3	55	34	53	39	46	113	56	101	51	73	14	115	100	83	12	5	8	39	76	122	44	78	11	121	57	114	27	20	104	122	110	89	102	119	45	51	75	29	2	116	124	80	36	70	99	70	21	24	52	6	82	87	70	35	122	110	99	28	102	82	2	16	19	59	23
0	0	0	0	0	0	0	0	0	0	0	0	0	0	0	0	0	0	0	0	0	0	0	0	0	0	0	0	0	0	0	0	0	0	0	0	0	0	0	0	0	0	0	0	0	0	0	65	72	39	17	12	25	46	57	95	64	128	33	9	3	12	92	94	124	5	102	95	75	19	87	121	37	44	24	125	46	43	32	80	48	65	98	50	51	95	78	15	10	21	27	48	48	8	25	31	60	115	84	92	125	108	93	75	54	84	82	121	88	58	21	101	126	37	47	75	30	91	65	111	119	9	20	92	65	15	127	113
0	0	0	0	0	0	0	0	0	0	0	0	0	0	0	0	0	0	0	0	0	0	0	0	0	0	0	0	0	0	0	0	0	0	0	0	0	0	0	0	0	0	0	0	0	0	0	0	120	83	50	54	65	18	4	123	94	117	112	86	113	49	23	5	127	62	23	32	20	27	13	13	51	110	56	8	114	98	22	123	2	36	83	11	61	71	19	38	22	8	14	34	92	97	2	27	51	92	74	10	40	60	23	81	36	59	106	24	54	117	38	62	113	70	87	15	2	114	21	50	35	126	20	120	128	19	10	125
0	0	0	0	0	0	0	0	0	0	0	0	0	0	0	0	0	0	0	0	0	0	0	0	0	0	0	0	0	0	0	0	0	0	0	0	0	0	0	0	0	0	0	0	0	0	0	0	0	14	18	51	25	70	89	61	27	116	24	113	20	104	98	28	110	6	75	73	106	128	37	101	20	70	97	89	25	61	57	107	87	121	42	99	102	35	20	114	42	90	40	85	43	110	3	124	63	112	22	87	53	73	92	24	115	33	66	20	63	120	45	61	54	17	64	13	47	17	74	96	107	114	45	47	42	9	124	124
0	0	0	0	0	0	0	0	0	0	0	0	0	0	0	0	0	0	0	0	0	0	0	0	0	0	0	0	0	0	0	0	0	0	0	0	0	0	0	0	0	0	0	0	0	0	0	0	0	0	124	60	88	119	31	64	120	114	77	46	127	99	96	93	110	53	16	39	48	76	113	101	74	87	108	52	1	52	59	121	75	26	114	22	14	101	3	59	40	67	13	107	92	36	115	63	106	118	55	30	74	33	36	61	57	7	94	126	99	22	67	67	84	14	117	77	9	128	95	23	114	95	27	36	44	14	77	84
0	0	0	0	0	0	0	0	0	0	0	0	0	0	0	0	0	0	0	0	0	0	0	0	0	0	0	0	0	0	0	0	0	0	0	0	0	0	0	0	0	0	0	0	0	0	0	0	0	0	0	99	43	94	9	87	38	113	77	15	4	21	55	2	79	27	85	125	9	84	5	91	43	98	27	34	101	36	73	100	55	15	56	99	89	63	121	117	101	68	37	101	124	60	56	60	64	73	15	45	54	5	2	85	19	89	91	78	7	59	99	23	76	78	66	112	55	118	36	18	22	12	30	108	114	47	51	65
0	0	0	0	0	0	0	0	0	0	0	0	0	0	0	0	0	0	0	0	0	0	0	0	0	0	0	0	0	0	0	0	0	0	0	0	0	0	0	0	0	0	0	0	0	0	0	0	0	0	0	0	54	28	67	24	32	104	72	5	49	73	93	65	11	10	51	10	62	27	38	14	21	84	14	100	83	128	83	48	14	84	94	49	36	24	23	102	119	85	40	22	4	8	80	85	76	25	49	63	83	12	72	116	111	20	49	37	89	29	49	7	36	13	89	90	29	102	96	114	77	32	10	51	64	68	110	59
0	0	0	0	0	0	0	0	0	0	0	0	0	0	0	0	0	0	0	0	0	0	0	0	0	0	0	0	0	0	0	0	0	0	0	0	0	0	0	0	0	0	0	0	0	0	0	0	0	0	0	0	0	13	101	30	72	128	20	28	55	69	65	87	126	111	12	21	68	78	49	40	43	97	13	43	85	59	31	39	8	50	58	73	68	70	121	77	37	11	22	122	85	51	105	80	94	1	26	79	60	61	76	97	99	1	80	51	25	97	46	18	58	72	51	35	7	71	89	116	13	98	3	86	81	84	39	117
0	0	0	0	0	0	0	0	0	0	0	0	0	0	0	0	0	0	0	0	0	0	0	0	0	0	0	0	0	0	0	0	0	0	0	0	0	0	0	0	0	0	0	0	0	0	0	0	0	0	0	0	0	0	82	53	72	111	73	9	68	107	73	107	48	65	84	100	61	94	115	71	71	50	62	44	128	70	11	68	76	79	99	9	55	12	76	78	22	106	45	26	100	54	107	15	98	46	103	11	68	108	7	126	123	72	29	1	78	12	58	66	45	104	58	63	83	1	42	90	50	109	26	36	3	53	55	128
0	0	0	0	0	0	0	0	0	0	0	0	0	0	0	0	0	0	0	0	0	0	0	0	0	0	0	0	0	0	0	0	0	0	0	0	0	0	0	0	0	0	0	0	0	0	0	0	0	0	0	0	0	0	0	21	125	120	21	74	127	102	112	49	69	107	98	105	125	9	48	14	74	92	127	54	102	40	56	9	107	6	112	109	60	106	7	128	115	3	87	12	30	95	45	53	31	126	81	22	50	60	3	17	30	73	57	18	22	21	125	79	7	116	50	92	34	83	85	91	5	29	24	118	126	44	18	21
0	0	0	0	0	0	0	0	0	0	0	0	0	0	0	0	0	0	0	0	0	0	0	0	0	0	0	0	0	0	0	0	0	0	0	0	0	0	0	0	0	0	0	0	0	0	0	0	0	0	0	0	0	0	0	0	40	121	93	11	67	20	52	104	45	6	22	42	78	115	111	39	10	9	87	60	90	107	21	25	115	81	88	7	7	75	101	37	94	46	18	29	33	112	2	105	13	55	77	35	28	36	12	90	88	27	40	119	87	21	63	107	6	73	18	108	60	106	89	46	71	126	70	121	19	78	31	64
0	0	0	0	0	0	0	0	0	0	0	0	0	0	0	0	0	0	0	0	0	0	0	0	0	0	0	0	0	0	0	0	0	0	0	0	0	0	0	0	0	0	0	0	0	0	0	0	0	0	0	0	0	0	0	0	0	21	15	97	46	9	49	2	12	30	25	56	89	14	6	99	69	74	101	7	79	21	83	128	80	34	15	71	81	112	68	2	119	17	5	99	37	72	103	54	92	10	54	48	65	122	122	29	21	105	127	67	85	37	85	94	55	15	15	53	13	64	91	98	105	30	10	116	78	18	50	12
0	0	0	0	0	0	0	0	0	0	0	0	0	0	0	0	0	0	0	0	0	0	0	0	0	0	0	0	0	0	0	0	0	0	0	0	0	0	0	0	0	0	0	0	0	0	0	0	0	0	0	0	0	0	0	0	0	0	113	112	36	116	7	109	92	1	69	116	35	121	10	125	92	121	122	119	5	67	118	91	14	32	127	90	115	77	48	23	4	114	95	52	95	83	101	45	77	45	41	83	100	35	122	44	70	88	58	84	24	105	31	65	90	28	38	124	8	106	71	22	3	72	105	113	14	84	80	104
0	0	0	0	0	0	0	0	0	0	0	0	0	0	0	0	0	0	0	0	0	0	0	0	0	0	0	0	0	0	0	0	0	0	0	0	0	0	0	0	0	0	0	0	0	0	0	0	0	0	0	0	0	0	0	0	0	0	0	15	54	76	1	16	67	98	82	63	43	51	116	42	54	4	39	77	83	55	70	52	72	81	75	62	48	19	46	116	32	120	32	119	121	76	112	68	39	9	104	63	116	50	18	64	86	104	45	113	119	75	15	116	12	37	117	65	13	98	33	120	9	77	128	105	30	45	64	39
0	0	0	0	0	0	0	0	0	0	0	0	0	0	0	0	0	0	0	0	0	0	0	0	0	0	0	0	0	0	0	0	0	0	0	0	0	0	0	0	0	0	0	0	0	0	0	0	0	0	0	0	0	0	0	0	0	0	0	0	25	27	110	5	39	3	84	93	15	67	20	98	114	63	108	25	12	5	9	55	80	61	19	61	49	65	110	10	58	128	119	58	38	21	73	21	6	108	104	67	86	1	95	43	13	3	4	44	47	66	112	60	10	88	69	95	61	107	106	23	99	66	34	82	107	83	102	26
0	0	0	0	0	0	0	0	0	0	0	0	0	0	0	0	0	0	0	0	0	0	0	0	0	0	0	0	0	0	0	0	0	0	0	0	0	0	0	0	0	0	0	0	0	0	0	0	0	0	0	0	0	0	0	0	0	0	0	0	0	71	106	68	36	33	20	81	41	65	56	19	7	68	102	109	90	121	82	47	62	67	83	88	116	37	110	9	44	68	109	42	118	69	66	34	98	58	15	75	67	113	105	123	11	114	121	119	22	57	73	46	127	59	115	14	119	22	125	37	82	46	71	77	57	85	54	128
0	0	0	0	0	0	0	0	0	0	0	0	0	0	0	0	0	0	0	0	0	0	0	0	0	0	0	0	0	0	0	0	0	0	0	0	0	0	0	0	0	0	0	0	0	0	0	0	0	0	0	0	0	0	0	0	0	0	0	0	0	0	28	55	2	28	109	5	70	83	111	41	122	36	30	81	51	6	83	68	59	73	19	2	16	13	77	18	41	15	75	37	68	80	96	104	117	121	94	116	87	39	107	37	37	31	14	41	5	9	119	128	118	61	23	34	55	59	5	21	89	61	52	111	60	50	43	21
0	0	0	0	0	0	0	0	0	0	0	0	0	0	0	0	0	0	0	0	0	0	0	0	0	0	0	0	0	0	0	0	0	0	0	0	0	0	0	0	0	0	0	0	0	0	0	0	0	0	0	0	0	0	0	0	0	0	0	0	0	0	0	116	80	120	82	27	102	116	114	124	5	85	42	48	92	77	63	56	126	67	56	62	108	100	125	93	103	128	39	121	54	83	37	9	23	84	75	45	54	80	67	3	52	12	127	42	22	35	125	68	57	82	69	113	128	68	62	88	9	125	5	22	98	32	84	98
0	0	0	0	0	0	0	0	0	0	0	0	0	0	0	0	0	0	0	0	0	0	0	0	0	0	0	0	0	0	0	0	0	0	0	0	0	0	0	0	0	0	0	0	0	0	0	0	0	0	0	0	0	0	0	0	0	0	0	0	0	0	0	0	25	79	127	52	41	11	19	89	126	5	34	16	77	124	109	128	128	36	38	37	63	52	28	54	20	114	41	36	116	108	19	15	37	61	2	69	83	22	122	122	47	124	92	43	107	112	126	19	28	52	61	83	126	107	109	47	89	116	121	22	62	115	115	45
0	0	0	0	0	0	0	0	0	0	0	0	0	0	0	0	0	0	0	0	0	0	0	0	0	0	0	0	0	0	0	0	0	0	0	0	0	0	0	0	0	0	0	0	0	0	0	0	0	0	0	0	0	0	0	0	0	0	0	0	0	0	0	0	0	121	39	44	85	33	1	10	66	70	114	84	81	36	62	56	44	120	8	43	97	67	80	70	105	105	126	55	96	7	36	32	86	14	25	7	73	34	61	35	67	29	16	33	18	113	92	7	16	39	109	127	128	103	5	52	54	118	116	99	11	26	128	125
0	0	0	0	0	0	0	0	0	0	0	0	0	0	0	0	0	0	0	0	0	0	0	0	0	0	0	0	0	0	0	0	0	0	0	0	0	0	0	0	0	0	0	0	0	0	0	0	0	0	0	0	0	0	0	0	0	0	0	0	0	0	0	0	0	0	65	63	20	70	91	25	117	91	10	31	83	113	119	35	85	102	124	91	48	115	73	83	46	57	23	23	99	18	44	53	25	13	15	9	128	100	73	5	5	65	32	76	110	115	70	36	51	40	120	109	55	47	82	14	62	28	8	8	122	38	85	18
0	0	0	0	0	0	0	0	0	0	0	0	0	0	0	0	0	0	0	0	0	0	0	0	0	0	0	0	0	0	0	0	0	0	0	0	0	0	0	0	0	0	0	0	0	0	0	0	0	0	0	0	0	0	0	0	0	0	0	0	0	0	0	0	0	0	0	79	2	68	112	32	63	10	117	92	50	93	92	78	90	99	80	56	9	30	117	16	18	41	22	66	33	5	64	62	96	54	84	76	25	128	49	89	53	7	13	17	41	29	67	71	63	78	61	26	107	120	20	1	52	63	44	86	6	62	59	74
0	0	0	0	0	0	0	0	0	0	0	0	0	0	0	0	0	0	0	0	0	0	0	0	0	0	0	0	0	0	0	0	0	0	0	0	0	0	0	0	0	0	0	0	0	0	0	0	0	0	0	0	0	0	0	0	0	0	0	0	0	0	0	0	0	0	0	0	34	85	58	6	76	107	19	29	44	90	128	55	88	104	46	36	36	98	91	1	9	14	25	114	118	85	60	33	9	93	37	7	86	124	15	56	42	113	70	5	10	116	1	69	74	110	74	6	102	48	76	19	1	73	36	5	86	94	82	89
0	0	0	0	0	0	0	0	0	0	0	0	0	0	0	0	0	0	0	0	0	0	0	0	0	0	0	0	0	0	0	0	0	0	0	0	0	0	0	0	0	0	0	0	0	0	0	0	0	0	0	0	0	0	0	0	0	0	0	0	0	0	0	0	0	0	0	0	0	113	57	98	81	51	32	79	94	38	54	86	69	67	38	9	9	88	57	19	44	49	53	24	113	32	78	36	83	63	75	41	116	4	30	48	92	117	9	76	16	84	27	118	77	68	52	25	51	55	80	9	27	121	11	85	95	66	41	127
0	0	0	0	0	0	0	0	0	0	0	0	0	0	0	0	0	0	0	0	0	0	0	0	0	0	0	0	0	0	0	0	0	0	0	0	0	0	0	0	0	0	0	0	0	0	0	0	0	0	0	0	0	0	0	0	0	0	0	0	0	0	0	0	0	0	0	0	0	0	80	43	89	99	65	111	113	42	57	98	64	29	10	10	117	107	105	65	63	58	26	1	81	74	89	115	10	127	13	39	49	114	86	75	82	40	127	84	72	95	12	32	95	113	41	28	1	111	72	128	24	114	116	39	83	118	7	95
0	0	0	0	0	0	0	0	0	0	0	0	0	0	0	0	0	0	0	0	0	0	0	0	0	0	0	0	0	0	0	0	0	0	0	0	0	0	0	0	0	0	0	0	0	0	0	0	0	0	0	0	0	0	0	0	0	0	0	0	0	0	0	0	0	0	0	0	0	0	0	60	45	79	61	60	71	23	127	41	27	109	69	17	18	13	33	70	82	99	38	43	57	75	37	105	63	7	2	57	46	38	58	74	63	10	68	113	49	84	25	125	63	73	75	7	30	61	45	64	83	112	43	30	15	111	34	7
0	0	0	0	0	0	0	0	0	0	0	0	0	0	0	0	0	0	0	0	0	0	0	0	0	0	0	0	0	0	0	0	0	0	0	0	0	0	0	0	0	0	0	0	0	0	0	0	0	0	0	0	0	0	0	0	0	0	0	0	0	0	0	0	0	0	0	0	0	0	0	0	96	57	24	109	87	24	100	68	15	37	15	115	3	19	124	26	27	32	88	97	24	45	81	36	66	104	60	98	97	25	51	69	99	83	83	81	89	32	13	66	4	19	113	114	62	126	15	65	119	95	14	109	104	38	15	72
0	0	0	0	0	0	0	0	0	0	0	0	0	0	0	0	0	0	0	0	0	0	0	0	0	0	0	0	0	0	0	0	0	0	0	0	0	0	0	0	0	0	0	0	0	0	0	0	0	0	0	0	0	0	0	0	0	0	0	0	0	0	0	0	0	0	0	0	0	0	0	0	0	68	56	7	72	109	114	47	14	111	8	77	113	33	53	106	74	71	127	91	113	38	69	6	14	75	8	83	74	28	32	44	44	19	15	97	99	30	124	7	80	111	78	57	107	31	46	80	12	4	8	11	78	32	15	8
0	0	0	0	0	0	0	0	0	0	0	0	0	0	0	0	0	0	0	0	0	0	0	0	0	0	0	0	0	0	0	0	0	0	0	0	0	0	0	0	0	0	0	0	0	0	0	0	0	0	0	0	0	0	0	0	0	0	0	0	0	0	0	0	0	0	0	0	0	0	0	0	0	0	98	20	9	101	69	99	38	71	121	11	25	31	79	124	18	117	35	89	121	65	5	114	96	92	25	108	91	95	111	84	44	79	96	38	45	98	122	96	47	59	103	57	89	1	62	99	20	35	106	110	103	128	127	87
0	0	0	0	0	0	0	0	0	0	0	0	0	0	0	0	0	0	0	0	0	0	0	0	0	0	0	0	0	0	0	0	0	0	0	0	0	0	0	0	0	0	0	0	0	0	0	0	0	0	0	0	0	0	0	0	0	0	0	0	0	0	0	0	0	0	0	0	0	0	0	0	0	0	0	51	39	2	15	3	128	29	53	121	108	89	52	4	108	105	36	54	57	9	64	104	110	52	43	115	19	80	42	90	42	107	69	31	121	107	112	15	11	72	70	40	14	13	108	66	36	82	54	4	80	112	99	107
0	0	0	0	0	0	0	0	0	0	0	0	0	0	0	0	0	0	0	0	0	0	0	0	0	0	0	0	0	0	0	0	0	0	0	0	0	0	0	0	0	0	0	0	0	0	0	0	0	0	0	0	0	0	0	0	0	0	0	0	0	0	0	0	0	0	0	0	0	0	0	0	0	0	0	0	43	58	127	96	72	81	43	97	7	72	98	110	42	86	85	118	53	119	36	38	34	70	101	24	67	50	67	73	43	5	84	103	9	7	109	119	14	31	38	13	96	62	104	64	92	62	45	72	6	62	90	89
0	0	0	0	0	0	0	0	0	0	0	0	0	0	0	0	0	0	0	0	0	0	0	0	0	0	0	0	0	0	0	0	0	0	0	0	0	0	0	0	0	0	0	0	0	0	0	0	0	0	0	0	0	0	0	0	0	0	0	0	0	0	0	0	0	0	0	0	0	0	0	0	0	0	0	0	0	72	6	90	28	109	36	83	58	11	7	15	40	70	12	85	40	19	12	124	38	16	48	18	31	78	37	52	114	55	1	76	103	37	47	102	116	75	106	77	113	15	44	55	68	122	4	22	8	40	37	64
0	0	0	0	0	0	0	0	0	0	0	0	0	0	0	0	0	0	0	0	0	0	0	0	0	0	0	0	0	0	0	0	0	0	0	0	0	0	0	0	0	0	0	0	0	0	0	0	0	0	0	0	0	0	0	0	0	0	0	0	0	0	0	0	0	0	0	0	0	0	0	0	0	0	0	0	0	0	40	4	74	32	37	10	114	123	104	22	45	41	22	88	70	99	104	30	2	83	86	124	54	2	68	19	106	104	100	7	127	90	6	37	125	4	38	1	121	114	69	9	101	83	5	64	45	13	65	18
0	0	0	0	0	0	0	0	0	0	0	0	0	0	0	0	0	0	0	0	0	0	0	0	0	0	0	0	0	0	0	0	0	0	0	0	0	0	0	0	0	0	0	0	0	0	0	0	0	0	0	0	0	0	0	0	0	0	0	0	0	0	0	0	0	0	0	0	0	0	0	0	0	0	0	0	0	0	0	56	52	96	56	31	45	40	58	42	124	37	125	95	126	103	98	97	14	96	127	14	128	19	9	107	50	78	90	113	83	55	96	116	58	112	42	72	51	81	16	97	69	20	94	85	31	112	18	94
0	0	0	0	0	0	0	0	0	0	0	0	0	0	0	0	0	0	0	0	0	0	0	0	0	0	0	0	0	0	0	0	0	0	0	0	0	0	0	0	0	0	0	0	0	0	0	0	0	0	0	0	0	0	0	0	0	0	0	0	0	0	0	0	0	0	0	0	0	0	0	0	0	0	0	0	0	0	0	0	31	13	128	97	35	62	107	108	11	15	128	10	2	68	3	4	69	18	59	22	127	52	16	54	106	32	19	20	104	10	112	98	30	62	32	2	116	59	64	76	7	85	70	77	63	88	35	83
0	0	0	0	0	0	0	0	0	0	0	0	0	0	0	0	0	0	0	0	0	0	0	0	0	0	0	0	0	0	0	0	0	0	0	0	0	0	0	0	0	0	0	0	0	0	0	0	0	0	0	0	0	0	0	0	0	0	0	0	0	0	0	0	0	0	0	0	0	0	0	0	0	0	0	0	0	0	0	0	0	35	48	32	61	95	48	39	111	117	34	56	64	118	43	97	98	51	97	99	125	65	65	83	63	118	25	9	30	100	123	63	17	121	61	17	25	64	62	55	126	68	56	32	5	68	107	74
0	0	0	0	0	0	0	0	0	0	0	0	0	0	0	0	0	0	0	0	0	0	0	0	0	0	0	0	0	0	0	0	0	0	0	0	0	0	0	0	0	0	0	0	0	0	0	0	0	0	0	0	0	0	0	0	0	0	0	0	0	0	0	0	0	0	0	0	0	0	0	0	0	0	0	0	0	0	0	0	0	0	7	63	28	4	62	61	99	29	46	84	1	56	69	109	97	128	102	126	50	73	48	41	47	52	102	60	121	111	55	58	90	40	95	2	115	74	75	101	60	113	100	84	44	116	5	19
0	0	0	0	0	0	0	0	0	0	0	0	0	0	0	0	0	0	0	0	0	0	0	0	0	0	0	0	0	0	0	0	0	0	0	0	0	0	0	0	0	0	0	0	0	0	0	0	0	0	0	0	0	0	0	0	0	0	0	0	0	0	0	0	0	0	0	0	0	0	0	0	0	0	0	0	0	0	0	0	0	0	0	57	100	38	122	34	27	120	78	125	61	23	3	89	43	112	10	7	128	68	4	97	13	88	70	100	103	8	60	115	43	13	120	69	56	39	5	28	62	65	90	26	25	3	50	97
0	0	0	0	0	0	0	0	0	0	0	0	0	0	0	0	0	0	0	0	0	0	0	0	0	0	0	0	0	0	0	0	0	0	0	0	0	0	0	0	0	0	0	0	0	0	0	0	0	0	0	0	0	0	0	0	0	0	0	0	0	0	0	0	0	0	0	0	0	0	0	0	0	0	0	0	0	0	0	0	0	0	0	0	72	37	58	62	113	30	58	84	63	3	106	125	110	7	42	108	76	127	127	19	127	33	6	35	80	119	96	121	105	56	62	18	126	32	15	71	64	10	37	113	88	85	37	106
0	0	0	0	0	0	0	0	0	0	0	0	0	0	0	0	0	0	0	0	0	0	0	0	0	0	0	0	0	0	0	0	0	0	0	0	0	0	0	0	0	0	0	0	0	0	0	0	0	0	0	0	0	0	0	0	0	0	0	0	0	0	0	0	0	0	0	0	0	0	0	0	0	0	0	0	0	0	0	0	0	0	0	0	0	55	34	108	114	74	108	38	67	105	75	122	88	56	118	95	111	40	114	97	50	98	27	21	117	88	88	24	105	118	32	1	127	77	49	100	109	35	51	30	44	29	102	55
0	0	0	0	0	0	0	0	0	0	0	0	0	0	0	0	0	0	0	0	0	0	0	0	0	0	0	0	0	0	0	0	0	0	0	0	0	0	0	0	0	0	0	0	0	0	0	0	0	0	0	0	0	0	0	0	0	0	0	0	0	0	0	0	0	0	0	0	0	0	0	0	0	0	0	0	0	0	0	0	0	0	0	0	0	0	75	14	121	57	2	38	19	113	128	113	5	36	111	24	7	38	58	33	16	29	115	63	69	46	64	112	18	116	109	2	79	82	49	72	55	93	112	121	17	36	51	64
0	0	0	0	0	0	0	0	0	0	0	0	0	0	0	0	0	0	0	0	0	0	0	0	0	0	0	0	0	0	0	0	0	0	0	0	0	0	0	0	0	0	0	0	0	0	0	0	0	0	0	0	0	0	0	0	0	0	0	0	0	0	0	0	0	0	0	0	0	0	0	0	0	0	0	0	0	0	0	0	0	0	0	0	0	0	0	86	127	94	92	81	77	99	20	93	29	82	116	122	94	23	41	74	108	69	31	120	87	56	122	95	121	75	61	98	96	125	70	56	85	103	70	74	6	47	12	18
0	0	0	0	0	0	0	0	0	0	0	0	0	0	0	0	0	0	0	0	0	0	0	0	0	0	0	0	0	0	0	0	0	0	0	0	0	0	0	0	0	0	0	0	0	0	0	0	0	0	0	0	0	0	0	0	0	0	0	0	0	0	0	0	0	0	0	0	0	0	0	0	0	0	0	0	0	0	0	0	0	0	0	0	0	0	0	0	106	117	34	4	8	78	11	82	66	21	10	127	95	109	20	49	39	119	25	101	107	37	30	20	51	69	5	81	126	102	61	65	40	104	85	18	1	120	28	2
0	0	0	0	0	0	0	0	0	0	0	0	0	0	0	0	0	0	0	0	0	0	0	0	0	0	0	0	0	0	0	0	0	0	0	0	0	0	0	0	0	0	0	0	0	0	0	0	0	0	0	0	0	0	0	0	0	0	0	0	0	0	0	0	0	0	0	0	0	0	0	0	0	0	0	0	0	0	0	0	0	0	0	0	0	0	0	0	0	22	73	16	104	70	64	47	2	30	60	25	79	55	42	55	46	87	45	49	12	115	8	87	35	47	20	116	37	118	122	48	9	33	78	3	50	126	102	16
0	0	0	0	0	0	0	0	0	0	0	0	0	0	0	0	0	0	0	0	0	0	0	0	0	0	0	0	0	0	0	0	0	0	0	0	0	0	0	0	0	0	0	0	0	0	0	0	0	0	0	0	0	0	0	0	0	0	0	0	0	0	0	0	0	0	0	0	0	0	0	0	0	0	0	0	0	0	0	0	0	0	0	0	0	0	0	0	0	0	98	33	44	57	64	95	77	97	79	110	101	113	34	84	62	57	30	81	75	53	47	100	92	108	77	75	99	124	88	86	117	54	102	86	66	29	24	104
0	0	0	0	0	0	0	0	0	0	0	0	0	0	0	0	0	0	0	0	0	0	0	0	0	0	0	0	0	0	0	0	0	0	0	0	0	0	0	0	0	0	0	0	0	0	0	0	0	0	0	0	0	0	0	0	0	0	0	0	0	0	0	0	0	0	0	0	0	0	0	0	0	0	0	0	0	0	0	0	0	0	0	0	0	0	0	0	0	0	0	63	16	58	119	123	37	16	94	37	82	62	57	117	32	104	83	12	60	102	11	78	23	27	32	63	121	3	87	93	82	126	119	19	85	124	72	126
0	0	0	0	0	0	0	0	0	0	0	0	0	0	0	0	0	0	0	0	0	0	0	0	0	0	0	0	0	0	0	0	0	0	0	0	0	0	0	0	0	0	0	0	0	0	0	0	0	0	0	0	0	0	0	0	0	0	0	0	0	0	0	0	0	0	0	0	0	0	0	0	0	0	0	0	0	0	0	0	0	0	0	0	0	0	0	0	0	0	0	0	93	94	39	65	90	35	108	45	22	19	46	7	44	70	53	54	116	50	19	94	11	22	78	26	60	119	45	86	3	76	75	52	43	98	24	78
0	0	0	0	0	0	0	0	0	0	0	0	0	0	0	0	0	0	0	0	0	0	0	0	0	0	0	0	0	0	0	0	0	0	0	0	0	0	0	0	0	0	0	0	0	0	0	0	0	0	0	0	0	0	0	0	0	0	0	0	0	0	0	0	0	0	0	0	0	0	0	0	0	0	0	0	0	0	0	0	0	0	0	0	0	0	0	0	0	0	0	0	0	36	59	17	120	44	75	105	66	17	107	23	8	72	122	48	5	16	78	16	3	121	80	66	51	68	32	108	86	112	91	10	102	91	44	90
0	0	0	0	0	0	0	0	0	0	0	0	0	0	0	0	0	0	0	0	0	0	0	0	0	0	0	0	0	0	0	0	0	0	0	0	0	0	0	0	0	0	0	0	0	0	0	0	0	0	0	0	0	0	0	0	0	0	0	0	0	0	0	0	0	0	0	0	0	0	0	0	0	0	0	0	0	0	0	0	0	0	0	0	0	0	0	0	0	0	0	0	0	0	102	61	59	41	58	109	11	37	6	81	57	114	114	39	115	14	89	79	15	75	18	86	29	90	9	72	62	36	84	46	116	115	34	14
0	0	0	0	0	0	0	0	0	0	0	0	0	0	0	0	0	0	0	0	0	0	0	0	0	0	0	0	0	0	0	0	0	0	0	0	0	0	0	0	0	0	0	0	0	0	0	0	0	0	0	0	0	0	0	0	0	0	0	0	0	0	0	0	0	0	0	0	0	0	0	0	0	0	0	0	0	0	0	0	0	0	0	0	0	0	0	0	0	0	0	0	0	0	0	84	42	72	10	118	10	49	31	110	89	15	128	49	103	83	105	2	38	73	6	117	46	70	58	7	97	113	126	88	41	18	27	70
0	0	0	0	0	0	0	0	0	0	0	0	0	0	0	0	0	0	0	0	0	0	0	0	0	0	0	0	0	0	0	0	0	0	0	0	0	0	0	0	0	0	0	0	0	0	0	0	0	0	0	0	0	0	0	0	0	0	0	0	0	0	0	0	0	0	0	0	0	0	0	0	0	0	0	0	0	0	0	0	0	0	0	0	0	0	0	0	0	0	0	0	0	0	0	0	8	127	116	37	5	91	85	8	55	9	7	122	91	54	77	42	115	72	73	103	37	109	26	101	46	121	118	75	112	108	81	8
0	0	0	0	0	0	0	0	0	0	0	0	0	0	0	0	0	0	0	0	0	0	0	0	0	0	0	0	0	0	0	0	0	0	0	0	0	0	0	0	0	0	0	0	0	0	0	0	0	0	0	0	0	0	0	0	0	0	0	0	0	0	0	0	0	0	0	0	0	0	0	0	0	0	0	0	0	0	0	0	0	0	0	0	0	0	0	0	0	0	0	0	0	0	0	0	0	1	83	21	37	36	54	50	102	113	28	67	11	24	95	63	5	25	88	27	105	44	19	57	86	60	42	65	127	34	65	124
0	0	0	0	0	0	0	0	0	0	0	0	0	0	0	0	0	0	0	0	0	0	0	0	0	0	0	0	0	0	0	0	0	0	0	0	0	0	0	0	0	0	0	0	0	0	0	0	0	0	0	0	0	0	0	0	0	0	0	0	0	0	0	0	0	0	0	0	0	0	0	0	0	0	0	0	0	0	0	0	0	0	0	0	0	0	0	0	0	0	0	0	0	0	0	0	0	0	72	90	13	27	128	64	98	120	83	66	15	65	43	125	21	77	24	27	83	107	61	114	5	101	86	2	65	108	22	70
0	0	0	0	0	0	0	0	0	0	0	0	0	0	0	0	0	0	0	0	0	0	0	0	0	0	0	0	0	0	0	0	0	0	0	0	0	0	0	0	0	0	0	0	0	0	0	0	0	0	0	0	0	0	0	0	0	0	0	0	0	0	0	0	0	0	0	0	0	0	0	0	0	0	0	0	0	0	0	0	0	0	0	0	0	0	0	0	0	0	0	0	0	0	0	0	0	0	0	2	98	64	26	71	50	71	116	86	82	31	101	26	19	119	6	55	47	85	12	76	25	111	86	56	55	123	98	70
0	0	0	0	0	0	0	0	0	0	0	0	0	0	0	0	0	0	0	0	0	0	0	0	0	0	0	0	0	0	0	0	0	0	0	0	0	0	0	0	0	0	0	0	0	0	0	0	0	0	0	0	0	0	0	0	0	0	0	0	0	0	0	0	0	0	0	0	0	0	0	0	0	0	0	0	0	0	0	0	0	0	0	0	0	0	0	0	0	0	0	0	0	0	0	0	0	0	0	0	84	60	117	28	33	27	47	19	104	40	93	106	9	36	35	28	86	50	108	8	122	35	64	51	115	122	68	72
0	0	0	0	0	0	0	0	0	0	0	0	0	0	0	0	0	0	0	0	0	0	0	0	0	0	0	0	0	0	0	0	0	0	0	0	0	0	0	0	0	0	0	0	0	0	0	0	0	0	0	0	0	0	0	0	0	0	0	0	0	0	0	0	0	0	0	0	0	0	0	0	0	0	0	0	0	0	0	0	0	0	0	0	0	0	0	0	0	0	0	0	0	0	0	0	0	0	0	0	0	65	80	116	117	125	95	84	43	40	87	39	32	36	34	112	47	56	44	102	65	12	125	31	3	78	117	89
0	0	0	0	0	0	0	0	0	0	0	0	0	0	0	0	0	0	0	0	0	0	0	0	0	0	0	0	0	0	0	0	0	0	0	0	0	0	0	0	0	0	0	0	0	0	0	0	0	0	0	0	0	0	0	0	0	0	0	0	0	0	0	0	0	0	0	0	0	0	0	0	0	0	0	0	0	0	0	0	0	0	0	0	0	0	0	0	0	0	0	0	0	0	0	0	0	0	0	0	0	0	1	58	122	26	93	30	18	66	15	126	62	61	121	2	38	24	91	72	100	1	1	54	100	90	69	38
0	0	0	0	0	0	0	0	0	0	0	0	0	0	0	0	0	0	0	0	0	0	0	0	0	0	0	0	0	0	0	0	0	0	0	0	0	0	0	0	0	0	0	0	0	0	0	0	0	0	0	0	0	0	0	0	0	0	0	0	0	0	0	0	0	0	0	0	0	0	0	0	0	0	0	0	0	0	0	0	0	0	0	0	0	0	0	0	0	0	0	0	0	0	0	0	0	0	0	0	0	0	0	45	55	111	54	4	104	66	34	61	116	23	12	58	66	32	66	47	39	122	42	55	122	82	17	93
0	0	0	0	0	0	0	0	0	0	0	0	0	0	0	0	0	0	0	0	0	0	0	0	0	0	0	0	0	0	0	0	0	0	0	0	0	0	0	0	0	0	0	0	0	0	0	0	0	0	0	0	0	0	0	0	0	0	0	0	0	0	0	0	0	0	0	0	0	0	0	0	0	0	0	0	0	0	0	0	0	0	0	0	0	0	0	0	0	0	0	0	0	0	0	0	0	0	0	0	0	0	0	0	30	24	120	53	89	73	17	96	35	105	114	99	70	120	37	74	74	16	30	124	103	59	56	49
0	0	0	0	0	0	0	0	0	0	0	0	0	0	0	0	0	0	0	0	0	0	0	0	0	0	0	0	0	0	0	0	0	0	0	0	0	0	0	0	0	0	0	0	0	0	0	0	0	0	0	0	0	0	0	0	0	0	0	0	0	0	0	0	0	0	0	0	0	0	0	0	0	0	0	0	0	0	0	0	0	0	0	0	0	0	0	0	0	0	0	0	0	0	0	0	0	0	0	0	0	0	0	0	0	15	5	36	22	113	19	85	67	54	49	109	22	11	114	83	114	50	85	36	66	28	65	41
0	0	0	0	0	0	0	0	0	0	0	0	0	0	0	0	0	0	0	0	0	0	0	0	0	0	0	0	0	0	0	0	0	0	0	0	0	0	0	0	0	0	0	0	0	0	0	0	0	0	0	0	0	0	0	0	0	0	0	0	0	0	0	0	0	0	0	0	0	0	0	0	0	0	0	0	0	0	0	0	0	0	0	0	0	0	0	0	0	0	0	0	0	0	0	0	0	0	0	0	0	0	0	0	0	0	114	90	71	121	100	55	14	47	60	113	69	35	98	88	121	81	56	78	7	81	85	9
0	0	0	0	0	0	0	0	0	0	0	0	0	0	0	0	0	0	0	0	0	0	0	0	0	0	0	0	0	0	0	0	0	0	0	0	0	0	0	0	0	0	0	0	0	0	0	0	0	0	0	0	0	0	0	0	0	0	0	0	0	0	0	0	0	0	0	0	0	0	0	0	0	0	0	0	0	0	0	0	0	0	0	0	0	0	0	0	0	0	0	0	0	0	0	0	0	0	0	0	0	0	0	0	0	0	0	122	22	103	117	108	94	111	91	95	3	27	16	19	45	113	77	123	32	128	88	4
0	0	0	0	0	0	0	0	0	0	0	0	0	0	0	0	0	0	0	0	0	0	0	0	0	0	0	0	0	0	0	0	0	0	0	0	0	0	0	0	0	0	0	0	0	0	0	0	0	0	0	0	0	0	0	0	0	0	0	0	0	0	0	0	0	0	0	0	0	0	0	0	0	0	0	0	0	0	0	0	0	0	0	0	0	0	0	0	0	0	0	0	0	0	0	0	0	0	0	0	0	0	0	0	0	0	0	0	61	1	24	70	11	58	3	118	22	87	88	112	10	59	23	48	29	65	85	65
0	0	0	0	0	0	0	0	0	0	0	0	0	0	0	0	0	0	0	0	0	0	0	0	0	0	0	0	0	0	0	0	0	0	0	0	0	0	0	0	0	0	0	0	0	0	0	0	0	0	0	0	0	0	0	0	0	0	0	0	0	0	0	0	0	0	0	0	0	0	0	0	0	0	0	0	0	0	0	0	0	0	0	0	0	0	0	0	0	0	0	0	0	0	0	0	0	0	0	0	0	0	0	0	0	0	0	0	0	103	8	50	91	80	42	35	118	91	51	114	126	33	63	108	90	43	80	69
0	0	0	0	0	0	0	0	0	0	0	0	0	0	0	0	0	0	0	0	0	0	0	0	0	0	0	0	0	0	0	0	0	0	0	0	0	0	0	0	0	0	0	0	0	0	0	0	0	0	0	0	0	0	0	0	0	0	0	0	0	0	0	0	0	0	0	0	0	0	0	0	0	0	0	0	0	0	0	0	0	0	0	0	0	0	0	0	0	0	0	0	0	0	0	0	0	0	0	0	0	0	0	0	0	0	0	0	0	0	105	12	97	73	106	36	120	21	12	64	27	85	18	72	128	59	123	54
0	0	0	0	0	0	0	0	0	0	0	0	0	0	0	0	0	0	0	0	0	0	0	0	0	0	0	0	0	0	0	0	0	0	0	0	0	0	0	0	0	0	0	0	0	0	0	0	0	0	0	0	0	0	0	0	0	0	0	0	0	0	0	0	0	0	0	0	0	0	0	0	0	0	0	0	0	0	0	0	0	0	0	0	0	0	0	0	0	0	0	0	0	0	0	0	0	0	0	0	0	0	0	0	0	0	0	0	0	0	0	12	90	55	104	3	42	55	6	47	48	47	44	41	5	38	90	116
0	0	0	0	0	0	0	0	0	0	0	0	0	0	0	0	0	0	0	0	0	0	0	0	0	0	0	0	0	0	0	0	0	0	0	0	0	0	0	0	0	0	0	0	0	0	0	0	0	0	0	0	0	0	0	0	0	0	0	0	0	0	0	0	0	0	0	0	0	0	0	0	0	0	0	0	0	0	0	0	0	0	0	0	0	0	0	0	0	0	0	0	0	0	0	0	0	0	0	0	0	0	0	0	0	0	0	0	0	0	0	0	1	37	124	44	42	117	72	67	112	96	12	36	66	68	119	62
0	0	0	0	0	0	0	0	0	0	0	0	0	0	0	0	0	0	0	0	0	0	0	0	0	0	0	0	0	0	0	0	0	0	0	0	0	0	0	0	0	0	0	0	0	0	0	0	0	0	0	0	0	0	0	0	0	0	0	0	0	0	0	0	0	0	0	0	0	0	0	0	0	0	0	0	0	0	0	0	0	0	0	0	0	0	0	0	0	0	0	0	0	0	0	0	0	0	0	0	0	0	0	0	0	0	0	0	0	0	0	0	0	80	31	122	62	19	85	48	109	30	59	59	15	88	41	4
0	0	0	0	0	0	0	0	0	0	0	0	0	0	0	0	0	0	0	0	0	0	0	0	0	0	0	0	0	0	0	0	0	0	0	0	0	0	0	0	0	0	0	0	0	0	0	0	0	0	0	0	0	0	0	0	0	0	0	0	0	0	0	0	0	0	0	0	0	0	0	0	0	0	0	0	0	0	0	0	0	0	0	0	0	0	0	0	0	0	0	0	0	0	0	0	0	0	0	0	0	0	0	0	0	0	0	0	0	0	0	0	0	0	59	73	44	113	50	40	24	92	82	92	9	35	119	124
0	0	0	0	0	0	0	0	0	0	0	0	0	0	0	0	0	0	0	0	0	0	0	0	0	0	0	0	0	0	0	0	0	0	0	0	0	0	0	0	0	0	0	0	0	0	0	0	0	0	0	0	0	0	0	0	0	0	0	0	0	0	0	0	0	0	0	0	0	0	0	0	0	0	0	0	0	0	0	0	0	0	0	0	0	0	0	0	0	0	0	0	0	0	0	0	0	0	0	0	0	0	0	0	0	0	0	0	0	0	0	0	0	0	0	115	30	75	51	81	44	105	16	109	97	118	14	40
0	0	0	0	0	0	0	0	0	0	0	0	0	0	0	0	0	0	0	0	0	0	0	0	0	0	0	0	0	0	0	0	0	0	0	0	0	0	0	0	0	0	0	0	0	0	0	0	0	0	0	0	0	0	0	0	0	0	0	0	0	0	0	0	0	0	0	0	0	0	0	0	0	0	0	0	0	0	0	0	0	0	0	0	0	0	0	0	0	0	0	0	0	0	0	0	0	0	0	0	0	0	0	0	0	0	0	0	0	0	0	0	0	0	0	0	33	71	107	54	106	47	25	93	79	1	111	60
0	0	0	0	0	0	0	0	0	0	0	0	0	0	0	0	0	0	0	0	0	0	0	0	0	0	0	0	0	0	0	0	0	0	0	0	0	0	0	0	0	0	0	0	0	0	0	0	0	0	0	0	0	0	0	0	0	0	0	0	0	0	0	0	0	0	0	0	0	0	0	0	0	0	0	0	0	0	0	0	0	0	0	0	0	0	0	0	0	0	0	0	0	0	0	0	0	0	0	0	0	0	0	0	0	0	0	0	0	0	0	0	0	0	0	0	0	112	41	115	99	48	123	58	91	12	74	128
0	0	0	0	0	0	0	0	0	0	0	0	0	0	0	0	0	0	0	0	0	0	0	0	0	0	0	0	0	0	0	0	0	0	0	0	0	0	0	0	0	0	0	0	0	0	0	0	0	0	0	0	0	0	0	0	0	0	0	0	0	0	0	0	0	0	0	0	0	0	0	0	0	0	0	0	0	0	0	0	0	0	0	0	0	0	0	0	0	0	0	0	0	0	0	0	0	0	0	0	0	0	0	0	0	0	0	0	0	0	0	0	0	0	0	0	0	0	26	28	74	102	95	83	65	107	67	35
0	0	0	0	0	0	0	0	0	0	0	0	0	0	0	0	0	0	0	0	0	0	0	0	0	0	0	0	0	0	0	0	0	0	0	0	0	0	0	0	0	0	0	0	0	0	0	0	0	0	0	0	0	0	0	0	0	0	0	0	0	0	0	0	0	0	0	0	0	0	0	0	0	0	0	0	0	0	0	0	0	0	0	0	0	0	0	0	0	0	0	0	0	0	0	0	0	0	0	0	0	0	0	0	0	0	0	0	0	0	0	0	0	0	0	0	0	0	0	66	5	115	20	97	17	60	91	35
0	0	0	0	0	0	0	0	0	0	0	0	0	0	0	0	0	0	0	0	0	0	0	0	0	0	0	0	0	0	0	0	0	0	0	0	0	0	0	0	0	0	0	0	0	0	0	0	0	0	0	0	0	0	0	0	0	0	0	0	0	0	0	0	0	0	0	0	0	0	0	0	0	0	0	0	0	0	0	0	0	0	0	0	0	0	0	0	0	0	0	0	0	0	0	0	0	0	0	0	0	0	0	0	0	0	0	0	0	0	0	0	0	0	0	0	0	0	0	0	77	103	28	2	60	75	79	96
0	0	0	0	0	0	0	0	0	0	0	0	0	0	0	0	0	0	0	0	0	0	0	0	0	0	0	0	0	0	0	0	0	0	0	0	0	0	0	0	0	0	0	0	0	0	0	0	0	0	0	0	0	0	0	0	0	0	0	0	0	0	0	0	0	0	0	0	0	0	0	0	0	0	0	0	0	0	0	0	0	0	0	0	0	0	0	0	0	0	0	0	0	0	0	0	0	0	0	0	0	0	0	0	0	0	0	0	0	0	0	0	0	0	0	0	0	0	0	0	0	85	115	117	114	23	84	62
0	0	0	0	0	0	0	0	0	0	0	0	0	0	0	0	0	0	0	0	0	0	0	0	0	0	0	0	0	0	0	0	0	0	0	0	0	0	0	0	0	0	0	0	0	0	0	0	0	0	0	0	0	0	0	0	0	0	0	0	0	0	0	0	0	0	0	0	0	0	0	0	0	0	0	0	0	0	0	0	0	0	0	0	0	0	0	0	0	0	0	0	0	0	0	0	0	0	0	0	0	0	0	0	0	0	0	0	0	0	0	0	0	0	0	0	0	0	0	0	0	0	57	25	74	2	31	58
0	0	0	0	0	0	0	0	0	0	0	0	0	0	0	0	0	0	0	0	0	0	0	0	0	0	0	0	0	0	0	0	0	0	0	0	0	0	0	0	0	0	0	0	0	0	0	0	0	0	0	0	0	0	0	0	0	0	0	0	0	0	0	0	0	0	0	0	0	0	0	0	0	0	0	0	0	0	0	0	0	0	0	0	0	0	0	0	0	0	0	0	0	0	0	0	0	0	0	0	0	0	0	0	0	0	0	0	0	0	0	0	0	0	0	0	0	0	0	0	0	0	0	19	13	36	126	77
0	0	0	0	0	0	0	0	0	0	0	0	0	0	0	0	0	0	0	0	0	0	0	0	0	0	0	0	0	0	0	0	0	0	0	0	0	0	0	0	0	0	0	0	0	0	0	0	0	0	0	0	0	0	0	0	0	0	0	0	0	0	0	0	0	0	0	0	0	0	0	0	0	0	0	0	0	0	0	0	0	0	0	0	0	0	0	0	0	0	0	0	0	0	0	0	0	0	0	0	0	0	0	0	0	0	0	0	0	0	0	0	0	0	0	0	0	0	0	0	0	0	0	0	42	6	84	58
0	0	0	0	0	0	0	0	0	0	0	0	0	0	0	0	0	0	0	0	0	0	0	0	0	0	0	0	0	0	0	0	0	0	0	0	0	0	0	0	0	0	0	0	0	0	0	0	0	0	0	0	0	0	0	0	0	0	0	0	0	0	0	0	0	0	0	0	0	0	0	0	0	0	0	0	0	0	0	0	0	0	0	0	0	0	0	0	0	0	0	0	0	0	0	0	0	0	0	0	0	0	0	0	0	0	0	0	0	0	0	0	0	0	0	0	0	0	0	0	0	0	0	0	0	46	1	128
0	0	0	0	0	0	0	0	0	0	0	0	0	0	0	0	0	0	0	0	0	0	0	0	0	0	0	0	0	0	0	0	0	0	0	0	0	0	0	0	0	0	0	0	0	0	0	0	0	0	0	0	0	0	0	0	0	0	0	0	0	0	0	0	0	0	0	0	0	0	0	0	0	0	0	0	0	0	0	0	0	0	0	0	0	0	0	0	0	0	0	0	0	0	0	0	0	0	0	0	0	0	0	0	0	0	0	0	0	0	0	0	0	0	0	0	0	0	0	0	0	0	0	0	0	0	17	127
0	0	0	0	0	0	0	0	0	0	0	0	0	0	0	0	0	0	0	0	0	0	0	0	0	0	0	0	0	0	0	0	0	0	0	0	0	0	0	0	0	0	0	0	0	0	0	0	0	0	0	0	0	0	0	0	0	0	0	0	0	0	0	0	0	0	0	0	0	0	0	0	0	0	0	0	0	0	0	0	0	0	0	0	0	0	0	0	0	0	0	0	0	0	0	0	0	0	0	0	0	0	0	0	0	0	0	0	0	0	0	0	0	0	0	0	0	0	0	0	0	0	0	0	0	0	0	91
0	0	0	0	0	0	0	0	0	0	0	0	0	0	0	0	0	0	0	0	0	0	0	0	0	0	0	0	0	0	0	0	0	0	0	0	0	0	0	0	0	0	0	0	0	0	0	0	0	0	0	0	0	0	0	0	0	0	0	0	0	0	0	0	0	0	0	0	0	0	0	0	0	0	0	0	0	0	0	0	0	0	0	0	0	0	0	0	0	0	0	0	0	0	0	0	0	0	0	0	0	0	0	0	0	0	0	0	0	0	0	0	0	0	0	0	0	0	0	0	0	0	0	0	0	0	0	0