0	101	92	74	99	67	37	106	103	118	91	69	16	117	93	116	105	119	42	16	107	77	119	12	43	34	5	114	77	121	56	13	48	97	90	72	32	108	36	1	115	67	47	48	39	6	6	71	112	67	50	24	110	68	87	36	119	106	110	106	49	21	76	103	84	48	123	113	4	106	80	85	7	42	62	103	92	43	107	70	55	23	36	113	60	88	96	7	59	63	54	22	127	88	107	97	111	85	91	93	15	95	128	8	103	65	15	17	123	120	39	78	29	10	24	10	127	93	98	21	111	70	109	34	82	86	42	99
0	0	68	97	127	67	92	93	17	127	73	78	58	104	26	86	28	43	112	19	86	41	119	73	125	30	95	70	109	21	13	102	108	106	77	111	123	93	103	83	35	104	89	67	39	43	72	66	54	39	82	68	87	51	102	100	117	82	56	82	113	36	80	23	33	101	55	109	24	34	112	63	2	61	48	115	49	98	23	104	108	114	18	72	65	8	128	104	2	76	100	66	125	64	128	16	34	65	125	38	16	53	127	21	57	16	120	34	125	124	74	10	19	6	93	121	47	106	79	55	21	87	34	3	126	118	36	9
0	0	0	100	126	92	114	108	4	106	107	78	14	90	106	113	87	126	35	12	59	68	111	88	35	14	35	85	108	24	59	42	124	79	62	87	72	109	22	10	74	106	69	8	61	12	7	32	97	14	106	95	50	1	39	19	94	102	30	31	79	105	11	114	94	112	116	93	83	120	64	5	24	75	72	53	50	97	49	22	81	33	70	25	58	9	118	63	44	13	108	30	107	3	80	58	87	44	64	54	80	112	38	88	13	111	103	73	26	20	99	23	101	35	67	74	93	59	89	46	21	7	32	1	94	35	78	86
0	0	0	0	122	71	2	5	57	95	29	69	85	126	122	67	85	106	50	27	26	122	118	83	56	115	21	47	114	24	40	51	94	65	19	5	72	3	76	57	66	101	17	83	117	108	33	48	44	124	32	105	2	117	102	50	83	110	12	16	87	41	48	85	60	123	114	8	12	97	120	1	70	45	78	93	21	67	96	67	42	68	9	11	91	40	4	52	97	20	108	9	120	90	101	31	15	107	84	79	43	38	46	113	51	76	80	76	21	9	83	127	29	97	119	66	114	94	90	117	48	67	9	33	84	24	14	111
0	0	0	0	0	36	119	102	77	92	113	17	1	23	48	30	78	120	119	99	1	128	76	22	77	40	114	88	20	56	57	127	71	4	120	98	18	16	14	114	15	24	97	66	108	35	30	95	111	3	55	84	74	75	23	13	74	24	14	58	57	54	20	40	125	125	47	16	74	102	25	93	119	74	50	104	50	31	64	118	4	106	24	105	42	97	29	45	50	29	52	128	1	49	64	117	36	46	112	37	90	29	9	45	82	78	34	42	41	41	49	74	61	49	74	102	49	45	87	30	7	85	25	113	127	125	111	26
0	0	0	0	0	0	85	58	75	9	101	117	45	80	104	105	7	30	15	127	68	128	62	81	102	66	59	27	66	120	78	34	105	20	25	107	10	102	36	119	33	11	19	27	24	24	12	57	92	81	72	121	34	33	68	102	75	84	96	40	108	45	22	98	125	14	89	74	54	115	7	83	67	106	28	41	120	125	121	124	117	31	72	14	12	25	123	46	100	26	90	121	111	52	36	94	55	57	73	81	99	82	97	38	60	78	57	78	92	109	125	81	112	27	28	50	85	113	37	37	62	101	48	120	20	44	20	80
0	0	0	0	0	0	0	23	1	37	69	103	14	29	1	56	105	82	56	80	86	97	16	63	16	105	108	63	29	52	71	33	12	31	62	7	118	23	36	1	38	113	90	86	127	59	11	83	19	115	110	102	63	114	57	32	15	108	98	82	54	73	119	49	86	96	36	128	6	93	12	115	9	97	110	42	30	67	10	31	109	29	70	74	106	89	82	115	121	25	103	59	77	14	72	90	124	103	22	22	22	127	9	113	109	28	125	126	33	119	58	62	40	60	27	67	22	19	22	34	104	29	89	116	102	32	127	77
0	0	0	0	0	0	0	0	40	23	117	60	20	110	43	115	110	120	32	40	105	90	49	7	94	31	114	99	104	16	34	55	116	90	124	82	85	127	103	49	82	80	68	43	28	125	4	109	110	127	92	9	102	46	112	122	85	123	65	30	26	84	26	47	123	48	61	72	62	15	61	14	50	44	41	2	28	31	41	9	52	96	65	32	51	34	71	80	44	61	51	57	62	15	62	80	108	119	29	19	96	4	91	76	61	69	43	120	15	1	8	65	86	17	38	119	111	19	101	30	9	6	5	14	108	101	98	19
0	0	0	0	0	0	0	0	0	68	43	29	115	124	73	118	18	111	17	18	33	117	83	90	15	51	37	111	102	80	83	113	37	62	107	82	11	92	64	45	77	63	113	86	90	123	19	37	1	95	39	127	90	117	67	24	40	24	109	42	117	107	5	100	122	127	126	96	28	37	46	118	12	115	107	53	62	99	82	6	125	104	9	10	52	87	93	86	51	12	34	104	40	62	44	26	75	84	91	29	48	26	91	35	45	82	38	28	89	101	125	59	11	99	28	67	92	48	112	18	96	42	31	39	71	120	76	33
0	0	0	0	0	0	0	0	0	0	87	11	34	85	31	108	63	63	62	40	124	45	94	97	57	103	78	33	91	126	63	67	3	112	27	124	63	93	34	51	70	35	106	112	117	118	10	107	38	120	24	82	115	126	96	52	20	115	126	6	56	113	115	104	87	91	45	116	113	11	57	83	2	37	99	47	14	71	9	13	94	35	95	61	117	22	85	62	24	51	72	109	50	103	86	125	86	98	17	92	72	40	101	71	2	88	50	22	48	48	83	56	68	83	98	80	103	32	10	71	44	78	40	55	25	92	55	104
0	0	0	0	0	0	0	0	0	0	0	33	5	33	108	22	46	5	84	54	122	58	85	68	11	58	105	81	18	95	22	121	27	31	2	119	68	87	63	102	17	3	3	15	93	4	125	28	24	76	104	105	84	54	78	118	83	65	4	88	15	31	125	2	21	67	121	120	29	35	94	53	81	83	3	14	26	48	124	46	65	121	20	90	79	125	5	45	45	38	48	54	78	40	71	98	92	67	117	37	62	119	41	67	27	65	34	11	88	8	8	104	28	77	45	65	51	27	19	96	86	104	103	10	11	95	101	33
0	0	0	0	0	0	0	0	0	0	0	0	113	5	98	109	106	72	47	90	74	36	52	47	95	83	55	73	46	74	101	2	34	72	12	120	48	71	67	89	6	96	53	31	78	14	105	1	81	54	119	14	14	70	108	89	24	26	39	77	44	95	68	32	104	75	98	127	79	33	49	72	28	59	7	106	80	10	16	11	127	110	18	43	16	85	4	119	85	49	55	48	29	4	16	88	88	30	70	39	103	113	88	102	86	71	50	99	68	6	122	65	70	52	99	63	9	87	30	101	33	32	22	75	43	25	25	5
0	0	0	0	0	0	0	0	0	0	0	0	0	42	73	66	84	11	95	102	59	11	75	62	38	71	85	106	128	15	22	125	37	28	16	36	29	66	92	125	123	85	65	50	61	114	101	92	10	16	89	92	71	126	80	47	31	34	60	18	107	111	81	38	91	93	97	57	32	13	8	26	81	127	32	16	106	53	105	78	9	96	42	17	82	41	93	108	72	19	72	42	6	24	111	27	53	83	76	1	45	89	104	113	22	14	66	21	119	53	62	43	51	30	33	120	127	109	16	76	36	126	45	89	70	103	107	122
0	0	0	0	0	0	0	0	0	0	0	0	0	0	51	76	114	35	24	14	101	23	73	55	68	62	15	103	94	42	4	9	71	89	58	70	67	80	81	114	65	51	123	18	124	68	48	92	86	6	22	21	114	22	33	90	96	32	83	51	44	71	43	114	29	111	81	66	95	62	108	89	99	33	15	114	62	113	79	14	104	51	100	88	67	36	107	38	26	19	43	56	14	15	16	40	55	97	118	99	81	77	4	42	38	77	31	114	3	46	99	8	59	70	31	87	126	24	8	128	70	120	102	21	100	108	45	66
0	0	0	0	0	0	0	0	0	0	0	0	0	0	0	13	118	101	40	105	40	10	102	64	50	109	89	11	112	67	38	122	56	84	12	12	60	13	75	18	118	58	67	82	108	49	17	126	15	93	118	28	86	95	106	56	32	8	83	29	101	31	81	74	100	118	54	111	10	115	97	111	111	109	106	8	47	79	7	66	29	111	59	19	84	119	85	74	85	124	123	4	65	22	65	115	12	74	44	19	1	47	1	62	32	102	87	84	97	13	107	43	39	128	60	81	83	60	90	64	108	41	43	67	118	55	105	41
0	0	0	0	0	0	0	0	0	0	0	0	0	0	0	0	80	2	16	56	61	106	20	3	104	25	63	9	84	84	45	117	76	93	20	72	87	26	82	89	34	11	57	58	11	22	19	96	69	88	75	1	104	57	23	66	89	45	86	16	111	25	91	107	37	59	5	39	25	59	118	50	42	88	118	5	19	91	33	3	112	4	26	50	31	29	99	18	39	106	90	27	122	96	22	60	97	87	27	42	62	60	53	87	44	115	33	73	7	103	76	56	25	88	41	18	111	4	65	104	116	27	1	35	92	30	58	95
0	0	0	0	0	0	0	0	0	0	0	0	0	0	0	0	0	56	101	59	37	20	69	78	92	109	73	27	8	28	121	106	28	8	19	46	71	19	32	58	16	88	40	93	103	43	39	114	15	93	113	3	100	18	92	66	3	17	34	93	22	112	117	81	42	2	31	66	53	69	12	111	94	101	7	13	84	126	11	67	93	8	113	100	107	29	96	104	67	114	14	8	66	19	127	95	78	19	90	126	59	56	57	31	78	1	101	102	48	105	60	72	58	94	2	4	121	8	51	126	119	50	41	39	10	3	98	98
0	0	0	0	0	0	0	0	0	0	0	0	0	0	0	0	0	0	102	74	61	67	103	100	82	107	53	12	110	58	55	48	81	62	85	2	86	67	56	57	5	121	55	126	103	65	41	89	98	37	99	26	51	69	41	31	127	54	21	73	8	75	37	57	94	95	22	19	126	30	6	35	88	90	94	88	9	118	117	32	69	36	30	107	70	123	33	62	17	67	76	69	15	18	60	105	113	73	108	83	39	57	10	73	71	9	26	47	119	104	20	39	96	79	67	27	24	58	8	98	90	67	111	65	8	54	78	7
0	0	0	0	0	0	0	0	0	0	0	0	0	0	0	0	0	0	0	67	81	8	122	23	65	6	58	58	116	74	68	102	123	99	125	19	92	120	50	112	90	119	73	90	81	16	25	101	50	3	10	97	76	87	96	13	34	101	69	60	68	110	27	91	44	41	43	75	14	27	67	9	43	3	65	30	22	118	16	88	119	125	122	61	45	95	14	51	23	63	54	80	31	109	46	65	58	33	46	104	128	13	106	107	122	85	100	75	35	51	17	107	117	111	50	31	54	62	81	2	32	41	100	3	91	111	75	88
0	0	0	0	0	0	0	0	0	0	0	0	0	0	0	0	0	0	0	0	58	69	114	114	90	11	28	59	63	7	119	27	14	86	95	77	9	96	121	42	20	57	61	44	46	85	120	42	16	114	55	62	15	16	29	37	9	53	25	81	71	102	126	105	69	63	15	54	102	32	33	75	76	56	24	15	125	92	54	109	57	42	60	99	14	12	56	33	64	91	23	98	34	2	109	55	127	69	14	121	101	37	48	67	65	111	27	36	55	24	128	58	123	115	82	27	5	5	118	91	74	118	70	77	10	40	14	7
0	0	0	0	0	0	0	0	0	0	0	0	0	0	0	0	0	0	0	0	0	18	93	110	27	89	93	74	49	50	4	124	91	93	84	123	4	41	110	84	60	34	88	22	9	6	73	6	62	45	117	99	8	69	28	107	63	62	2	103	53	40	27	49	61	17	86	73	107	35	85	78	14	7	77	101	4	111	28	11	110	38	90	57	61	26	24	53	4	22	56	29	48	63	127	97	74	26	75	118	126	77	103	88	84	111	81	96	93	89	51	16	13	122	59	116	92	49	51	107	78	26	98	12	4	76	101	102
0	0	0	0	0	0	0	0	0	0	0	0	0	0	0	0	0	0	0	0	0	0	103	37	37	100	72	71	69	70	46	38	57	122	105	13	24	108	40	116	39	1	17	66	109	2	22	122	9	8	49	57	64	76	36	62	99	55	11	87	99	2	50	44	20	47	113	122	75	50	50	106	46	61	95	114	86	51	67	115	7	81	102	21	17	70	46	100	110	123	65	13	78	28	25	74	92	85	108	70	82	1	60	55	67	83	45	63	13	69	98	63	8	116	58	101	69	29	74	62	28	71	1	68	33	78	89	97
0	0	0	0	0	0	0	0	0	0	0	0	0	0	0	0	0	0	0	0	0	0	0	4	128	121	126	110	4	3	123	80	85	19	55	18	78	33	97	71	116	22	75	91	63	61	64	63	29	20	29	15	24	109	60	54	98	22	5	52	10	48	56	7	78	93	119	80	11	126	123	45	36	118	62	43	91	84	34	52	8	42	35	46	75	43	125	24	20	18	104	76	94	94	128	53	29	37	30	85	86	71	80	106	22	114	66	80	102	98	110	6	64	35	29	20	98	36	114	93	28	66	12	128	23	89	1	114
0	0	0	0	0	0	0	0	0	0	0	0	0	0	0	0	0	0	0	0	0	0	0	0	124	31	79	14	104	112	11	32	128	63	93	80	57	110	89	28	55	40	36	53	67	97	85	78	116	1	31	51	94	125	70	70	122	42	118	28	27	57	90	64	79	33	14	36	32	2	81	38	49	18	117	14	7	59	30	90	50	35	80	111	89	100	13	19	87	121	23	40	99	57	54	32	19	124	30	26	46	43	81	39	57	30	60	107	3	22	82	97	25	91	120	46	1	5	20	13	19	6	124	85	103	115	20	15
0	0	0	0	0	0	0	0	0	0	0	0	0	0	0	0	0	0	0	0	0	0	0	0	0	51	50	8	41	28	75	34	19	127	121	51	128	85	63	31	77	16	71	67	77	114	8	79	14	66	85	83	3	113	62	123	30	108	11	124	45	1	95	33	51	5	33	122	36	25	96	43	105	89	31	17	109	64	106	33	20	62	2	31	26	10	57	35	38	78	121	30	43	63	30	101	25	110	20	58	59	88	33	94	88	106	15	54	25	16	52	111	37	39	24	117	121	34	73	114	58	60	61	107	49	126	63	117
0	0	0	0	0	0	0	0	0	0	0	0	0	0	0	0	0	0	0	0	0	0	0	0	0	0	40	25	14	20	32	108	9	86	119	53	28	115	49	40	96	2	39	12	53	120	113	9	118	25	67	126	82	1	123	3	65	124	111	112	75	113	67	114	51	98	58	81	85	93	10	38	47	15	9	86	8	75	52	27	31	73	95	49	79	81	15	37	97	113	89	33	13	23	66	98	24	32	96	77	58	73	94	57	71	119	39	89	62	1	12	61	86	50	41	25	34	55	26	68	9	86	99	7	114	47	56	37
0	0	0	0	0	0	0	0	0	0	0	0	0	0	0	0	0	0	0	0	0	0	0	0	0	0	0	4	115	86	127	36	69	72	63	119	7	124	73	11	58	17	9	37	37	102	95	4	97	27	28	67	50	83	69	48	89	120	16	94	97	71	57	50	24	48	38	34	38	17	127	117	5	72	105	1	54	64	79	38	19	105	29	18	88	95	110	54	106	85	65	16	24	28	25	99	108	67	61	65	111	39	121	99	30	103	74	123	93	4	13	49	119	23	39	62	13	45	37	50	65	19	100	23	89	67	69	79
0	0	0	0	0	0	0	0	0	0	0	0	0	0	0	0	0	0	0	0	0	0	0	0	0	0	0	0	33	47	3	2	96	11	67	104	108	18	73	11	70	27	25	62	104	24	9	113	73	82	119	36	5	84	13	105	91	85	10	103	54	128	82	89	65	37	122	33	21	97	32	92	67	62	108	8	34	74	121	21	54	29	61	22	38	83	93	51	42	102	46	18	46	110	63	28	9	54	94	42	16	99	48	78	111	85	43	96	61	111	107	59	81	117	82	21	35	110	99	40	56	25	63	47	103	20	28	95
0	0	0	0	0	0	0	0	0	0	0	0	0	0	0	0	0	0	0	0	0	0	0	0	0	0	0	0	0	4	78	64	35	28	113	123	74	108	12	17	12	48	37	86	119	82	68	116	21	92	5	35	10	74	37	68	43	111	93	66	46	41	58	82	28	38	61	22	3	11	24	65	8	88	9	116	31	35	100	82	21	64	82	30	95	113	60	59	32	1	114	71	17	28	123	17	3	120	81	13	42	24	122	9	120	63	70	24	13	52	28	49	108	71	94	17	128	82	63	66	91	33	79	93	28	109	66	1
0	0	0	0	0	0	0	0	0	0	0	0	0	0	0	0	0	0	0	0	0	0	0	0	0	0	0	0	0	0	55	70	29	40	17	128	32	69	72	67	51	11	87	20	103	26	2	22	54	91	61	94	97	11	31	86	106	91	3	57	40	55	117	93	88	115	3	121	117	12	113	104	98	13	94	84	14	33	46	30	47	115	30	94	117	100	92	43	87	30	97	32	64	61	45	64	112	63	53	77	128	38	74	20	71	50	111	51	66	119	8	4	75	1	10	16	106	41	94	61	5	102	98	28	119	68	67	23
0	0	0	0	0	0	0	0	0	0	0	0	0	0	0	0	0	0	0	0	0	0	0	0	0	0	0	0	0	0	0	3	22	118	88	59	93	56	35	12	109	38	125	106	52	40	2	50	65	26	106	82	98	20	43	28	57	52	118	55	111	83	73	26	44	99	35	44	112	32	17	125	116	120	38	49	96	54	69	72	128	85	32	75	18	57	126	39	112	104	36	82	22	92	89	97	55	49	33	127	82	42	67	54	115	123	25	12	75	92	35	23	58	68	33	111	33	82	4	94	28	102	68	48	1	121	67	123
0	0	0	0	0	0	0	0	0	0	0	0	0	0	0	0	0	0	0	0	0	0	0	0	0	0	0	0	0	0	0	0	44	77	115	48	46	99	32	79	116	93	81	66	16	14	109	88	106	10	23	66	57	128	71	22	25	44	24	54	37	1	120	128	104	96	121	12	21	4	91	122	79	82	21	77	122	43	26	54	88	52	95	119	35	37	54	120	42	22	75	97	27	116	41	24	71	116	20	116	17	43	105	115	91	91	104	36	92	119	113	108	30	109	121	86	83	62	126	96	19	65	94	45	123	6	104	50
0	0	0	0	0	0	0	0	0	0	0	0	0	0	0	0	0	0	0	0	0	0	0	0	0	0	0	0	0	0	0	0	0	2	21	50	117	34	96	127	26	18	54	112	45	66	121	13	112	38	66	78	10	94	60	4	86	75	118	87	56	113	28	25	88	66	45	10	78	115	117	12	31	73	27	90	122	53	4	120	106	112	63	38	109	88	123	79	126	116	17	70	40	112	83	78	75	55	94	24	65	21	117	122	68	98	111	63	91	47	124	109	61	28	76	81	121	70	50	120	34	89	123	128	33	77	49	7
0	0	0	0	0	0	0	0	0	0	0	0	0	0	0	0	0	0	0	0	0	0	0	0	0	0	0	0	0	0	0	0	0	0	14	70	103	73	53	47	37	70	3	113	78	102	48	40	114	81	40	97	75	113	3	19	43	51	82	47	6	54	32	80	45	69	15	31	70	82	7	88	72	23	124	116	100	46	46	107	77	106	10	62	55	91	35	126	104	127	113	47	60	78	1	99	81	30	122	99	80	52	46	88	95	37	126	81	55	16	110	8	87	107	82	74	7	76	65	101	2	106	128	88	113	90	51	92
0	0	0	0	0	0	0	0	0	0	0	0	0	0	0	0	0	0	0	0	0	0	0	0	0	0	0	0	0	0	0	0	0	0	0	97	14	105	108	78	80	31	84	48	42	96	69	49	12	42	109	17	86	96	36	39	35	122	125	10	127	47	69	37	35	73	75	91	115	73	102	115	67	39	32	79	103	5	62	82	96	1	36	19	103	126	34	7	109	102	80	107	19	41	65	95	79	111	65	14	106	87	74	103	35	87	122	39	89	58	121	111	50	122	77	43	82	107	22	38	118	47	52	67	81	100	33	50
0	0	0	0	0	0	0	0	0	0	0	0	0	0	0	0	0	0	0	0	0	0	0	0	0	0	0	0	0	0	0	0	0	0	0	0	16	69	85	82	6	11	60	50	28	122	89	87	5	18	109	45	51	105	78	2	59	122	96	77	3	71	27	75	38	126	58	50	40	10	27	119	41	99	11	37	37	71	81	32	34	23	49	101	38	97	108	89	117	114	24	69	111	98	87	73	119	121	118	127	44	23	30	121	22	74	15	31	125	5	32	43	24	69	123	29	37	35	43	126	8	94	75	11	9	88	35	47
0	0	0	0	0	0	0	0	0	0	0	0	0	0	0	0	0	0	0	0	0	0	0	0	0	0	0	0	0	0	0	0	0	0	0	0	0	32	68	20	49	14	73	34	122	20	13	41	45	45	79	12	50	39	86	43	10	109	11	16	1	1	115	100	77	86	37	91	24	46	96	121	101	4	8	15	61	14	125	97	36	73	33	85	30	53	1	49	71	1	11	116	124	53	103	68	51	104	90	76	48	46	39	22	101	32	100	18	66	70	92	54	4	8	52	103	46	56	86	69	106	13	45	102	23	8	69	17
0	0	0	0	0	0	0	0	0	0	0	0	0	0	0	0	0	0	0	0	0	0	0	0	0	0	0	0	0	0	0	0	0	0	0	0	0	0	75	91	8	113	44	56	105	74	43	35	126	115	17	6	83	27	105	94	62	82	78	13	120	103	122	35	5	7	115	28	73	36	69	57	23	66	34	119	49	86	41	121	85	54	107	86	121	60	31	96	48	8	88	56	94	109	96	14	104	21	101	71	75	42	40	27	4	40	70	85	97	53	37	54	15	31	82	106	47	77	75	111	31	67	95	25	55	102	21	105
0	0	0	0	0	0	0	0	0	0	0	0	0	0	0	0	0	0	0	0	0	0	0	0	0	0	0	0	0	0	0	0	0	0	0	0	0	0	0	84	118	39	66	98	5	101	50	80	115	8	41	43	127	61	37	79	98	124	66	90	38	1	114	83	69	71	127	31	54	50	65	97	50	118	14	26	99	88	92	42	67	44	68	44	83	99	116	44	86	115	75	126	77	112	112	104	76	37	8	45	125	22	90	115	89	120	113	105	22	96	42	115	34	113	39	44	124	40	71	99	83	78	6	11	6	125	68	6
0	0	0	0	0	0	0	0	0	0	0	0	0	0	0	0	0	0	0	0	0	0	0	0	0	0	0	0	0	0	0	0	0	0	0	0	0	0	0	0	119	123	59	10	95	6	14	128	51	12	52	106	104	33	48	45	63	74	80	86	56	21	108	74	114	24	102	90	48	109	126	17	120	49	54	39	33	92	123	21	114	21	111	72	86	5	31	40	38	51	37	108	104	35	100	15	32	119	38	70	72	39	20	70	16	66	120	34	107	90	114	25	10	40	14	120	18	102	33	30	60	76	68	15	54	80	124	101
0	0	0	0	0	0	0	0	0	0	0	0	0	0	0	0	0	0	0	0	0	0	0	0	0	0	0	0	0	0	0	0	0	0	0	0	0	0	0	0	0	43	12	16	54	102	43	10	17	50	82	22	14	89	42	41	32	76	123	128	13	54	64	37	115	86	102	44	128	81	2	75	50	1	23	105	128	56	22	56	42	38	55	52	5	34	102	55	38	61	67	108	52	68	43	115	3	16	35	62	50	71	19	27	24	103	117	102	96	30	114	117	12	99	108	87	110	34	49	12	24	85	33	122	118	54	98	97
0	0	0	0	0	0	0	0	0	0	0	0	0	0	0	0	0	0	0	0	0	0	0	0	0	0	0	0	0	0	0	0	0	0	0	0	0	0	0	0	0	0	12	118	48	5	86	109	91	39	87	68	23	92	98	50	51	128	65	26	78	106	56	27	110	99	55	68	22	126	47	15	102	25	66	17	52	2	87	120	121	38	68	108	87	1	108	60	5	14	29	84	45	15	97	36	106	126	85	103	90	58	37	108	72	54	120	47	22	93	43	113	103	112	71	39	97	99	46	59	67	26	21	101	58	45	101	119
0	0	0	0	0	0	0	0	0	0	0	0	0	0	0	0	0	0	0	0	0	0	0	0	0	0	0	0	0	0	0	0	0	0	0	0	0	0	0	0	0	0	0	57	97	45	53	117	3	42	108	63	68	56	123	102	58	122	126	55	35	70	87	89	87	95	83	68	83	46	120	46	45	99	2	11	10	29	16	67	8	47	72	13	121	79	82	2	126	127	30	82	80	75	115	79	17	99	111	51	96	112	89	12	51	38	74	45	90	118	86	61	38	58	43	118	96	99	108	6	68	73	112	101	12	79	42	110
0	0	0	0	0	0	0	0	0	0	0	0	0	0	0	0	0	0	0	0	0	0	0	0	0	0	0	0	0	0	0	0	0	0	0	0	0	0	0	0	0	0	0	0	96	29	67	92	101	31	35	13	25	96	65	66	23	50	46	35	87	78	60	46	126	13	49	116	21	22	67	127	6	84	128	20	35	125	49	28	38	123	105	81	97	69	62	22	61	34	61	95	48	41	87	70	61	91	31	28	32	34	43	43	64	111	83	72	65	127	63	17	90	32	124	114	45	13	54	63	54	12	25	120	23	126	118	111
0	0	0	0	0	0	0	0	0	0	0	0	0	0	0	0	0	0	0	0	0	0	0	0	0	0	0	0	0	0	0	0	0	0	0	0	0	0	0	0	0	0	0	0	0	39	26	4	107	82	63	122	99	63	6	117	21	12	16	92	6	116	50	52	122	95	95	112	109	69	69	45	110	123	117	21	65	104	107	50	21	59	21	17	67	104	109	100	46	46	108	81	77	18	6	72	35	125	68	74	71	65	128	50	97	123	4	36	44	88	62	76	124	34	47	121	38	114	63	70	107	2	21	128	76	20	20	72
0	0	0	0	0	0	0	0	0	0	0	0	0	0	0	0	0	0	0	0	0	0	0	0	0	0	0	0	0	0	0	0	0	0	0	0	0	0	0	0	0	0	0	0	0	0	107	8	112	59	74	97	26	94	25	27	22	101	80	108	20	10	66	11	76	1	113	45	58	119	73	102	126	42	62	36	24	124	37	72	4	122	39	2	67	77	79	19	72	32	99	85	125	15	24	45	35	52	12	88	111	111	13	69	102	11	66	108	16	30	4	75	30	96	16	64	110	95	57	111	102	69	121	48	62	91	33	104
0	0	0	0	0	0	0	0	0	0	0	0	0	0	0	0	0	0	0	0	0	0	0	0	0	0	0	0	0	0	0	0	0	0	0	0	0	0	0	0	0	0	0	0	0	0	0	83	49	123	53	22	114	121	30	43	117	78	30	65	26	104	105	49	48	51	32	121	128	122	79	59	27	92	41	17	80	44	111	122	36	24	90	87	120	67	117	67	63	45	101	38	100	59	13	79	82	9	49	89	31	53	82	66	99	28	16	124	109	66	106	66	110	41	9	124	9	84	91	77	27	96	37	80	8	13	119	72
0	0	0	0	0	0	0	0	0	0	0	0	0	0	0	0	0	0	0	0	0	0	0	0	0	0	0	0	0	0	0	0	0	0	0	0	0	0	0	0	0	0	0	0	0	0	0	0	13	88	57	123	63	12	88	120	114	122	111	123	62	33	6	126	77	79	84	57	9	78	6	49	9	43	80	114	50	16	9	92	69	107	41	62	29	84	119	109	50	117	109	94	17	47	26	44	81	54	105	88	1	123	12	101	99	47	86	123	70	41	98	91	113	111	13	92	58	34	95	122	15	8	87	32	124	8	73	56
0	0	0	0	0	0	0	0	0	0	0	0	0	0	0	0	0	0	0	0	0	0	0	0	0	0	0	0	0	0	0	0	0	0	0	0	0	0	0	0	0	0	0	0	0	0	0	0	0	5	13	111	19	98	72	66	119	125	75	30	72	119	2	101	72	102	1	110	116	56	9	111	20	113	79	96	30	34	95	63	112	6	2	62	127	15	20	57	82	42	11	71	83	62	34	47	110	125	7	26	6	19	31	35	85	50	123	8	114	94	55	110	20	54	115	99	102	95	13	104	10	128	110	21	66	19	112	71
0	0	0	0	0	0	0	0	0	0	0	0	0	0	0	0	0	0	0	0	0	0	0	0	0	0	0	0	0	0	0	0	0	0	0	0	0	0	0	0	0	0	0	0	0	0	0	0	0	0	78	14	79	5	47	86	23	99	14	97	97	47	55	119	13	17	10	22	62	5	121	96	8	31	126	18	25	63	111	37	29	40	77	124	72	84	41	122	30	70	75	53	4	84	32	65	42	98	110	114	25	86	6	94	106	22	107	14	38	16	127	20	51	52	64	12	53	64	63	51	57	47	98	92	52	68	31	62
0	0	0	0	0	0	0	0	0	0	0	0	0	0	0	0	0	0	0	0	0	0	0	0	0	0	0	0	0	0	0	0	0	0	0	0	0	0	0	0	0	0	0	0	0	0	0	0	0	0	0	4	38	4	81	79	60	123	114	105	3	80	40	116	19	59	33	93	75	40	111	32	3	15	51	39	18	77	111	62	86	47	2	4	86	65	94	53	28	78	80	67	20	94	12	109	35	78	96	94	34	73	80	123	119	110	63	48	8	45	40	67	9	40	16	79	24	101	72	91	21	53	68	45	63	10	12	58
0	0	0	0	0	0	0	0	0	0	0	0	0	0	0	0	0	0	0	0	0	0	0	0	0	0	0	0	0	0	0	0	0	0	0	0	0	0	0	0	0	0	0	0	0	0	0	0	0	0	0	0	109	113	103	67	109	115	26	104	53	125	101	31	89	120	110	3	123	36	106	71	119	70	73	71	9	114	118	25	77	30	1	107	72	10	20	107	62	86	105	41	60	38	83	79	85	23	82	28	14	20	94	4	32	110	25	111	120	109	51	104	27	92	62	91	77	115	128	121	79	76	67	112	20	39	16	43
0	0	0	0	0	0	0	0	0	0	0	0	0	0	0	0	0	0	0	0	0	0	0	0	0	0	0	0	0	0	0	0	0	0	0	0	0	0	0	0	0	0	0	0	0	0	0	0	0	0	0	0	0	28	34	25	87	117	123	113	113	34	17	123	118	102	39	29	118	87	53	37	81	114	95	30	28	8	49	53	13	73	74	73	58	21	118	43	32	77	60	85	75	84	6	39	35	49	96	62	108	70	74	85	76	117	112	29	32	6	16	19	19	52	119	50	59	15	23	70	26	75	25	48	7	87	33	75
0	0	0	0	0	0	0	0	0	0	0	0	0	0	0	0	0	0	0	0	0	0	0	0	0	0	0	0	0	0	0	0	0	0	0	0	0	0	0	0	0	0	0	0	0	0	0	0	0	0	0	0	0	0	3	98	84	120	28	78	14	20	67	67	66	12	127	77	27	30	46	34	6	27	86	78	80	68	124	30	112	76	64	65	14	71	46	101	1	94	125	30	23	11	42	115	71	69	72	88	24	41	115	48	106	54	54	122	29	89	82	9	77	67	43	71	7	115	31	112	119	4	19	93	49	10	66	100
0	0	0	0	0	0	0	0	0	0	0	0	0	0	0	0	0	0	0	0	0	0	0	0	0	0	0	0	0	0	0	0	0	0	0	0	0	0	0	0	0	0	0	0	0	0	0	0	0	0	0	0	0	0	0	91	114	128	118	53	54	31	123	64	10	29	75	75	53	62	93	114	61	46	120	106	88	66	73	45	84	5	100	124	69	40	112	103	47	25	47	23	117	25	75	17	2	6	37	125	87	2	88	77	36	94	29	33	103	42	114	80	80	29	93	105	26	120	75	14	7	83	124	103	7	25	55	88
0	0	0	0	0	0	0	0	0	0	0	0	0	0	0	0	0	0	0	0	0	0	0	0	0	0	0	0	0	0	0	0	0	0	0	0	0	0	0	0	0	0	0	0	0	0	0	0	0	0	0	0	0	0	0	0	50	21	29	14	36	61	101	123	99	108	36	13	56	42	111	28	39	38	24	114	21	24	31	84	54	29	110	79	73	58	32	100	95	16	97	67	93	84	11	120	18	112	9	70	30	22	30	8	68	44	82	103	26	122	54	91	122	46	110	44	5	21	127	102	117	87	46	50	8	20	18	31
0	0	0	0	0	0	0	0	0	0	0	0	0	0	0	0	0	0	0	0	0	0	0	0	0	0	0	0	0	0	0	0	0	0	0	0	0	0	0	0	0	0	0	0	0	0	0	0	0	0	0	0	0	0	0	0	0	82	122	77	2	118	114	32	48	124	120	81	33	97	4	39	67	55	13	88	35	23	73	125	119	14	34	80	39	63	20	27	117	15	116	98	7	116	71	38	35	67	92	118	118	50	27	34	127	108	120	98	85	33	74	108	124	38	91	36	79	27	106	22	79	67	36	112	12	22	73	90
0	0	0	0	0	0	0	0	0	0	0	0	0	0	0	0	0	0	0	0	0	0	0	0	0	0	0	0	0	0	0	0	0	0	0	0	0	0	0	0	0	0	0	0	0	0	0	0	0	0	0	0	0	0	0	0	0	0	73	1	59	33	91	84	41	18	116	17	102	6	18	115	32	2	39	41	13	91	126	50	67	108	17	89	77	32	97	78	2	124	25	86	3	100	80	72	55	111	90	77	74	96	118	17	23	46	86	18	40	25	103	68	79	52	58	112	123	22	109	17	31	59	119	15	111	34	67	54
0	0	0	0	0	0	0	0	0	0	0	0	0	0	0	0	0	0	0	0	0	0	0	0	0	0	0	0	0	0	0	0	0	0	0	0	0	0	0	0	0	0	0	0	0	0	0	0	0	0	0	0	0	0	0	0	0	0	0	33	18	8	119	123	110	74	69	117	82	89	60	105	21	68	41	58	1	47	8	29	86	58	77	115	110	117	22	55	64	34	57	64	111	75	75	52	11	22	39	106	18	11	49	78	29	51	8	57	46	10	108	125	38	128	78	50	46	39	128	109	79	75	35	90	23	55	58	56
0	0	0	0	0	0	0	0	0	0	0	0	0	0	0	0	0	0	0	0	0	0	0	0	0	0	0	0	0	0	0	0	0	0	0	0	0	0	0	0	0	0	0	0	0	0	0	0	0	0	0	0	0	0	0	0	0	0	0	0	7	65	109	29	79	32	45	124	97	30	33	6	53	90	89	117	123	65	65	70	124	101	125	56	27	102	11	10	74	99	81	92	49	61	87	90	55	80	101	57	15	41	120	20	102	37	115	99	125	62	41	58	102	41	95	82	89	99	98	128	39	128	110	59	98	14	65	25
0	0	0	0	0	0	0	0	0	0	0	0	0	0	0	0	0	0	0	0	0	0	0	0	0	0	0	0	0	0	0	0	0	0	0	0	0	0	0	0	0	0	0	0	0	0	0	0	0	0	0	0	0	0	0	0	0	0	0	0	0	89	16	80	91	22	81	27	93	118	115	122	53	110	111	1	59	27	19	61	81	119	38	105	88	104	19	116	97	28	97	88	52	47	77	121	80	117	61	20	53	112	127	3	84	15	82	77	107	60	10	87	100	76	5	59	67	88	18	99	53	107	39	83	38	35	88	21
0	0	0	0	0	0	0	0	0	0	0	0	0	0	0	0	0	0	0	0	0	0	0	0	0	0	0	0	0	0	0	0	0	0	0	0	0	0	0	0	0	0	0	0	0	0	0	0	0	0	0	0	0	0	0	0	0	0	0	0	0	0	120	14	64	74	100	113	1	77	63	79	33	24	44	75	6	9	123	59	89	108	89	63	121	107	65	7	113	83	60	57	93	48	46	14	4	128	51	88	54	102	53	46	23	110	43	43	16	96	75	124	17	51	8	13	113	22	101	15	56	120	83	69	72	7	95	42
0	0	0	0	0	0	0	0	0	0	0	0	0	0	0	0	0	0	0	0	0	0	0	0	0	0	0	0	0	0	0	0	0	0	0	0	0	0	0	0	0	0	0	0	0	0	0	0	0	0	0	0	0	0	0	0	0	0	0	0	0	0	0	98	50	27	39	105	14	58	123	25	44	16	12	70	23	28	47	86	114	45	84	100	20	118	106	17	71	3	66	121	42	19	105	92	85	123	65	17	95	123	75	45	57	62	75	15	31	33	87	66	73	46	45	88	85	53	2	34	18	41	52	109	80	120	126	69
0	0	0	0	0	0	0	0	0	0	0	0	0	0	0	0	0	0	0	0	0	0	0	0	0	0	0	0	0	0	0	0	0	0	0	0	0	0	0	0	0	0	0	0	0	0	0	0	0	0	0	0	0	0	0	0	0	0	0	0	0	0	0	0	112	93	58	116	34	110	95	105	73	42	73	53	124	44	68	20	120	61	104	91	45	10	82	74	58	123	100	72	96	19	92	106	46	58	9	60	124	102	16	89	78	67	30	75	38	50	92	7	27	41	23	22	18	83	60	11	14	65	62	70	18	91	32	16
0	0	0	0	0	0	0	0	0	0	0	0	0	0	0	0	0	0	0	0	0	0	0	0	0	0	0	0	0	0	0	0	0	0	0	0	0	0	0	0	0	0	0	0	0	0	0	0	0	0	0	0	0	0	0	0	0	0	0	0	0	0	0	0	0	32	111	91	96	75	55	126	7	68	75	98	108	127	119	26	93	8	90	27	91	1	8	25	35	40	56	108	69	96	128	92	22	61	72	70	10	28	117	89	78	82	20	50	121	70	93	127	69	112	114	117	92	9	4	56	76	107	23	63	50	29	26	79
0	0	0	0	0	0	0	0	0	0	0	0	0	0	0	0	0	0	0	0	0	0	0	0	0	0	0	0	0	0	0	0	0	0	0	0	0	0	0	0	0	0	0	0	0	0	0	0	0	0	0	0	0	0	0	0	0	0	0	0	0	0	0	0	0	0	36	80	76	35	84	126	8	42	127	106	31	88	92	30	122	116	54	5	15	67	49	5	18	50	61	12	75	86	86	92	59	20	103	102	46	76	40	93	101	84	83	29	98	43	54	118	4	33	87	90	12	115	92	28	77	104	40	52	38	91	98	102
0	0	0	0	0	0	0	0	0	0	0	0	0	0	0	0	0	0	0	0	0	0	0	0	0	0	0	0	0	0	0	0	0	0	0	0	0	0	0	0	0	0	0	0	0	0	0	0	0	0	0	0	0	0	0	0	0	0	0	0	0	0	0	0	0	0	0	69	5	77	53	13	23	9	15	90	93	87	72	49	51	52	111	122	9	61	110	73	82	5	85	23	16	106	8	32	19	22	41	5	125	12	126	63	74	92	56	7	89	82	43	103	2	119	113	112	21	25	57	42	32	84	128	80	67	101	68	24
0	0	0	0	0	0	0	0	0	0	0	0	0	0	0	0	0	0	0	0	0	0	0	0	0	0	0	0	0	0	0	0	0	0	0	0	0	0	0	0	0	0	0	0	0	0	0	0	0	0	0	0	0	0	0	0	0	0	0	0	0	0	0	0	0	0	0	0	1	49	27	61	72	81	51	123	52	83	13	31	47	15	93	12	4	78	115	39	120	76	50	124	104	8	81	68	26	32	24	38	78	54	115	44	126	97	28	35	73	88	77	111	37	33	45	13	81	1	83	74	9	33	116	1	68	99	9	75
0	0	0	0	0	0	0	0	0	0	0	0	0	0	0	0	0	0	0	0	0	0	0	0	0	0	0	0	0	0	0	0	0	0	0	0	0	0	0	0	0	0	0	0	0	0	0	0	0	0	0	0	0	0	0	0	0	0	0	0	0	0	0	0	0	0	0	0	0	125	75	21	2	62	122	92	125	78	81	67	36	51	96	18	124	2	84	35	30	68	76	9	67	107	84	103	73	12	82	56	92	115	56	122	103	52	4	75	28	39	29	29	94	91	2	114	76	17	58	36	48	14	94	60	42	27	118	93
0	0	0	0	0	0	0	0	0	0	0	0	0	0	0	0	0	0	0	0	0	0	0	0	0	0	0	0	0	0	0	0	0	0	0	0	0	0	0	0	0	0	0	0	0	0	0	0	0	0	0	0	0	0	0	0	0	0	0	0	0	0	0	0	0	0	0	0	0	0	109	55	43	117	2	18	10	83	2	116	107	40	108	29	49	96	86	50	42	65	9	123	92	41	31	1	121	104	11	59	111	84	20	85	100	108	2	36	100	39	24	84	123	42	110	35	115	81	109	58	8	30	117	11	41	18	125	28
0	0	0	0	0	0	0	0	0	0	0	0	0	0	0	0	0	0	0	0	0	0	0	0	0	0	0	0	0	0	0	0	0	0	0	0	0	0	0	0	0	0	0	0	0	0	0	0	0	0	0	0	0	0	0	0	0	0	0	0	0	0	0	0	0	0	0	0	0	0	0	112	29	100	79	69	58	6	99	93	104	33	36	102	10	58	35	36	12	12	83	36	112	4	33	69	92	37	68	77	122	61	110	28	32	103	26	40	56	109	21	71	118	31	71	111	95	7	59	63	49	54	91	4	5	10	94	126
0	0	0	0	0	0	0	0	0	0	0	0	0	0	0	0	0	0	0	0	0	0	0	0	0	0	0	0	0	0	0	0	0	0	0	0	0	0	0	0	0	0	0	0	0	0	0	0	0	0	0	0	0	0	0	0	0	0	0	0	0	0	0	0	0	0	0	0	0	0	0	0	119	38	98	127	58	83	87	36	108	126	21	69	18	108	108	106	4	20	121	18	95	34	62	49	121	93	97	14	40	74	21	2	73	67	11	49	83	7	5	19	71	87	76	60	13	106	29	71	40	54	28	58	67	89	42	109
0	0	0	0	0	0	0	0	0	0	0	0	0	0	0	0	0	0	0	0	0	0	0	0	0	0	0	0	0	0	0	0	0	0	0	0	0	0	0	0	0	0	0	0	0	0	0	0	0	0	0	0	0	0	0	0	0	0	0	0	0	0	0	0	0	0	0	0	0	0	0	0	0	18	113	90	97	8	33	105	55	96	5	39	103	17	58	76	59	7	56	16	25	40	17	69	48	70	42	66	61	122	43	32	39	112	110	122	96	32	127	91	30	102	101	74	72	115	70	6	84	76	82	55	103	49	21	105
0	0	0	0	0	0	0	0	0	0	0	0	0	0	0	0	0	0	0	0	0	0	0	0	0	0	0	0	0	0	0	0	0	0	0	0	0	0	0	0	0	0	0	0	0	0	0	0	0	0	0	0	0	0	0	0	0	0	0	0	0	0	0	0	0	0	0	0	0	0	0	0	0	0	69	19	24	28	93	108	93	58	67	67	39	58	98	47	75	19	59	25	75	56	89	117	89	20	87	58	23	9	121	67	121	114	48	30	70	71	9	128	125	18	72	111	105	73	49	42	95	101	94	81	36	25	72	95
0	0	0	0	0	0	0	0	0	0	0	0	0	0	0	0	0	0	0	0	0	0	0	0	0	0	0	0	0	0	0	0	0	0	0	0	0	0	0	0	0	0	0	0	0	0	0	0	0	0	0	0	0	0	0	0	0	0	0	0	0	0	0	0	0	0	0	0	0	0	0	0	0	0	0	34	41	88	24	4	50	118	94	67	5	96	70	22	9	5	106	10	65	50	33	116	1	97	7	69	31	49	51	77	42	124	47	98	115	73	102	37	57	74	12	16	115	115	109	29	77	34	123	74	86	124	36	68
0	0	0	0	0	0	0	0	0	0	0	0	0	0	0	0	0	0	0	0	0	0	0	0	0	0	0	0	0	0	0	0	0	0	0	0	0	0	0	0	0	0	0	0	0	0	0	0	0	0	0	0	0	0	0	0	0	0	0	0	0	0	0	0	0	0	0	0	0	0	0	0	0	0	0	0	77	63	16	1	87	16	86	96	111	7	81	28	84	29	38	15	21	72	45	48	104	20	39	14	38	122	48	25	120	61	88	51	58	104	70	91	13	73	10	11	58	7	47	101	48	60	33	25	100	22	67	2
0	0	0	0	0	0	0	0	0	0	0	0	0	0	0	0	0	0	0	0	0	0	0	0	0	0	0	0	0	0	0	0	0	0	0	0	0	0	0	0	0	0	0	0	0	0	0	0	0	0	0	0	0	0	0	0	0	0	0	0	0	0	0	0	0	0	0	0	0	0	0	0	0	0	0	0	0	94	10	121	7	26	22	77	87	121	47	127	125	1	63	3	106	2	57	8	113	72	58	124	111	103	87	21	111	67	12	56	60	64	3	28	28	36	60	106	5	60	57	2	31	73	26	97	50	112	94	60
0	0	0	0	0	0	0	0	0	0	0	0	0	0	0	0	0	0	0	0	0	0	0	0	0	0	0	0	0	0	0	0	0	0	0	0	0	0	0	0	0	0	0	0	0	0	0	0	0	0	0	0	0	0	0	0	0	0	0	0	0	0	0	0	0	0	0	0	0	0	0	0	0	0	0	0	0	0	79	18	83	54	71	55	108	116	5	115	26	23	33	13	61	61	45	114	123	39	69	115	40	94	52	34	45	52	74	51	112	93	106	124	24	91	66	115	22	121	121	64	37	36	97	32	18	21	50	101
0	0	0	0	0	0	0	0	0	0	0	0	0	0	0	0	0	0	0	0	0	0	0	0	0	0	0	0	0	0	0	0	0	0	0	0	0	0	0	0	0	0	0	0	0	0	0	0	0	0	0	0	0	0	0	0	0	0	0	0	0	0	0	0	0	0	0	0	0	0	0	0	0	0	0	0	0	0	0	45	41	50	52	87	18	89	91	28	64	96	111	89	67	83	39	47	1	96	70	53	62	26	10	67	107	53	49	24	120	114	16	103	116	46	70	42	43	17	65	36	78	82	38	77	55	47	43	15
0	0	0	0	0	0	0	0	0	0	0	0	0	0	0	0	0	0	0	0	0	0	0	0	0	0	0	0	0	0	0	0	0	0	0	0	0	0	0	0	0	0	0	0	0	0	0	0	0	0	0	0	0	0	0	0	0	0	0	0	0	0	0	0	0	0	0	0	0	0	0	0	0	0	0	0	0	0	0	0	55	58	18	128	114	22	58	98	3	102	5	28	115	32	93	25	60	25	40	34	2	13	122	116	103	39	83	10	35	75	95	90	113	73	31	29	39	44	78	10	61	121	2	42	8	109	73	63
0	0	0	0	0	0	0	0	0	0	0	0	0	0	0	0	0	0	0	0	0	0	0	0	0	0	0	0	0	0	0	0	0	0	0	0	0	0	0	0	0	0	0	0	0	0	0	0	0	0	0	0	0	0	0	0	0	0	0	0	0	0	0	0	0	0	0	0	0	0	0	0	0	0	0	0	0	0	0	0	0	64	39	100	41	85	8	124	110	117	77	106	116	3	12	101	68	98	7	19	97	104	99	76	31	95	91	117	89	102	125	13	88	19	16	116	11	33	33	107	10	45	114	41	101	108	54	124
0	0	0	0	0	0	0	0	0	0	0	0	0	0	0	0	0	0	0	0	0	0	0	0	0	0	0	0	0	0	0	0	0	0	0	0	0	0	0	0	0	0	0	0	0	0	0	0	0	0	0	0	0	0	0	0	0	0	0	0	0	0	0	0	0	0	0	0	0	0	0	0	0	0	0	0	0	0	0	0	0	0	49	45	97	117	38	110	117	41	110	55	63	8	46	113	80	52	22	117	58	101	79	41	29	112	53	45	55	67	65	20	26	81	19	22	101	9	42	13	106	101	107	20	98	13	77	102
0	0	0	0	0	0	0	0	0	0	0	0	0	0	0	0	0	0	0	0	0	0	0	0	0	0	0	0	0	0	0	0	0	0	0	0	0	0	0	0	0	0	0	0	0	0	0	0	0	0	0	0	0	0	0	0	0	0	0	0	0	0	0	0	0	0	0	0	0	0	0	0	0	0	0	0	0	0	0	0	0	0	0	3	69	55	78	28	33	42	107	11	31	80	83	6	47	127	38	82	25	128	119	17	12	115	39	105	18	114	10	90	28	47	116	52	47	8	87	57	51	16	55	103	66	112	4	128
0	0	0	0	0	0	0	0	0	0	0	0	0	0	0	0	0	0	0	0	0	0	0	0	0	0	0	0	0	0	0	0	0	0	0	0	0	0	0	0	0	0	0	0	0	0	0	0	0	0	0	0	0	0	0	0	0	0	0	0	0	0	0	0	0	0	0	0	0	0	0	0	0	0	0	0	0	0	0	0	0	0	0	0	94	66	99	100	126	17	50	124	15	115	121	28	3	109	31	54	59	83	57	73	59	115	76	19	31	48	94	111	7	8	53	30	119	75	61	73	111	17	9	100	70	8	123	67
0	0	0	0	0	0	0	0	0	0	0	0	0	0	0	0	0	0	0	0	0	0	0	0	0	0	0	0	0	0	0	0	0	0	0	0	0	0	0	0	0	0	0	0	0	0	0	0	0	0	0	0	0	0	0	0	0	0	0	0	0	0	0	0	0	0	0	0	0	0	0	0	0	0	0	0	0	0	0	0	0	0	0	0	0	28	126	124	81	124	32	125	38	112	95	116	64	32	67	100	80	36	67	113	44	36	119	113	64	80	59	58	77	80	3	12	92	18	31	9	120	12	124	36	33	85	12	80
0	0	0	0	0	0	0	0	0	0	0	0	0	0	0	0	0	0	0	0	0	0	0	0	0	0	0	0	0	0	0	0	0	0	0	0	0	0	0	0	0	0	0	0	0	0	0	0	0	0	0	0	0	0	0	0	0	0	0	0	0	0	0	0	0	0	0	0	0	0	0	0	0	0	0	0	0	0	0	0	0	0	0	0	0	0	77	115	45	5	105	20	67	49	97	26	127	3	29	43	105	9	100	26	11	10	73	59	4	94	15	61	105	87	97	6	59	53	105	120	85	74	62	91	48	58	48	66
0	0	0	0	0	0	0	0	0	0	0	0	0	0	0	0	0	0	0	0	0	0	0	0	0	0	0	0	0	0	0	0	0	0	0	0	0	0	0	0	0	0	0	0	0	0	0	0	0	0	0	0	0	0	0	0	0	0	0	0	0	0	0	0	0	0	0	0	0	0	0	0	0	0	0	0	0	0	0	0	0	0	0	0	0	0	0	102	45	38	23	97	41	50	21	77	120	128	91	45	116	20	26	11	79	24	56	126	119	1	51	8	10	116	46	13	81	35	40	80	13	90	33	2	50	68	6	72
0	0	0	0	0	0	0	0	0	0	0	0	0	0	0	0	0	0	0	0	0	0	0	0	0	0	0	0	0	0	0	0	0	0	0	0	0	0	0	0	0	0	0	0	0	0	0	0	0	0	0	0	0	0	0	0	0	0	0	0	0	0	0	0	0	0	0	0	0	0	0	0	0	0	0	0	0	0	0	0	0	0	0	0	0	0	0	0	88	107	64	66	14	31	53	60	51	40	3	88	64	81	115	15	91	41	116	80	60	94	111	80	98	16	94	43	103	79	89	46	117	34	80	99	62	45	40	15
0	0	0	0	0	0	0	0	0	0	0	0	0	0	0	0	0	0	0	0	0	0	0	0	0	0	0	0	0	0	0	0	0	0	0	0	0	0	0	0	0	0	0	0	0	0	0	0	0	0	0	0	0	0	0	0	0	0	0	0	0	0	0	0	0	0	0	0	0	0	0	0	0	0	0	0	0	0	0	0	0	0	0	0	0	0	0	0	0	59	106	6	90	76	27	10	63	30	40	74	118	17	7	95	54	124	50	14	122	89	9	2	25	119	18	36	32	17	71	81	76	34	109	7	42	73	21	87
0	0	0	0	0	0	0	0	0	0	0	0	0	0	0	0	0	0	0	0	0	0	0	0	0	0	0	0	0	0	0	0	0	0	0	0	0	0	0	0	0	0	0	0	0	0	0	0	0	0	0	0	0	0	0	0	0	0	0	0	0	0	0	0	0	0	0	0	0	0	0	0	0	0	0	0	0	0	0	0	0	0	0	0	0	0	0	0	0	0	3	112	113	64	3	74	37	31	24	71	14	80	49	8	80	57	48	75	18	77	1	81	95	8	17	106	103	117	62	104	94	26	87	76	35	16	70	34
0	0	0	0	0	0	0	0	0	0	0	0	0	0	0	0	0	0	0	0	0	0	0	0	0	0	0	0	0	0	0	0	0	0	0	0	0	0	0	0	0	0	0	0	0	0	0	0	0	0	0	0	0	0	0	0	0	0	0	0	0	0	0	0	0	0	0	0	0	0	0	0	0	0	0	0	0	0	0	0	0	0	0	0	0	0	0	0	0	0	0	96	112	82	80	24	38	56	17	118	15	93	95	15	22	112	113	94	115	79	43	127	51	92	42	29	101	40	58	63	89	58	74	119	94	53	107	90
0	0	0	0	0	0	0	0	0	0	0	0	0	0	0	0	0	0	0	0	0	0	0	0	0	0	0	0	0	0	0	0	0	0	0	0	0	0	0	0	0	0	0	0	0	0	0	0	0	0	0	0	0	0	0	0	0	0	0	0	0	0	0	0	0	0	0	0	0	0	0	0	0	0	0	0	0	0	0	0	0	0	0	0	0	0	0	0	0	0	0	0	46	75	71	124	100	17	78	127	72	28	91	34	99	89	120	26	18	8	34	122	28	36	87	3	9	27	124	124	64	71	94	89	98	99	99	29
0	0	0	0	0	0	0	0	0	0	0	0	0	0	0	0	0	0	0	0	0	0	0	0	0	0	0	0	0	0	0	0	0	0	0	0	0	0	0	0	0	0	0	0	0	0	0	0	0	0	0	0	0	0	0	0	0	0	0	0	0	0	0	0	0	0	0	0	0	0	0	0	0	0	0	0	0	0	0	0	0	0	0	0	0	0	0	0	0	0	0	0	0	49	94	71	56	16	102	109	25	127	108	27	78	55	105	24	60	7	105	45	15	86	34	71	67	15	56	43	29	86	44	110	66	6	98	6
0	0	0	0	0	0	0	0	0	0	0	0	0	0	0	0	0	0	0	0	0	0	0	0	0	0	0	0	0	0	0	0	0	0	0	0	0	0	0	0	0	0	0	0	0	0	0	0	0	0	0	0	0	0	0	0	0	0	0	0	0	0	0	0	0	0	0	0	0	0	0	0	0	0	0	0	0	0	0	0	0	0	0	0	0	0	0	0	0	0	0	0	0	0	42	113	105	95	44	103	10	72	56	98	102	73	15	9	67	102	36	117	63	24	109	31	126	7	3	16	70	24	115	37	72	70	72	71
0	0	0	0	0	0	0	0	0	0	0	0	0	0	0	0	0	0	0	0	0	0	0	0	0	0	0	0	0	0	0	0	0	0	0	0	0	0	0	0	0	0	0	0	0	0	0	0	0	0	0	0	0	0	0	0	0	0	0	0	0	0	0	0	0	0	0	0	0	0	0	0	0	0	0	0	0	0	0	0	0	0	0	0	0	0	0	0	0	0	0	0	0	0	0	96	54	115	73	63	16	74	86	4	63	19	38	62	2	97	30	51	29	91	33	45	73	63	82	5	47	85	89	89	80	45	99	39
0	0	0	0	0	0	0	0	0	0	0	0	0	0	0	0	0	0	0	0	0	0	0	0	0	0	0	0	0	0	0	0	0	0	0	0	0	0	0	0	0	0	0	0	0	0	0	0	0	0	0	0	0	0	0	0	0	0	0	0	0	0	0	0	0	0	0	0	0	0	0	0	0	0	0	0	0	0	0	0	0	0	0	0	0	0	0	0	0	0	0	0	0	0	0	0	94	115	46	16	100	122	47	87	69	75	2	79	41	29	105	69	46	73	124	42	9	69	125	102	6	49	102	121	87	97	36	121
0	0	0	0	0	0	0	0	0	0	0	0	0	0	0	0	0	0	0	0	0	0	0	0	0	0	0	0	0	0	0	0	0	0	0	0	0	0	0	0	0	0	0	0	0	0	0	0	0	0	0	0	0	0	0	0	0	0	0	0	0	0	0	0	0	0	0	0	0	0	0	0	0	0	0	0	0	0	0	0	0	0	0	0	0	0	0	0	0	0	0	0	0	0	0	0	0	2	17	69	122	79	42	87	107	69	14	102	50	17	122	93	78	14	90	26	27	47	128	118	84	69	123	13	81	58	55	101
0	0	0	0	0	0	0	0	0	0	0	0	0	0	0	0	0	0	0	0	0	0	0	0	0	0	0	0	0	0	0	0	0	0	0	0	0	0	0	0	0	0	0	0	0	0	0	0	0	0	0	0	0	0	0	0	0	0	0	0	0	0	0	0	0	0	0	0	0	0	0	0	0	0	0	0	0	0	0	0	0	0	0	0	0	0	0	0	0	0	0	0	0	0	0	0	0	0	114	125	49	42	60	61	57	31	64	36	116	56	27	49	114	72	75	84	117	29	61	58	71	18	47	45	45	63	53	57
0	0	0	0	0	0	0	0	0	0	0	0	0	0	0	0	0	0	0	0	0	0	0	0	0	0	0	0	0	0	0	0	0	0	0	0	0	0	0	0	0	0	0	0	0	0	0	0	0	0	0	0	0	0	0	0	0	0	0	0	0	0	0	0	0	0	0	0	0	0	0	0	0	0	0	0	0	0	0	0	0	0	0	0	0	0	0	0	0	0	0	0	0	0	0	0	0	0	0	7	66	87	89	37	94	3	70	78	100	84	84	47	125	12	11	96	53	110	66	107	3	68	72	28	119	63	3	61
0	0	0	0	0	0	0	0	0	0	0	0	0	0	0	0	0	0	0	0	0	0	0	0	0	0	0	0	0	0	0	0	0	0	0	0	0	0	0	0	0	0	0	0	0	0	0	0	0	0	0	0	0	0	0	0	0	0	0	0	0	0	0	0	0	0	0	0	0	0	0	0	0	0	0	0	0	0	0	0	0	0	0	0	0	0	0	0	0	0	0	0	0	0	0	0	0	0	0	0	63	12	127	46	100	113	31	105	51	69	27	67	122	83	8	48	32	123	39	106	115	42	74	87	93	40	117	103
0	0	0	0	0	0	0	0	0	0	0	0	0	0	0	0	0	0	0	0	0	0	0	0	0	0	0	0	0	0	0	0	0	0	0	0	0	0	0	0	0	0	0	0	0	0	0	0	0	0	0	0	0	0	0	0	0	0	0	0	0	0	0	0	0	0	0	0	0	0	0	0	0	0	0	0	0	0	0	0	0	0	0	0	0	0	0	0	0	0	0	0	0	0	0	0	0	0	0	0	0	83	118	101	102	20	18	122	93	3	123	83	103	14	83	66	107	82	120	53	124	110	18	28	50	22	19	123
0	0	0	0	0	0	0	0	0	0	0	0	0	0	0	0	0	0	0	0	0	0	0	0	0	0	0	0	0	0	0	0	0	0	0	0	0	0	0	0	0	0	0	0	0	0	0	0	0	0	0	0	0	0	0	0	0	0	0	0	0	0	0	0	0	0	0	0	0	0	0	0	0	0	0	0	0	0	0	0	0	0	0	0	0	0	0	0	0	0	0	0	0	0	0	0	0	0	0	0	0	0	15	55	46	41	84	25	37	106	121	122	124	27	40	29	72	66	27	3	127	105	123	81	40	116	65	57
0	0	0	0	0	0	0	0	0	0	0	0	0	0	0	0	0	0	0	0	0	0	0	0	0	0	0	0	0	0	0	0	0	0	0	0	0	0	0	0	0	0	0	0	0	0	0	0	0	0	0	0	0	0	0	0	0	0	0	0	0	0	0	0	0	0	0	0	0	0	0	0	0	0	0	0	0	0	0	0	0	0	0	0	0	0	0	0	0	0	0	0	0	0	0	0	0	0	0	0	0	0	0	89	8	122	2	13	73	19	2	38	44	100	120	51	53	28	1	94	31	74	16	18	34	58	92	4
0	0	0	0	0	0	0	0	0	0	0	0	0	0	0	0	0	0	0	0	0	0	0	0	0	0	0	0	0	0	0	0	0	0	0	0	0	0	0	0	0	0	0	0	0	0	0	0	0	0	0	0	0	0	0	0	0	0	0	0	0	0	0	0	0	0	0	0	0	0	0	0	0	0	0	0	0	0	0	0	0	0	0	0	0	0	0	0	0	0	0	0	0	0	0	0	0	0	0	0	0	0	0	0	62	19	92	23	51	124	22	62	21	97	112	73	96	86	70	52	38	31	88	28	104	53	26	74
0	0	0	0	0	0	0	0	0	0	0	0	0	0	0	0	0	0	0	0	0	0	0	0	0	0	0	0	0	0	0	0	0	0	0	0	0	0	0	0	0	0	0	0	0	0	0	0	0	0	0	0	0	0	0	0	0	0	0	0	0	0	0	0	0	0	0	0	0	0	0	0	0	0	0	0	0	0	0	0	0	0	0	0	0	0	0	0	0	0	0	0	0	0	0	0	0	0	0	0	0	0	0	0	0	74	99	101	40	19	127	104	100	111	29	55	126	4	6	27	73	121	25	79	88	88	10	37
0	0	0	0	0	0	0	0	0	0	0	0	0	0	0	0	0	0	0	0	0	0	0	0	0	0	0	0	0	0	0	0	0	0	0	0	0	0	0	0	0	0	0	0	0	0	0	0	0	0	0	0	0	0	0	0	0	0	0	0	0	0	0	0	0	0	0	0	0	0	0	0	0	0	0	0	0	0	0	0	0	0	0	0	0	0	0	0	0	0	0	0	0	0	0	0	0	0	0	0	0	0	0	0	0	0	83	30	115	113	3	40	25	31	30	36	18	40	47	14	55	15	24	53	121	58	67	54
0	0	0	0	0	0	0	0	0	0	0	0	0	0	0	0	0	0	0	0	0	0	0	0	0	0	0	0	0	0	0	0	0	0	0	0	0	0	0	0	0	0	0	0	0	0	0	0	0	0	0	0	0	0	0	0	0	0	0	0	0	0	0	0	0	0	0	0	0	0	0	0	0	0	0	0	0	0	0	0	0	0	0	0	0	0	0	0	0	0	0	0	0	0	0	0	0	0	0	0	0	0	0	0	0	0	0	60	100	40	55	48	46	20	76	49	86	52	33	77	123	20	11	60	127	14	90	18
0	0	0	0	0	0	0	0	0	0	0	0	0	0	0	0	0	0	0	0	0	0	0	0	0	0	0	0	0	0	0	0	0	0	0	0	0	0	0	0	0	0	0	0	0	0	0	0	0	0	0	0	0	0	0	0	0	0	0	0	0	0	0	0	0	0	0	0	0	0	0	0	0	0	0	0	0	0	0	0	0	0	0	0	0	0	0	0	0	0	0	0	0	0	0	0	0	0	0	0	0	0	0	0	0	0	0	0	75	94	21	70	72	108	125	109	106	25	107	19	74	79	66	19	28	50	51	16
0	0	0	0	0	0	0	0	0	0	0	0	0	0	0	0	0	0	0	0	0	0	0	0	0	0	0	0	0	0	0	0	0	0	0	0	0	0	0	0	0	0	0	0	0	0	0	0	0	0	0	0	0	0	0	0	0	0	0	0	0	0	0	0	0	0	0	0	0	0	0	0	0	0	0	0	0	0	0	0	0	0	0	0	0	0	0	0	0	0	0	0	0	0	0	0	0	0	0	0	0	0	0	0	0	0	0	0	0	56	126	32	43	35	1	71	71	6	100	14	85	41	94	123	94	111	95	55
0	0	0	0	0	0	0	0	0	0	0	0	0	0	0	0	0	0	0	0	0	0	0	0	0	0	0	0	0	0	0	0	0	0	0	0	0	0	0	0	0	0	0	0	0	0	0	0	0	0	0	0	0	0	0	0	0	0	0	0	0	0	0	0	0	0	0	0	0	0	0	0	0	0	0	0	0	0	0	0	0	0	0	0	0	0	0	0	0	0	0	0	0	0	0	0	0	0	0	0	0	0	0	0	0	0	0	0	0	0	45	30	71	61	37	32	73	78	14	120	12	127	48	19	91	77	73	32
0	0	0	0	0	0	0	0	0	0	0	0	0	0	0	0	0	0	0	0	0	0	0	0	0	0	0	0	0	0	0	0	0	0	0	0	0	0	0	0	0	0	0	0	0	0	0	0	0	0	0	0	0	0	0	0	0	0	0	0	0	0	0	0	0	0	0	0	0	0	0	0	0	0	0	0	0	0	0	0	0	0	0	0	0	0	0	0	0	0	0	0	0	0	0	0	0	0	0	0	0	0	0	0	0	0	0	0	0	0	0	79	55	47	51	121	113	128	9	49	78	98	5	123	39	87	117	121
0	0	0	0	0	0	0	0	0	0	0	0	0	0	0	0	0	0	0	0	0	0	0	0	0	0	0	0	0	0	0	0	0	0	0	0	0	0	0	0	0	0	0	0	0	0	0	0	0	0	0	0	0	0	0	0	0	0	0	0	0	0	0	0	0	0	0	0	0	0	0	0	0	0	0	0	0	0	0	0	0	0	0	0	0	0	0	0	0	0	0	0	0	0	0	0	0	0	0	0	0	0	0	0	0	0	0	0	0	0	0	0	59	32	38	4	56	100	97	16	35	94	62	110	62	34	3	103
0	0	0	0	0	0	0	0	0	0	0	0	0	0	0	0	0	0	0	0	0	0	0	0	0	0	0	0	0	0	0	0	0	0	0	0	0	0	0	0	0	0	0	0	0	0	0	0	0	0	0	0	0	0	0	0	0	0	0	0	0	0	0	0	0	0	0	0	0	0	0	0	0	0	0	0	0	0	0	0	0	0	0	0	0	0	0	0	0	0	0	0	0	0	0	0	0	0	0	0	0	0	0	0	0	0	0	0	0	0	0	0	0	110	9	27	24	65	18	99	74	105	14	70	102	47	6	1
0	0	0	0	0	0	0	0	0	0	0	0	0	0	0	0	0	0	0	0	0	0	0	0	0	0	0	0	0	0	0	0	0	0	0	0	0	0	0	0	0	0	0	0	0	0	0	0	0	0	0	0	0	0	0	0	0	0	0	0	0	0	0	0	0	0	0	0	0	0	0	0	0	0	0	0	0	0	0	0	0	0	0	0	0	0	0	0	0	0	0	0	0	0	0	0	0	0	0	0	0	0	0	0	0	0	0	0	0	0	0	0	0	0	96	14	27	67	79	3	11	106	23	88	52	66	119	81
0	0	0	0	0	0	0	0	0	0	0	0	0	0	0	0	0	0	0	0	0	0	0	0	0	0	0	0	0	0	0	0	0	0	0	0	0	0	0	0	0	0	0	0	0	0	0	0	0	0	0	0	0	0	0	0	0	0	0	0	0	0	0	0	0	0	0	0	0	0	0	0	0	0	0	0	0	0	0	0	0	0	0	0	0	0	0	0	0	0	0	0	0	0	0	0	0	0	0	0	0	0	0	0	0	0	0	0	0	0	0	0	0	0	0	47	68	25	62	127	65	80	17	59	6	24	34	38
0	0	0	0	0	0	0	0	0	0	0	0	0	0	0	0	0	0	0	0	0	0	0	0	0	0	0	0	0	0	0	0	0	0	0	0	0	0	0	0	0	0	0	0	0	0	0	0	0	0	0	0	0	0	0	0	0	0	0	0	0	0	0	0	0	0	0	0	0	0	0	0	0	0	0	0	0	0	0	0	0	0	0	0	0	0	0	0	0	0	0	0	0	0	0	0	0	0	0	0	0	0	0	0	0	0	0	0	0	0	0	0	0	0	0	0	72	52	78	117	10	65	120	128	4	92	98	33
0	0	0	0	0	0	0	0	0	0	0	0	0	0	0	0	0	0	0	0	0	0	0	0	0	0	0	0	0	0	0	0	0	0	0	0	0	0	0	0	0	0	0	0	0	0	0	0	0	0	0	0	0	0	0	0	0	0	0	0	0	0	0	0	0	0	0	0	0	0	0	0	0	0	0	0	0	0	0	0	0	0	0	0	0	0	0	0	0	0	0	0	0	0	0	0	0	0	0	0	0	0	0	0	0	0	0	0	0	0	0	0	0	0	0	0	0	117	128	37	88	66	42	117	111	53	127	76
0	0	0	0	0	0	0	0	0	0	0	0	0	0	0	0	0	0	0	0	0	0	0	0	0	0	0	0	0	0	0	0	0	0	0	0	0	0	0	0	0	0	0	0	0	0	0	0	0	0	0	0	0	0	0	0	0	0	0	0	0	0	0	0	0	0	0	0	0	0	0	0	0	0	0	0	0	0	0	0	0	0	0	0	0	0	0	0	0	0	0	0	0	0	0	0	0	0	0	0	0	0	0	0	0	0	0	0	0	0	0	0	0	0	0	0	0	0	28	123	75	125	82	78	63	58	26	26
0	0	0	0	0	0	0	0	0	0	0	0	0	0	0	0	0	0	0	0	0	0	0	0	0	0	0	0	0	0	0	0	0	0	0	0	0	0	0	0	0	0	0	0	0	0	0	0	0	0	0	0	0	0	0	0	0	0	0	0	0	0	0	0	0	0	0	0	0	0	0	0	0	0	0	0	0	0	0	0	0	0	0	0	0	0	0	0	0	0	0	0	0	0	0	0	0	0	0	0	0	0	0	0	0	0	0	0	0	0	0	0	0	0	0	0	0	0	0	120	53	115	48	73	47	46	105	22
0	0	0	0	0	0	0	0	0	0	0	0	0	0	0	0	0	0	0	0	0	0	0	0	0	0	0	0	0	0	0	0	0	0	0	0	0	0	0	0	0	0	0	0	0	0	0	0	0	0	0	0	0	0	0	0	0	0	0	0	0	0	0	0	0	0	0	0	0	0	0	0	0	0	0	0	0	0	0	0	0	0	0	0	0	0	0	0	0	0	0	0	0	0	0	0	0	0	0	0	0	0	0	0	0	0	0	0	0	0	0	0	0	0	0	0	0	0	0	0	84	100	25	50	45	82	4	111
0	0	0	0	0	0	0	0	0	0	0	0	0	0	0	0	0	0	0	0	0	0	0	0	0	0	0	0	0	0	0	0	0	0	0	0	0	0	0	0	0	0	0	0	0	0	0	0	0	0	0	0	0	0	0	0	0	0	0	0	0	0	0	0	0	0	0	0	0	0	0	0	0	0	0	0	0	0	0	0	0	0	0	0	0	0	0	0	0	0	0	0	0	0	0	0	0	0	0	0	0	0	0	0	0	0	0	0	0	0	0	0	0	0	0	0	0	0	0	0	0	37	51	49	17	18	24	79
0	0	0	0	0	0	0	0	0	0	0	0	0	0	0	0	0	0	0	0	0	0	0	0	0	0	0	0	0	0	0	0	0	0	0	0	0	0	0	0	0	0	0	0	0	0	0	0	0	0	0	0	0	0	0	0	0	0	0	0	0	0	0	0	0	0	0	0	0	0	0	0	0	0	0	0	0	0	0	0	0	0	0	0	0	0	0	0	0	0	0	0	0	0	0	0	0	0	0	0	0	0	0	0	0	0	0	0	0	0	0	0	0	0	0	0	0	0	0	0	0	0	74	125	23	15	82	9
0	0	0	0	0	0	0	0	0	0	0	0	0	0	0	0	0	0	0	0	0	0	0	0	0	0	0	0	0	0	0	0	0	0	0	0	0	0	0	0	0	0	0	0	0	0	0	0	0	0	0	0	0	0	0	0	0	0	0	0	0	0	0	0	0	0	0	0	0	0	0	0	0	0	0	0	0	0	0	0	0	0	0	0	0	0	0	0	0	0	0	0	0	0	0	0	0	0	0	0	0	0	0	0	0	0	0	0	0	0	0	0	0	0	0	0	0	0	0	0	0	0	0	18	42	120	59	32
0	0	0	0	0	0	0	0	0	0	0	0	0	0	0	0	0	0	0	0	0	0	0	0	0	0	0	0	0	0	0	0	0	0	0	0	0	0	0	0	0	0	0	0	0	0	0	0	0	0	0	0	0	0	0	0	0	0	0	0	0	0	0	0	0	0	0	0	0	0	0	0	0	0	0	0	0	0	0	0	0	0	0	0	0	0	0	0	0	0	0	0	0	0	0	0	0	0	0	0	0	0	0	0	0	0	0	0	0	0	0	0	0	0	0	0	0	0	0	0	0	0	0	0	123	27	123	115
0	0	0	0	0	0	0	0	0	0	0	0	0	0	0	0	0	0	0	0	0	0	0	0	0	0	0	0	0	0	0	0	0	0	0	0	0	0	0	0	0	0	0	0	0	0	0	0	0	0	0	0	0	0	0	0	0	0	0	0	0	0	0	0	0	0	0	0	0	0	0	0	0	0	0	0	0	0	0	0	0	0	0	0	0	0	0	0	0	0	0	0	0	0	0	0	0	0	0	0	0	0	0	0	0	0	0	0	0	0	0	0	0	0	0	0	0	0	0	0	0	0	0	0	0	37	118	41
0	0	0	0	0	0	0	0	0	0	0	0	0	0	0	0	0	0	0	0	0	0	0	0	0	0	0	0	0	0	0	0	0	0	0	0	0	0	0	0	0	0	0	0	0	0	0	0	0	0	0	0	0	0	0	0	0	0	0	0	0	0	0	0	0	0	0	0	0	0	0	0	0	0	0	0	0	0	0	0	0	0	0	0	0	0	0	0	0	0	0	0	0	0	0	0	0	0	0	0	0	0	0	0	0	0	0	0	0	0	0	0	0	0	0	0	0	0	0	0	0	0	0	0	0	0	115	127
0	0	0	0	0	0	0	0	0	0	0	0	0	0	0	0	0	0	0	0	0	0	0	0	0	0	0	0	0	0	0	0	0	0	0	0	0	0	0	0	0	0	0	0	0	0	0	0	0	0	0	0	0	0	0	0	0	0	0	0	0	0	0	0	0	0	0	0	0	0	0	0	0	0	0	0	0	0	0	0	0	0	0	0	0	0	0	0	0	0	0	0	0	0	0	0	0	0	0	0	0	0	0	0	0	0	0	0	0	0	0	0	0	0	0	0	0	0	0	0	0	0	0	0	0	0	0	99
0	0	0	0	0	0	0	0	0	0	0	0	0	0	0	0	0	0	0	0	0	0	0	0	0	0	0	0	0	0	0	0	0	0	0	0	0	0	0	0	0	0	0	0	0	0	0	0	0	0	0	0	0	0	0	0	0	0	0	0	0	0	0	0	0	0	0	0	0	0	0	0	0	0	0	0	0	0	0	0	0	0	0	0	0	0	0	0	0	0	0	0	0	0	0	0	0	0	0	0	0	0	0	0	0	0	0	0	0	0	0	0	0	0	0	0	0	0	0	0	0	0	0	0	0	0	0	0