0	125	79	23	32	105	80	42	19	85	71	23	23	10	42	4	13	99	47	114	62	14	63	102	43	77	88	16	70	125	119	117	39	76	57	8	63	94	118	16	89	105	39	30	95	111	76	10	36	38	79	24	90	127	111	118	80	67	124	51	52	124	120	63	17	123	37	78	13	19	50	61	106	33	4	120	78	76	79	50	87	21	34	91	33	6	113	121	116	19	11	61	67	48	34	14	62	79	71	98	75	77	74	52	61	53	126	72	38	116	100	88	87	54	2	24	90	74	94	82	85	128	89	66	14	95	70	44
0	0	61	44	1	120	8	68	53	78	21	117	75	18	99	70	99	68	7	26	107	1	126	111	51	64	117	126	114	21	51	59	127	66	40	108	122	99	8	41	61	7	86	101	95	27	26	3	76	114	51	128	39	42	65	52	65	104	121	8	62	98	78	122	83	39	68	17	26	108	43	107	89	23	82	100	66	89	21	85	45	5	63	62	13	58	113	74	99	11	76	103	8	46	1	61	13	105	121	18	24	36	89	58	106	125	103	92	33	17	26	31	9	35	90	124	104	46	3	102	128	23	108	9	81	108	10	111
0	0	0	103	49	95	106	72	111	57	94	93	83	116	18	79	68	16	24	81	83	15	110	50	126	10	50	32	18	68	82	54	33	45	24	58	35	66	96	75	60	57	91	64	85	98	92	72	92	49	11	18	2	54	64	9	120	31	52	92	112	28	122	69	58	107	20	9	51	86	80	77	80	50	18	110	78	26	21	116	52	10	113	52	4	20	40	103	28	70	18	126	89	128	76	42	67	48	68	1	47	36	85	78	25	7	111	110	111	123	35	79	92	102	97	44	33	88	42	3	21	42	57	66	80	51	106	3
0	0	0	0	115	13	86	118	74	39	113	35	25	91	71	107	51	100	51	63	18	61	79	82	2	104	45	33	12	25	14	25	22	5	8	2	24	19	121	58	123	93	42	94	58	21	58	43	93	113	14	64	124	68	117	55	22	52	94	125	5	58	23	18	66	4	46	27	20	69	122	99	123	99	100	114	81	114	120	55	3	63	33	78	2	64	3	34	109	111	3	2	20	112	62	63	20	10	47	125	76	44	45	67	90	26	70	70	69	45	12	85	39	35	45	12	91	93	37	41	37	119	105	92	44	80	39	80
0	0	0	0	0	57	106	40	99	124	34	100	84	117	108	23	37	51	93	3	95	125	9	26	97	21	73	110	103	17	46	1	7	1	123	18	85	64	80	63	34	119	59	117	47	98	86	126	19	91	66	6	6	110	62	62	41	99	19	44	15	80	102	35	44	52	29	114	51	24	122	45	12	68	98	114	16	40	76	21	5	95	78	3	112	48	101	33	30	11	28	116	7	111	13	50	99	68	74	55	22	22	68	50	63	58	106	65	14	124	76	108	80	115	22	110	20	111	60	127	59	90	63	48	95	38	45	15
0	0	0	0	0	0	4	78	123	21	121	94	27	45	6	115	117	119	78	115	123	114	17	116	31	26	113	55	30	59	34	109	48	107	115	98	26	42	97	42	52	125	111	102	76	33	60	78	21	22	9	22	14	10	91	85	22	79	58	81	76	98	120	104	3	88	54	41	24	37	101	17	71	118	88	61	18	123	11	114	55	16	113	25	115	122	119	81	66	119	109	111	3	112	64	11	39	9	112	101	3	123	6	50	113	96	5	103	13	61	14	37	75	11	9	57	79	24	119	64	121	48	64	95	21	62	83	39
0	0	0	0	0	0	0	24	101	103	57	121	21	35	80	16	71	48	75	86	124	96	121	73	77	111	68	110	31	20	43	16	34	76	38	94	128	40	127	49	125	9	13	68	66	41	5	91	99	38	126	20	117	100	80	51	87	42	81	121	67	67	45	71	59	9	98	9	45	69	23	20	70	85	53	69	50	90	49	105	47	57	24	56	84	36	63	103	61	124	4	94	14	25	57	108	26	77	8	38	15	18	28	45	62	21	22	99	28	41	108	50	30	53	109	59	84	77	119	106	39	34	44	50	93	47	114	95
0	0	0	0	0	0	0	0	12	87	101	106	59	120	26	111	118	49	21	66	47	23	128	42	38	36	103	25	126	106	73	105	98	86	37	23	110	78	128	81	99	85	6	107	110	88	11	99	98	96	50	60	126	77	37	3	77	110	102	94	37	49	59	71	54	66	9	69	11	120	66	33	127	67	11	103	81	49	106	102	113	42	3	120	16	20	30	58	103	22	60	10	68	38	82	52	11	70	74	108	22	48	37	117	27	119	66	115	61	23	31	74	51	25	34	96	85	20	10	72	60	31	25	31	122	58	52	33
0	0	0	0	0	0	0	0	0	109	40	3	117	32	2	85	127	44	13	126	3	86	69	123	109	1	16	75	118	28	92	78	31	87	52	96	86	47	28	125	4	49	75	27	39	10	9	113	113	68	7	81	117	113	68	24	34	37	36	3	109	27	107	57	9	22	79	83	107	67	30	79	22	93	128	70	117	127	94	102	126	21	22	83	38	29	106	37	98	53	75	42	28	18	120	8	126	29	45	94	93	39	50	29	11	97	67	82	104	38	51	63	38	25	29	118	49	104	4	24	7	111	59	78	102	107	25	64
0	0	0	0	0	0	0	0	0	0	26	91	28	8	51	71	43	27	91	70	57	40	71	30	26	41	33	117	31	76	117	95	43	71	101	114	60	85	12	43	24	79	18	92	115	83	127	76	6	120	87	121	97	33	117	15	117	88	106	81	12	124	120	75	25	54	28	103	42	47	102	125	77	59	51	18	64	73	44	7	44	86	127	37	32	76	15	12	100	84	67	91	71	84	119	43	13	29	85	28	41	24	5	93	11	48	75	74	112	94	14	68	11	70	75	68	97	108	50	1	89	97	48	81	30	4	24	26
0	0	0	0	0	0	0	0	0	0	0	15	82	25	87	95	14	60	4	63	11	115	2	81	66	56	34	126	103	25	7	74	41	127	99	108	7	88	109	12	61	23	23	59	10	38	122	37	6	123	14	28	22	68	79	94	12	77	7	124	14	2	109	98	29	114	102	114	7	106	6	1	44	75	67	6	34	116	67	112	109	23	54	26	110	108	12	44	18	105	112	34	44	121	98	39	56	113	1	99	36	125	78	55	47	51	127	12	113	114	13	1	119	118	87	125	54	93	73	4	124	14	33	55	51	92	121	50
0	0	0	0	0	0	0	0	0	0	0	0	12	95	54	57	48	43	97	109	5	53	26	23	70	19	90	103	105	26	106	36	8	95	68	10	79	50	35	33	79	36	69	99	74	75	92	8	110	108	52	112	25	56	113	117	122	37	7	58	18	94	6	120	26	65	80	44	98	30	29	8	107	114	5	118	88	10	64	48	105	116	80	101	99	46	91	69	85	101	97	56	40	16	22	105	99	21	92	113	7	123	27	107	30	20	4	70	92	75	11	24	96	45	118	56	104	53	109	98	107	49	18	28	80	56	85	71
0	0	0	0	0	0	0	0	0	0	0	0	0	68	59	63	41	123	76	108	12	46	78	60	37	125	14	28	79	32	83	103	104	34	46	16	60	33	121	87	18	94	98	82	16	31	116	86	27	78	8	70	104	42	67	93	67	54	119	8	9	119	94	95	80	118	22	56	77	75	22	31	12	21	17	100	20	72	87	57	62	94	84	98	21	84	41	18	88	10	74	101	88	30	53	46	62	76	24	71	35	64	33	116	118	19	28	30	72	112	9	113	90	100	34	51	76	68	123	100	82	25	8	121	84	105	102	74
0	0	0	0	0	0	0	0	0	0	0	0	0	0	69	32	80	34	74	108	28	28	61	45	59	56	78	75	127	60	121	80	71	116	68	121	95	50	15	16	57	38	24	58	61	114	56	123	99	35	66	54	120	92	72	9	64	38	40	108	29	37	105	95	103	63	41	88	95	116	115	16	42	30	112	47	7	100	28	80	50	37	23	61	68	86	61	57	87	5	32	96	78	89	86	4	44	26	114	55	80	25	50	99	49	29	30	48	62	8	90	48	121	8	75	107	108	23	103	93	123	83	6	37	54	97	110	85
0	0	0	0	0	0	0	0	0	0	0	0	0	0	0	3	10	68	64	51	7	124	74	97	33	22	35	61	20	99	65	123	121	112	93	17	9	102	79	12	37	23	105	87	77	41	40	115	71	92	80	50	25	64	82	53	94	82	65	72	67	29	39	39	27	121	59	42	123	36	25	79	102	103	46	85	94	100	114	100	121	128	40	91	125	52	102	5	54	10	62	103	44	33	127	17	10	50	8	79	78	7	62	40	32	49	76	81	3	56	112	71	119	126	104	22	65	56	99	74	120	113	59	90	5	52	103	56
0	0	0	0	0	0	0	0	0	0	0	0	0	0	0	0	106	104	67	59	125	100	99	33	120	13	76	72	88	62	113	89	65	62	109	108	29	12	83	65	47	91	80	65	22	116	19	21	111	8	48	123	34	104	46	58	56	45	43	92	96	23	13	14	118	66	118	16	116	104	30	34	44	59	58	11	6	104	120	3	89	50	15	85	64	16	12	20	32	28	49	94	39	98	110	64	5	21	95	46	37	87	42	79	54	92	76	104	90	32	120	106	53	77	102	110	61	112	2	118	79	25	49	103	72	95	126	79
0	0	0	0	0	0	0	0	0	0	0	0	0	0	0	0	0	100	87	61	35	59	10	30	12	74	80	22	20	76	69	76	16	50	18	100	107	99	12	81	117	86	80	82	82	80	79	73	93	35	73	79	4	117	83	30	91	72	108	89	95	52	81	105	86	86	67	96	118	48	103	16	122	41	68	9	69	71	40	49	9	109	80	110	64	59	96	89	6	105	36	20	56	11	113	19	87	36	67	20	79	48	1	119	99	37	25	76	119	22	36	25	122	124	74	102	71	42	45	122	128	117	37	109	125	121	60	9
0	0	0	0	0	0	0	0	0	0	0	0	0	0	0	0	0	0	11	47	34	44	16	117	59	103	27	94	5	45	88	19	36	6	13	121	89	61	7	31	6	34	71	110	92	18	128	102	14	118	11	44	126	69	4	118	125	21	24	62	113	87	99	2	90	94	71	121	94	55	51	24	34	15	44	40	19	126	32	101	103	105	70	15	81	121	62	97	13	12	37	43	121	102	74	61	102	95	102	1	47	22	9	77	32	57	72	43	97	1	19	8	55	35	43	118	60	36	4	101	128	29	104	61	48	58	60	35
0	0	0	0	0	0	0	0	0	0	0	0	0	0	0	0	0	0	0	78	15	123	111	21	63	42	52	124	86	8	49	39	122	62	91	105	41	62	36	116	42	74	27	93	93	114	109	65	41	69	111	48	10	106	61	84	71	27	58	38	45	60	52	94	95	110	98	58	89	25	90	93	92	7	54	126	14	113	88	107	66	49	4	75	12	25	38	89	16	83	23	106	62	23	92	93	87	63	90	36	92	38	104	72	5	20	15	71	95	63	73	67	105	63	30	80	79	16	53	61	38	14	71	107	101	86	113	67
0	0	0	0	0	0	0	0	0	0	0	0	0	0	0	0	0	0	0	0	28	31	106	3	122	119	120	81	118	52	98	12	102	71	16	55	19	63	116	59	15	8	94	123	108	41	70	9	83	91	38	46	77	18	68	116	124	95	123	19	90	55	31	12	96	16	86	108	14	5	75	49	123	101	128	22	128	82	81	123	19	59	125	121	121	14	93	127	35	111	56	68	2	86	43	116	6	25	18	68	100	16	62	40	79	124	19	83	27	19	117	4	128	62	74	103	4	55	21	94	2	2	74	99	58	47	113	82
0	0	0	0	0	0	0	0	0	0	0	0	0	0	0	0	0	0	0	0	0	42	93	29	49	35	54	85	61	123	105	99	71	110	23	121	115	124	54	97	63	30	121	116	66	76	78	84	13	86	118	91	71	112	96	23	87	51	70	45	1	95	59	122	93	45	32	119	41	111	30	49	13	75	103	15	70	33	10	32	60	102	49	127	100	22	32	30	103	63	81	2	59	9	103	48	40	43	76	19	94	60	16	2	117	112	93	91	59	103	109	23	22	52	52	8	1	76	59	73	111	115	35	56	111	123	12	51
0	0	0	0	0	0	0	0	0	0	0	0	0	0	0	0	0	0	0	0	0	0	2	125	48	103	17	110	85	95	13	46	28	41	8	68	69	102	55	57	70	117	19	48	87	99	93	4	30	14	121	32	89	14	110	27	68	75	39	37	21	99	112	8	23	75	114	67	61	72	8	34	96	77	34	89	127	16	1	108	111	126	84	60	92	90	7	16	66	61	80	34	120	86	50	122	14	40	7	25	86	105	57	41	1	25	72	24	3	23	90	51	88	72	79	67	105	90	14	50	107	59	11	4	3	40	50	60
0	0	0	0	0	0	0	0	0	0	0	0	0	0	0	0	0	0	0	0	0	0	0	77	41	95	114	64	124	103	41	26	29	83	114	45	51	32	19	93	12	120	47	81	74	123	73	58	30	13	93	2	38	24	114	51	37	27	24	115	23	20	85	31	125	25	30	112	76	51	83	52	127	101	40	48	93	12	90	92	97	45	102	50	107	63	20	19	13	28	7	90	107	17	120	97	108	125	17	66	43	56	98	128	99	27	118	12	27	86	119	73	123	6	64	128	94	126	29	10	78	27	90	119	49	99	87	60
0	0	0	0	0	0	0	0	0	0	0	0	0	0	0	0	0	0	0	0	0	0	0	0	69	72	103	65	12	118	80	56	118	117	127	39	3	76	102	48	37	21	19	6	25	35	77	84	57	2	31	121	53	18	115	98	120	59	53	74	46	91	29	19	118	21	108	35	68	49	32	90	70	23	109	69	113	41	15	41	27	68	58	77	44	56	125	59	57	29	6	101	82	24	9	97	112	80	84	31	22	7	58	13	46	116	83	34	45	126	109	52	119	115	15	114	85	94	108	107	11	89	113	28	76	90	21	6
0	0	0	0	0	0	0	0	0	0	0	0	0	0	0	0	0	0	0	0	0	0	0	0	0	88	11	108	117	71	50	102	33	33	90	110	20	97	27	98	71	27	94	121	103	69	64	14	89	45	14	28	1	68	98	54	1	37	36	36	65	36	60	84	82	97	53	46	23	127	92	78	13	127	118	8	115	31	94	111	71	31	65	67	69	35	6	74	48	125	96	111	56	29	30	33	104	118	41	15	101	122	11	60	112	126	82	91	126	108	125	24	102	91	48	89	115	60	23	123	78	11	96	24	28	48	32	122
0	0	0	0	0	0	0	0	0	0	0	0	0	0	0	0	0	0	0	0	0	0	0	0	0	0	44	110	29	103	115	47	101	74	4	44	10	123	23	101	67	82	113	21	49	95	44	49	45	51	65	48	123	87	28	87	103	114	43	5	78	21	2	74	21	58	121	65	86	16	12	55	69	123	20	46	60	45	50	90	119	27	110	77	67	41	113	64	6	53	112	72	94	1	93	14	106	81	70	20	105	111	28	67	107	31	41	73	89	105	80	14	91	78	3	118	106	20	93	34	49	90	42	127	21	34	31	16
0	0	0	0	0	0	0	0	0	0	0	0	0	0	0	0	0	0	0	0	0	0	0	0	0	0	0	38	6	113	29	101	51	118	110	5	115	117	71	122	95	110	16	114	47	74	1	30	87	85	91	107	115	108	118	9	71	40	113	67	37	92	93	113	17	85	61	69	110	59	16	8	5	2	59	75	56	9	31	59	47	81	97	117	119	36	77	48	20	18	27	5	86	48	111	1	54	98	49	113	46	57	54	13	103	99	127	50	62	24	104	75	25	59	29	72	92	95	36	74	97	73	97	108	107	54	103	55
0	0	0	0	0	0	0	0	0	0	0	0	0	0	0	0	0	0	0	0	0	0	0	0	0	0	0	0	16	125	62	76	49	119	27	24	128	127	24	97	72	114	85	39	33	36	80	71	16	39	75	57	37	86	44	18	55	39	90	50	43	61	40	116	66	85	79	56	40	94	21	111	48	123	87	52	82	13	81	42	104	26	69	76	9	69	29	93	100	123	81	18	13	46	48	15	48	73	65	52	54	91	15	116	105	128	59	32	93	73	50	19	56	12	44	34	42	98	121	71	6	56	104	104	43	111	66	58
0	0	0	0	0	0	0	0	0	0	0	0	0	0	0	0	0	0	0	0	0	0	0	0	0	0	0	0	0	49	37	105	89	42	66	122	90	127	88	116	10	19	47	116	10	69	127	123	45	74	14	72	81	18	127	65	116	56	38	16	123	66	86	65	12	90	118	102	20	93	32	5	123	31	102	34	63	5	28	76	101	38	92	47	113	95	43	75	54	31	87	48	70	57	75	82	114	38	109	46	67	53	122	32	90	116	34	42	14	95	36	70	122	44	8	5	105	68	70	78	68	122	57	52	57	113	53	78
0	0	0	0	0	0	0	0	0	0	0	0	0	0	0	0	0	0	0	0	0	0	0	0	0	0	0	0	0	0	11	55	69	84	50	5	29	103	120	116	9	54	17	64	1	102	108	53	15	76	102	91	31	6	8	34	52	33	41	90	10	69	50	126	97	73	108	17	102	94	30	98	50	71	45	62	106	59	75	83	81	103	123	54	122	113	101	53	43	42	81	46	28	16	121	40	115	63	16	47	92	115	3	40	105	16	24	43	20	22	124	116	124	50	73	19	54	77	91	80	2	20	30	9	29	43	97	57
0	0	0	0	0	0	0	0	0	0	0	0	0	0	0	0	0	0	0	0	0	0	0	0	0	0	0	0	0	0	0	98	70	37	122	105	111	126	65	79	12	2	52	99	106	94	43	53	123	101	77	53	118	64	126	93	84	91	105	81	34	69	127	125	86	94	121	40	80	31	67	31	61	120	126	53	42	124	97	11	56	80	50	40	11	40	13	114	55	44	4	45	13	41	8	125	54	82	97	119	117	55	4	126	9	12	51	51	10	55	75	101	15	56	26	4	119	8	84	91	31	82	108	45	125	6	124	107
0	0	0	0	0	0	0	0	0	0	0	0	0	0	0	0	0	0	0	0	0	0	0	0	0	0	0	0	0	0	0	0	91	65	54	124	103	31	30	81	88	74	98	65	16	112	4	30	75	118	111	39	23	11	54	49	109	25	103	89	116	89	18	107	86	57	16	117	93	7	63	3	92	104	95	68	38	36	85	92	111	104	25	94	100	38	50	4	100	3	43	6	119	93	1	99	3	111	27	6	18	105	105	43	5	31	8	27	10	121	62	68	107	88	128	43	7	10	64	105	101	100	24	32	42	45	41	117
0	0	0	0	0	0	0	0	0	0	0	0	0	0	0	0	0	0	0	0	0	0	0	0	0	0	0	0	0	0	0	0	0	22	30	124	93	113	72	18	96	58	60	47	50	52	89	55	111	39	67	32	22	104	2	40	2	1	88	28	14	118	103	13	90	38	122	102	111	127	46	16	68	89	13	53	98	96	120	79	77	17	28	14	46	70	106	24	30	121	78	12	56	54	63	59	113	32	81	78	109	62	18	118	112	101	117	31	12	80	81	36	97	125	41	1	69	78	9	102	110	46	65	25	123	3	52	52
0	0	0	0	0	0	0	0	0	0	0	0	0	0	0	0	0	0	0	0	0	0	0	0	0	0	0	0	0	0	0	0	0	0	19	21	29	104	44	84	77	122	11	82	32	79	38	91	81	80	72	66	88	95	55	125	63	41	33	116	54	38	5	47	49	85	60	125	105	99	89	45	81	17	76	3	41	103	101	12	109	13	26	1	78	88	9	21	30	56	16	28	7	87	106	114	1	59	81	89	126	86	113	8	57	30	5	23	62	125	6	69	97	63	17	38	108	15	44	122	77	61	35	121	123	12	50	92
0	0	0	0	0	0	0	0	0	0	0	0	0	0	0	0	0	0	0	0	0	0	0	0	0	0	0	0	0	0	0	0	0	0	0	116	34	51	28	124	111	60	94	67	127	82	5	59	101	2	113	75	98	108	86	42	74	92	15	16	66	65	27	21	32	76	119	90	70	56	114	2	114	32	80	20	121	49	32	29	114	102	127	10	2	100	64	124	27	92	21	77	86	27	114	125	107	10	121	110	59	122	102	28	115	21	25	16	15	86	97	39	90	75	98	124	15	67	43	21	128	46	99	117	70	106	32	9
0	0	0	0	0	0	0	0	0	0	0	0	0	0	0	0	0	0	0	0	0	0	0	0	0	0	0	0	0	0	0	0	0	0	0	0	115	21	76	36	25	125	83	67	67	68	13	53	53	90	21	107	41	70	32	12	22	101	6	125	57	4	25	72	12	3	3	44	106	8	38	29	3	93	52	93	59	123	126	75	19	13	95	90	42	119	96	64	78	52	109	32	128	109	13	49	53	60	65	110	118	38	36	29	90	96	106	115	59	85	114	112	115	81	118	19	91	83	91	41	58	115	117	124	18	42	121	127
0	0	0	0	0	0	0	0	0	0	0	0	0	0	0	0	0	0	0	0	0	0	0	0	0	0	0	0	0	0	0	0	0	0	0	0	0	81	6	15	102	112	59	6	123	16	118	13	88	44	74	19	98	23	87	48	71	86	128	17	14	108	4	47	57	104	37	57	107	95	22	91	16	66	37	123	48	58	66	111	128	78	24	90	123	50	48	26	125	113	29	81	54	118	116	49	121	56	106	46	87	126	24	49	108	65	32	67	108	2	55	118	27	60	80	103	10	71	15	36	90	83	73	78	39	126	15	22
0	0	0	0	0	0	0	0	0	0	0	0	0	0	0	0	0	0	0	0	0	0	0	0	0	0	0	0	0	0	0	0	0	0	0	0	0	0	22	79	53	82	55	114	125	69	99	38	74	16	15	72	76	22	95	32	8	105	11	90	10	66	29	27	86	22	110	5	35	55	22	41	84	108	87	29	16	16	6	8	74	128	92	37	68	20	36	118	6	72	79	11	50	51	100	63	94	33	52	116	89	84	18	45	68	54	56	45	65	47	58	10	54	28	22	63	43	66	92	121	73	25	40	114	125	1	102	63
0	0	0	0	0	0	0	0	0	0	0	0	0	0	0	0	0	0	0	0	0	0	0	0	0	0	0	0	0	0	0	0	0	0	0	0	0	0	0	59	56	28	18	16	123	86	103	93	79	119	101	40	20	120	85	35	112	53	64	28	24	31	94	90	18	115	76	40	127	86	44	82	15	22	58	37	118	58	9	48	10	74	35	32	44	67	6	29	3	101	27	95	95	37	11	17	35	47	9	14	3	18	34	30	114	71	51	6	44	119	21	113	45	16	109	116	16	55	90	38	33	68	117	6	104	106	4	48
0	0	0	0	0	0	0	0	0	0	0	0	0	0	0	0	0	0	0	0	0	0	0	0	0	0	0	0	0	0	0	0	0	0	0	0	0	0	0	0	30	86	89	115	11	44	33	126	24	94	85	125	80	90	12	106	67	9	55	101	13	92	68	109	29	37	84	68	87	81	113	49	28	67	111	47	112	67	99	88	123	33	50	76	118	95	11	73	85	24	4	59	125	90	22	28	18	27	120	125	32	120	72	16	69	94	75	63	66	120	17	29	99	80	57	25	83	29	41	100	21	24	42	11	14	68	60	43
0	0	0	0	0	0	0	0	0	0	0	0	0	0	0	0	0	0	0	0	0	0	0	0	0	0	0	0	0	0	0	0	0	0	0	0	0	0	0	0	0	90	7	104	122	81	61	114	54	111	59	6	1	45	74	59	63	76	17	116	75	114	51	28	100	6	61	11	124	117	35	103	35	78	61	123	78	115	56	83	112	39	36	51	82	106	110	86	13	53	72	80	8	81	62	89	108	101	55	96	35	44	75	8	61	85	10	83	93	27	30	51	97	85	48	91	99	22	114	49	15	15	49	77	66	53	114	99
0	0	0	0	0	0	0	0	0	0	0	0	0	0	0	0	0	0	0	0	0	0	0	0	0	0	0	0	0	0	0	0	0	0	0	0	0	0	0	0	0	0	112	16	104	78	55	89	37	124	94	76	55	76	85	126	97	8	6	53	39	101	95	78	10	111	26	34	58	85	88	87	120	67	109	62	53	6	89	18	15	78	124	102	28	34	95	31	84	94	125	88	69	48	46	64	113	90	57	34	82	34	70	119	53	3	26	108	120	105	10	98	69	6	104	20	48	41	5	29	7	95	86	50	8	114	41	53
0	0	0	0	0	0	0	0	0	0	0	0	0	0	0	0	0	0	0	0	0	0	0	0	0	0	0	0	0	0	0	0	0	0	0	0	0	0	0	0	0	0	0	61	62	57	59	100	106	34	123	57	8	48	109	41	41	112	56	117	87	95	35	117	84	53	81	81	18	125	110	117	53	45	10	21	93	3	47	82	13	113	34	32	65	92	40	37	108	56	101	64	17	90	125	120	35	70	36	37	118	29	79	69	93	73	43	124	30	44	22	80	44	10	68	126	12	27	68	17	3	30	70	16	63	126	48	68
0	0	0	0	0	0	0	0	0	0	0	0	0	0	0	0	0	0	0	0	0	0	0	0	0	0	0	0	0	0	0	0	0	0	0	0	0	0	0	0	0	0	0	0	78	106	37	15	73	63	33	126	11	111	18	22	117	8	104	61	45	38	62	72	88	32	97	50	9	40	121	108	17	50	14	121	11	18	23	126	117	35	30	79	26	121	115	91	44	22	30	26	10	108	73	24	118	21	1	117	120	77	34	50	72	64	122	43	117	59	56	26	110	112	121	28	89	96	80	73	91	21	11	7	95	34	88	81
0	0	0	0	0	0	0	0	0	0	0	0	0	0	0	0	0	0	0	0	0	0	0	0	0	0	0	0	0	0	0	0	0	0	0	0	0	0	0	0	0	0	0	0	0	126	30	21	41	33	95	111	7	68	127	13	92	99	79	122	22	89	83	110	34	23	81	99	62	35	8	57	86	76	94	38	128	97	37	124	13	51	108	42	70	7	108	108	53	9	10	14	13	66	122	50	52	47	123	26	42	82	38	3	82	47	92	70	45	108	11	29	11	100	107	112	120	91	71	95	5	122	54	104	44	127	32	18
0	0	0	0	0	0	0	0	0	0	0	0	0	0	0	0	0	0	0	0	0	0	0	0	0	0	0	0	0	0	0	0	0	0	0	0	0	0	0	0	0	0	0	0	0	0	44	33	111	2	75	14	70	96	52	28	128	9	50	65	122	94	40	76	34	40	70	47	96	31	108	108	83	32	11	46	114	82	77	82	107	88	7	123	47	99	31	110	109	23	76	86	113	56	81	45	55	122	11	24	31	41	114	20	37	19	32	30	105	127	55	9	48	128	10	61	18	106	20	46	119	68	125	110	49	35	23	32
0	0	0	0	0	0	0	0	0	0	0	0	0	0	0	0	0	0	0	0	0	0	0	0	0	0	0	0	0	0	0	0	0	0	0	0	0	0	0	0	0	0	0	0	0	0	0	109	118	84	60	94	47	127	32	51	73	24	98	31	69	63	43	28	78	128	47	17	126	5	17	89	39	115	22	77	31	76	33	59	76	121	66	59	31	14	41	51	121	101	2	59	18	66	58	59	94	117	41	42	94	56	62	90	103	10	39	22	80	34	127	86	71	76	54	6	42	75	3	27	88	6	113	83	25	128	70	13
0	0	0	0	0	0	0	0	0	0	0	0	0	0	0	0	0	0	0	0	0	0	0	0	0	0	0	0	0	0	0	0	0	0	0	0	0	0	0	0	0	0	0	0	0	0	0	0	60	83	91	27	37	59	78	51	75	69	55	43	52	18	86	112	81	83	92	65	81	54	105	9	26	65	101	61	7	49	22	38	118	83	52	102	45	81	85	124	125	65	94	112	95	17	65	31	95	49	88	8	30	12	48	89	4	111	94	34	94	114	89	113	92	125	67	64	19	4	89	109	76	51	60	106	81	46	89	88
0	0	0	0	0	0	0	0	0	0	0	0	0	0	0	0	0	0	0	0	0	0	0	0	0	0	0	0	0	0	0	0	0	0	0	0	0	0	0	0	0	0	0	0	0	0	0	0	0	116	6	72	79	107	12	87	94	56	86	92	78	28	17	93	125	41	85	21	53	39	78	91	43	79	53	67	31	48	4	67	105	51	53	49	127	54	77	1	30	103	51	77	18	51	57	10	25	100	56	128	37	36	65	116	94	98	102	126	80	31	119	126	66	104	99	127	18	30	87	33	81	37	42	96	123	73	26	104
0	0	0	0	0	0	0	0	0	0	0	0	0	0	0	0	0	0	0	0	0	0	0	0	0	0	0	0	0	0	0	0	0	0	0	0	0	0	0	0	0	0	0	0	0	0	0	0	0	0	99	9	32	72	4	36	107	26	53	44	90	93	22	96	56	83	111	121	15	80	33	113	27	45	68	39	103	26	116	17	10	108	108	66	11	45	83	81	56	12	9	84	38	92	59	124	1	59	13	15	66	126	94	104	85	60	55	113	109	74	127	14	62	55	94	54	42	120	109	63	57	31	96	2	5	38	73	32
0	0	0	0	0	0	0	0	0	0	0	0	0	0	0	0	0	0	0	0	0	0	0	0	0	0	0	0	0	0	0	0	0	0	0	0	0	0	0	0	0	0	0	0	0	0	0	0	0	0	0	16	27	93	92	70	53	13	89	7	92	90	31	22	102	66	108	27	84	123	66	36	102	110	45	10	23	50	85	104	127	58	61	107	48	102	40	50	38	54	66	4	50	74	56	12	3	119	30	67	11	65	44	27	75	66	54	96	20	61	122	38	54	18	18	13	63	95	58	86	102	2	12	57	113	15	105	86
0	0	0	0	0	0	0	0	0	0	0	0	0	0	0	0	0	0	0	0	0	0	0	0	0	0	0	0	0	0	0	0	0	0	0	0	0	0	0	0	0	0	0	0	0	0	0	0	0	0	0	0	113	70	10	47	42	27	110	93	75	82	31	81	76	116	69	43	81	6	50	23	100	67	14	54	110	69	95	84	1	95	121	74	54	41	60	119	61	18	94	27	23	40	48	14	87	72	123	122	2	95	76	124	99	84	19	34	96	85	39	64	48	11	82	9	114	33	34	32	107	107	110	29	62	69	81	12
0	0	0	0	0	0	0	0	0	0	0	0	0	0	0	0	0	0	0	0	0	0	0	0	0	0	0	0	0	0	0	0	0	0	0	0	0	0	0	0	0	0	0	0	0	0	0	0	0	0	0	0	0	55	113	47	67	100	122	44	90	120	41	55	128	106	105	70	100	79	13	27	125	25	38	36	77	33	2	22	31	87	40	44	117	86	105	2	22	58	100	62	82	6	88	25	106	128	79	61	9	40	16	16	125	9	69	49	77	70	19	91	101	15	26	7	122	52	57	95	120	67	104	115	71	80	112	3
0	0	0	0	0	0	0	0	0	0	0	0	0	0	0	0	0	0	0	0	0	0	0	0	0	0	0	0	0	0	0	0	0	0	0	0	0	0	0	0	0	0	0	0	0	0	0	0	0	0	0	0	0	0	50	70	8	126	50	89	40	41	46	97	53	109	28	81	23	42	45	125	108	62	127	7	85	64	73	91	104	117	123	37	124	19	6	64	125	1	6	29	53	28	120	72	74	125	54	88	17	82	98	21	113	114	26	4	55	4	94	54	121	33	30	123	34	45	30	27	92	17	54	88	7	57	104	17
0	0	0	0	0	0	0	0	0	0	0	0	0	0	0	0	0	0	0	0	0	0	0	0	0	0	0	0	0	0	0	0	0	0	0	0	0	0	0	0	0	0	0	0	0	0	0	0	0	0	0	0	0	0	0	115	127	110	58	123	121	95	108	93	45	125	35	2	79	47	19	10	4	76	16	98	119	120	90	2	35	65	48	48	43	36	114	64	32	59	92	49	57	106	90	49	56	25	6	43	93	69	4	24	40	119	44	10	20	103	85	19	23	116	45	89	39	54	27	93	24	89	38	124	57	111	103	125
0	0	0	0	0	0	0	0	0	0	0	0	0	0	0	0	0	0	0	0	0	0	0	0	0	0	0	0	0	0	0	0	0	0	0	0	0	0	0	0	0	0	0	0	0	0	0	0	0	0	0	0	0	0	0	0	3	126	43	128	63	117	2	105	32	25	107	125	87	112	77	29	113	112	28	8	41	26	28	6	73	74	79	27	47	35	105	94	79	2	64	63	59	69	74	93	115	16	57	50	71	49	114	115	5	104	13	123	79	29	33	63	110	63	48	42	128	8	92	52	6	118	120	83	15	126	11	90
0	0	0	0	0	0	0	0	0	0	0	0	0	0	0	0	0	0	0	0	0	0	0	0	0	0	0	0	0	0	0	0	0	0	0	0	0	0	0	0	0	0	0	0	0	0	0	0	0	0	0	0	0	0	0	0	0	30	100	27	88	83	57	7	54	24	45	69	5	46	4	89	103	22	59	88	105	41	36	4	108	16	53	3	72	31	14	27	111	97	50	82	1	127	52	46	80	46	121	44	41	79	127	16	125	65	18	109	56	120	85	72	4	53	17	75	38	50	126	67	60	56	9	48	59	21	73	75
0	0	0	0	0	0	0	0	0	0	0	0	0	0	0	0	0	0	0	0	0	0	0	0	0	0	0	0	0	0	0	0	0	0	0	0	0	0	0	0	0	0	0	0	0	0	0	0	0	0	0	0	0	0	0	0	0	0	11	93	11	93	112	110	27	128	53	51	45	69	25	62	89	87	45	116	126	105	38	83	108	67	38	91	14	44	99	63	27	43	87	52	62	90	13	97	2	120	38	94	63	28	42	23	14	72	18	3	15	18	86	76	128	41	26	58	33	61	99	72	120	78	34	29	29	106	125	119
0	0	0	0	0	0	0	0	0	0	0	0	0	0	0	0	0	0	0	0	0	0	0	0	0	0	0	0	0	0	0	0	0	0	0	0	0	0	0	0	0	0	0	0	0	0	0	0	0	0	0	0	0	0	0	0	0	0	0	109	55	61	111	55	29	10	35	4	46	7	116	16	23	9	98	2	75	99	99	116	21	21	123	127	120	21	107	9	28	89	39	126	105	32	26	19	37	39	31	97	100	122	94	85	110	72	9	109	86	18	109	20	125	43	86	72	34	40	60	53	127	101	84	53	112	94	16	40
0	0	0	0	0	0	0	0	0	0	0	0	0	0	0	0	0	0	0	0	0	0	0	0	0	0	0	0	0	0	0	0	0	0	0	0	0	0	0	0	0	0	0	0	0	0	0	0	0	0	0	0	0	0	0	0	0	0	0	0	43	20	56	26	16	113	13	26	96	35	15	66	106	60	74	46	108	100	85	35	13	56	56	108	87	1	1	86	16	41	118	126	45	120	125	72	64	88	50	117	86	50	112	25	105	126	29	80	4	106	83	99	110	63	47	110	121	88	10	27	51	51	93	44	46	97	67	25
0	0	0	0	0	0	0	0	0	0	0	0	0	0	0	0	0	0	0	0	0	0	0	0	0	0	0	0	0	0	0	0	0	0	0	0	0	0	0	0	0	0	0	0	0	0	0	0	0	0	0	0	0	0	0	0	0	0	0	0	0	117	35	94	108	11	13	28	111	18	58	121	5	23	53	75	97	72	124	115	100	49	120	23	11	115	64	73	36	76	62	28	67	35	120	22	76	16	83	13	12	77	92	74	125	114	89	82	19	98	75	62	67	95	104	16	123	124	64	99	104	48	100	7	65	90	25	82
0	0	0	0	0	0	0	0	0	0	0	0	0	0	0	0	0	0	0	0	0	0	0	0	0	0	0	0	0	0	0	0	0	0	0	0	0	0	0	0	0	0	0	0	0	0	0	0	0	0	0	0	0	0	0	0	0	0	0	0	0	0	128	95	37	90	53	104	67	12	99	17	53	58	54	55	58	64	80	2	25	128	121	35	32	54	86	72	40	1	5	19	3	81	36	127	63	18	41	54	12	76	30	95	93	38	38	107	68	18	90	94	70	25	11	11	61	100	97	104	31	28	58	86	38	32	98	61
0	0	0	0	0	0	0	0	0	0	0	0	0	0	0	0	0	0	0	0	0	0	0	0	0	0	0	0	0	0	0	0	0	0	0	0	0	0	0	0	0	0	0	0	0	0	0	0	0	0	0	0	0	0	0	0	0	0	0	0	0	0	0	116	25	70	97	50	92	19	124	8	26	57	108	6	6	106	73	120	37	21	80	28	78	105	107	119	102	113	115	42	70	54	26	22	62	66	92	11	6	57	39	121	62	31	44	79	128	122	16	107	58	44	11	83	37	91	13	39	60	105	11	93	72	121	109	32
0	0	0	0	0	0	0	0	0	0	0	0	0	0	0	0	0	0	0	0	0	0	0	0	0	0	0	0	0	0	0	0	0	0	0	0	0	0	0	0	0	0	0	0	0	0	0	0	0	0	0	0	0	0	0	0	0	0	0	0	0	0	0	0	60	120	36	13	100	57	78	34	75	46	5	80	43	28	40	53	111	94	17	89	31	45	126	122	87	114	92	59	123	41	1	86	122	80	8	59	71	87	20	127	5	14	41	49	89	88	31	82	47	120	84	1	58	127	38	37	55	74	116	30	109	76	123	88
0	0	0	0	0	0	0	0	0	0	0	0	0	0	0	0	0	0	0	0	0	0	0	0	0	0	0	0	0	0	0	0	0	0	0	0	0	0	0	0	0	0	0	0	0	0	0	0	0	0	0	0	0	0	0	0	0	0	0	0	0	0	0	0	0	122	102	108	38	13	52	103	23	114	66	66	109	46	104	102	40	7	105	36	20	55	40	46	47	110	84	97	40	100	73	78	77	86	66	12	15	12	44	33	36	107	74	111	76	51	50	108	73	82	11	63	29	101	106	34	17	42	100	13	27	121	43	64
0	0	0	0	0	0	0	0	0	0	0	0	0	0	0	0	0	0	0	0	0	0	0	0	0	0	0	0	0	0	0	0	0	0	0	0	0	0	0	0	0	0	0	0	0	0	0	0	0	0	0	0	0	0	0	0	0	0	0	0	0	0	0	0	0	0	106	35	3	101	49	102	73	125	107	26	3	128	49	27	104	95	71	58	95	3	23	20	81	112	121	76	46	118	114	128	29	105	73	29	91	128	88	92	24	9	48	101	60	86	117	89	68	101	51	93	108	77	4	31	111	88	53	15	60	81	76	53
0	0	0	0	0	0	0	0	0	0	0	0	0	0	0	0	0	0	0	0	0	0	0	0	0	0	0	0	0	0	0	0	0	0	0	0	0	0	0	0	0	0	0	0	0	0	0	0	0	0	0	0	0	0	0	0	0	0	0	0	0	0	0	0	0	0	0	42	104	67	19	84	20	71	111	6	59	12	70	116	87	12	67	25	2	86	112	4	113	15	118	113	76	96	11	42	56	128	48	63	95	110	99	17	63	51	73	122	124	21	64	61	123	78	5	26	41	23	83	27	105	111	16	86	66	74	30	104
0	0	0	0	0	0	0	0	0	0	0	0	0	0	0	0	0	0	0	0	0	0	0	0	0	0	0	0	0	0	0	0	0	0	0	0	0	0	0	0	0	0	0	0	0	0	0	0	0	0	0	0	0	0	0	0	0	0	0	0	0	0	0	0	0	0	0	0	98	90	75	101	76	70	119	5	121	13	125	50	99	30	31	122	62	49	33	32	14	79	117	125	55	109	38	48	81	31	77	52	74	122	44	65	113	114	63	57	59	112	70	48	48	122	33	102	11	67	109	32	32	25	74	22	128	3	100	55
0	0	0	0	0	0	0	0	0	0	0	0	0	0	0	0	0	0	0	0	0	0	0	0	0	0	0	0	0	0	0	0	0	0	0	0	0	0	0	0	0	0	0	0	0	0	0	0	0	0	0	0	0	0	0	0	0	0	0	0	0	0	0	0	0	0	0	0	0	43	60	102	15	92	32	15	82	35	63	62	27	117	52	57	34	25	55	62	67	25	21	28	106	32	56	58	6	127	64	92	53	99	42	31	68	15	58	6	27	6	118	14	124	111	111	123	78	79	39	108	109	125	4	54	33	27	80	38
0	0	0	0	0	0	0	0	0	0	0	0	0	0	0	0	0	0	0	0	0	0	0	0	0	0	0	0	0	0	0	0	0	0	0	0	0	0	0	0	0	0	0	0	0	0	0	0	0	0	0	0	0	0	0	0	0	0	0	0	0	0	0	0	0	0	0	0	0	0	72	124	36	79	109	20	112	120	34	125	64	71	123	7	77	108	44	15	3	128	124	92	7	101	54	7	35	107	115	82	7	76	99	110	46	46	123	34	35	125	46	1	97	55	15	50	109	18	8	29	29	25	96	78	41	4	95	97
0	0	0	0	0	0	0	0	0	0	0	0	0	0	0	0	0	0	0	0	0	0	0	0	0	0	0	0	0	0	0	0	0	0	0	0	0	0	0	0	0	0	0	0	0	0	0	0	0	0	0	0	0	0	0	0	0	0	0	0	0	0	0	0	0	0	0	0	0	0	0	97	116	23	73	56	38	76	126	61	89	118	26	74	52	48	123	92	83	5	24	30	83	27	7	46	26	113	61	11	24	79	26	25	48	103	51	24	9	90	2	111	118	79	125	80	118	93	61	50	66	97	8	110	108	32	46	24
0	0	0	0	0	0	0	0	0	0	0	0	0	0	0	0	0	0	0	0	0	0	0	0	0	0	0	0	0	0	0	0	0	0	0	0	0	0	0	0	0	0	0	0	0	0	0	0	0	0	0	0	0	0	0	0	0	0	0	0	0	0	0	0	0	0	0	0	0	0	0	0	94	27	58	68	128	106	2	97	46	92	126	127	57	7	10	36	38	44	126	26	37	77	41	57	7	90	41	40	22	99	9	92	17	72	67	39	12	78	86	91	36	27	1	72	71	124	74	99	110	64	13	112	120	63	42	124
0	0	0	0	0	0	0	0	0	0	0	0	0	0	0	0	0	0	0	0	0	0	0	0	0	0	0	0	0	0	0	0	0	0	0	0	0	0	0	0	0	0	0	0	0	0	0	0	0	0	0	0	0	0	0	0	0	0	0	0	0	0	0	0	0	0	0	0	0	0	0	0	0	123	124	23	124	112	67	52	92	78	51	59	78	22	25	85	72	7	85	18	25	13	99	122	86	126	41	42	121	66	67	17	13	38	90	75	63	92	75	15	15	69	107	87	125	33	103	32	91	3	96	106	111	14	74	103
0	0	0	0	0	0	0	0	0	0	0	0	0	0	0	0	0	0	0	0	0	0	0	0	0	0	0	0	0	0	0	0	0	0	0	0	0	0	0	0	0	0	0	0	0	0	0	0	0	0	0	0	0	0	0	0	0	0	0	0	0	0	0	0	0	0	0	0	0	0	0	0	0	0	119	8	28	87	95	82	123	87	126	87	115	94	121	111	103	80	87	67	81	112	95	75	21	84	21	125	64	28	7	37	93	96	118	15	39	21	127	3	128	54	101	94	73	50	63	51	117	56	49	63	111	83	89	35
0	0	0	0	0	0	0	0	0	0	0	0	0	0	0	0	0	0	0	0	0	0	0	0	0	0	0	0	0	0	0	0	0	0	0	0	0	0	0	0	0	0	0	0	0	0	0	0	0	0	0	0	0	0	0	0	0	0	0	0	0	0	0	0	0	0	0	0	0	0	0	0	0	0	0	4	107	116	12	85	26	98	72	109	109	32	64	32	69	27	123	62	11	113	105	107	120	109	39	116	86	77	78	87	98	11	10	96	8	87	108	1	86	77	127	126	108	107	80	125	98	23	55	108	22	92	70	69
0	0	0	0	0	0	0	0	0	0	0	0	0	0	0	0	0	0	0	0	0	0	0	0	0	0	0	0	0	0	0	0	0	0	0	0	0	0	0	0	0	0	0	0	0	0	0	0	0	0	0	0	0	0	0	0	0	0	0	0	0	0	0	0	0	0	0	0	0	0	0	0	0	0	0	0	8	75	113	126	110	81	116	9	32	115	35	49	51	89	13	111	84	11	101	92	101	34	117	16	75	110	114	111	78	23	52	43	5	87	100	105	2	109	127	6	33	35	97	52	100	112	48	57	60	104	109	32
0	0	0	0	0	0	0	0	0	0	0	0	0	0	0	0	0	0	0	0	0	0	0	0	0	0	0	0	0	0	0	0	0	0	0	0	0	0	0	0	0	0	0	0	0	0	0	0	0	0	0	0	0	0	0	0	0	0	0	0	0	0	0	0	0	0	0	0	0	0	0	0	0	0	0	0	0	2	122	76	24	106	125	18	76	40	60	14	123	71	50	118	111	82	97	62	12	35	109	77	58	58	95	21	127	106	32	107	110	119	39	81	104	97	4	113	63	94	82	18	102	69	119	53	1	65	48	117
0	0	0	0	0	0	0	0	0	0	0	0	0	0	0	0	0	0	0	0	0	0	0	0	0	0	0	0	0	0	0	0	0	0	0	0	0	0	0	0	0	0	0	0	0	0	0	0	0	0	0	0	0	0	0	0	0	0	0	0	0	0	0	0	0	0	0	0	0	0	0	0	0	0	0	0	0	0	48	95	24	102	78	120	92	77	115	9	78	99	119	105	17	23	25	101	54	101	113	39	109	69	124	58	79	59	49	1	109	74	84	90	6	38	102	48	114	125	5	82	75	51	6	59	20	73	127	22
0	0	0	0	0	0	0	0	0	0	0	0	0	0	0	0	0	0	0	0	0	0	0	0	0	0	0	0	0	0	0	0	0	0	0	0	0	0	0	0	0	0	0	0	0	0	0	0	0	0	0	0	0	0	0	0	0	0	0	0	0	0	0	0	0	0	0	0	0	0	0	0	0	0	0	0	0	0	0	96	96	63	68	68	38	2	113	72	39	67	47	80	6	80	6	78	120	2	48	108	15	111	108	65	81	27	87	1	80	71	57	76	10	48	64	107	32	111	59	116	81	112	64	53	96	13	24	93
0	0	0	0	0	0	0	0	0	0	0	0	0	0	0	0	0	0	0	0	0	0	0	0	0	0	0	0	0	0	0	0	0	0	0	0	0	0	0	0	0	0	0	0	0	0	0	0	0	0	0	0	0	0	0	0	0	0	0	0	0	0	0	0	0	0	0	0	0	0	0	0	0	0	0	0	0	0	0	0	95	20	39	40	13	36	108	63	108	92	50	12	90	80	116	43	20	92	114	31	127	106	38	42	31	115	81	87	64	57	46	15	94	122	109	19	92	65	55	111	94	31	76	43	24	15	65	117
0	0	0	0	0	0	0	0	0	0	0	0	0	0	0	0	0	0	0	0	0	0	0	0	0	0	0	0	0	0	0	0	0	0	0	0	0	0	0	0	0	0	0	0	0	0	0	0	0	0	0	0	0	0	0	0	0	0	0	0	0	0	0	0	0	0	0	0	0	0	0	0	0	0	0	0	0	0	0	0	0	54	49	12	23	2	107	28	17	66	23	80	64	47	95	50	120	6	10	124	88	54	77	97	27	33	56	89	12	78	61	113	59	109	20	11	25	97	22	59	41	96	91	97	35	33	78	2
0	0	0	0	0	0	0	0	0	0	0	0	0	0	0	0	0	0	0	0	0	0	0	0	0	0	0	0	0	0	0	0	0	0	0	0	0	0	0	0	0	0	0	0	0	0	0	0	0	0	0	0	0	0	0	0	0	0	0	0	0	0	0	0	0	0	0	0	0	0	0	0	0	0	0	0	0	0	0	0	0	0	13	88	52	73	97	9	95	23	42	1	123	7	81	71	126	72	11	63	5	103	86	23	11	18	58	77	109	58	9	104	80	43	77	51	12	108	114	127	58	21	3	29	117	23	70	16
0	0	0	0	0	0	0	0	0	0	0	0	0	0	0	0	0	0	0	0	0	0	0	0	0	0	0	0	0	0	0	0	0	0	0	0	0	0	0	0	0	0	0	0	0	0	0	0	0	0	0	0	0	0	0	0	0	0	0	0	0	0	0	0	0	0	0	0	0	0	0	0	0	0	0	0	0	0	0	0	0	0	0	12	74	65	93	67	107	79	15	41	80	58	66	87	43	10	60	39	104	74	89	123	80	26	47	128	29	115	3	38	96	37	44	51	125	90	48	111	56	42	41	89	19	44	68	4
0	0	0	0	0	0	0	0	0	0	0	0	0	0	0	0	0	0	0	0	0	0	0	0	0	0	0	0	0	0	0	0	0	0	0	0	0	0	0	0	0	0	0	0	0	0	0	0	0	0	0	0	0	0	0	0	0	0	0	0	0	0	0	0	0	0	0	0	0	0	0	0	0	0	0	0	0	0	0	0	0	0	0	0	92	123	83	67	124	113	124	87	81	78	115	77	51	123	49	69	128	105	49	126	22	28	29	47	85	75	26	65	99	77	39	28	84	19	114	22	33	108	60	4	27	16	63	28
0	0	0	0	0	0	0	0	0	0	0	0	0	0	0	0	0	0	0	0	0	0	0	0	0	0	0	0	0	0	0	0	0	0	0	0	0	0	0	0	0	0	0	0	0	0	0	0	0	0	0	0	0	0	0	0	0	0	0	0	0	0	0	0	0	0	0	0	0	0	0	0	0	0	0	0	0	0	0	0	0	0	0	0	0	96	97	110	43	78	106	23	32	51	126	89	60	107	109	67	32	19	83	95	31	70	1	33	31	28	63	52	66	91	76	97	82	122	22	113	87	3	21	17	54	46	107	94
0	0	0	0	0	0	0	0	0	0	0	0	0	0	0	0	0	0	0	0	0	0	0	0	0	0	0	0	0	0	0	0	0	0	0	0	0	0	0	0	0	0	0	0	0	0	0	0	0	0	0	0	0	0	0	0	0	0	0	0	0	0	0	0	0	0	0	0	0	0	0	0	0	0	0	0	0	0	0	0	0	0	0	0	0	0	61	32	70	117	111	58	59	92	120	81	127	24	106	19	94	44	35	94	72	35	21	69	49	92	12	119	124	29	47	45	67	66	95	28	66	123	24	107	73	101	105	88
0	0	0	0	0	0	0	0	0	0	0	0	0	0	0	0	0	0	0	0	0	0	0	0	0	0	0	0	0	0	0	0	0	0	0	0	0	0	0	0	0	0	0	0	0	0	0	0	0	0	0	0	0	0	0	0	0	0	0	0	0	0	0	0	0	0	0	0	0	0	0	0	0	0	0	0	0	0	0	0	0	0	0	0	0	0	0	99	3	24	4	44	50	127	75	108	95	98	15	44	30	8	86	12	48	84	23	12	30	67	119	59	84	20	6	97	56	29	64	54	57	21	67	65	109	27	30	88
0	0	0	0	0	0	0	0	0	0	0	0	0	0	0	0	0	0	0	0	0	0	0	0	0	0	0	0	0	0	0	0	0	0	0	0	0	0	0	0	0	0	0	0	0	0	0	0	0	0	0	0	0	0	0	0	0	0	0	0	0	0	0	0	0	0	0	0	0	0	0	0	0	0	0	0	0	0	0	0	0	0	0	0	0	0	0	0	65	89	57	39	49	28	2	33	114	34	16	16	124	106	46	81	86	83	35	84	14	76	58	100	62	73	76	5	14	35	111	92	20	61	53	52	13	115	5	112
0	0	0	0	0	0	0	0	0	0	0	0	0	0	0	0	0	0	0	0	0	0	0	0	0	0	0	0	0	0	0	0	0	0	0	0	0	0	0	0	0	0	0	0	0	0	0	0	0	0	0	0	0	0	0	0	0	0	0	0	0	0	0	0	0	0	0	0	0	0	0	0	0	0	0	0	0	0	0	0	0	0	0	0	0	0	0	0	0	22	50	65	39	11	20	68	99	58	36	62	105	115	59	123	120	74	62	47	90	2	79	37	113	85	53	95	74	107	80	29	125	35	17	17	86	66	101	47
0	0	0	0	0	0	0	0	0	0	0	0	0	0	0	0	0	0	0	0	0	0	0	0	0	0	0	0	0	0	0	0	0	0	0	0	0	0	0	0	0	0	0	0	0	0	0	0	0	0	0	0	0	0	0	0	0	0	0	0	0	0	0	0	0	0	0	0	0	0	0	0	0	0	0	0	0	0	0	0	0	0	0	0	0	0	0	0	0	0	14	45	57	73	89	113	81	86	121	44	38	14	124	82	11	6	112	109	35	26	1	45	7	32	69	39	107	83	39	57	40	110	75	7	37	116	81	10
0	0	0	0	0	0	0	0	0	0	0	0	0	0	0	0	0	0	0	0	0	0	0	0	0	0	0	0	0	0	0	0	0	0	0	0	0	0	0	0	0	0	0	0	0	0	0	0	0	0	0	0	0	0	0	0	0	0	0	0	0	0	0	0	0	0	0	0	0	0	0	0	0	0	0	0	0	0	0	0	0	0	0	0	0	0	0	0	0	0	0	77	90	96	67	94	24	25	59	108	115	50	31	58	49	119	27	126	32	125	98	80	81	62	92	91	38	9	37	67	62	87	21	23	46	83	91	50
0	0	0	0	0	0	0	0	0	0	0	0	0	0	0	0	0	0	0	0	0	0	0	0	0	0	0	0	0	0	0	0	0	0	0	0	0	0	0	0	0	0	0	0	0	0	0	0	0	0	0	0	0	0	0	0	0	0	0	0	0	0	0	0	0	0	0	0	0	0	0	0	0	0	0	0	0	0	0	0	0	0	0	0	0	0	0	0	0	0	0	0	34	22	45	33	96	58	104	73	15	44	43	32	12	37	21	38	105	61	100	123	60	55	103	40	88	77	64	36	109	77	111	111	68	56	95	16
0	0	0	0	0	0	0	0	0	0	0	0	0	0	0	0	0	0	0	0	0	0	0	0	0	0	0	0	0	0	0	0	0	0	0	0	0	0	0	0	0	0	0	0	0	0	0	0	0	0	0	0	0	0	0	0	0	0	0	0	0	0	0	0	0	0	0	0	0	0	0	0	0	0	0	0	0	0	0	0	0	0	0	0	0	0	0	0	0	0	0	0	0	87	70	46	40	33	21	118	11	74	83	106	106	82	56	25	70	63	121	97	28	112	29	124	79	24	12	61	119	111	110	76	100	115	15	65
0	0	0	0	0	0	0	0	0	0	0	0	0	0	0	0	0	0	0	0	0	0	0	0	0	0	0	0	0	0	0	0	0	0	0	0	0	0	0	0	0	0	0	0	0	0	0	0	0	0	0	0	0	0	0	0	0	0	0	0	0	0	0	0	0	0	0	0	0	0	0	0	0	0	0	0	0	0	0	0	0	0	0	0	0	0	0	0	0	0	0	0	0	0	100	27	90	25	39	86	22	23	12	13	46	83	90	83	62	74	22	66	121	116	72	67	74	18	98	92	8	69	108	62	128	79	74	44
0	0	0	0	0	0	0	0	0	0	0	0	0	0	0	0	0	0	0	0	0	0	0	0	0	0	0	0	0	0	0	0	0	0	0	0	0	0	0	0	0	0	0	0	0	0	0	0	0	0	0	0	0	0	0	0	0	0	0	0	0	0	0	0	0	0	0	0	0	0	0	0	0	0	0	0	0	0	0	0	0	0	0	0	0	0	0	0	0	0	0	0	0	0	0	111	24	34	41	81	37	3	15	21	32	105	4	12	107	127	120	43	19	26	66	76	128	35	116	111	35	111	41	93	26	92	1	30
0	0	0	0	0	0	0	0	0	0	0	0	0	0	0	0	0	0	0	0	0	0	0	0	0	0	0	0	0	0	0	0	0	0	0	0	0	0	0	0	0	0	0	0	0	0	0	0	0	0	0	0	0	0	0	0	0	0	0	0	0	0	0	0	0	0	0	0	0	0	0	0	0	0	0	0	0	0	0	0	0	0	0	0	0	0	0	0	0	0	0	0	0	0	0	0	2	33	39	109	41	95	114	74	10	23	28	84	71	51	94	103	14	120	19	110	38	104	89	97	80	11	38	57	13	109	9	124
0	0	0	0	0	0	0	0	0	0	0	0	0	0	0	0	0	0	0	0	0	0	0	0	0	0	0	0	0	0	0	0	0	0	0	0	0	0	0	0	0	0	0	0	0	0	0	0	0	0	0	0	0	0	0	0	0	0	0	0	0	0	0	0	0	0	0	0	0	0	0	0	0	0	0	0	0	0	0	0	0	0	0	0	0	0	0	0	0	0	0	0	0	0	0	0	0	104	13	75	75	54	16	50	110	49	106	4	12	106	2	58	36	18	110	27	53	55	29	26	33	114	10	49	28	81	57	77
0	0	0	0	0	0	0	0	0	0	0	0	0	0	0	0	0	0	0	0	0	0	0	0	0	0	0	0	0	0	0	0	0	0	0	0	0	0	0	0	0	0	0	0	0	0	0	0	0	0	0	0	0	0	0	0	0	0	0	0	0	0	0	0	0	0	0	0	0	0	0	0	0	0	0	0	0	0	0	0	0	0	0	0	0	0	0	0	0	0	0	0	0	0	0	0	0	0	80	32	43	97	13	65	86	37	57	40	41	91	81	71	123	29	12	43	3	50	31	22	67	24	45	67	128	63	74	18
0	0	0	0	0	0	0	0	0	0	0	0	0	0	0	0	0	0	0	0	0	0	0	0	0	0	0	0	0	0	0	0	0	0	0	0	0	0	0	0	0	0	0	0	0	0	0	0	0	0	0	0	0	0	0	0	0	0	0	0	0	0	0	0	0	0	0	0	0	0	0	0	0	0	0	0	0	0	0	0	0	0	0	0	0	0	0	0	0	0	0	0	0	0	0	0	0	0	0	125	4	3	91	34	81	119	103	123	35	121	73	46	108	17	85	31	87	85	124	62	19	20	36	41	99	51	41	64
0	0	0	0	0	0	0	0	0	0	0	0	0	0	0	0	0	0	0	0	0	0	0	0	0	0	0	0	0	0	0	0	0	0	0	0	0	0	0	0	0	0	0	0	0	0	0	0	0	0	0	0	0	0	0	0	0	0	0	0	0	0	0	0	0	0	0	0	0	0	0	0	0	0	0	0	0	0	0	0	0	0	0	0	0	0	0	0	0	0	0	0	0	0	0	0	0	0	0	0	106	15	112	56	90	96	109	115	27	57	51	29	87	24	121	50	116	59	66	75	27	114	68	60	19	53	123	1
0	0	0	0	0	0	0	0	0	0	0	0	0	0	0	0	0	0	0	0	0	0	0	0	0	0	0	0	0	0	0	0	0	0	0	0	0	0	0	0	0	0	0	0	0	0	0	0	0	0	0	0	0	0	0	0	0	0	0	0	0	0	0	0	0	0	0	0	0	0	0	0	0	0	0	0	0	0	0	0	0	0	0	0	0	0	0	0	0	0	0	0	0	0	0	0	0	0	0	0	0	53	23	102	65	107	68	5	53	102	9	74	1	115	35	51	125	67	113	55	19	64	45	99	12	115	53	19
0	0	0	0	0	0	0	0	0	0	0	0	0	0	0	0	0	0	0	0	0	0	0	0	0	0	0	0	0	0	0	0	0	0	0	0	0	0	0	0	0	0	0	0	0	0	0	0	0	0	0	0	0	0	0	0	0	0	0	0	0	0	0	0	0	0	0	0	0	0	0	0	0	0	0	0	0	0	0	0	0	0	0	0	0	0	0	0	0	0	0	0	0	0	0	0	0	0	0	0	0	0	84	27	57	117	51	2	105	50	24	45	70	14	40	10	51	71	55	33	16	64	80	52	114	64	8	3
0	0	0	0	0	0	0	0	0	0	0	0	0	0	0	0	0	0	0	0	0	0	0	0	0	0	0	0	0	0	0	0	0	0	0	0	0	0	0	0	0	0	0	0	0	0	0	0	0	0	0	0	0	0	0	0	0	0	0	0	0	0	0	0	0	0	0	0	0	0	0	0	0	0	0	0	0	0	0	0	0	0	0	0	0	0	0	0	0	0	0	0	0	0	0	0	0	0	0	0	0	0	0	46	111	61	75	73	111	49	26	14	21	100	12	2	124	121	30	29	122	111	96	35	79	3	22	34
0	0	0	0	0	0	0	0	0	0	0	0	0	0	0	0	0	0	0	0	0	0	0	0	0	0	0	0	0	0	0	0	0	0	0	0	0	0	0	0	0	0	0	0	0	0	0	0	0	0	0	0	0	0	0	0	0	0	0	0	0	0	0	0	0	0	0	0	0	0	0	0	0	0	0	0	0	0	0	0	0	0	0	0	0	0	0	0	0	0	0	0	0	0	0	0	0	0	0	0	0	0	0	0	94	32	39	85	97	90	84	6	43	69	23	99	51	84	60	111	3	59	32	76	51	20	77	35
0	0	0	0	0	0	0	0	0	0	0	0	0	0	0	0	0	0	0	0	0	0	0	0	0	0	0	0	0	0	0	0	0	0	0	0	0	0	0	0	0	0	0	0	0	0	0	0	0	0	0	0	0	0	0	0	0	0	0	0	0	0	0	0	0	0	0	0	0	0	0	0	0	0	0	0	0	0	0	0	0	0	0	0	0	0	0	0	0	0	0	0	0	0	0	0	0	0	0	0	0	0	0	0	0	14	62	103	80	20	38	54	9	42	81	119	67	34	49	101	71	122	48	103	42	64	39	22
0	0	0	0	0	0	0	0	0	0	0	0	0	0	0	0	0	0	0	0	0	0	0	0	0	0	0	0	0	0	0	0	0	0	0	0	0	0	0	0	0	0	0	0	0	0	0	0	0	0	0	0	0	0	0	0	0	0	0	0	0	0	0	0	0	0	0	0	0	0	0	0	0	0	0	0	0	0	0	0	0	0	0	0	0	0	0	0	0	0	0	0	0	0	0	0	0	0	0	0	0	0	0	0	0	0	40	35	110	116	111	83	43	38	123	30	84	110	28	101	85	75	80	92	97	83	38	71
0	0	0	0	0	0	0	0	0	0	0	0	0	0	0	0	0	0	0	0	0	0	0	0	0	0	0	0	0	0	0	0	0	0	0	0	0	0	0	0	0	0	0	0	0	0	0	0	0	0	0	0	0	0	0	0	0	0	0	0	0	0	0	0	0	0	0	0	0	0	0	0	0	0	0	0	0	0	0	0	0	0	0	0	0	0	0	0	0	0	0	0	0	0	0	0	0	0	0	0	0	0	0	0	0	0	0	4	7	42	66	72	56	96	8	32	110	23	28	7	46	11	27	63	72	58	80	127
0	0	0	0	0	0	0	0	0	0	0	0	0	0	0	0	0	0	0	0	0	0	0	0	0	0	0	0	0	0	0	0	0	0	0	0	0	0	0	0	0	0	0	0	0	0	0	0	0	0	0	0	0	0	0	0	0	0	0	0	0	0	0	0	0	0	0	0	0	0	0	0	0	0	0	0	0	0	0	0	0	0	0	0	0	0	0	0	0	0	0	0	0	0	0	0	0	0	0	0	0	0	0	0	0	0	0	0	1	79	90	38	13	78	8	29	5	58	108	92	37	112	94	72	119	38	91	6
0	0	0	0	0	0	0	0	0	0	0	0	0	0	0	0	0	0	0	0	0	0	0	0	0	0	0	0	0	0	0	0	0	0	0	0	0	0	0	0	0	0	0	0	0	0	0	0	0	0	0	0	0	0	0	0	0	0	0	0	0	0	0	0	0	0	0	0	0	0	0	0	0	0	0	0	0	0	0	0	0	0	0	0	0	0	0	0	0	0	0	0	0	0	0	0	0	0	0	0	0	0	0	0	0	0	0	0	0	93	87	105	76	73	81	38	112	96	95	18	70	98	81	58	18	93	66	112
0	0	0	0	0	0	0	0	0	0	0	0	0	0	0	0	0	0	0	0	0	0	0	0	0	0	0	0	0	0	0	0	0	0	0	0	0	0	0	0	0	0	0	0	0	0	0	0	0	0	0	0	0	0	0	0	0	0	0	0	0	0	0	0	0	0	0	0	0	0	0	0	0	0	0	0	0	0	0	0	0	0	0	0	0	0	0	0	0	0	0	0	0	0	0	0	0	0	0	0	0	0	0	0	0	0	0	0	0	0	122	22	24	76	51	13	3	20	24	12	106	14	39	23	102	116	48	49
0	0	0	0	0	0	0	0	0	0	0	0	0	0	0	0	0	0	0	0	0	0	0	0	0	0	0	0	0	0	0	0	0	0	0	0	0	0	0	0	0	0	0	0	0	0	0	0	0	0	0	0	0	0	0	0	0	0	0	0	0	0	0	0	0	0	0	0	0	0	0	0	0	0	0	0	0	0	0	0	0	0	0	0	0	0	0	0	0	0	0	0	0	0	0	0	0	0	0	0	0	0	0	0	0	0	0	0	0	0	0	107	52	113	108	90	46	48	109	61	43	80	2	20	104	106	73	68
0	0	0	0	0	0	0	0	0	0	0	0	0	0	0	0	0	0	0	0	0	0	0	0	0	0	0	0	0	0	0	0	0	0	0	0	0	0	0	0	0	0	0	0	0	0	0	0	0	0	0	0	0	0	0	0	0	0	0	0	0	0	0	0	0	0	0	0	0	0	0	0	0	0	0	0	0	0	0	0	0	0	0	0	0	0	0	0	0	0	0	0	0	0	0	0	0	0	0	0	0	0	0	0	0	0	0	0	0	0	0	0	33	45	115	1	84	20	1	80	101	74	121	45	21	120	88	110
0	0	0	0	0	0	0	0	0	0	0	0	0	0	0	0	0	0	0	0	0	0	0	0	0	0	0	0	0	0	0	0	0	0	0	0	0	0	0	0	0	0	0	0	0	0	0	0	0	0	0	0	0	0	0	0	0	0	0	0	0	0	0	0	0	0	0	0	0	0	0	0	0	0	0	0	0	0	0	0	0	0	0	0	0	0	0	0	0	0	0	0	0	0	0	0	0	0	0	0	0	0	0	0	0	0	0	0	0	0	0	0	0	45	30	54	120	62	28	93	52	100	5	104	52	116	128	116
0	0	0	0	0	0	0	0	0	0	0	0	0	0	0	0	0	0	0	0	0	0	0	0	0	0	0	0	0	0	0	0	0	0	0	0	0	0	0	0	0	0	0	0	0	0	0	0	0	0	0	0	0	0	0	0	0	0	0	0	0	0	0	0	0	0	0	0	0	0	0	0	0	0	0	0	0	0	0	0	0	0	0	0	0	0	0	0	0	0	0	0	0	0	0	0	0	0	0	0	0	0	0	0	0	0	0	0	0	0	0	0	0	0	118	6	3	4	47	105	4	47	86	82	17	89	106	118
0	0	0	0	0	0	0	0	0	0	0	0	0	0	0	0	0	0	0	0	0	0	0	0	0	0	0	0	0	0	0	0	0	0	0	0	0	0	0	0	0	0	0	0	0	0	0	0	0	0	0	0	0	0	0	0	0	0	0	0	0	0	0	0	0	0	0	0	0	0	0	0	0	0	0	0	0	0	0	0	0	0	0	0	0	0	0	0	0	0	0	0	0	0	0	0	0	0	0	0	0	0	0	0	0	0	0	0	0	0	0	0	0	0	0	94	65	46	106	93	7	52	123	45	118	76	109	122
0	0	0	0	0	0	0	0	0	0	0	0	0	0	0	0	0	0	0	0	0	0	0	0	0	0	0	0	0	0	0	0	0	0	0	0	0	0	0	0	0	0	0	0	0	0	0	0	0	0	0	0	0	0	0	0	0	0	0	0	0	0	0	0	0	0	0	0	0	0	0	0	0	0	0	0	0	0	0	0	0	0	0	0	0	0	0	0	0	0	0	0	0	0	0	0	0	0	0	0	0	0	0	0	0	0	0	0	0	0	0	0	0	0	0	0	47	33	93	120	25	16	93	49	97	61	124	73
0	0	0	0	0	0	0	0	0	0	0	0	0	0	0	0	0	0	0	0	0	0	0	0	0	0	0	0	0	0	0	0	0	0	0	0	0	0	0	0	0	0	0	0	0	0	0	0	0	0	0	0	0	0	0	0	0	0	0	0	0	0	0	0	0	0	0	0	0	0	0	0	0	0	0	0	0	0	0	0	0	0	0	0	0	0	0	0	0	0	0	0	0	0	0	0	0	0	0	0	0	0	0	0	0	0	0	0	0	0	0	0	0	0	0	0	0	22	9	68	69	41	30	25	117	23	28	27
0	0	0	0	0	0	0	0	0	0	0	0	0	0	0	0	0	0	0	0	0	0	0	0	0	0	0	0	0	0	0	0	0	0	0	0	0	0	0	0	0	0	0	0	0	0	0	0	0	0	0	0	0	0	0	0	0	0	0	0	0	0	0	0	0	0	0	0	0	0	0	0	0	0	0	0	0	0	0	0	0	0	0	0	0	0	0	0	0	0	0	0	0	0	0	0	0	0	0	0	0	0	0	0	0	0	0	0	0	0	0	0	0	0	0	0	0	0	104	94	65	102	3	104	92	93	104	122
0	0	0	0	0	0	0	0	0	0	0	0	0	0	0	0	0	0	0	0	0	0	0	0	0	0	0	0	0	0	0	0	0	0	0	0	0	0	0	0	0	0	0	0	0	0	0	0	0	0	0	0	0	0	0	0	0	0	0	0	0	0	0	0	0	0	0	0	0	0	0	0	0	0	0	0	0	0	0	0	0	0	0	0	0	0	0	0	0	0	0	0	0	0	0	0	0	0	0	0	0	0	0	0	0	0	0	0	0	0	0	0	0	0	0	0	0	0	0	67	46	27	49	27	124	11	117	35
0	0	0	0	0	0	0	0	0	0	0	0	0	0	0	0	0	0	0	0	0	0	0	0	0	0	0	0	0	0	0	0	0	0	0	0	0	0	0	0	0	0	0	0	0	0	0	0	0	0	0	0	0	0	0	0	0	0	0	0	0	0	0	0	0	0	0	0	0	0	0	0	0	0	0	0	0	0	0	0	0	0	0	0	0	0	0	0	0	0	0	0	0	0	0	0	0	0	0	0	0	0	0	0	0	0	0	0	0	0	0	0	0	0	0	0	0	0	0	0	53	90	47	90	27	56	83	51
0	0	0	0	0	0	0	0	0	0	0	0	0	0	0	0	0	0	0	0	0	0	0	0	0	0	0	0	0	0	0	0	0	0	0	0	0	0	0	0	0	0	0	0	0	0	0	0	0	0	0	0	0	0	0	0	0	0	0	0	0	0	0	0	0	0	0	0	0	0	0	0	0	0	0	0	0	0	0	0	0	0	0	0	0	0	0	0	0	0	0	0	0	0	0	0	0	0	0	0	0	0	0	0	0	0	0	0	0	0	0	0	0	0	0	0	0	0	0	0	0	61	29	6	41	27	93	67
0	0	0	0	0	0	0	0	0	0	0	0	0	0	0	0	0	0	0	0	0	0	0	0	0	0	0	0	0	0	0	0	0	0	0	0	0	0	0	0	0	0	0	0	0	0	0	0	0	0	0	0	0	0	0	0	0	0	0	0	0	0	0	0	0	0	0	0	0	0	0	0	0	0	0	0	0	0	0	0	0	0	0	0	0	0	0	0	0	0	0	0	0	0	0	0	0	0	0	0	0	0	0	0	0	0	0	0	0	0	0	0	0	0	0	0	0	0	0	0	0	0	81	103	34	67	79	62
0	0	0	0	0	0	0	0	0	0	0	0	0	0	0	0	0	0	0	0	0	0	0	0	0	0	0	0	0	0	0	0	0	0	0	0	0	0	0	0	0	0	0	0	0	0	0	0	0	0	0	0	0	0	0	0	0	0	0	0	0	0	0	0	0	0	0	0	0	0	0	0	0	0	0	0	0	0	0	0	0	0	0	0	0	0	0	0	0	0	0	0	0	0	0	0	0	0	0	0	0	0	0	0	0	0	0	0	0	0	0	0	0	0	0	0	0	0	0	0	0	0	0	101	111	38	52	60
0	0	0	0	0	0	0	0	0	0	0	0	0	0	0	0	0	0	0	0	0	0	0	0	0	0	0	0	0	0	0	0	0	0	0	0	0	0	0	0	0	0	0	0	0	0	0	0	0	0	0	0	0	0	0	0	0	0	0	0	0	0	0	0	0	0	0	0	0	0	0	0	0	0	0	0	0	0	0	0	0	0	0	0	0	0	0	0	0	0	0	0	0	0	0	0	0	0	0	0	0	0	0	0	0	0	0	0	0	0	0	0	0	0	0	0	0	0	0	0	0	0	0	0	86	45	3	13
0	0	0	0	0	0	0	0	0	0	0	0	0	0	0	0	0	0	0	0	0	0	0	0	0	0	0	0	0	0	0	0	0	0	0	0	0	0	0	0	0	0	0	0	0	0	0	0	0	0	0	0	0	0	0	0	0	0	0	0	0	0	0	0	0	0	0	0	0	0	0	0	0	0	0	0	0	0	0	0	0	0	0	0	0	0	0	0	0	0	0	0	0	0	0	0	0	0	0	0	0	0	0	0	0	0	0	0	0	0	0	0	0	0	0	0	0	0	0	0	0	0	0	0	0	113	91	18
0	0	0	0	0	0	0	0	0	0	0	0	0	0	0	0	0	0	0	0	0	0	0	0	0	0	0	0	0	0	0	0	0	0	0	0	0	0	0	0	0	0	0	0	0	0	0	0	0	0	0	0	0	0	0	0	0	0	0	0	0	0	0	0	0	0	0	0	0	0	0	0	0	0	0	0	0	0	0	0	0	0	0	0	0	0	0	0	0	0	0	0	0	0	0	0	0	0	0	0	0	0	0	0	0	0	0	0	0	0	0	0	0	0	0	0	0	0	0	0	0	0	0	0	0	0	16	125
0	0	0	0	0	0	0	0	0	0	0	0	0	0	0	0	0	0	0	0	0	0	0	0	0	0	0	0	0	0	0	0	0	0	0	0	0	0	0	0	0	0	0	0	0	0	0	0	0	0	0	0	0	0	0	0	0	0	0	0	0	0	0	0	0	0	0	0	0	0	0	0	0	0	0	0	0	0	0	0	0	0	0	0	0	0	0	0	0	0	0	0	0	0	0	0	0	0	0	0	0	0	0	0	0	0	0	0	0	0	0	0	0	0	0	0	0	0	0	0	0	0	0	0	0	0	0	21
0	0	0	0	0	0	0	0	0	0	0	0	0	0	0	0	0	0	0	0	0	0	0	0	0	0	0	0	0	0	0	0	0	0	0	0	0	0	0	0	0	0	0	0	0	0	0	0	0	0	0	0	0	0	0	0	0	0	0	0	0	0	0	0	0	0	0	0	0	0	0	0	0	0	0	0	0	0	0	0	0	0	0	0	0	0	0	0	0	0	0	0	0	0	0	0	0	0	0	0	0	0	0	0	0	0	0	0	0	0	0	0	0	0	0	0	0	0	0	0	0	0	0	0	0	0	0	0