0	14	77	84	98	3	102	40	108	77	108	89	67	2	101	45	98	39	38	19	65	78	47	119	115	76	125	117	85	65	2	94	104	39	32	14	62	127	85	26	87	18	120	40	79	119	122	29	110	14	11	100	99	27	79	118	102	95	40	59	56	73	91	91	88	33	109	16	36	52	110	99	55	38	18	58	115	69	50	100	49	69	33	12	126	58	40	97	108	41	120	45	104	19	32	125	110	123	5	111	111	127	67	8	55	6	102	72	95	82	8	16	73	53	8	78	71	25	116	86	54	36	22	52	21	3	48	111
0	0	20	109	73	27	92	30	111	36	17	72	113	69	13	5	70	111	11	84	49	17	61	33	23	112	70	75	49	95	89	24	124	56	24	65	62	124	106	110	75	105	88	4	43	36	26	60	58	46	123	119	124	3	124	80	11	19	96	68	47	107	64	44	1	77	53	53	101	127	121	50	101	90	75	51	114	128	11	125	92	56	11	124	127	78	68	64	87	83	27	68	112	4	6	102	68	49	91	2	71	49	7	113	1	2	57	38	47	23	98	121	61	82	9	73	24	73	70	17	44	62	28	32	54	65	69	85
0	0	0	9	51	45	1	122	115	10	110	61	61	50	44	80	12	105	75	62	91	54	93	91	6	78	49	125	38	30	47	54	55	61	37	20	18	1	81	111	59	47	46	24	7	68	84	85	120	35	40	81	66	62	86	35	66	19	107	2	89	75	80	120	25	70	75	67	95	94	30	32	66	60	99	87	63	106	109	61	15	116	53	69	109	64	22	104	63	38	14	103	66	61	89	97	40	86	30	66	31	114	29	61	21	73	9	86	88	107	85	98	44	108	49	28	91	103	61	101	4	111	94	107	51	26	75	50
0	0	0	0	99	80	95	43	5	34	104	56	126	99	17	51	98	128	96	85	27	119	34	11	113	115	52	37	36	66	37	61	49	98	79	42	36	73	114	116	4	40	97	41	53	31	48	48	84	96	47	36	95	37	14	52	126	37	74	86	51	105	35	15	7	17	64	105	39	18	116	35	36	95	90	58	36	120	87	125	58	79	81	21	106	86	84	40	112	38	112	115	68	14	86	122	7	25	42	68	108	127	55	116	48	36	49	50	37	6	115	65	24	55	37	71	41	55	48	91	124	75	99	69	54	32	95	53
0	0	0	0	0	109	33	68	103	53	82	32	93	73	115	37	77	58	128	68	74	5	46	4	20	21	124	28	83	46	119	68	70	83	116	126	9	43	66	6	104	118	95	63	105	36	37	67	10	95	90	120	61	2	95	106	108	78	29	107	5	90	111	87	97	2	49	66	14	117	36	32	106	74	48	32	84	27	76	75	52	60	106	46	11	25	1	73	43	105	105	17	43	79	121	73	56	7	114	32	68	40	75	24	68	83	34	68	111	111	98	102	65	69	44	83	109	40	125	19	49	43	125	3	88	39	82	116
0	0	0	0	0	0	12	101	100	67	8	99	26	36	95	109	53	39	46	84	92	15	95	31	56	35	25	116	117	47	79	80	30	69	124	109	52	74	90	27	106	42	31	73	84	57	41	87	47	102	70	48	15	89	34	46	91	50	116	105	82	55	51	62	25	87	43	50	6	88	20	33	86	28	42	52	52	55	118	81	108	63	63	12	37	61	120	1	34	43	74	52	85	100	126	72	111	91	82	58	7	47	11	84	92	79	24	98	114	50	92	10	36	87	103	19	79	50	42	39	9	109	55	12	83	7	87	114
0	0	0	0	0	0	0	99	90	3	67	127	118	33	6	128	88	112	69	82	108	113	55	42	28	40	78	73	68	37	103	74	42	108	84	40	109	71	122	125	93	40	86	115	56	109	111	40	35	115	27	113	116	44	76	115	70	105	10	20	52	7	85	89	116	116	86	25	25	84	103	101	102	106	89	30	126	116	36	80	104	109	40	54	122	7	50	58	38	7	28	120	67	63	87	114	14	15	45	83	38	87	74	27	40	125	10	59	17	97	97	53	50	125	56	126	27	72	31	66	65	75	116	48	3	30	125	64
0	0	0	0	0	0	0	0	13	47	73	75	79	42	95	114	60	18	119	106	26	74	107	109	21	75	25	21	32	3	34	70	110	44	1	62	66	83	124	64	49	114	66	100	49	70	121	62	124	125	71	128	71	110	121	24	60	33	44	8	102	44	71	24	4	62	77	87	31	20	70	85	118	15	29	34	105	58	114	92	42	39	27	123	125	115	46	71	115	56	109	97	63	112	78	90	101	113	41	47	20	28	127	45	61	29	76	101	25	92	24	34	42	29	89	122	23	5	122	18	4	63	106	3	14	4	21	45
0	0	0	0	0	0	0	0	0	14	15	13	72	16	2	79	37	19	111	19	24	27	96	3	42	39	106	82	78	52	33	43	9	10	2	35	23	38	40	4	63	47	32	51	10	31	74	2	12	82	85	108	124	59	106	32	104	111	33	53	1	84	85	76	74	59	66	20	33	93	108	121	80	13	1	81	92	65	47	92	118	52	106	47	79	116	61	111	26	74	55	94	127	43	14	7	40	22	79	99	52	4	104	114	35	105	67	59	13	37	101	96	16	8	11	18	128	6	98	47	92	80	84	19	123	70	67	23
0	0	0	0	0	0	0	0	0	0	80	15	79	90	112	12	110	103	15	121	53	64	84	51	97	94	26	67	98	18	81	29	124	124	36	124	59	66	25	84	112	39	121	118	101	65	72	1	20	110	108	110	9	89	105	123	111	91	88	107	111	21	113	78	2	23	5	63	60	110	4	21	88	81	75	54	36	3	61	33	82	66	97	33	20	88	109	73	7	115	7	101	114	40	122	110	23	57	22	20	119	126	47	40	78	89	120	95	85	82	125	60	91	62	14	100	56	65	112	85	113	56	36	62	36	12	118	118
0	0	0	0	0	0	0	0	0	0	0	118	17	24	58	13	24	43	15	5	22	65	71	33	116	26	72	120	36	59	18	105	93	78	31	94	33	66	57	22	2	55	61	63	113	94	42	100	78	59	7	107	26	75	82	125	51	76	87	78	91	30	112	104	33	103	123	40	63	82	114	4	61	17	46	66	6	76	81	120	27	13	76	83	80	11	104	86	78	42	10	92	32	78	94	80	81	97	84	35	117	102	6	47	88	44	126	96	65	69	106	2	53	84	18	98	26	69	95	113	94	68	68	83	49	78	10	39
0	0	0	0	0	0	0	0	0	0	0	0	107	19	126	86	98	73	91	114	4	75	42	103	48	88	67	25	115	4	69	102	76	3	107	64	26	12	101	19	106	98	70	20	40	96	35	44	42	104	52	26	64	12	77	51	31	127	85	116	107	111	32	71	40	101	33	39	68	23	118	4	60	92	46	66	39	123	77	120	73	96	6	118	89	97	62	41	13	26	79	117	86	39	42	80	40	125	66	14	92	33	105	66	52	81	116	74	36	99	126	107	46	83	94	92	6	112	53	15	96	91	7	6	24	28	34	42
0	0	0	0	0	0	0	0	0	0	0	0	0	56	38	5	55	38	91	43	90	1	17	75	123	126	59	85	2	12	97	52	120	51	78	14	27	61	108	31	77	123	84	10	97	46	45	5	110	66	43	14	50	6	59	81	126	119	107	110	70	82	63	115	5	45	80	123	27	16	83	18	54	117	19	41	46	70	40	105	15	128	106	38	62	85	79	32	8	66	61	3	57	29	93	12	68	7	122	110	21	54	107	126	28	126	99	98	18	124	76	29	67	13	72	59	73	68	60	76	8	23	42	115	77	50	107	27
0	0	0	0	0	0	0	0	0	0	0	0	0	0	80	32	24	46	73	56	113	116	61	14	80	13	23	75	114	18	4	127	101	18	111	117	2	74	12	95	119	95	99	41	124	84	116	80	3	56	52	48	83	86	85	20	101	50	9	64	70	41	17	46	12	24	58	118	105	54	128	119	79	19	56	12	36	117	116	45	20	107	103	50	44	61	106	60	83	20	120	115	54	93	95	34	76	64	89	37	67	74	72	120	56	19	93	98	79	101	47	100	32	102	44	4	105	99	114	112	128	123	123	62	49	118	103	117
0	0	0	0	0	0	0	0	0	0	0	0	0	0	0	79	109	114	32	11	17	1	30	38	84	109	64	106	46	7	92	72	99	123	26	61	91	95	38	84	103	93	6	31	18	100	17	120	108	108	80	26	55	57	5	35	36	1	108	44	68	38	63	103	82	44	63	79	38	18	47	11	111	124	13	109	49	89	91	105	113	23	9	112	62	73	80	32	115	8	43	122	106	36	69	38	92	37	109	40	20	17	74	31	118	11	1	23	110	123	23	63	123	59	105	115	80	70	48	92	48	123	98	7	128	58	104	59
0	0	0	0	0	0	0	0	0	0	0	0	0	0	0	0	39	95	44	86	8	49	110	57	8	94	3	37	57	118	61	60	48	112	113	85	73	15	21	57	123	37	61	20	34	91	38	29	60	109	102	122	92	102	96	34	9	51	28	91	115	35	94	46	100	87	49	65	44	63	119	82	118	82	27	95	78	46	99	34	89	80	115	21	76	100	32	122	24	12	9	120	7	91	66	104	72	70	23	126	75	128	52	43	90	53	114	29	123	59	84	90	6	48	7	34	42	74	79	7	54	83	34	42	107	44	69	124
0	0	0	0	0	0	0	0	0	0	0	0	0	0	0	0	0	97	41	74	21	70	55	104	42	112	23	86	122	92	27	93	33	26	103	3	10	110	25	65	101	39	4	94	40	115	118	86	25	75	90	25	15	25	21	79	99	93	84	105	20	109	86	31	87	5	37	107	111	117	42	107	54	57	73	38	1	101	127	105	111	102	109	90	99	22	44	59	34	86	27	113	15	111	25	56	85	60	9	5	26	99	60	14	31	21	23	113	67	108	16	6	42	60	56	25	49	12	51	67	18	64	45	105	54	10	40	32
0	0	0	0	0	0	0	0	0	0	0	0	0	0	0	0	0	0	50	92	46	55	13	49	101	16	99	43	124	54	5	20	30	100	118	1	87	84	58	79	123	59	91	101	114	33	61	29	9	6	87	117	88	33	33	125	19	22	34	107	85	44	94	36	55	81	65	81	106	35	84	65	83	20	100	103	49	55	8	4	35	11	9	81	14	104	58	17	7	21	100	7	61	125	115	13	63	124	1	3	69	18	118	45	54	67	103	88	50	12	46	20	95	46	62	40	60	41	128	27	126	6	123	4	58	76	48	13
0	0	0	0	0	0	0	0	0	0	0	0	0	0	0	0	0	0	0	61	26	65	93	25	60	122	73	13	23	50	60	108	27	28	14	75	102	5	101	69	102	52	3	101	98	16	23	107	123	122	35	68	99	45	68	77	42	90	35	21	37	117	68	51	25	83	43	7	113	34	36	1	88	21	20	45	89	95	57	89	3	60	10	124	35	37	66	17	13	85	35	14	43	78	86	99	62	108	85	13	47	69	118	128	86	109	19	107	74	20	117	128	29	111	36	41	73	25	61	87	95	84	101	32	68	102	60	24
0	0	0	0	0	0	0	0	0	0	0	0	0	0	0	0	0	0	0	0	7	1	102	125	12	74	26	105	124	107	80	73	114	83	15	75	37	90	69	41	81	56	94	66	55	22	47	63	23	79	31	35	68	34	100	9	109	22	29	66	15	99	120	46	38	93	33	60	49	48	127	27	115	105	115	49	61	91	106	16	117	121	114	60	54	115	36	39	95	36	9	60	86	85	126	80	23	24	30	46	35	37	50	21	5	54	34	48	57	110	88	123	81	24	86	101	85	101	47	51	80	56	119	75	77	113	26	67
0	0	0	0	0	0	0	0	0	0	0	0	0	0	0	0	0	0	0	0	0	53	2	81	92	101	65	63	59	32	96	24	124	28	1	17	69	16	34	1	11	68	64	109	12	61	125	51	84	68	47	96	62	124	32	60	25	66	20	58	36	2	97	14	88	125	102	104	20	81	22	89	103	55	18	16	94	24	44	35	5	87	14	124	92	125	88	33	38	115	57	55	77	84	80	71	49	119	120	127	121	95	31	117	79	96	52	97	102	58	53	56	14	101	9	31	90	21	19	98	57	105	33	83	111	42	55	64
0	0	0	0	0	0	0	0	0	0	0	0	0	0	0	0	0	0	0	0	0	0	108	10	43	66	28	35	103	33	5	102	73	61	89	39	64	114	78	1	124	23	84	87	45	40	28	108	60	56	32	15	1	52	84	39	96	20	41	115	6	11	94	48	98	121	17	100	95	125	31	58	87	106	120	17	101	65	29	5	110	57	21	64	45	124	47	75	36	58	86	122	88	12	20	60	128	59	17	17	89	13	110	122	117	97	31	29	25	10	83	128	95	117	45	9	50	28	42	120	98	97	48	113	11	82	41	67
0	0	0	0	0	0	0	0	0	0	0	0	0	0	0	0	0	0	0	0	0	0	0	72	38	80	34	116	21	60	79	8	117	50	22	125	17	21	13	89	59	10	28	9	81	41	95	29	8	101	54	25	67	108	48	120	73	51	90	12	104	18	114	79	86	39	70	42	84	18	59	73	12	91	62	2	125	70	29	69	46	60	64	53	9	57	25	65	67	71	20	117	48	71	73	97	12	122	54	121	31	6	32	39	11	24	50	91	14	4	100	97	69	79	30	67	101	43	96	76	17	29	68	102	88	107	54	26
0	0	0	0	0	0	0	0	0	0	0	0	0	0	0	0	0	0	0	0	0	0	0	0	52	3	9	122	12	22	85	7	91	111	1	40	35	24	93	81	102	100	5	99	114	101	18	91	18	27	109	73	128	124	127	45	65	111	24	128	117	11	8	61	111	56	75	23	128	14	113	21	52	77	91	76	29	11	15	11	20	68	19	102	35	11	30	83	67	16	89	40	84	111	49	41	40	35	47	98	58	33	105	78	12	108	43	120	46	95	108	1	100	82	113	107	116	32	50	70	47	45	6	1	27	123	106	17
0	0	0	0	0	0	0	0	0	0	0	0	0	0	0	0	0	0	0	0	0	0	0	0	0	50	5	106	69	36	48	7	116	105	43	31	97	76	47	114	124	42	3	32	39	102	33	106	18	5	1	10	111	60	73	87	18	2	81	75	7	62	14	76	29	91	109	118	77	116	70	36	58	33	44	119	109	92	25	93	67	89	36	103	19	32	76	20	27	5	37	16	47	109	20	43	89	8	78	31	99	60	1	32	24	23	76	87	31	41	118	19	123	110	71	33	68	10	96	28	126	115	114	106	116	9	26	79
0	0	0	0	0	0	0	0	0	0	0	0	0	0	0	0	0	0	0	0	0	0	0	0	0	0	2	26	1	20	63	63	83	81	40	93	105	71	3	94	86	4	95	127	54	64	63	83	91	118	120	19	48	70	15	9	54	36	53	23	99	111	71	49	87	77	107	26	45	87	35	23	46	64	43	121	62	54	93	83	48	86	70	12	10	4	128	103	34	115	70	71	55	6	85	45	26	78	106	82	114	122	111	7	26	60	37	35	7	87	70	47	94	127	84	55	16	76	56	104	68	125	99	28	35	51	43	25
0	0	0	0	0	0	0	0	0	0	0	0	0	0	0	0	0	0	0	0	0	0	0	0	0	0	0	41	111	12	89	84	14	104	100	2	36	41	2	72	81	110	53	97	114	120	42	128	103	127	82	100	53	62	52	116	108	69	1	22	29	125	9	60	59	67	57	10	62	112	35	48	10	42	45	127	71	8	4	30	117	55	84	45	112	23	44	115	27	68	16	78	40	99	122	88	46	35	19	84	18	108	68	5	113	78	106	83	114	106	2	109	99	30	11	26	121	64	54	1	86	102	115	104	79	112	109	41
0	0	0	0	0	0	0	0	0	0	0	0	0	0	0	0	0	0	0	0	0	0	0	0	0	0	0	0	75	87	58	121	8	48	107	93	3	67	54	108	57	89	31	16	100	124	45	12	113	83	110	49	4	44	11	123	27	32	107	75	107	40	40	91	53	123	67	93	84	128	19	29	92	65	92	11	26	110	53	8	79	41	27	99	62	107	125	33	54	50	118	1	90	75	125	30	49	127	93	28	76	35	66	55	78	28	115	101	9	66	68	99	15	102	23	44	43	89	6	58	8	124	67	41	48	60	36	27
0	0	0	0	0	0	0	0	0	0	0	0	0	0	0	0	0	0	0	0	0	0	0	0	0	0	0	0	0	111	58	88	84	13	43	113	10	67	33	45	15	38	84	88	36	91	90	104	34	90	23	9	5	25	78	32	13	124	4	23	113	59	99	67	23	42	116	45	8	46	42	51	75	5	80	87	121	107	96	90	97	75	47	111	84	72	17	88	107	86	52	20	125	26	17	84	96	92	66	25	98	125	52	67	104	101	22	78	107	100	29	96	43	72	63	32	113	90	32	92	48	47	30	38	53	43	127	13
0	0	0	0	0	0	0	0	0	0	0	0	0	0	0	0	0	0	0	0	0	0	0	0	0	0	0	0	0	0	15	69	43	56	75	54	24	14	108	73	19	40	89	10	91	20	118	9	40	33	119	28	65	20	57	51	35	1	9	51	89	89	8	40	49	103	71	112	34	34	42	61	1	25	50	70	48	123	118	44	29	84	113	117	6	27	70	78	112	30	118	92	71	66	57	110	90	62	87	70	106	43	51	53	15	118	119	117	63	95	97	50	1	115	117	48	114	115	124	8	121	81	99	67	61	75	100	53
0	0	0	0	0	0	0	0	0	0	0	0	0	0	0	0	0	0	0	0	0	0	0	0	0	0	0	0	0	0	0	100	61	25	78	110	1	112	29	67	126	66	2	31	25	35	118	112	72	83	126	75	69	77	46	16	84	127	67	119	51	59	12	58	108	23	125	17	42	103	8	114	86	100	29	1	69	8	12	99	118	104	11	50	84	62	126	57	36	96	104	52	90	51	29	90	74	69	14	35	118	71	114	87	13	10	13	127	63	4	66	8	10	105	13	82	104	43	48	19	89	35	59	36	11	76	28	97
0	0	0	0	0	0	0	0	0	0	0	0	0	0	0	0	0	0	0	0	0	0	0	0	0	0	0	0	0	0	0	0	47	32	76	106	62	11	13	69	111	92	119	23	120	43	51	41	24	110	121	63	2	107	95	40	99	58	98	55	4	121	113	26	62	97	33	82	31	5	44	103	23	57	38	68	127	120	109	97	106	113	78	51	77	12	67	50	128	45	96	59	3	25	49	15	82	115	13	30	96	72	26	78	126	119	64	85	4	13	124	55	96	33	99	83	97	60	80	80	29	24	53	28	7	20	34	18
0	0	0	0	0	0	0	0	0	0	0	0	0	0	0	0	0	0	0	0	0	0	0	0	0	0	0	0	0	0	0	0	0	88	92	80	85	24	41	112	4	49	104	13	98	64	43	84	38	42	97	58	62	105	73	19	107	36	112	77	100	47	57	85	121	21	14	92	64	116	50	78	52	27	60	56	42	112	84	111	63	54	17	98	8	24	111	42	96	4	47	24	66	43	13	37	71	75	7	115	60	48	33	86	46	44	96	120	33	41	88	12	108	84	27	110	51	58	58	76	72	45	8	5	115	62	88	45
0	0	0	0	0	0	0	0	0	0	0	0	0	0	0	0	0	0	0	0	0	0	0	0	0	0	0	0	0	0	0	0	0	0	97	45	26	105	8	60	126	20	43	28	118	73	4	28	21	20	104	63	107	33	24	84	121	127	106	87	28	39	24	87	79	11	122	63	113	82	23	1	117	87	110	98	84	33	13	123	33	84	125	20	58	21	10	49	17	25	34	121	37	119	9	69	86	22	2	108	68	97	12	22	61	27	25	116	50	39	90	105	70	30	111	71	68	89	32	76	38	51	107	119	16	118	64	46
0	0	0	0	0	0	0	0	0	0	0	0	0	0	0	0	0	0	0	0	0	0	0	0	0	0	0	0	0	0	0	0	0	0	0	24	21	5	25	54	93	124	48	37	69	83	47	9	3	71	45	15	33	21	52	88	16	46	67	15	116	108	38	51	60	102	39	114	61	73	68	5	3	103	100	94	15	16	77	51	71	84	80	79	64	123	86	110	61	93	48	7	80	122	101	2	101	115	10	107	78	44	84	80	10	56	38	89	75	37	100	14	112	13	95	119	37	48	13	52	22	53	82	26	127	36	113	114
0	0	0	0	0	0	0	0	0	0	0	0	0	0	0	0	0	0	0	0	0	0	0	0	0	0	0	0	0	0	0	0	0	0	0	0	101	46	111	112	66	5	63	53	119	55	111	27	79	86	40	92	123	113	82	27	64	98	127	126	57	105	81	56	44	61	76	122	110	27	66	80	119	23	4	111	23	83	34	16	112	15	123	34	20	87	44	114	39	29	61	15	123	99	41	44	94	113	8	33	73	50	44	77	1	49	96	95	41	95	58	30	49	69	125	57	102	83	82	56	77	111	60	77	42	45	70	77
0	0	0	0	0	0	0	0	0	0	0	0	0	0	0	0	0	0	0	0	0	0	0	0	0	0	0	0	0	0	0	0	0	0	0	0	0	116	26	14	80	118	65	67	24	46	53	55	45	54	38	93	1	25	95	115	53	123	71	108	51	48	124	99	44	101	82	24	16	55	24	30	20	80	108	56	46	123	80	106	61	66	61	76	59	12	37	42	52	32	9	64	24	73	107	51	114	77	32	58	79	16	53	71	71	12	116	121	22	60	118	85	91	18	27	26	102	95	40	113	46	60	74	16	31	62	38	67
0	0	0	0	0	0	0	0	0	0	0	0	0	0	0	0	0	0	0	0	0	0	0	0	0	0	0	0	0	0	0	0	0	0	0	0	0	0	101	6	89	119	30	115	5	16	49	99	90	84	25	119	79	33	54	26	63	96	99	31	42	46	4	44	88	2	74	68	55	65	18	37	32	117	35	84	29	41	41	97	60	107	19	23	110	99	9	82	37	105	41	8	35	70	63	118	68	60	67	105	104	1	110	102	29	10	107	80	99	73	51	16	84	21	46	126	21	20	17	31	10	14	2	98	82	23	119	112
0	0	0	0	0	0	0	0	0	0	0	0	0	0	0	0	0	0	0	0	0	0	0	0	0	0	0	0	0	0	0	0	0	0	0	0	0	0	0	106	36	30	58	128	3	36	104	100	75	22	62	36	91	121	39	15	5	74	49	124	21	91	10	21	39	7	57	37	90	38	9	21	71	78	20	2	5	108	42	119	55	109	58	29	14	31	57	96	22	88	47	38	100	108	88	67	15	14	69	70	50	18	31	25	65	15	86	86	14	98	99	97	74	99	31	105	41	110	36	88	22	50	43	118	86	114	32	59
0	0	0	0	0	0	0	0	0	0	0	0	0	0	0	0	0	0	0	0	0	0	0	0	0	0	0	0	0	0	0	0	0	0	0	0	0	0	0	0	88	60	117	91	4	58	82	68	55	98	42	21	25	120	110	112	15	115	58	47	46	59	7	61	102	82	118	94	47	3	14	106	24	10	41	95	68	100	104	45	45	11	13	123	85	5	34	57	47	123	32	60	88	82	25	64	92	100	18	106	124	122	39	85	98	122	67	72	27	93	39	82	42	37	101	42	22	90	124	116	102	74	91	87	66	63	25	79
0	0	0	0	0	0	0	0	0	0	0	0	0	0	0	0	0	0	0	0	0	0	0	0	0	0	0	0	0	0	0	0	0	0	0	0	0	0	0	0	0	54	73	4	94	102	82	46	19	39	43	91	14	124	55	36	23	114	80	44	71	93	33	111	54	110	18	1	13	68	111	113	46	82	71	38	77	44	10	35	43	85	70	45	79	17	113	42	25	13	15	31	96	29	111	40	91	1	89	95	62	117	20	108	126	52	94	50	55	100	21	106	80	56	111	114	28	44	112	6	96	13	68	22	19	52	52	56
0	0	0	0	0	0	0	0	0	0	0	0	0	0	0	0	0	0	0	0	0	0	0	0	0	0	0	0	0	0	0	0	0	0	0	0	0	0	0	0	0	0	67	74	62	62	97	101	48	80	94	23	56	65	9	39	58	123	70	26	73	125	69	93	40	104	78	62	76	114	5	3	96	32	85	125	126	84	47	10	35	25	119	105	118	70	37	39	57	54	68	5	89	17	62	125	23	28	10	23	66	43	3	71	114	48	75	100	77	18	89	77	45	65	90	113	55	16	48	115	84	27	36	109	4	69	78	66
0	0	0	0	0	0	0	0	0	0	0	0	0	0	0	0	0	0	0	0	0	0	0	0	0	0	0	0	0	0	0	0	0	0	0	0	0	0	0	0	0	0	0	44	100	112	90	121	110	92	103	7	40	82	39	22	20	36	31	125	124	90	101	45	97	55	101	28	52	26	27	128	121	99	26	69	32	57	59	56	34	49	69	7	114	108	85	100	14	46	23	25	96	100	44	83	98	110	33	123	119	58	96	16	113	51	102	93	124	39	18	126	6	1	60	12	40	76	11	68	27	81	70	110	94	51	62	18
0	0	0	0	0	0	0	0	0	0	0	0	0	0	0	0	0	0	0	0	0	0	0	0	0	0	0	0	0	0	0	0	0	0	0	0	0	0	0	0	0	0	0	0	48	26	7	57	100	69	29	19	88	33	118	63	11	49	98	112	121	15	111	4	125	27	4	57	26	107	28	116	48	57	52	30	124	80	128	27	108	112	73	49	68	98	48	57	45	49	52	37	10	60	122	125	44	107	87	102	87	91	36	90	78	48	110	18	79	15	24	107	71	61	73	32	83	80	69	69	1	70	49	53	97	101	35	99
0	0	0	0	0	0	0	0	0	0	0	0	0	0	0	0	0	0	0	0	0	0	0	0	0	0	0	0	0	0	0	0	0	0	0	0	0	0	0	0	0	0	0	0	0	17	11	17	97	57	60	113	6	125	104	20	19	11	59	36	101	15	48	1	102	112	65	122	37	104	87	10	70	116	56	103	19	53	34	124	52	124	49	27	11	32	75	110	58	44	31	1	89	73	94	38	9	76	84	49	34	103	122	43	41	83	73	12	100	73	56	8	80	61	52	58	2	126	8	36	46	126	16	106	15	20	119	71
0	0	0	0	0	0	0	0	0	0	0	0	0	0	0	0	0	0	0	0	0	0	0	0	0	0	0	0	0	0	0	0	0	0	0	0	0	0	0	0	0	0	0	0	0	0	70	117	101	81	40	78	47	40	108	64	30	6	88	77	2	68	93	100	73	79	46	87	126	28	113	95	40	99	17	126	120	85	128	92	101	81	128	97	100	101	122	114	88	75	74	22	80	9	66	127	123	9	103	123	81	105	82	9	19	41	10	14	124	10	45	13	63	19	40	105	47	90	100	75	57	52	63	6	126	78	61	1
0	0	0	0	0	0	0	0	0	0	0	0	0	0	0	0	0	0	0	0	0	0	0	0	0	0	0	0	0	0	0	0	0	0	0	0	0	0	0	0	0	0	0	0	0	0	0	95	43	21	66	108	30	56	66	7	127	89	126	96	66	115	106	68	110	116	4	37	112	73	119	16	97	38	8	60	110	3	65	32	115	64	127	41	32	57	51	32	90	10	126	123	61	46	56	113	2	108	75	65	89	71	111	57	11	122	125	43	106	112	22	96	31	108	40	119	93	114	81	32	63	115	76	41	24	9	22	40
0	0	0	0	0	0	0	0	0	0	0	0	0	0	0	0	0	0	0	0	0	0	0	0	0	0	0	0	0	0	0	0	0	0	0	0	0	0	0	0	0	0	0	0	0	0	0	0	59	54	7	67	3	69	68	63	51	80	111	21	117	27	35	33	20	37	104	12	60	37	46	69	14	95	23	78	88	20	127	123	67	61	108	121	68	33	36	125	57	101	88	67	7	20	48	74	95	31	104	30	24	82	1	30	31	2	114	85	48	48	85	16	77	25	16	127	54	46	1	117	116	20	116	118	18	67	30	10
0	0	0	0	0	0	0	0	0	0	0	0	0	0	0	0	0	0	0	0	0	0	0	0	0	0	0	0	0	0	0	0	0	0	0	0	0	0	0	0	0	0	0	0	0	0	0	0	0	6	27	20	56	75	105	77	92	123	31	29	22	16	31	84	26	7	62	62	128	71	38	11	41	12	81	117	93	118	128	41	106	50	68	113	49	105	47	80	109	123	100	114	100	6	79	113	83	122	56	113	1	10	9	58	98	30	77	2	86	1	59	87	119	68	124	24	5	41	34	97	102	37	128	22	84	88	125	30
0	0	0	0	0	0	0	0	0	0	0	0	0	0	0	0	0	0	0	0	0	0	0	0	0	0	0	0	0	0	0	0	0	0	0	0	0	0	0	0	0	0	0	0	0	0	0	0	0	0	72	126	69	67	56	79	80	123	93	67	83	75	50	73	85	104	65	120	36	62	82	43	77	32	44	39	76	13	128	119	34	8	70	78	110	114	92	30	40	79	46	110	17	13	100	16	118	52	70	122	62	82	35	15	75	118	17	127	34	124	41	123	76	10	5	123	1	101	103	46	103	31	77	113	5	50	74	55
0	0	0	0	0	0	0	0	0	0	0	0	0	0	0	0	0	0	0	0	0	0	0	0	0	0	0	0	0	0	0	0	0	0	0	0	0	0	0	0	0	0	0	0	0	0	0	0	0	0	0	1	70	120	12	22	44	74	110	58	45	57	22	119	81	31	87	119	92	89	33	55	121	54	10	73	19	114	68	47	37	57	109	62	54	79	78	102	34	89	87	46	66	121	30	15	12	80	69	79	116	68	64	60	60	120	16	115	33	85	3	21	114	56	94	23	96	78	25	24	61	46	75	5	86	20	18	65
0	0	0	0	0	0	0	0	0	0	0	0	0	0	0	0	0	0	0	0	0	0	0	0	0	0	0	0	0	0	0	0	0	0	0	0	0	0	0	0	0	0	0	0	0	0	0	0	0	0	0	0	5	84	16	107	33	21	5	104	80	81	114	126	91	27	50	48	127	82	118	73	118	5	24	20	106	17	116	117	99	11	41	57	30	127	117	66	89	28	60	47	11	83	86	69	78	94	61	118	46	3	28	119	14	44	72	61	22	127	118	111	73	105	97	96	70	39	72	27	81	59	61	83	56	65	33	57
0	0	0	0	0	0	0	0	0	0	0	0	0	0	0	0	0	0	0	0	0	0	0	0	0	0	0	0	0	0	0	0	0	0	0	0	0	0	0	0	0	0	0	0	0	0	0	0	0	0	0	0	0	68	65	116	103	27	30	85	95	117	67	31	84	41	53	86	46	120	126	11	72	33	80	35	16	17	108	116	47	52	125	26	3	113	58	121	28	96	74	117	123	19	84	37	10	74	10	20	87	95	103	114	9	79	7	16	24	110	33	24	66	114	65	112	79	68	23	30	108	109	106	74	69	92	29	31
0	0	0	0	0	0	0	0	0	0	0	0	0	0	0	0	0	0	0	0	0	0	0	0	0	0	0	0	0	0	0	0	0	0	0	0	0	0	0	0	0	0	0	0	0	0	0	0	0	0	0	0	0	0	70	39	85	56	118	42	5	102	47	108	98	126	23	103	95	74	40	27	77	15	91	42	22	124	32	31	98	100	113	90	109	26	72	98	14	6	114	103	37	106	12	42	77	86	25	124	8	128	48	4	79	21	121	37	27	37	68	122	59	68	68	114	124	17	11	24	75	113	111	86	86	105	56	28
0	0	0	0	0	0	0	0	0	0	0	0	0	0	0	0	0	0	0	0	0	0	0	0	0	0	0	0	0	0	0	0	0	0	0	0	0	0	0	0	0	0	0	0	0	0	0	0	0	0	0	0	0	0	0	70	15	17	37	76	100	32	128	79	33	119	52	57	93	66	33	66	54	126	18	38	74	40	16	72	19	99	121	113	92	64	27	69	94	111	77	61	21	126	99	39	50	20	44	11	76	110	128	65	55	121	121	29	85	9	94	47	127	62	91	112	117	113	104	52	115	65	97	4	3	46	103	2
0	0	0	0	0	0	0	0	0	0	0	0	0	0	0	0	0	0	0	0	0	0	0	0	0	0	0	0	0	0	0	0	0	0	0	0	0	0	0	0	0	0	0	0	0	0	0	0	0	0	0	0	0	0	0	0	22	51	98	10	63	84	60	73	58	34	124	122	36	1	8	9	15	69	45	78	50	92	45	10	92	24	83	98	6	103	4	103	71	16	94	17	50	128	99	2	76	56	120	110	14	94	18	123	65	70	114	82	122	77	111	14	63	82	34	51	31	77	26	89	110	11	126	63	22	11	86	114
0	0	0	0	0	0	0	0	0	0	0	0	0	0	0	0	0	0	0	0	0	0	0	0	0	0	0	0	0	0	0	0	0	0	0	0	0	0	0	0	0	0	0	0	0	0	0	0	0	0	0	0	0	0	0	0	0	88	117	24	70	35	28	66	59	36	103	110	89	92	58	126	75	104	106	19	34	107	119	120	37	71	59	21	44	109	15	32	33	53	38	108	40	93	100	24	22	74	127	56	3	102	116	75	118	18	119	102	97	128	87	72	108	48	110	12	103	26	115	102	60	15	21	6	56	124	41	31
0	0	0	0	0	0	0	0	0	0	0	0	0	0	0	0	0	0	0	0	0	0	0	0	0	0	0	0	0	0	0	0	0	0	0	0	0	0	0	0	0	0	0	0	0	0	0	0	0	0	0	0	0	0	0	0	0	0	83	62	111	95	13	102	31	49	101	3	48	65	91	55	106	33	88	107	43	122	43	93	123	27	70	9	49	28	1	54	93	71	62	7	64	27	23	12	54	113	102	44	27	9	8	23	117	89	59	101	82	33	32	28	12	74	115	106	15	27	37	117	15	65	53	37	74	20	10	79
0	0	0	0	0	0	0	0	0	0	0	0	0	0	0	0	0	0	0	0	0	0	0	0	0	0	0	0	0	0	0	0	0	0	0	0	0	0	0	0	0	0	0	0	0	0	0	0	0	0	0	0	0	0	0	0	0	0	0	5	71	38	112	79	19	65	97	103	77	98	72	49	58	108	103	118	19	32	22	49	75	56	64	16	19	44	24	32	20	76	36	28	49	64	107	38	48	124	85	44	95	35	51	3	34	36	100	54	113	104	91	19	75	29	115	65	93	44	37	70	57	87	112	27	41	66	124	87
0	0	0	0	0	0	0	0	0	0	0	0	0	0	0	0	0	0	0	0	0	0	0	0	0	0	0	0	0	0	0	0	0	0	0	0	0	0	0	0	0	0	0	0	0	0	0	0	0	0	0	0	0	0	0	0	0	0	0	0	53	106	90	80	126	22	120	85	99	57	37	79	42	86	34	48	25	46	52	71	94	75	120	63	59	57	37	99	64	9	101	23	48	62	73	61	31	25	28	2	23	57	61	122	115	66	96	71	57	36	68	110	55	64	24	33	64	62	5	77	70	11	46	53	34	77	118	43
0	0	0	0	0	0	0	0	0	0	0	0	0	0	0	0	0	0	0	0	0	0	0	0	0	0	0	0	0	0	0	0	0	0	0	0	0	0	0	0	0	0	0	0	0	0	0	0	0	0	0	0	0	0	0	0	0	0	0	0	0	22	71	124	5	98	21	9	56	66	46	27	16	48	70	22	118	61	109	15	66	39	128	125	70	25	36	101	14	98	37	58	102	10	111	79	102	74	61	1	119	117	76	70	106	80	77	64	65	94	111	116	115	41	99	45	77	22	66	37	96	95	56	4	104	57	63	4
0	0	0	0	0	0	0	0	0	0	0	0	0	0	0	0	0	0	0	0	0	0	0	0	0	0	0	0	0	0	0	0	0	0	0	0	0	0	0	0	0	0	0	0	0	0	0	0	0	0	0	0	0	0	0	0	0	0	0	0	0	0	103	94	22	36	57	93	111	78	112	76	26	3	8	13	114	43	91	126	96	89	88	9	36	41	99	1	56	35	55	58	20	12	67	30	86	58	70	88	69	88	11	110	116	115	77	82	15	118	50	48	83	94	18	107	59	84	48	9	21	57	65	88	59	1	107	18
0	0	0	0	0	0	0	0	0	0	0	0	0	0	0	0	0	0	0	0	0	0	0	0	0	0	0	0	0	0	0	0	0	0	0	0	0	0	0	0	0	0	0	0	0	0	0	0	0	0	0	0	0	0	0	0	0	0	0	0	0	0	0	70	110	105	120	108	18	25	48	81	9	27	88	10	88	56	117	13	34	79	108	33	47	122	64	42	53	52	122	3	25	123	98	92	28	13	96	36	30	6	98	89	75	36	123	37	91	20	40	37	127	3	55	41	78	65	119	89	87	31	99	58	96	24	108	115
0	0	0	0	0	0	0	0	0	0	0	0	0	0	0	0	0	0	0	0	0	0	0	0	0	0	0	0	0	0	0	0	0	0	0	0	0	0	0	0	0	0	0	0	0	0	0	0	0	0	0	0	0	0	0	0	0	0	0	0	0	0	0	0	21	87	105	70	63	79	49	47	118	17	114	25	113	71	112	77	44	128	2	30	21	30	28	96	77	59	83	128	63	75	112	6	112	48	57	34	99	71	28	27	30	85	123	25	96	89	9	85	26	84	56	75	43	104	62	26	105	67	124	4	128	115	122	37
0	0	0	0	0	0	0	0	0	0	0	0	0	0	0	0	0	0	0	0	0	0	0	0	0	0	0	0	0	0	0	0	0	0	0	0	0	0	0	0	0	0	0	0	0	0	0	0	0	0	0	0	0	0	0	0	0	0	0	0	0	0	0	0	0	39	19	127	39	81	13	82	116	88	37	22	12	43	121	101	106	54	53	34	62	25	106	88	115	22	88	83	45	60	13	19	83	123	128	87	105	70	82	35	73	13	33	26	37	89	85	100	29	86	73	109	22	30	46	14	111	120	33	16	29	71	8	34
0	0	0	0	0	0	0	0	0	0	0	0	0	0	0	0	0	0	0	0	0	0	0	0	0	0	0	0	0	0	0	0	0	0	0	0	0	0	0	0	0	0	0	0	0	0	0	0	0	0	0	0	0	0	0	0	0	0	0	0	0	0	0	0	0	0	9	51	54	19	29	84	8	15	46	123	46	23	26	7	118	17	29	33	105	81	49	42	116	36	27	125	114	7	108	46	9	95	105	36	32	41	122	63	37	122	111	59	79	20	30	2	108	121	29	99	55	57	22	32	7	13	76	22	24	71	94	34
0	0	0	0	0	0	0	0	0	0	0	0	0	0	0	0	0	0	0	0	0	0	0	0	0	0	0	0	0	0	0	0	0	0	0	0	0	0	0	0	0	0	0	0	0	0	0	0	0	0	0	0	0	0	0	0	0	0	0	0	0	0	0	0	0	0	0	119	68	46	9	72	12	53	49	52	85	118	13	32	68	4	34	54	94	17	24	24	99	62	2	25	41	22	100	111	2	106	12	117	40	13	32	113	10	50	107	73	90	90	119	44	74	56	28	99	103	18	13	118	82	29	84	67	78	116	94	25
0	0	0	0	0	0	0	0	0	0	0	0	0	0	0	0	0	0	0	0	0	0	0	0	0	0	0	0	0	0	0	0	0	0	0	0	0	0	0	0	0	0	0	0	0	0	0	0	0	0	0	0	0	0	0	0	0	0	0	0	0	0	0	0	0	0	0	0	47	1	51	6	55	61	101	23	4	108	8	10	4	103	100	52	59	11	20	21	127	30	8	67	105	72	90	46	9	87	72	100	83	100	81	65	43	46	16	16	84	40	97	115	16	32	125	9	104	98	79	40	30	8	4	92	109	72	50	43
0	0	0	0	0	0	0	0	0	0	0	0	0	0	0	0	0	0	0	0	0	0	0	0	0	0	0	0	0	0	0	0	0	0	0	0	0	0	0	0	0	0	0	0	0	0	0	0	0	0	0	0	0	0	0	0	0	0	0	0	0	0	0	0	0	0	0	0	0	106	70	41	42	112	50	108	12	88	13	1	30	30	8	76	72	49	62	104	51	128	52	32	32	10	25	30	98	8	9	67	41	41	118	46	36	49	3	60	21	81	3	107	49	98	92	102	11	42	40	77	112	101	55	90	41	37	110	4
0	0	0	0	0	0	0	0	0	0	0	0	0	0	0	0	0	0	0	0	0	0	0	0	0	0	0	0	0	0	0	0	0	0	0	0	0	0	0	0	0	0	0	0	0	0	0	0	0	0	0	0	0	0	0	0	0	0	0	0	0	0	0	0	0	0	0	0	0	0	88	52	63	117	92	89	88	114	102	10	104	92	69	127	121	100	2	45	108	36	60	125	99	114	87	86	87	39	82	32	110	128	52	2	106	16	51	11	40	111	84	81	47	45	105	70	62	43	73	15	16	77	32	83	119	4	81	87
0	0	0	0	0	0	0	0	0	0	0	0	0	0	0	0	0	0	0	0	0	0	0	0	0	0	0	0	0	0	0	0	0	0	0	0	0	0	0	0	0	0	0	0	0	0	0	0	0	0	0	0	0	0	0	0	0	0	0	0	0	0	0	0	0	0	0	0	0	0	0	8	100	2	41	11	109	54	65	53	1	59	43	80	16	56	62	128	44	128	110	95	21	93	68	29	106	58	114	101	84	10	4	92	87	24	4	43	3	50	12	86	27	70	35	12	25	44	103	110	49	10	6	29	26	39	65	39
0	0	0	0	0	0	0	0	0	0	0	0	0	0	0	0	0	0	0	0	0	0	0	0	0	0	0	0	0	0	0	0	0	0	0	0	0	0	0	0	0	0	0	0	0	0	0	0	0	0	0	0	0	0	0	0	0	0	0	0	0	0	0	0	0	0	0	0	0	0	0	0	110	67	48	117	9	123	111	127	68	99	120	116	100	120	49	56	20	128	14	9	105	5	128	36	41	122	77	67	53	80	23	68	17	7	42	92	75	114	81	25	20	94	53	14	115	29	92	44	65	67	101	70	73	40	108	7
0	0	0	0	0	0	0	0	0	0	0	0	0	0	0	0	0	0	0	0	0	0	0	0	0	0	0	0	0	0	0	0	0	0	0	0	0	0	0	0	0	0	0	0	0	0	0	0	0	0	0	0	0	0	0	0	0	0	0	0	0	0	0	0	0	0	0	0	0	0	0	0	0	9	36	18	94	53	110	31	13	80	2	5	70	65	65	25	14	85	92	75	89	10	89	6	46	26	62	7	66	77	67	112	34	106	82	56	64	119	34	106	111	6	47	5	10	8	26	91	38	128	14	101	87	71	94	32
0	0	0	0	0	0	0	0	0	0	0	0	0	0	0	0	0	0	0	0	0	0	0	0	0	0	0	0	0	0	0	0	0	0	0	0	0	0	0	0	0	0	0	0	0	0	0	0	0	0	0	0	0	0	0	0	0	0	0	0	0	0	0	0	0	0	0	0	0	0	0	0	0	0	30	1	15	91	13	86	118	26	18	86	79	62	108	74	104	123	55	58	59	18	7	112	52	117	124	114	14	13	13	77	81	125	20	59	47	44	36	2	72	43	43	31	75	37	63	76	78	126	39	99	69	78	123	50
0	0	0	0	0	0	0	0	0	0	0	0	0	0	0	0	0	0	0	0	0	0	0	0	0	0	0	0	0	0	0	0	0	0	0	0	0	0	0	0	0	0	0	0	0	0	0	0	0	0	0	0	0	0	0	0	0	0	0	0	0	0	0	0	0	0	0	0	0	0	0	0	0	0	0	14	56	61	123	49	9	115	30	13	7	61	79	114	56	116	124	98	22	120	93	22	101	48	103	55	115	20	66	99	87	59	118	80	50	14	81	54	128	80	122	93	112	83	113	79	89	24	5	68	54	90	65	42
0	0	0	0	0	0	0	0	0	0	0	0	0	0	0	0	0	0	0	0	0	0	0	0	0	0	0	0	0	0	0	0	0	0	0	0	0	0	0	0	0	0	0	0	0	0	0	0	0	0	0	0	0	0	0	0	0	0	0	0	0	0	0	0	0	0	0	0	0	0	0	0	0	0	0	0	50	75	47	19	94	63	54	67	38	64	126	35	24	121	29	18	78	94	51	29	101	47	126	63	6	47	101	69	33	109	57	114	39	88	49	106	40	75	125	106	94	102	107	123	22	81	11	60	26	123	6	103
0	0	0	0	0	0	0	0	0	0	0	0	0	0	0	0	0	0	0	0	0	0	0	0	0	0	0	0	0	0	0	0	0	0	0	0	0	0	0	0	0	0	0	0	0	0	0	0	0	0	0	0	0	0	0	0	0	0	0	0	0	0	0	0	0	0	0	0	0	0	0	0	0	0	0	0	0	105	98	40	97	113	113	104	67	60	76	65	34	53	18	122	98	91	100	87	72	2	66	109	53	126	122	15	123	125	26	56	113	1	29	115	77	103	47	96	4	123	74	32	109	64	46	77	112	14	79	22
0	0	0	0	0	0	0	0	0	0	0	0	0	0	0	0	0	0	0	0	0	0	0	0	0	0	0	0	0	0	0	0	0	0	0	0	0	0	0	0	0	0	0	0	0	0	0	0	0	0	0	0	0	0	0	0	0	0	0	0	0	0	0	0	0	0	0	0	0	0	0	0	0	0	0	0	0	0	128	76	112	11	87	87	90	118	123	75	35	42	5	1	103	102	123	72	96	114	121	97	109	9	77	75	54	90	28	128	104	64	41	27	11	15	110	73	75	63	23	74	98	65	30	33	90	55	83	1
0	0	0	0	0	0	0	0	0	0	0	0	0	0	0	0	0	0	0	0	0	0	0	0	0	0	0	0	0	0	0	0	0	0	0	0	0	0	0	0	0	0	0	0	0	0	0	0	0	0	0	0	0	0	0	0	0	0	0	0	0	0	0	0	0	0	0	0	0	0	0	0	0	0	0	0	0	0	0	46	23	101	110	101	21	36	81	124	1	59	86	61	53	55	28	102	20	56	40	67	116	34	106	35	88	37	112	119	43	22	2	80	4	28	25	81	19	58	76	110	33	25	12	108	53	36	69	115
0	0	0	0	0	0	0	0	0	0	0	0	0	0	0	0	0	0	0	0	0	0	0	0	0	0	0	0	0	0	0	0	0	0	0	0	0	0	0	0	0	0	0	0	0	0	0	0	0	0	0	0	0	0	0	0	0	0	0	0	0	0	0	0	0	0	0	0	0	0	0	0	0	0	0	0	0	0	0	0	8	21	76	126	10	124	67	27	23	50	93	58	58	1	50	12	128	20	100	89	90	45	45	3	26	63	121	92	110	37	26	117	77	71	77	72	98	75	50	60	70	4	109	71	23	76	113	51
0	0	0	0	0	0	0	0	0	0	0	0	0	0	0	0	0	0	0	0	0	0	0	0	0	0	0	0	0	0	0	0	0	0	0	0	0	0	0	0	0	0	0	0	0	0	0	0	0	0	0	0	0	0	0	0	0	0	0	0	0	0	0	0	0	0	0	0	0	0	0	0	0	0	0	0	0	0	0	0	0	17	78	126	86	108	119	64	6	105	29	43	108	43	29	14	100	85	88	36	90	90	61	120	18	32	109	117	117	13	6	90	18	78	44	77	79	122	64	47	2	115	8	32	49	51	17	79
0	0	0	0	0	0	0	0	0	0	0	0	0	0	0	0	0	0	0	0	0	0	0	0	0	0	0	0	0	0	0	0	0	0	0	0	0	0	0	0	0	0	0	0	0	0	0	0	0	0	0	0	0	0	0	0	0	0	0	0	0	0	0	0	0	0	0	0	0	0	0	0	0	0	0	0	0	0	0	0	0	0	114	80	14	98	107	43	78	51	32	34	44	63	115	61	99	10	60	19	33	94	21	60	120	98	46	75	52	40	45	33	6	64	37	121	22	43	6	64	37	109	26	120	114	65	42	33
0	0	0	0	0	0	0	0	0	0	0	0	0	0	0	0	0	0	0	0	0	0	0	0	0	0	0	0	0	0	0	0	0	0	0	0	0	0	0	0	0	0	0	0	0	0	0	0	0	0	0	0	0	0	0	0	0	0	0	0	0	0	0	0	0	0	0	0	0	0	0	0	0	0	0	0	0	0	0	0	0	0	0	71	89	120	67	4	77	20	87	78	42	115	69	90	105	8	38	25	100	47	99	44	76	7	65	17	48	51	121	9	109	58	59	113	88	101	59	122	75	69	25	28	88	22	49	6
0	0	0	0	0	0	0	0	0	0	0	0	0	0	0	0	0	0	0	0	0	0	0	0	0	0	0	0	0	0	0	0	0	0	0	0	0	0	0	0	0	0	0	0	0	0	0	0	0	0	0	0	0	0	0	0	0	0	0	0	0	0	0	0	0	0	0	0	0	0	0	0	0	0	0	0	0	0	0	0	0	0	0	0	100	120	90	6	126	80	115	37	4	107	80	37	52	1	79	88	51	64	119	125	28	64	35	15	2	39	66	68	85	64	45	96	70	11	9	56	36	66	43	77	89	2	109	22
0	0	0	0	0	0	0	0	0	0	0	0	0	0	0	0	0	0	0	0	0	0	0	0	0	0	0	0	0	0	0	0	0	0	0	0	0	0	0	0	0	0	0	0	0	0	0	0	0	0	0	0	0	0	0	0	0	0	0	0	0	0	0	0	0	0	0	0	0	0	0	0	0	0	0	0	0	0	0	0	0	0	0	0	0	26	34	8	19	67	10	2	1	64	4	119	43	4	40	35	42	86	4	89	95	67	10	36	9	78	34	97	60	114	108	36	89	117	10	59	54	12	117	90	29	28	73	21
0	0	0	0	0	0	0	0	0	0	0	0	0	0	0	0	0	0	0	0	0	0	0	0	0	0	0	0	0	0	0	0	0	0	0	0	0	0	0	0	0	0	0	0	0	0	0	0	0	0	0	0	0	0	0	0	0	0	0	0	0	0	0	0	0	0	0	0	0	0	0	0	0	0	0	0	0	0	0	0	0	0	0	0	0	0	66	9	94	98	75	50	98	19	104	118	90	85	91	13	5	38	88	34	125	77	99	72	104	39	55	60	29	18	101	68	52	42	28	86	50	110	103	124	71	68	125	33
0	0	0	0	0	0	0	0	0	0	0	0	0	0	0	0	0	0	0	0	0	0	0	0	0	0	0	0	0	0	0	0	0	0	0	0	0	0	0	0	0	0	0	0	0	0	0	0	0	0	0	0	0	0	0	0	0	0	0	0	0	0	0	0	0	0	0	0	0	0	0	0	0	0	0	0	0	0	0	0	0	0	0	0	0	0	0	102	74	102	110	122	4	78	126	32	43	29	54	114	65	61	108	80	68	31	52	73	22	16	48	37	17	11	98	97	107	58	107	3	65	34	100	80	33	8	24	115
0	0	0	0	0	0	0	0	0	0	0	0	0	0	0	0	0	0	0	0	0	0	0	0	0	0	0	0	0	0	0	0	0	0	0	0	0	0	0	0	0	0	0	0	0	0	0	0	0	0	0	0	0	0	0	0	0	0	0	0	0	0	0	0	0	0	0	0	0	0	0	0	0	0	0	0	0	0	0	0	0	0	0	0	0	0	0	0	126	110	54	41	102	8	26	104	41	94	14	47	77	5	108	77	85	79	74	40	80	61	41	22	120	58	36	44	67	9	40	96	77	67	90	64	73	85	90	34
0	0	0	0	0	0	0	0	0	0	0	0	0	0	0	0	0	0	0	0	0	0	0	0	0	0	0	0	0	0	0	0	0	0	0	0	0	0	0	0	0	0	0	0	0	0	0	0	0	0	0	0	0	0	0	0	0	0	0	0	0	0	0	0	0	0	0	0	0	0	0	0	0	0	0	0	0	0	0	0	0	0	0	0	0	0	0	0	0	29	106	97	114	38	110	127	61	78	67	90	11	68	64	31	113	30	9	84	86	108	18	59	53	92	111	89	117	14	56	58	8	79	2	109	89	63	58	103
0	0	0	0	0	0	0	0	0	0	0	0	0	0	0	0	0	0	0	0	0	0	0	0	0	0	0	0	0	0	0	0	0	0	0	0	0	0	0	0	0	0	0	0	0	0	0	0	0	0	0	0	0	0	0	0	0	0	0	0	0	0	0	0	0	0	0	0	0	0	0	0	0	0	0	0	0	0	0	0	0	0	0	0	0	0	0	0	0	0	44	86	53	56	111	74	117	33	84	62	84	16	56	102	127	30	52	60	79	75	100	53	97	80	124	57	82	102	111	26	41	36	101	52	56	62	118	37
0	0	0	0	0	0	0	0	0	0	0	0	0	0	0	0	0	0	0	0	0	0	0	0	0	0	0	0	0	0	0	0	0	0	0	0	0	0	0	0	0	0	0	0	0	0	0	0	0	0	0	0	0	0	0	0	0	0	0	0	0	0	0	0	0	0	0	0	0	0	0	0	0	0	0	0	0	0	0	0	0	0	0	0	0	0	0	0	0	0	0	88	32	128	128	72	98	123	68	115	21	79	100	49	121	14	127	37	72	50	33	12	56	60	117	3	70	67	104	6	65	93	54	11	16	61	30	72
0	0	0	0	0	0	0	0	0	0	0	0	0	0	0	0	0	0	0	0	0	0	0	0	0	0	0	0	0	0	0	0	0	0	0	0	0	0	0	0	0	0	0	0	0	0	0	0	0	0	0	0	0	0	0	0	0	0	0	0	0	0	0	0	0	0	0	0	0	0	0	0	0	0	0	0	0	0	0	0	0	0	0	0	0	0	0	0	0	0	0	0	2	52	2	104	69	58	115	91	13	30	119	66	28	48	38	38	47	103	65	123	90	65	33	125	63	88	89	57	88	92	8	99	85	72	20	114
0	0	0	0	0	0	0	0	0	0	0	0	0	0	0	0	0	0	0	0	0	0	0	0	0	0	0	0	0	0	0	0	0	0	0	0	0	0	0	0	0	0	0	0	0	0	0	0	0	0	0	0	0	0	0	0	0	0	0	0	0	0	0	0	0	0	0	0	0	0	0	0	0	0	0	0	0	0	0	0	0	0	0	0	0	0	0	0	0	0	0	0	0	111	100	124	69	110	29	73	15	100	73	51	12	31	5	108	42	32	2	81	6	12	36	59	37	108	55	93	1	85	118	71	8	28	80	128
0	0	0	0	0	0	0	0	0	0	0	0	0	0	0	0	0	0	0	0	0	0	0	0	0	0	0	0	0	0	0	0	0	0	0	0	0	0	0	0	0	0	0	0	0	0	0	0	0	0	0	0	0	0	0	0	0	0	0	0	0	0	0	0	0	0	0	0	0	0	0	0	0	0	0	0	0	0	0	0	0	0	0	0	0	0	0	0	0	0	0	0	0	0	47	66	87	93	72	45	12	107	128	119	124	19	75	1	17	16	31	72	49	123	75	7	77	7	92	63	39	50	94	117	107	101	87	126
0	0	0	0	0	0	0	0	0	0	0	0	0	0	0	0	0	0	0	0	0	0	0	0	0	0	0	0	0	0	0	0	0	0	0	0	0	0	0	0	0	0	0	0	0	0	0	0	0	0	0	0	0	0	0	0	0	0	0	0	0	0	0	0	0	0	0	0	0	0	0	0	0	0	0	0	0	0	0	0	0	0	0	0	0	0	0	0	0	0	0	0	0	0	0	16	109	42	102	11	37	93	128	75	3	108	80	8	29	124	75	46	118	106	120	125	76	14	107	77	123	101	38	69	40	95	64	52
0	0	0	0	0	0	0	0	0	0	0	0	0	0	0	0	0	0	0	0	0	0	0	0	0	0	0	0	0	0	0	0	0	0	0	0	0	0	0	0	0	0	0	0	0	0	0	0	0	0	0	0	0	0	0	0	0	0	0	0	0	0	0	0	0	0	0	0	0	0	0	0	0	0	0	0	0	0	0	0	0	0	0	0	0	0	0	0	0	0	0	0	0	0	0	0	119	127	116	81	99	90	105	124	94	107	125	28	125	85	83	64	116	19	20	82	120	61	84	113	41	127	40	72	118	92	93	17
0	0	0	0	0	0	0	0	0	0	0	0	0	0	0	0	0	0	0	0	0	0	0	0	0	0	0	0	0	0	0	0	0	0	0	0	0	0	0	0	0	0	0	0	0	0	0	0	0	0	0	0	0	0	0	0	0	0	0	0	0	0	0	0	0	0	0	0	0	0	0	0	0	0	0	0	0	0	0	0	0	0	0	0	0	0	0	0	0	0	0	0	0	0	0	0	0	60	15	68	74	96	16	5	29	89	123	115	92	35	62	124	89	14	5	6	21	68	105	62	122	127	61	5	61	7	47	115
0	0	0	0	0	0	0	0	0	0	0	0	0	0	0	0	0	0	0	0	0	0	0	0	0	0	0	0	0	0	0	0	0	0	0	0	0	0	0	0	0	0	0	0	0	0	0	0	0	0	0	0	0	0	0	0	0	0	0	0	0	0	0	0	0	0	0	0	0	0	0	0	0	0	0	0	0	0	0	0	0	0	0	0	0	0	0	0	0	0	0	0	0	0	0	0	0	0	22	37	38	77	93	8	57	33	73	22	128	65	46	20	108	10	126	26	16	83	98	18	35	116	88	32	115	108	14	23
0	0	0	0	0	0	0	0	0	0	0	0	0	0	0	0	0	0	0	0	0	0	0	0	0	0	0	0	0	0	0	0	0	0	0	0	0	0	0	0	0	0	0	0	0	0	0	0	0	0	0	0	0	0	0	0	0	0	0	0	0	0	0	0	0	0	0	0	0	0	0	0	0	0	0	0	0	0	0	0	0	0	0	0	0	0	0	0	0	0	0	0	0	0	0	0	0	0	0	19	100	74	15	38	109	98	72	46	5	85	81	55	126	78	44	111	38	30	123	77	41	68	113	56	106	72	94	97
0	0	0	0	0	0	0	0	0	0	0	0	0	0	0	0	0	0	0	0	0	0	0	0	0	0	0	0	0	0	0	0	0	0	0	0	0	0	0	0	0	0	0	0	0	0	0	0	0	0	0	0	0	0	0	0	0	0	0	0	0	0	0	0	0	0	0	0	0	0	0	0	0	0	0	0	0	0	0	0	0	0	0	0	0	0	0	0	0	0	0	0	0	0	0	0	0	0	0	0	97	19	51	10	108	47	48	113	27	71	74	68	86	102	95	104	15	122	41	18	56	34	67	21	57	62	113	31
0	0	0	0	0	0	0	0	0	0	0	0	0	0	0	0	0	0	0	0	0	0	0	0	0	0	0	0	0	0	0	0	0	0	0	0	0	0	0	0	0	0	0	0	0	0	0	0	0	0	0	0	0	0	0	0	0	0	0	0	0	0	0	0	0	0	0	0	0	0	0	0	0	0	0	0	0	0	0	0	0	0	0	0	0	0	0	0	0	0	0	0	0	0	0	0	0	0	0	0	0	112	86	79	99	49	18	28	62	109	33	81	59	24	104	123	22	73	80	112	117	122	40	44	106	75	98	108
0	0	0	0	0	0	0	0	0	0	0	0	0	0	0	0	0	0	0	0	0	0	0	0	0	0	0	0	0	0	0	0	0	0	0	0	0	0	0	0	0	0	0	0	0	0	0	0	0	0	0	0	0	0	0	0	0	0	0	0	0	0	0	0	0	0	0	0	0	0	0	0	0	0	0	0	0	0	0	0	0	0	0	0	0	0	0	0	0	0	0	0	0	0	0	0	0	0	0	0	0	0	45	82	83	16	10	4	96	114	45	127	77	17	6	31	106	99	89	85	111	71	32	43	102	68	64	78
0	0	0	0	0	0	0	0	0	0	0	0	0	0	0	0	0	0	0	0	0	0	0	0	0	0	0	0	0	0	0	0	0	0	0	0	0	0	0	0	0	0	0	0	0	0	0	0	0	0	0	0	0	0	0	0	0	0	0	0	0	0	0	0	0	0	0	0	0	0	0	0	0	0	0	0	0	0	0	0	0	0	0	0	0	0	0	0	0	0	0	0	0	0	0	0	0	0	0	0	0	0	0	30	39	11	8	49	102	91	104	63	5	62	40	81	124	60	82	57	61	99	55	121	115	108	99	128
0	0	0	0	0	0	0	0	0	0	0	0	0	0	0	0	0	0	0	0	0	0	0	0	0	0	0	0	0	0	0	0	0	0	0	0	0	0	0	0	0	0	0	0	0	0	0	0	0	0	0	0	0	0	0	0	0	0	0	0	0	0	0	0	0	0	0	0	0	0	0	0	0	0	0	0	0	0	0	0	0	0	0	0	0	0	0	0	0	0	0	0	0	0	0	0	0	0	0	0	0	0	0	0	40	90	118	118	101	99	100	51	22	93	97	91	57	53	114	103	38	32	95	17	96	24	110	49
0	0	0	0	0	0	0	0	0	0	0	0	0	0	0	0	0	0	0	0	0	0	0	0	0	0	0	0	0	0	0	0	0	0	0	0	0	0	0	0	0	0	0	0	0	0	0	0	0	0	0	0	0	0	0	0	0	0	0	0	0	0	0	0	0	0	0	0	0	0	0	0	0	0	0	0	0	0	0	0	0	0	0	0	0	0	0	0	0	0	0	0	0	0	0	0	0	0	0	0	0	0	0	0	0	41	95	37	45	115	29	50	77	17	112	4	128	77	69	27	9	51	125	6	57	78	43	3
0	0	0	0	0	0	0	0	0	0	0	0	0	0	0	0	0	0	0	0	0	0	0	0	0	0	0	0	0	0	0	0	0	0	0	0	0	0	0	0	0	0	0	0	0	0	0	0	0	0	0	0	0	0	0	0	0	0	0	0	0	0	0	0	0	0	0	0	0	0	0	0	0	0	0	0	0	0	0	0	0	0	0	0	0	0	0	0	0	0	0	0	0	0	0	0	0	0	0	0	0	0	0	0	0	0	58	68	127	116	119	21	115	77	111	19	63	125	86	84	79	92	75	111	88	117	104	93
0	0	0	0	0	0	0	0	0	0	0	0	0	0	0	0	0	0	0	0	0	0	0	0	0	0	0	0	0	0	0	0	0	0	0	0	0	0	0	0	0	0	0	0	0	0	0	0	0	0	0	0	0	0	0	0	0	0	0	0	0	0	0	0	0	0	0	0	0	0	0	0	0	0	0	0	0	0	0	0	0	0	0	0	0	0	0	0	0	0	0	0	0	0	0	0	0	0	0	0	0	0	0	0	0	0	0	11	77	52	80	39	71	126	89	2	39	59	55	127	56	54	81	66	55	76	128	111
0	0	0	0	0	0	0	0	0	0	0	0	0	0	0	0	0	0	0	0	0	0	0	0	0	0	0	0	0	0	0	0	0	0	0	0	0	0	0	0	0	0	0	0	0	0	0	0	0	0	0	0	0	0	0	0	0	0	0	0	0	0	0	0	0	0	0	0	0	0	0	0	0	0	0	0	0	0	0	0	0	0	0	0	0	0	0	0	0	0	0	0	0	0	0	0	0	0	0	0	0	0	0	0	0	0	0	0	12	90	112	44	82	99	103	61	36	91	128	35	112	66	99	98	57	67	77	100
0	0	0	0	0	0	0	0	0	0	0	0	0	0	0	0	0	0	0	0	0	0	0	0	0	0	0	0	0	0	0	0	0	0	0	0	0	0	0	0	0	0	0	0	0	0	0	0	0	0	0	0	0	0	0	0	0	0	0	0	0	0	0	0	0	0	0	0	0	0	0	0	0	0	0	0	0	0	0	0	0	0	0	0	0	0	0	0	0	0	0	0	0	0	0	0	0	0	0	0	0	0	0	0	0	0	0	0	0	47	82	98	90	74	37	105	4	91	70	123	81	31	61	73	3	53	32	61
0	0	0	0	0	0	0	0	0	0	0	0	0	0	0	0	0	0	0	0	0	0	0	0	0	0	0	0	0	0	0	0	0	0	0	0	0	0	0	0	0	0	0	0	0	0	0	0	0	0	0	0	0	0	0	0	0	0	0	0	0	0	0	0	0	0	0	0	0	0	0	0	0	0	0	0	0	0	0	0	0	0	0	0	0	0	0	0	0	0	0	0	0	0	0	0	0	0	0	0	0	0	0	0	0	0	0	0	0	0	112	100	89	65	66	114	119	96	59	24	65	42	31	128	3	34	63	59
0	0	0	0	0	0	0	0	0	0	0	0	0	0	0	0	0	0	0	0	0	0	0	0	0	0	0	0	0	0	0	0	0	0	0	0	0	0	0	0	0	0	0	0	0	0	0	0	0	0	0	0	0	0	0	0	0	0	0	0	0	0	0	0	0	0	0	0	0	0	0	0	0	0	0	0	0	0	0	0	0	0	0	0	0	0	0	0	0	0	0	0	0	0	0	0	0	0	0	0	0	0	0	0	0	0	0	0	0	0	0	64	69	79	9	59	102	35	25	7	123	113	54	43	10	25	35	14
0	0	0	0	0	0	0	0	0	0	0	0	0	0	0	0	0	0	0	0	0	0	0	0	0	0	0	0	0	0	0	0	0	0	0	0	0	0	0	0	0	0	0	0	0	0	0	0	0	0	0	0	0	0	0	0	0	0	0	0	0	0	0	0	0	0	0	0	0	0	0	0	0	0	0	0	0	0	0	0	0	0	0	0	0	0	0	0	0	0	0	0	0	0	0	0	0	0	0	0	0	0	0	0	0	0	0	0	0	0	0	0	32	112	127	50	17	104	69	67	49	22	114	46	87	68	10	104
0	0	0	0	0	0	0	0	0	0	0	0	0	0	0	0	0	0	0	0	0	0	0	0	0	0	0	0	0	0	0	0	0	0	0	0	0	0	0	0	0	0	0	0	0	0	0	0	0	0	0	0	0	0	0	0	0	0	0	0	0	0	0	0	0	0	0	0	0	0	0	0	0	0	0	0	0	0	0	0	0	0	0	0	0	0	0	0	0	0	0	0	0	0	0	0	0	0	0	0	0	0	0	0	0	0	0	0	0	0	0	0	0	104	122	58	54	36	62	28	98	78	39	98	59	76	61	34
0	0	0	0	0	0	0	0	0	0	0	0	0	0	0	0	0	0	0	0	0	0	0	0	0	0	0	0	0	0	0	0	0	0	0	0	0	0	0	0	0	0	0	0	0	0	0	0	0	0	0	0	0	0	0	0	0	0	0	0	0	0	0	0	0	0	0	0	0	0	0	0	0	0	0	0	0	0	0	0	0	0	0	0	0	0	0	0	0	0	0	0	0	0	0	0	0	0	0	0	0	0	0	0	0	0	0	0	0	0	0	0	0	0	2	74	62	109	60	99	112	13	23	56	110	98	111	8
0	0	0	0	0	0	0	0	0	0	0	0	0	0	0	0	0	0	0	0	0	0	0	0	0	0	0	0	0	0	0	0	0	0	0	0	0	0	0	0	0	0	0	0	0	0	0	0	0	0	0	0	0	0	0	0	0	0	0	0	0	0	0	0	0	0	0	0	0	0	0	0	0	0	0	0	0	0	0	0	0	0	0	0	0	0	0	0	0	0	0	0	0	0	0	0	0	0	0	0	0	0	0	0	0	0	0	0	0	0	0	0	0	0	0	124	81	59	47	86	46	26	40	22	47	41	2	4
0	0	0	0	0	0	0	0	0	0	0	0	0	0	0	0	0	0	0	0	0	0	0	0	0	0	0	0	0	0	0	0	0	0	0	0	0	0	0	0	0	0	0	0	0	0	0	0	0	0	0	0	0	0	0	0	0	0	0	0	0	0	0	0	0	0	0	0	0	0	0	0	0	0	0	0	0	0	0	0	0	0	0	0	0	0	0	0	0	0	0	0	0	0	0	0	0	0	0	0	0	0	0	0	0	0	0	0	0	0	0	0	0	0	0	0	14	80	24	16	3	6	7	28	49	46	100	87
0	0	0	0	0	0	0	0	0	0	0	0	0	0	0	0	0	0	0	0	0	0	0	0	0	0	0	0	0	0	0	0	0	0	0	0	0	0	0	0	0	0	0	0	0	0	0	0	0	0	0	0	0	0	0	0	0	0	0	0	0	0	0	0	0	0	0	0	0	0	0	0	0	0	0	0	0	0	0	0	0	0	0	0	0	0	0	0	0	0	0	0	0	0	0	0	0	0	0	0	0	0	0	0	0	0	0	0	0	0	0	0	0	0	0	0	0	42	32	108	47	63	39	78	7	32	6	63
0	0	0	0	0	0	0	0	0	0	0	0	0	0	0	0	0	0	0	0	0	0	0	0	0	0	0	0	0	0	0	0	0	0	0	0	0	0	0	0	0	0	0	0	0	0	0	0	0	0	0	0	0	0	0	0	0	0	0	0	0	0	0	0	0	0	0	0	0	0	0	0	0	0	0	0	0	0	0	0	0	0	0	0	0	0	0	0	0	0	0	0	0	0	0	0	0	0	0	0	0	0	0	0	0	0	0	0	0	0	0	0	0	0	0	0	0	0	128	63	56	46	109	84	47	7	46	72
0	0	0	0	0	0	0	0	0	0	0	0	0	0	0	0	0	0	0	0	0	0	0	0	0	0	0	0	0	0	0	0	0	0	0	0	0	0	0	0	0	0	0	0	0	0	0	0	0	0	0	0	0	0	0	0	0	0	0	0	0	0	0	0	0	0	0	0	0	0	0	0	0	0	0	0	0	0	0	0	0	0	0	0	0	0	0	0	0	0	0	0	0	0	0	0	0	0	0	0	0	0	0	0	0	0	0	0	0	0	0	0	0	0	0	0	0	0	0	68	5	17	58	18	14	41	26	1
0	0	0	0	0	0	0	0	0	0	0	0	0	0	0	0	0	0	0	0	0	0	0	0	0	0	0	0	0	0	0	0	0	0	0	0	0	0	0	0	0	0	0	0	0	0	0	0	0	0	0	0	0	0	0	0	0	0	0	0	0	0	0	0	0	0	0	0	0	0	0	0	0	0	0	0	0	0	0	0	0	0	0	0	0	0	0	0	0	0	0	0	0	0	0	0	0	0	0	0	0	0	0	0	0	0	0	0	0	0	0	0	0	0	0	0	0	0	0	0	63	62	17	49	89	109	114	61
0	0	0	0	0	0	0	0	0	0	0	0	0	0	0	0	0	0	0	0	0	0	0	0	0	0	0	0	0	0	0	0	0	0	0	0	0	0	0	0	0	0	0	0	0	0	0	0	0	0	0	0	0	0	0	0	0	0	0	0	0	0	0	0	0	0	0	0	0	0	0	0	0	0	0	0	0	0	0	0	0	0	0	0	0	0	0	0	0	0	0	0	0	0	0	0	0	0	0	0	0	0	0	0	0	0	0	0	0	0	0	0	0	0	0	0	0	0	0	0	0	35	72	101	90	40	127	57
0	0	0	0	0	0	0	0	0	0	0	0	0	0	0	0	0	0	0	0	0	0	0	0	0	0	0	0	0	0	0	0	0	0	0	0	0	0	0	0	0	0	0	0	0	0	0	0	0	0	0	0	0	0	0	0	0	0	0	0	0	0	0	0	0	0	0	0	0	0	0	0	0	0	0	0	0	0	0	0	0	0	0	0	0	0	0	0	0	0	0	0	0	0	0	0	0	0	0	0	0	0	0	0	0	0	0	0	0	0	0	0	0	0	0	0	0	0	0	0	0	0	50	64	43	21	36	121
0	0	0	0	0	0	0	0	0	0	0	0	0	0	0	0	0	0	0	0	0	0	0	0	0	0	0	0	0	0	0	0	0	0	0	0	0	0	0	0	0	0	0	0	0	0	0	0	0	0	0	0	0	0	0	0	0	0	0	0	0	0	0	0	0	0	0	0	0	0	0	0	0	0	0	0	0	0	0	0	0	0	0	0	0	0	0	0	0	0	0	0	0	0	0	0	0	0	0	0	0	0	0	0	0	0	0	0	0	0	0	0	0	0	0	0	0	0	0	0	0	0	0	93	77	81	99	128
0	0	0	0	0	0	0	0	0	0	0	0	0	0	0	0	0	0	0	0	0	0	0	0	0	0	0	0	0	0	0	0	0	0	0	0	0	0	0	0	0	0	0	0	0	0	0	0	0	0	0	0	0	0	0	0	0	0	0	0	0	0	0	0	0	0	0	0	0	0	0	0	0	0	0	0	0	0	0	0	0	0	0	0	0	0	0	0	0	0	0	0	0	0	0	0	0	0	0	0	0	0	0	0	0	0	0	0	0	0	0	0	0	0	0	0	0	0	0	0	0	0	0	0	12	4	70	105
0	0	0	0	0	0	0	0	0	0	0	0	0	0	0	0	0	0	0	0	0	0	0	0	0	0	0	0	0	0	0	0	0	0	0	0	0	0	0	0	0	0	0	0	0	0	0	0	0	0	0	0	0	0	0	0	0	0	0	0	0	0	0	0	0	0	0	0	0	0	0	0	0	0	0	0	0	0	0	0	0	0	0	0	0	0	0	0	0	0	0	0	0	0	0	0	0	0	0	0	0	0	0	0	0	0	0	0	0	0	0	0	0	0	0	0	0	0	0	0	0	0	0	0	0	5	50	8
0	0	0	0	0	0	0	0	0	0	0	0	0	0	0	0	0	0	0	0	0	0	0	0	0	0	0	0	0	0	0	0	0	0	0	0	0	0	0	0	0	0	0	0	0	0	0	0	0	0	0	0	0	0	0	0	0	0	0	0	0	0	0	0	0	0	0	0	0	0	0	0	0	0	0	0	0	0	0	0	0	0	0	0	0	0	0	0	0	0	0	0	0	0	0	0	0	0	0	0	0	0	0	0	0	0	0	0	0	0	0	0	0	0	0	0	0	0	0	0	0	0	0	0	0	0	128	82
0	0	0	0	0	0	0	0	0	0	0	0	0	0	0	0	0	0	0	0	0	0	0	0	0	0	0	0	0	0	0	0	0	0	0	0	0	0	0	0	0	0	0	0	0	0	0	0	0	0	0	0	0	0	0	0	0	0	0	0	0	0	0	0	0	0	0	0	0	0	0	0	0	0	0	0	0	0	0	0	0	0	0	0	0	0	0	0	0	0	0	0	0	0	0	0	0	0	0	0	0	0	0	0	0	0	0	0	0	0	0	0	0	0	0	0	0	0	0	0	0	0	0	0	0	0	0	111
0	0	0	0	0	0	0	0	0	0	0	0	0	0	0	0	0	0	0	0	0	0	0	0	0	0	0	0	0	0	0	0	0	0	0	0	0	0	0	0	0	0	0	0	0	0	0	0	0	0	0	0	0	0	0	0	0	0	0	0	0	0	0	0	0	0	0	0	0	0	0	0	0	0	0	0	0	0	0	0	0	0	0	0	0	0	0	0	0	0	0	0	0	0	0	0	0	0	0	0	0	0	0	0	0	0	0	0	0	0	0	0	0	0	0	0	0	0	0	0	0	0	0	0	0	0	0	0