0	99	66	69	55	98	101	110	54	6	45	17	26	118	113	99	88	97	91	59	14	45	56	78	93	37	53	101	70	64	15	97	37	125	20	66	7	39	94	8	15	72	6	106	14	119	93	122	33	126	2	76	66	109	115	114	31	124	28	79	67	63	113	63	36	97	45	33	36	31	57	18	64	64	105	25	79	105	100	94	112	75	61	124	49	2	23	41	112	18	29	87	2	79	7	53	79	114	80	124	126	16	3	23	54	104	113	62	115	98	123	38	105	118	7	42	35	67	31	91	64	79	84	56	109	37	108	94
0	0	1	76	31	81	124	19	23	61	56	26	85	115	97	4	104	52	79	59	58	113	127	119	57	126	71	41	122	76	37	33	67	94	87	54	117	87	10	26	7	31	36	2	31	31	101	85	58	80	6	35	103	112	56	73	108	118	85	41	29	29	46	99	90	110	38	4	83	40	34	94	81	95	26	126	108	76	43	115	28	18	49	102	59	31	88	86	117	22	55	84	126	57	33	37	33	80	38	42	80	34	107	68	4	8	37	84	27	39	61	28	30	32	47	113	117	19	23	45	38	45	68	31	113	17	75	83
0	0	0	20	24	39	111	124	47	128	125	94	13	92	71	93	12	32	115	89	49	111	46	114	6	27	8	101	85	70	118	87	61	29	128	18	116	38	28	70	15	97	109	24	68	81	87	84	5	65	106	107	16	117	17	66	21	88	125	122	34	2	109	12	128	71	8	117	31	6	119	69	78	63	105	77	10	110	25	8	11	85	45	14	7	128	95	8	2	9	48	76	107	124	53	115	108	23	4	87	80	70	113	32	125	90	50	109	76	71	111	81	99	10	92	4	49	81	56	39	119	57	42	101	93	49	16	102
0	0	0	0	91	111	71	96	20	28	68	102	24	120	113	107	44	21	12	74	32	74	80	15	74	18	73	48	78	62	74	96	13	60	121	32	84	85	33	117	115	67	45	77	25	16	71	79	99	27	70	27	114	2	35	14	42	19	67	34	112	120	108	120	125	53	20	36	71	116	1	72	75	30	92	89	39	121	77	41	124	79	87	15	66	68	123	28	30	19	20	71	102	23	36	18	85	43	114	75	37	30	51	89	42	114	49	33	20	31	84	46	116	102	21	122	52	125	43	50	36	73	5	95	43	37	82	106
0	0	0	0	0	1	16	55	84	43	20	16	47	102	83	119	63	36	102	55	74	98	82	82	104	35	11	53	11	3	55	107	4	17	13	124	9	36	55	117	22	111	115	82	40	46	84	66	126	17	48	13	110	7	36	77	122	126	8	50	16	73	10	71	113	61	20	74	114	95	111	52	54	89	79	88	14	88	94	86	71	54	104	7	118	23	36	97	29	117	56	76	34	31	83	17	53	23	38	77	120	71	117	125	98	72	15	104	52	105	121	8	46	24	113	7	49	13	89	45	28	43	123	28	63	119	32	37
0	0	0	0	0	0	51	14	29	93	89	5	60	113	128	71	111	91	87	67	53	93	20	67	79	27	38	116	40	38	1	18	26	103	92	119	114	85	27	6	107	98	72	8	58	125	71	89	81	65	75	89	102	35	106	114	82	116	5	103	20	98	106	51	37	63	57	16	51	21	46	77	2	98	5	43	30	13	37	43	19	86	127	78	20	26	67	39	79	89	48	5	51	76	26	15	68	2	80	106	15	29	72	102	98	91	46	92	3	107	106	30	106	95	124	45	128	66	6	23	126	103	83	26	100	77	31	56
0	0	0	0	0	0	0	50	70	44	22	93	14	60	28	122	118	102	48	20	16	112	9	57	72	15	61	53	124	73	42	80	39	20	60	69	69	2	14	105	7	97	42	88	93	53	31	93	96	36	4	68	53	53	38	94	59	1	55	115	39	43	27	63	40	86	110	17	85	35	31	56	68	47	63	43	111	31	27	67	77	106	6	124	42	42	106	2	85	27	75	105	98	28	124	57	119	9	4	90	83	17	43	35	55	75	59	55	109	44	27	78	99	102	95	69	15	36	15	25	1	100	39	27	37	127	64	67
0	0	0	0	0	0	0	0	8	34	53	65	8	70	2	66	123	5	48	11	86	127	1	61	31	9	91	25	17	73	99	41	35	80	34	9	124	53	33	123	113	86	35	127	9	84	75	41	10	119	126	78	71	8	106	27	123	123	115	126	126	32	39	97	52	89	107	36	33	15	53	118	48	106	38	123	105	90	105	42	56	10	109	82	4	64	93	21	65	22	117	67	71	3	17	56	64	63	89	57	28	67	39	30	107	105	4	1	8	52	7	54	32	40	6	41	62	3	104	7	111	22	110	88	14	12	8	75
0	0	0	0	0	0	0	0	0	120	67	118	85	54	20	10	19	106	17	94	95	57	30	118	39	32	41	114	71	115	62	42	120	79	106	73	19	41	104	77	61	119	125	4	42	124	117	102	40	8	68	45	128	81	40	59	73	2	98	1	26	43	10	18	108	72	35	116	99	126	50	49	65	70	120	21	28	104	69	86	31	114	124	100	72	1	107	124	76	57	30	122	64	46	82	88	83	9	22	5	104	13	99	24	4	122	74	99	39	62	26	62	81	87	114	58	9	101	108	84	13	113	45	80	5	56	64	38
0	0	0	0	0	0	0	0	0	0	96	103	13	87	50	60	11	105	35	5	13	55	55	126	104	26	55	28	99	76	102	8	90	5	36	25	53	52	40	34	13	24	60	49	97	56	53	113	120	37	69	2	104	77	84	28	9	78	99	60	80	108	53	70	123	79	59	103	69	108	2	88	1	41	113	120	64	97	23	24	116	8	18	101	28	12	50	2	16	5	25	94	32	85	37	89	91	71	125	117	80	6	15	74	95	100	124	56	117	16	125	112	95	3	83	120	127	91	66	81	11	66	37	20	126	22	117	47
0	0	0	0	0	0	0	0	0	0	0	19	49	89	25	110	126	74	118	82	92	120	38	51	3	10	42	13	100	11	3	71	30	90	111	68	43	33	116	81	16	83	40	26	3	123	15	4	77	16	73	25	72	60	34	81	19	31	20	90	107	67	40	13	47	71	48	5	101	32	60	29	115	17	26	56	47	112	100	58	115	97	57	96	48	6	72	104	77	15	124	5	44	83	22	77	81	79	32	88	46	26	26	32	22	88	59	18	71	1	35	82	119	31	91	81	45	74	93	97	46	2	17	28	78	6	69	35
0	0	0	0	0	0	0	0	0	0	0	0	124	94	80	127	84	116	66	44	74	116	119	71	91	77	62	33	92	82	106	27	18	88	76	86	10	67	92	32	81	68	68	96	63	57	47	27	99	22	90	10	68	126	23	122	24	101	25	77	83	66	69	105	10	65	89	48	59	66	86	69	90	54	93	29	109	99	45	3	15	49	17	73	49	86	106	15	103	22	92	98	124	117	37	32	104	66	28	118	42	101	99	106	12	89	2	91	62	8	14	47	46	80	30	100	113	49	24	41	3	13	3	67	63	3	30	86
0	0	0	0	0	0	0	0	0	0	0	0	0	109	2	81	60	34	42	101	100	47	71	83	111	57	65	27	39	89	41	63	43	126	45	62	57	43	24	106	79	24	30	23	2	78	18	60	102	62	62	66	118	105	121	32	91	42	15	118	24	26	12	99	60	111	2	122	118	14	114	79	80	2	47	12	120	45	2	113	102	51	119	4	74	1	7	5	89	37	41	49	112	50	81	87	39	23	21	16	40	71	31	18	28	64	5	80	116	77	125	98	125	106	128	106	27	8	34	100	19	60	112	35	102	120	104	5
0	0	0	0	0	0	0	0	0	0	0	0	0	0	60	83	26	50	66	106	72	38	26	104	84	7	24	52	10	23	114	85	83	122	21	87	38	95	43	46	3	121	60	68	28	103	54	48	96	52	105	11	9	6	51	5	7	100	51	86	59	14	51	75	1	128	123	61	108	85	103	128	79	45	75	83	75	58	118	31	18	61	52	85	25	18	44	106	60	84	90	81	83	104	19	109	96	1	69	53	113	41	7	119	74	46	12	39	99	109	88	31	94	30	99	8	70	100	25	68	2	98	85	93	7	32	63	9
0	0	0	0	0	0	0	0	0	0	0	0	0	0	0	76	93	6	34	104	48	112	62	17	47	28	23	117	37	111	49	72	77	127	80	60	62	56	29	123	85	103	128	26	76	93	106	66	31	40	53	35	54	16	17	93	46	14	49	77	92	103	95	71	92	110	127	83	73	55	108	46	106	113	114	17	125	65	54	92	32	10	59	43	31	122	82	82	64	79	30	108	38	84	106	88	97	96	41	67	75	3	128	117	22	100	27	3	30	81	42	70	107	18	120	109	124	3	77	5	17	25	118	51	101	39	121	48
0	0	0	0	0	0	0	0	0	0	0	0	0	0	0	0	40	58	13	96	1	108	96	43	9	94	108	108	42	96	77	75	109	116	73	58	89	5	13	82	11	118	68	105	26	35	26	75	117	91	127	41	89	25	113	26	68	1	123	47	51	74	34	94	20	66	108	112	91	47	7	60	122	24	80	51	51	7	60	41	48	79	86	26	118	57	99	46	62	108	13	25	121	65	68	106	18	99	111	82	10	83	71	64	97	53	46	54	106	120	93	118	39	114	35	94	35	107	31	5	123	101	126	125	15	122	118	114
0	0	0	0	0	0	0	0	0	0	0	0	0	0	0	0	0	30	95	42	111	122	96	107	22	126	55	35	119	63	53	123	26	105	13	60	29	78	12	12	53	81	112	121	25	49	95	40	5	77	87	31	119	97	31	70	65	51	12	73	20	40	26	54	104	52	77	99	83	83	18	109	75	74	30	95	4	18	65	126	52	47	38	46	120	127	67	4	112	16	114	118	50	46	119	60	80	36	35	100	47	51	85	28	15	21	7	93	30	110	116	68	101	49	46	56	93	125	17	28	8	59	37	46	5	116	109	59
0	0	0	0	0	0	0	0	0	0	0	0	0	0	0	0	0	0	88	116	56	117	60	39	51	103	49	9	10	71	8	48	86	16	23	75	13	83	102	26	51	61	121	27	58	108	48	48	125	42	47	63	115	107	55	83	24	3	57	22	43	9	124	2	19	76	53	41	47	37	105	39	85	58	4	44	48	17	19	115	48	55	102	91	128	39	56	92	35	15	83	128	69	72	81	79	79	35	34	125	75	51	90	97	115	78	115	39	88	127	51	36	103	26	76	106	118	102	48	4	55	90	43	86	84	29	102	58
0	0	0	0	0	0	0	0	0	0	0	0	0	0	0	0	0	0	0	67	110	11	112	73	128	108	43	97	123	63	36	99	123	122	76	67	1	2	99	84	60	33	5	118	91	45	37	110	93	104	69	48	50	38	44	13	11	96	47	2	15	70	83	65	119	48	22	58	98	59	88	40	91	89	65	32	1	52	39	90	51	62	36	83	19	112	109	96	31	95	21	36	34	67	92	82	7	43	86	101	44	70	89	108	34	22	99	27	48	25	115	29	45	90	50	93	107	73	90	90	71	24	16	24	14	69	9	104
0	0	0	0	0	0	0	0	0	0	0	0	0	0	0	0	0	0	0	0	2	44	25	74	58	38	109	38	77	115	42	49	58	10	52	93	29	103	104	5	115	24	36	94	31	82	8	17	85	88	113	96	42	110	97	28	61	112	93	23	110	67	103	1	39	16	38	24	118	91	94	42	81	112	108	82	108	48	22	111	39	16	103	88	108	90	59	48	66	17	50	57	122	13	82	4	45	56	68	113	58	116	16	41	39	19	44	22	125	103	124	127	127	113	9	128	115	62	79	68	12	53	109	112	106	115	69	56
0	0	0	0	0	0	0	0	0	0	0	0	0	0	0	0	0	0	0	0	0	30	56	84	77	71	88	120	7	81	105	21	52	53	106	9	95	62	32	88	40	26	109	87	85	48	20	118	77	13	60	86	93	122	118	56	22	111	44	92	98	110	45	25	126	52	118	123	40	19	52	66	21	19	62	54	106	107	37	69	81	110	15	115	10	113	21	28	44	91	47	116	30	118	73	41	40	117	30	42	33	87	4	16	112	93	2	64	19	9	106	116	60	71	8	2	60	29	127	3	35	21	67	104	104	43	95	74
0	0	0	0	0	0	0	0	0	0	0	0	0	0	0	0	0	0	0	0	0	0	26	64	22	25	66	35	103	21	107	128	36	36	70	48	47	30	77	70	53	12	87	82	31	83	94	89	86	32	86	47	8	102	33	83	40	86	111	32	51	62	29	84	34	41	57	23	17	100	126	90	113	90	81	7	76	73	101	60	32	38	4	18	26	122	111	27	68	24	75	37	27	93	117	41	122	13	77	119	84	10	86	22	62	50	26	40	81	85	83	80	55	51	65	119	61	120	30	21	126	97	117	112	52	49	52	63
0	0	0	0	0	0	0	0	0	0	0	0	0	0	0	0	0	0	0	0	0	0	0	70	66	48	127	44	25	49	94	128	37	50	93	51	32	95	77	78	110	121	74	38	59	89	66	73	95	14	85	91	118	25	78	73	25	96	13	65	95	88	9	72	117	37	100	65	24	124	63	18	14	52	16	23	45	118	72	35	69	78	94	10	7	108	45	50	44	69	25	62	93	73	103	23	85	19	103	55	7	35	112	125	122	122	105	34	119	95	84	40	53	57	126	100	88	41	115	85	29	74	92	82	125	107	14	24
0	0	0	0	0	0	0	0	0	0	0	0	0	0	0	0	0	0	0	0	0	0	0	0	95	14	117	61	101	74	39	121	100	48	33	16	67	54	14	124	51	21	85	94	110	122	101	58	123	31	13	106	40	12	99	22	53	42	82	72	97	86	26	106	40	1	7	120	65	125	126	124	74	41	106	79	31	88	77	59	109	107	124	101	91	89	7	31	33	64	124	103	31	127	45	101	11	3	105	52	96	107	39	31	104	58	62	80	101	94	45	110	64	16	79	58	63	30	103	7	29	112	97	21	28	8	121	21
0	0	0	0	0	0	0	0	0	0	0	0	0	0	0	0	0	0	0	0	0	0	0	0	0	46	128	105	111	105	70	76	50	21	42	17	69	58	92	128	113	113	94	108	42	8	36	96	22	15	98	75	38	68	82	83	23	32	38	71	4	56	118	121	117	114	45	8	53	114	42	28	103	49	12	39	78	86	54	16	128	123	85	21	32	51	116	68	116	111	111	52	116	116	98	116	97	64	51	28	32	50	37	87	115	2	98	44	58	24	89	63	5	126	27	46	100	64	19	74	89	61	48	84	12	66	53	57
0	0	0	0	0	0	0	0	0	0	0	0	0	0	0	0	0	0	0	0	0	0	0	0	0	0	90	120	59	97	13	77	46	40	41	6	55	64	121	12	89	110	29	83	38	33	50	58	20	39	115	105	90	76	94	68	42	104	61	101	51	112	48	33	15	56	105	28	62	123	12	126	19	22	107	57	83	12	24	86	32	34	83	75	85	92	3	12	81	59	21	13	62	103	38	126	79	50	27	116	49	83	98	94	69	88	51	84	39	127	126	12	68	3	121	18	43	65	86	89	50	28	82	111	46	39	107	95
0	0	0	0	0	0	0	0	0	0	0	0	0	0	0	0	0	0	0	0	0	0	0	0	0	0	0	125	22	4	25	72	45	86	111	88	6	19	97	47	105	78	6	11	40	103	8	49	20	88	4	24	15	112	110	29	48	2	11	88	95	68	127	115	5	84	29	18	52	28	127	13	116	88	67	115	15	6	94	4	74	97	85	117	67	87	28	110	3	97	92	124	94	76	14	95	17	75	51	60	100	43	3	101	14	52	3	109	5	12	113	22	103	103	14	125	88	35	75	95	103	20	97	86	120	75	95	67
0	0	0	0	0	0	0	0	0	0	0	0	0	0	0	0	0	0	0	0	0	0	0	0	0	0	0	0	67	97	123	93	121	103	33	30	31	93	34	104	41	61	30	33	128	10	73	59	47	11	94	74	98	37	96	121	37	63	82	101	54	33	101	123	15	23	71	53	6	111	75	6	41	2	73	61	80	48	2	44	106	67	4	113	26	36	120	97	108	61	67	109	5	5	58	100	92	20	52	128	91	36	31	47	87	59	85	18	9	75	34	60	72	81	102	21	87	90	18	96	60	27	51	40	68	51	69	78
0	0	0	0	0	0	0	0	0	0	0	0	0	0	0	0	0	0	0	0	0	0	0	0	0	0	0	0	0	115	1	33	35	70	111	52	124	112	17	118	25	61	10	1	28	80	92	20	109	24	66	81	23	11	5	62	77	112	48	63	10	109	24	1	28	91	40	30	104	51	35	80	55	25	93	20	40	14	42	6	82	7	34	2	38	32	1	20	22	37	55	126	76	125	18	112	16	54	95	127	66	15	37	102	13	122	118	114	49	104	71	114	36	77	78	125	91	112	72	24	82	108	81	29	79	127	102	121
0	0	0	0	0	0	0	0	0	0	0	0	0	0	0	0	0	0	0	0	0	0	0	0	0	0	0	0	0	0	124	31	12	85	97	88	94	118	15	23	3	33	46	120	108	123	116	114	128	60	29	73	126	116	122	67	34	128	30	42	104	51	9	20	113	123	93	51	113	53	53	110	18	33	100	70	55	8	3	15	43	63	12	5	50	80	28	56	104	90	14	92	58	64	67	103	114	79	52	57	5	12	104	73	120	59	128	42	84	127	82	124	118	21	59	53	19	41	122	14	66	28	99	52	107	54	104	96
0	0	0	0	0	0	0	0	0	0	0	0	0	0	0	0	0	0	0	0	0	0	0	0	0	0	0	0	0	0	0	54	17	81	7	47	86	44	15	119	75	96	33	99	105	116	121	124	46	70	15	107	66	70	92	76	56	40	32	12	40	62	27	104	33	105	125	47	71	117	118	108	74	69	70	108	70	14	75	41	114	30	65	97	6	21	124	18	60	117	77	78	85	28	19	54	88	93	118	26	7	82	81	38	76	91	44	114	90	37	94	23	86	21	51	104	22	114	103	83	69	122	74	115	100	119	128	93
0	0	0	0	0	0	0	0	0	0	0	0	0	0	0	0	0	0	0	0	0	0	0	0	0	0	0	0	0	0	0	0	80	87	51	58	4	50	35	61	82	25	66	117	47	92	53	103	68	75	15	66	100	7	58	121	97	50	55	104	11	60	90	67	70	10	112	115	113	95	73	101	37	28	128	75	120	87	37	9	72	64	61	97	82	27	14	12	13	7	35	88	24	41	79	28	54	61	63	99	108	15	97	123	83	4	52	87	24	47	34	57	64	79	16	58	93	106	77	122	95	100	25	116	27	76	21	71
0	0	0	0	0	0	0	0	0	0	0	0	0	0	0	0	0	0	0	0	0	0	0	0	0	0	0	0	0	0	0	0	0	55	108	119	107	31	109	41	11	99	125	49	76	83	116	58	74	54	89	21	118	114	102	56	124	41	64	3	75	33	48	35	54	61	81	37	4	125	81	79	26	66	56	115	68	69	30	4	58	58	82	52	38	60	3	15	84	69	117	63	74	127	115	41	27	99	83	15	115	100	73	1	43	123	116	113	57	9	3	73	98	102	80	123	12	92	124	87	37	5	35	4	88	62	6	16
0	0	0	0	0	0	0	0	0	0	0	0	0	0	0	0	0	0	0	0	0	0	0	0	0	0	0	0	0	0	0	0	0	0	83	20	74	60	118	115	75	3	118	83	119	62	19	80	76	115	53	91	26	37	50	83	62	75	128	9	63	25	73	15	60	65	3	35	71	14	123	15	26	73	79	33	29	33	45	92	77	105	16	107	105	38	58	89	102	92	35	40	57	100	110	105	12	22	47	123	41	74	101	71	27	75	39	59	82	40	66	108	41	71	73	61	86	51	101	79	2	6	1	25	11	35	96	106
0	0	0	0	0	0	0	0	0	0	0	0	0	0	0	0	0	0	0	0	0	0	0	0	0	0	0	0	0	0	0	0	0	0	0	85	91	104	44	23	80	108	125	63	126	119	97	9	38	13	75	62	93	42	57	39	50	39	106	98	3	93	63	104	103	86	121	102	109	62	35	87	29	30	60	42	77	109	116	99	79	88	10	106	90	118	7	20	106	47	7	101	18	40	118	29	37	59	38	26	98	65	36	20	102	45	30	57	54	18	111	112	109	28	22	16	106	60	109	117	75	42	62	22	116	63	106	96
0	0	0	0	0	0	0	0	0	0	0	0	0	0	0	0	0	0	0	0	0	0	0	0	0	0	0	0	0	0	0	0	0	0	0	0	31	2	38	36	128	108	50	45	43	107	111	119	5	45	31	33	62	11	54	100	97	36	48	19	9	36	98	75	57	66	41	97	112	111	20	107	17	114	104	51	55	71	49	94	73	57	60	57	103	55	75	6	63	22	68	58	120	118	45	123	19	37	116	109	18	86	54	15	39	55	77	84	122	119	20	10	30	106	18	42	67	116	62	55	41	102	125	32	70	67	74	92
0	0	0	0	0	0	0	0	0	0	0	0	0	0	0	0	0	0	0	0	0	0	0	0	0	0	0	0	0	0	0	0	0	0	0	0	0	33	42	113	24	39	44	75	40	25	50	73	108	50	24	96	101	120	52	86	12	12	50	107	71	116	1	65	51	87	94	118	91	51	57	32	43	26	78	79	35	108	105	96	122	115	112	98	63	38	115	33	114	70	104	114	41	76	121	46	115	10	37	46	124	81	54	11	80	41	87	74	14	89	17	58	81	104	122	43	3	29	77	49	70	4	23	31	29	40	24	38
0	0	0	0	0	0	0	0	0	0	0	0	0	0	0	0	0	0	0	0	0	0	0	0	0	0	0	0	0	0	0	0	0	0	0	0	0	0	113	2	70	101	115	83	110	43	90	128	42	109	56	28	43	110	78	71	78	89	1	7	83	95	20	17	121	12	65	27	11	64	7	105	53	5	125	99	93	9	18	67	94	8	27	58	31	2	59	33	39	43	45	80	125	49	108	82	10	51	21	24	39	47	21	50	45	43	83	49	78	59	32	20	8	51	121	58	82	24	70	4	3	22	29	120	63	61	45	68
0	0	0	0	0	0	0	0	0	0	0	0	0	0	0	0	0	0	0	0	0	0	0	0	0	0	0	0	0	0	0	0	0	0	0	0	0	0	0	94	75	45	81	40	69	64	22	81	108	13	31	26	58	60	82	40	78	44	21	10	126	56	50	31	105	93	30	106	78	122	22	115	97	23	68	111	61	85	122	66	12	27	54	34	12	103	22	111	30	105	35	89	73	93	113	87	125	51	68	68	106	20	29	81	68	98	10	94	66	95	95	44	95	73	11	72	49	81	88	120	88	101	35	51	84	21	48	27
0	0	0	0	0	0	0	0	0	0	0	0	0	0	0	0	0	0	0	0	0	0	0	0	0	0	0	0	0	0	0	0	0	0	0	0	0	0	0	0	125	35	87	115	38	65	85	61	7	63	59	118	109	23	115	51	63	96	5	119	8	46	17	42	95	71	88	116	49	87	106	95	83	86	65	116	95	125	99	59	9	5	13	109	104	14	33	41	10	84	112	76	50	24	54	30	91	38	110	87	110	87	98	36	124	16	63	85	100	96	53	85	1	55	99	67	43	81	36	97	3	34	84	79	38	83	90	107
0	0	0	0	0	0	0	0	0	0	0	0	0	0	0	0	0	0	0	0	0	0	0	0	0	0	0	0	0	0	0	0	0	0	0	0	0	0	0	0	0	64	1	102	14	99	31	116	73	42	24	39	37	39	37	41	90	114	101	82	12	12	4	3	110	53	22	119	42	4	41	24	105	25	83	34	33	123	14	116	18	68	37	103	9	2	102	97	17	48	102	23	89	101	112	63	101	69	56	100	110	25	18	92	29	63	86	69	94	3	79	128	14	81	104	92	42	87	117	38	53	32	5	95	117	57	11	44
0	0	0	0	0	0	0	0	0	0	0	0	0	0	0	0	0	0	0	0	0	0	0	0	0	0	0	0	0	0	0	0	0	0	0	0	0	0	0	0	0	0	19	113	58	3	41	63	2	39	48	3	99	88	41	31	83	90	94	76	77	35	44	50	120	30	99	115	66	75	117	65	102	119	62	78	61	79	52	109	115	14	15	47	64	93	72	114	40	71	95	55	26	96	22	47	123	11	66	114	75	65	93	90	6	53	62	46	45	7	40	23	33	31	95	67	83	31	95	40	72	51	32	105	91	125	69	122
0	0	0	0	0	0	0	0	0	0	0	0	0	0	0	0	0	0	0	0	0	0	0	0	0	0	0	0	0	0	0	0	0	0	0	0	0	0	0	0	0	0	0	112	110	33	13	126	9	69	76	90	39	68	43	53	45	54	7	99	19	60	107	44	99	17	10	107	117	120	3	89	39	101	23	72	69	101	103	23	113	128	110	119	112	33	126	121	15	75	22	58	22	6	98	39	105	23	9	106	53	7	40	32	81	47	50	97	32	85	72	64	9	22	47	61	2	30	24	80	87	76	73	82	21	18	54	98
0	0	0	0	0	0	0	0	0	0	0	0	0	0	0	0	0	0	0	0	0	0	0	0	0	0	0	0	0	0	0	0	0	0	0	0	0	0	0	0	0	0	0	0	6	3	17	92	120	39	94	74	44	41	28	2	58	93	66	68	108	20	69	60	52	2	43	58	23	117	63	112	67	114	116	4	53	113	83	89	42	51	3	107	24	39	50	16	85	34	78	110	57	105	117	18	26	8	60	65	80	32	74	63	41	118	35	67	99	58	58	76	119	106	105	43	96	3	106	79	18	36	19	82	18	47	124	79
0	0	0	0	0	0	0	0	0	0	0	0	0	0	0	0	0	0	0	0	0	0	0	0	0	0	0	0	0	0	0	0	0	0	0	0	0	0	0	0	0	0	0	0	0	88	88	2	21	105	72	43	108	31	50	92	75	39	24	124	108	24	38	50	9	75	28	5	10	7	118	32	7	13	24	99	9	22	7	42	20	115	11	105	105	110	11	59	4	71	65	99	3	62	127	38	113	74	19	15	112	18	37	106	48	38	34	108	77	53	121	61	119	100	56	22	114	42	110	47	24	36	128	67	75	19	72	55
0	0	0	0	0	0	0	0	0	0	0	0	0	0	0	0	0	0	0	0	0	0	0	0	0	0	0	0	0	0	0	0	0	0	0	0	0	0	0	0	0	0	0	0	0	0	35	37	74	109	50	72	72	12	126	19	91	53	119	59	125	35	56	39	45	2	24	113	2	61	18	55	122	67	124	30	89	30	26	64	49	32	103	38	73	69	104	46	65	70	23	30	103	74	30	83	38	42	6	72	103	98	51	107	75	115	15	59	62	31	19	74	79	69	32	95	76	119	79	20	52	56	121	127	22	61	110	102
0	0	0	0	0	0	0	0	0	0	0	0	0	0	0	0	0	0	0	0	0	0	0	0	0	0	0	0	0	0	0	0	0	0	0	0	0	0	0	0	0	0	0	0	0	0	0	73	103	10	71	128	22	110	54	29	54	71	31	54	26	11	36	24	53	33	76	114	67	53	125	8	100	111	66	83	72	41	8	7	32	39	114	37	51	16	117	61	80	107	81	107	117	108	77	77	50	32	18	127	34	10	101	22	72	42	64	85	94	117	90	125	109	85	94	70	115	76	40	113	123	95	17	82	48	76	66	94
0	0	0	0	0	0	0	0	0	0	0	0	0	0	0	0	0	0	0	0	0	0	0	0	0	0	0	0	0	0	0	0	0	0	0	0	0	0	0	0	0	0	0	0	0	0	0	0	90	54	41	54	30	44	82	40	67	46	15	62	67	121	88	5	108	87	48	36	127	118	84	21	74	85	86	39	60	23	65	123	5	18	3	95	104	83	106	78	5	15	35	43	109	3	46	67	17	119	49	13	26	99	110	118	123	106	54	77	40	65	128	122	119	46	112	65	16	31	20	122	35	36	6	48	17	88	13	69
0	0	0	0	0	0	0	0	0	0	0	0	0	0	0	0	0	0	0	0	0	0	0	0	0	0	0	0	0	0	0	0	0	0	0	0	0	0	0	0	0	0	0	0	0	0	0	0	0	36	113	82	37	82	126	46	68	44	75	82	1	104	79	6	20	94	113	81	39	122	84	119	60	28	112	13	77	9	86	127	118	77	12	62	58	51	64	124	26	99	69	81	50	16	119	45	79	50	97	45	109	20	30	101	40	28	102	28	105	58	5	5	15	70	6	54	104	91	18	98	119	79	59	128	89	24	61	110
0	0	0	0	0	0	0	0	0	0	0	0	0	0	0	0	0	0	0	0	0	0	0	0	0	0	0	0	0	0	0	0	0	0	0	0	0	0	0	0	0	0	0	0	0	0	0	0	0	0	73	117	39	88	99	33	114	23	86	33	1	114	6	83	44	31	122	16	77	125	45	115	128	2	13	65	2	16	79	81	26	110	9	23	61	68	17	53	75	117	120	111	82	12	50	76	32	78	104	55	51	47	76	14	28	32	123	76	114	121	113	15	111	62	53	33	57	22	69	95	121	16	58	75	42	56	67	12
0	0	0	0	0	0	0	0	0	0	0	0	0	0	0	0	0	0	0	0	0	0	0	0	0	0	0	0	0	0	0	0	0	0	0	0	0	0	0	0	0	0	0	0	0	0	0	0	0	0	0	92	117	76	119	67	55	96	97	110	77	32	10	34	70	31	80	11	76	27	116	37	70	88	3	84	103	24	26	29	31	17	121	3	107	33	68	57	24	118	29	54	25	87	40	89	109	4	65	75	1	121	29	32	10	7	102	73	87	9	115	126	49	36	28	72	67	26	2	29	27	46	58	91	42	101	8	17
0	0	0	0	0	0	0	0	0	0	0	0	0	0	0	0	0	0	0	0	0	0	0	0	0	0	0	0	0	0	0	0	0	0	0	0	0	0	0	0	0	0	0	0	0	0	0	0	0	0	0	0	39	14	32	76	70	9	34	12	103	100	14	45	6	28	3	44	13	44	61	22	113	50	112	64	120	63	79	8	127	24	112	70	11	107	26	13	84	87	58	62	29	94	44	70	109	55	82	75	81	106	77	83	62	3	121	98	123	121	21	125	109	5	71	52	35	78	11	128	100	46	57	108	28	91	118	64
0	0	0	0	0	0	0	0	0	0	0	0	0	0	0	0	0	0	0	0	0	0	0	0	0	0	0	0	0	0	0	0	0	0	0	0	0	0	0	0	0	0	0	0	0	0	0	0	0	0	0	0	0	123	77	109	95	107	124	41	127	51	107	33	52	61	45	47	79	22	97	18	72	100	84	85	81	77	63	1	13	74	124	120	52	19	69	109	83	98	87	60	29	37	52	22	101	45	81	86	14	17	41	15	72	68	65	61	6	11	79	31	72	97	73	73	68	83	111	59	28	20	99	36	69	88	4	64
0	0	0	0	0	0	0	0	0	0	0	0	0	0	0	0	0	0	0	0	0	0	0	0	0	0	0	0	0	0	0	0	0	0	0	0	0	0	0	0	0	0	0	0	0	0	0	0	0	0	0	0	0	0	25	87	116	114	10	78	108	90	36	72	79	4	1	49	83	48	30	69	29	66	86	43	15	21	104	42	78	60	18	35	29	70	94	73	69	111	124	106	12	110	42	72	86	104	4	117	45	124	14	56	44	107	107	26	58	109	90	19	88	79	106	38	100	119	77	57	27	85	107	9	43	39	100	110
0	0	0	0	0	0	0	0	0	0	0	0	0	0	0	0	0	0	0	0	0	0	0	0	0	0	0	0	0	0	0	0	0	0	0	0	0	0	0	0	0	0	0	0	0	0	0	0	0	0	0	0	0	0	0	97	121	18	117	20	101	53	121	43	112	71	39	61	54	107	112	48	120	32	63	7	8	120	4	7	10	27	1	79	94	114	18	22	25	96	123	123	104	1	56	67	46	116	54	58	11	52	60	2	85	121	103	119	54	82	1	18	28	113	66	105	104	44	98	68	16	71	74	100	17	41	86	59
0	0	0	0	0	0	0	0	0	0	0	0	0	0	0	0	0	0	0	0	0	0	0	0	0	0	0	0	0	0	0	0	0	0	0	0	0	0	0	0	0	0	0	0	0	0	0	0	0	0	0	0	0	0	0	0	96	44	120	78	64	35	91	101	116	97	66	98	83	41	8	70	8	62	89	33	9	26	19	1	28	16	87	26	113	78	10	54	75	59	29	107	112	68	109	47	44	46	41	38	49	56	39	124	97	56	77	90	59	4	92	53	86	38	85	62	114	118	56	28	33	55	40	55	9	31	111	42
0	0	0	0	0	0	0	0	0	0	0	0	0	0	0	0	0	0	0	0	0	0	0	0	0	0	0	0	0	0	0	0	0	0	0	0	0	0	0	0	0	0	0	0	0	0	0	0	0	0	0	0	0	0	0	0	0	111	122	71	3	11	35	75	94	23	55	106	56	33	31	54	36	51	56	12	6	92	17	8	53	35	79	5	81	63	39	70	106	44	116	106	54	44	125	116	112	118	87	48	70	14	18	94	32	70	38	16	17	37	122	114	115	37	56	2	102	59	22	82	74	48	76	26	96	54	6	72
0	0	0	0	0	0	0	0	0	0	0	0	0	0	0	0	0	0	0	0	0	0	0	0	0	0	0	0	0	0	0	0	0	0	0	0	0	0	0	0	0	0	0	0	0	0	0	0	0	0	0	0	0	0	0	0	0	0	41	70	38	89	26	48	123	3	50	124	12	29	32	66	20	108	12	122	96	33	35	16	89	50	35	84	22	103	21	63	109	94	86	28	115	85	103	23	39	23	76	97	119	4	96	84	52	71	86	82	97	5	39	35	20	117	121	33	9	124	1	82	41	54	95	128	74	50	75	99
0	0	0	0	0	0	0	0	0	0	0	0	0	0	0	0	0	0	0	0	0	0	0	0	0	0	0	0	0	0	0	0	0	0	0	0	0	0	0	0	0	0	0	0	0	0	0	0	0	0	0	0	0	0	0	0	0	0	0	15	23	20	84	124	36	123	28	99	83	98	31	121	73	4	46	94	78	106	50	10	16	93	124	67	6	8	97	103	75	63	66	56	128	42	97	99	5	72	54	72	75	115	66	29	127	27	77	53	74	17	78	24	78	69	19	64	4	74	27	43	125	35	74	108	88	26	14	96
0	0	0	0	0	0	0	0	0	0	0	0	0	0	0	0	0	0	0	0	0	0	0	0	0	0	0	0	0	0	0	0	0	0	0	0	0	0	0	0	0	0	0	0	0	0	0	0	0	0	0	0	0	0	0	0	0	0	0	0	5	111	34	91	5	38	6	85	10	70	120	20	94	7	91	15	99	110	27	10	117	103	55	45	116	29	50	83	23	59	65	98	46	93	56	15	65	63	19	26	24	96	33	43	9	113	21	75	38	10	93	49	12	114	87	74	114	10	80	79	11	41	97	52	115	115	57	44
0	0	0	0	0	0	0	0	0	0	0	0	0	0	0	0	0	0	0	0	0	0	0	0	0	0	0	0	0	0	0	0	0	0	0	0	0	0	0	0	0	0	0	0	0	0	0	0	0	0	0	0	0	0	0	0	0	0	0	0	0	54	115	78	60	62	24	33	59	69	109	99	53	69	110	40	18	83	78	40	55	121	70	84	2	73	48	45	37	38	110	19	52	39	104	27	51	48	23	1	70	127	115	82	8	54	16	96	120	99	11	79	78	90	124	26	118	127	109	110	63	92	81	55	57	81	37	44
0	0	0	0	0	0	0	0	0	0	0	0	0	0	0	0	0	0	0	0	0	0	0	0	0	0	0	0	0	0	0	0	0	0	0	0	0	0	0	0	0	0	0	0	0	0	0	0	0	0	0	0	0	0	0	0	0	0	0	0	0	0	116	40	112	78	99	92	85	45	3	70	86	50	7	114	55	99	103	63	70	114	107	118	90	11	95	48	42	17	36	47	54	49	22	60	101	115	3	121	90	96	41	74	56	74	97	97	105	21	62	104	107	95	94	98	82	56	104	114	62	17	114	4	128	108	85	118
0	0	0	0	0	0	0	0	0	0	0	0	0	0	0	0	0	0	0	0	0	0	0	0	0	0	0	0	0	0	0	0	0	0	0	0	0	0	0	0	0	0	0	0	0	0	0	0	0	0	0	0	0	0	0	0	0	0	0	0	0	0	0	120	11	44	40	4	123	92	29	20	127	51	21	116	85	89	59	14	38	101	102	82	57	107	120	5	14	113	78	13	62	42	80	28	93	47	42	9	14	4	18	2	63	118	3	2	122	60	80	106	21	33	63	91	40	52	2	21	50	118	39	38	90	11	14	94
0	0	0	0	0	0	0	0	0	0	0	0	0	0	0	0	0	0	0	0	0	0	0	0	0	0	0	0	0	0	0	0	0	0	0	0	0	0	0	0	0	0	0	0	0	0	0	0	0	0	0	0	0	0	0	0	0	0	0	0	0	0	0	0	120	10	29	43	48	115	126	101	36	8	5	68	11	40	37	76	93	92	119	118	8	52	106	24	121	88	98	36	101	60	51	2	89	5	63	65	24	127	89	6	55	13	110	119	20	105	109	71	78	92	94	55	121	49	58	81	62	32	88	114	116	43	117	97
0	0	0	0	0	0	0	0	0	0	0	0	0	0	0	0	0	0	0	0	0	0	0	0	0	0	0	0	0	0	0	0	0	0	0	0	0	0	0	0	0	0	0	0	0	0	0	0	0	0	0	0	0	0	0	0	0	0	0	0	0	0	0	0	0	69	82	126	64	61	57	23	70	74	106	71	86	95	86	93	49	121	10	50	13	124	74	123	38	125	116	28	111	5	100	111	13	13	119	21	81	4	91	42	45	29	21	73	116	84	93	31	34	39	77	127	68	77	113	54	62	115	94	114	118	62	66	89
0	0	0	0	0	0	0	0	0	0	0	0	0	0	0	0	0	0	0	0	0	0	0	0	0	0	0	0	0	0	0	0	0	0	0	0	0	0	0	0	0	0	0	0	0	0	0	0	0	0	0	0	0	0	0	0	0	0	0	0	0	0	0	0	0	0	60	58	107	119	96	31	71	58	28	98	61	110	120	124	71	53	115	114	126	72	38	47	95	85	14	113	8	37	54	37	103	96	50	64	22	92	78	50	57	114	76	47	79	93	98	115	13	31	88	61	10	104	107	29	104	53	116	67	69	106	45	96
0	0	0	0	0	0	0	0	0	0	0	0	0	0	0	0	0	0	0	0	0	0	0	0	0	0	0	0	0	0	0	0	0	0	0	0	0	0	0	0	0	0	0	0	0	0	0	0	0	0	0	0	0	0	0	0	0	0	0	0	0	0	0	0	0	0	0	62	126	52	50	21	79	92	76	23	74	61	31	106	2	32	47	4	7	98	69	92	77	70	96	69	122	57	88	47	112	72	72	113	81	115	6	54	51	74	80	77	34	101	18	78	84	11	124	42	66	83	94	5	128	25	16	37	119	9	68	126
0	0	0	0	0	0	0	0	0	0	0	0	0	0	0	0	0	0	0	0	0	0	0	0	0	0	0	0	0	0	0	0	0	0	0	0	0	0	0	0	0	0	0	0	0	0	0	0	0	0	0	0	0	0	0	0	0	0	0	0	0	0	0	0	0	0	0	0	74	67	103	115	22	73	77	57	62	63	54	41	49	52	69	22	27	121	4	27	104	26	11	35	63	125	29	33	41	105	36	45	65	118	127	83	68	40	106	84	59	124	119	15	91	18	44	1	97	82	12	25	63	100	126	77	43	53	30	39
0	0	0	0	0	0	0	0	0	0	0	0	0	0	0	0	0	0	0	0	0	0	0	0	0	0	0	0	0	0	0	0	0	0	0	0	0	0	0	0	0	0	0	0	0	0	0	0	0	0	0	0	0	0	0	0	0	0	0	0	0	0	0	0	0	0	0	0	0	107	58	45	78	125	124	47	102	96	23	56	85	53	44	26	70	24	92	53	15	61	120	7	80	33	75	93	28	11	104	62	5	20	87	38	42	92	100	66	73	22	33	11	103	39	105	10	18	49	118	82	93	99	84	21	79	34	35	81
0	0	0	0	0	0	0	0	0	0	0	0	0	0	0	0	0	0	0	0	0	0	0	0	0	0	0	0	0	0	0	0	0	0	0	0	0	0	0	0	0	0	0	0	0	0	0	0	0	0	0	0	0	0	0	0	0	0	0	0	0	0	0	0	0	0	0	0	0	0	41	122	44	15	48	29	34	68	48	76	23	43	60	67	100	123	61	55	42	14	26	86	13	21	80	52	38	74	106	32	47	63	26	115	124	120	14	82	40	10	90	20	12	59	114	43	120	69	103	7	41	44	25	36	22	7	101	123
0	0	0	0	0	0	0	0	0	0	0	0	0	0	0	0	0	0	0	0	0	0	0	0	0	0	0	0	0	0	0	0	0	0	0	0	0	0	0	0	0	0	0	0	0	0	0	0	0	0	0	0	0	0	0	0	0	0	0	0	0	0	0	0	0	0	0	0	0	0	0	88	64	102	99	32	27	8	7	90	96	90	19	84	63	118	91	76	64	53	48	111	124	31	90	121	59	109	114	45	56	24	49	43	50	12	72	104	27	67	104	111	125	23	6	84	111	85	31	106	14	61	32	26	30	57	78	72
0	0	0	0	0	0	0	0	0	0	0	0	0	0	0	0	0	0	0	0	0	0	0	0	0	0	0	0	0	0	0	0	0	0	0	0	0	0	0	0	0	0	0	0	0	0	0	0	0	0	0	0	0	0	0	0	0	0	0	0	0	0	0	0	0	0	0	0	0	0	0	0	91	10	1	64	60	26	10	96	57	15	86	26	21	36	75	68	128	45	61	43	64	51	67	101	23	96	5	99	124	22	113	12	128	115	93	48	42	94	16	34	88	92	38	49	16	3	46	108	6	95	49	31	92	13	90	28
0	0	0	0	0	0	0	0	0	0	0	0	0	0	0	0	0	0	0	0	0	0	0	0	0	0	0	0	0	0	0	0	0	0	0	0	0	0	0	0	0	0	0	0	0	0	0	0	0	0	0	0	0	0	0	0	0	0	0	0	0	0	0	0	0	0	0	0	0	0	0	0	0	41	11	18	71	102	123	128	123	85	39	18	13	27	5	124	93	101	100	118	81	62	113	96	74	64	51	72	10	28	29	9	12	126	101	123	10	16	124	102	92	72	123	45	97	102	6	72	84	94	19	16	59	59	46	60
0	0	0	0	0	0	0	0	0	0	0	0	0	0	0	0	0	0	0	0	0	0	0	0	0	0	0	0	0	0	0	0	0	0	0	0	0	0	0	0	0	0	0	0	0	0	0	0	0	0	0	0	0	0	0	0	0	0	0	0	0	0	0	0	0	0	0	0	0	0	0	0	0	0	120	119	3	88	61	104	43	81	52	106	7	77	85	26	118	79	14	8	47	102	94	68	82	23	94	73	53	115	120	3	33	24	30	97	100	13	80	120	79	20	77	43	99	43	102	119	112	98	91	127	91	88	125	93
0	0	0	0	0	0	0	0	0	0	0	0	0	0	0	0	0	0	0	0	0	0	0	0	0	0	0	0	0	0	0	0	0	0	0	0	0	0	0	0	0	0	0	0	0	0	0	0	0	0	0	0	0	0	0	0	0	0	0	0	0	0	0	0	0	0	0	0	0	0	0	0	0	0	0	124	32	89	1	92	24	70	24	67	36	12	84	94	70	115	37	11	89	105	120	7	1	10	114	127	51	112	128	57	109	77	123	51	19	65	29	97	32	109	51	86	86	74	50	16	21	50	107	59	49	18	1	111
0	0	0	0	0	0	0	0	0	0	0	0	0	0	0	0	0	0	0	0	0	0	0	0	0	0	0	0	0	0	0	0	0	0	0	0	0	0	0	0	0	0	0	0	0	0	0	0	0	0	0	0	0	0	0	0	0	0	0	0	0	0	0	0	0	0	0	0	0	0	0	0	0	0	0	0	5	2	21	72	83	64	48	20	48	103	30	127	34	3	113	53	105	97	20	106	35	68	46	17	9	48	2	33	4	51	57	105	41	110	57	111	47	87	99	91	109	81	54	12	56	116	96	11	127	103	107	38
0	0	0	0	0	0	0	0	0	0	0	0	0	0	0	0	0	0	0	0	0	0	0	0	0	0	0	0	0	0	0	0	0	0	0	0	0	0	0	0	0	0	0	0	0	0	0	0	0	0	0	0	0	0	0	0	0	0	0	0	0	0	0	0	0	0	0	0	0	0	0	0	0	0	0	0	0	113	89	19	77	70	18	127	125	93	95	45	11	38	105	118	13	93	60	16	10	77	81	16	81	36	22	3	120	20	111	37	102	93	56	60	121	83	100	80	5	94	124	29	14	27	75	111	74	71	106	39
0	0	0	0	0	0	0	0	0	0	0	0	0	0	0	0	0	0	0	0	0	0	0	0	0	0	0	0	0	0	0	0	0	0	0	0	0	0	0	0	0	0	0	0	0	0	0	0	0	0	0	0	0	0	0	0	0	0	0	0	0	0	0	0	0	0	0	0	0	0	0	0	0	0	0	0	0	0	29	51	104	83	121	43	73	13	79	99	40	101	82	49	126	114	89	116	116	125	81	76	110	39	20	59	20	71	96	47	78	63	118	110	42	106	56	122	94	26	64	60	116	6	67	47	59	100	100	127
0	0	0	0	0	0	0	0	0	0	0	0	0	0	0	0	0	0	0	0	0	0	0	0	0	0	0	0	0	0	0	0	0	0	0	0	0	0	0	0	0	0	0	0	0	0	0	0	0	0	0	0	0	0	0	0	0	0	0	0	0	0	0	0	0	0	0	0	0	0	0	0	0	0	0	0	0	0	0	24	115	113	19	94	78	30	94	77	115	38	17	76	48	88	93	36	90	100	125	25	10	122	18	116	81	2	111	74	76	42	56	50	53	26	92	126	75	18	41	60	27	45	28	46	121	68	103	20
0	0	0	0	0	0	0	0	0	0	0	0	0	0	0	0	0	0	0	0	0	0	0	0	0	0	0	0	0	0	0	0	0	0	0	0	0	0	0	0	0	0	0	0	0	0	0	0	0	0	0	0	0	0	0	0	0	0	0	0	0	0	0	0	0	0	0	0	0	0	0	0	0	0	0	0	0	0	0	0	17	116	84	81	54	17	40	84	86	82	122	108	26	60	127	109	80	66	128	105	42	68	93	31	116	71	33	55	75	33	125	39	25	5	26	43	85	22	61	4	112	24	35	114	47	90	118	93
0	0	0	0	0	0	0	0	0	0	0	0	0	0	0	0	0	0	0	0	0	0	0	0	0	0	0	0	0	0	0	0	0	0	0	0	0	0	0	0	0	0	0	0	0	0	0	0	0	0	0	0	0	0	0	0	0	0	0	0	0	0	0	0	0	0	0	0	0	0	0	0	0	0	0	0	0	0	0	0	0	54	99	121	12	63	120	56	113	65	95	78	57	49	52	24	25	77	18	95	65	27	84	59	113	104	58	30	125	51	32	1	116	121	99	23	79	113	46	66	84	5	89	113	55	16	72	92
0	0	0	0	0	0	0	0	0	0	0	0	0	0	0	0	0	0	0	0	0	0	0	0	0	0	0	0	0	0	0	0	0	0	0	0	0	0	0	0	0	0	0	0	0	0	0	0	0	0	0	0	0	0	0	0	0	0	0	0	0	0	0	0	0	0	0	0	0	0	0	0	0	0	0	0	0	0	0	0	0	0	100	35	17	89	73	16	72	80	126	24	74	102	77	88	84	57	12	98	88	49	92	111	9	112	105	87	43	32	116	80	34	75	76	63	90	81	120	51	33	56	68	24	54	82	56	29
0	0	0	0	0	0	0	0	0	0	0	0	0	0	0	0	0	0	0	0	0	0	0	0	0	0	0	0	0	0	0	0	0	0	0	0	0	0	0	0	0	0	0	0	0	0	0	0	0	0	0	0	0	0	0	0	0	0	0	0	0	0	0	0	0	0	0	0	0	0	0	0	0	0	0	0	0	0	0	0	0	0	0	127	33	81	4	66	48	35	115	28	78	58	92	9	55	73	41	44	31	27	97	105	16	89	101	111	40	36	101	69	44	45	64	97	79	94	100	89	27	60	62	5	79	61	17	33
0	0	0	0	0	0	0	0	0	0	0	0	0	0	0	0	0	0	0	0	0	0	0	0	0	0	0	0	0	0	0	0	0	0	0	0	0	0	0	0	0	0	0	0	0	0	0	0	0	0	0	0	0	0	0	0	0	0	0	0	0	0	0	0	0	0	0	0	0	0	0	0	0	0	0	0	0	0	0	0	0	0	0	0	117	70	80	2	68	99	107	100	42	8	3	1	19	92	122	127	4	103	124	122	116	43	57	54	7	68	90	77	110	87	81	40	106	73	24	27	16	69	7	67	102	72	21	120
0	0	0	0	0	0	0	0	0	0	0	0	0	0	0	0	0	0	0	0	0	0	0	0	0	0	0	0	0	0	0	0	0	0	0	0	0	0	0	0	0	0	0	0	0	0	0	0	0	0	0	0	0	0	0	0	0	0	0	0	0	0	0	0	0	0	0	0	0	0	0	0	0	0	0	0	0	0	0	0	0	0	0	0	0	46	30	116	124	73	86	91	96	72	11	13	5	36	16	50	69	37	25	57	10	20	15	19	67	64	49	54	41	128	127	32	18	20	105	125	74	100	88	98	27	83	66	72
0	0	0	0	0	0	0	0	0	0	0	0	0	0	0	0	0	0	0	0	0	0	0	0	0	0	0	0	0	0	0	0	0	0	0	0	0	0	0	0	0	0	0	0	0	0	0	0	0	0	0	0	0	0	0	0	0	0	0	0	0	0	0	0	0	0	0	0	0	0	0	0	0	0	0	0	0	0	0	0	0	0	0	0	0	0	65	63	75	101	58	32	124	50	73	8	76	112	51	119	75	35	5	109	103	121	1	37	119	94	64	53	80	116	80	81	74	87	111	81	58	42	10	10	113	83	81	83
0	0	0	0	0	0	0	0	0	0	0	0	0	0	0	0	0	0	0	0	0	0	0	0	0	0	0	0	0	0	0	0	0	0	0	0	0	0	0	0	0	0	0	0	0	0	0	0	0	0	0	0	0	0	0	0	0	0	0	0	0	0	0	0	0	0	0	0	0	0	0	0	0	0	0	0	0	0	0	0	0	0	0	0	0	0	0	87	97	109	119	3	19	27	62	21	51	31	92	81	119	106	110	59	86	82	81	12	104	70	45	128	114	40	6	14	78	86	59	90	16	83	91	37	60	62	14	52
0	0	0	0	0	0	0	0	0	0	0	0	0	0	0	0	0	0	0	0	0	0	0	0	0	0	0	0	0	0	0	0	0	0	0	0	0	0	0	0	0	0	0	0	0	0	0	0	0	0	0	0	0	0	0	0	0	0	0	0	0	0	0	0	0	0	0	0	0	0	0	0	0	0	0	0	0	0	0	0	0	0	0	0	0	0	0	0	71	83	117	1	62	53	54	6	14	32	80	45	6	42	52	74	126	68	74	120	121	19	40	99	104	94	103	87	113	125	123	20	8	36	72	97	120	124	37	74
0	0	0	0	0	0	0	0	0	0	0	0	0	0	0	0	0	0	0	0	0	0	0	0	0	0	0	0	0	0	0	0	0	0	0	0	0	0	0	0	0	0	0	0	0	0	0	0	0	0	0	0	0	0	0	0	0	0	0	0	0	0	0	0	0	0	0	0	0	0	0	0	0	0	0	0	0	0	0	0	0	0	0	0	0	0	0	0	0	83	110	42	37	20	84	59	82	64	57	40	109	46	31	118	96	110	113	51	59	101	93	67	6	56	102	24	89	44	66	32	74	95	62	23	87	55	12	9
0	0	0	0	0	0	0	0	0	0	0	0	0	0	0	0	0	0	0	0	0	0	0	0	0	0	0	0	0	0	0	0	0	0	0	0	0	0	0	0	0	0	0	0	0	0	0	0	0	0	0	0	0	0	0	0	0	0	0	0	0	0	0	0	0	0	0	0	0	0	0	0	0	0	0	0	0	0	0	0	0	0	0	0	0	0	0	0	0	0	25	10	121	111	98	23	35	11	60	92	22	88	38	111	49	35	121	14	105	76	51	22	35	17	125	89	22	46	91	116	56	24	13	116	97	96	76	37
0	0	0	0	0	0	0	0	0	0	0	0	0	0	0	0	0	0	0	0	0	0	0	0	0	0	0	0	0	0	0	0	0	0	0	0	0	0	0	0	0	0	0	0	0	0	0	0	0	0	0	0	0	0	0	0	0	0	0	0	0	0	0	0	0	0	0	0	0	0	0	0	0	0	0	0	0	0	0	0	0	0	0	0	0	0	0	0	0	0	0	87	11	78	86	110	2	28	126	39	59	3	66	84	80	30	71	102	61	89	109	115	48	42	90	14	45	7	124	126	81	121	23	41	57	71	123	54
0	0	0	0	0	0	0	0	0	0	0	0	0	0	0	0	0	0	0	0	0	0	0	0	0	0	0	0	0	0	0	0	0	0	0	0	0	0	0	0	0	0	0	0	0	0	0	0	0	0	0	0	0	0	0	0	0	0	0	0	0	0	0	0	0	0	0	0	0	0	0	0	0	0	0	0	0	0	0	0	0	0	0	0	0	0	0	0	0	0	0	0	64	50	36	42	78	55	126	85	10	23	78	80	114	110	29	5	56	113	75	34	118	110	15	116	83	118	123	86	9	90	70	45	96	85	125	38
0	0	0	0	0	0	0	0	0	0	0	0	0	0	0	0	0	0	0	0	0	0	0	0	0	0	0	0	0	0	0	0	0	0	0	0	0	0	0	0	0	0	0	0	0	0	0	0	0	0	0	0	0	0	0	0	0	0	0	0	0	0	0	0	0	0	0	0	0	0	0	0	0	0	0	0	0	0	0	0	0	0	0	0	0	0	0	0	0	0	0	0	0	109	116	48	43	73	57	53	25	65	82	6	10	83	58	4	61	46	84	30	113	60	2	42	37	3	46	58	110	90	61	19	57	69	59	7
0	0	0	0	0	0	0	0	0	0	0	0	0	0	0	0	0	0	0	0	0	0	0	0	0	0	0	0	0	0	0	0	0	0	0	0	0	0	0	0	0	0	0	0	0	0	0	0	0	0	0	0	0	0	0	0	0	0	0	0	0	0	0	0	0	0	0	0	0	0	0	0	0	0	0	0	0	0	0	0	0	0	0	0	0	0	0	0	0	0	0	0	0	0	95	57	110	36	79	70	98	94	21	99	75	66	61	13	97	5	115	96	13	35	83	116	118	53	4	105	128	114	52	127	125	33	76	53
0	0	0	0	0	0	0	0	0	0	0	0	0	0	0	0	0	0	0	0	0	0	0	0	0	0	0	0	0	0	0	0	0	0	0	0	0	0	0	0	0	0	0	0	0	0	0	0	0	0	0	0	0	0	0	0	0	0	0	0	0	0	0	0	0	0	0	0	0	0	0	0	0	0	0	0	0	0	0	0	0	0	0	0	0	0	0	0	0	0	0	0	0	0	0	9	55	90	92	20	88	124	87	48	21	105	92	124	32	70	93	64	47	88	41	113	91	30	98	112	91	20	55	99	124	42	25	28
0	0	0	0	0	0	0	0	0	0	0	0	0	0	0	0	0	0	0	0	0	0	0	0	0	0	0	0	0	0	0	0	0	0	0	0	0	0	0	0	0	0	0	0	0	0	0	0	0	0	0	0	0	0	0	0	0	0	0	0	0	0	0	0	0	0	0	0	0	0	0	0	0	0	0	0	0	0	0	0	0	0	0	0	0	0	0	0	0	0	0	0	0	0	0	0	118	86	75	25	15	41	12	16	32	41	4	100	90	112	66	28	91	95	89	128	54	113	115	86	42	25	33	10	114	108	96	92
0	0	0	0	0	0	0	0	0	0	0	0	0	0	0	0	0	0	0	0	0	0	0	0	0	0	0	0	0	0	0	0	0	0	0	0	0	0	0	0	0	0	0	0	0	0	0	0	0	0	0	0	0	0	0	0	0	0	0	0	0	0	0	0	0	0	0	0	0	0	0	0	0	0	0	0	0	0	0	0	0	0	0	0	0	0	0	0	0	0	0	0	0	0	0	0	0	92	80	79	66	102	11	5	111	7	5	83	23	63	71	106	94	122	2	104	8	118	111	16	6	117	2	124	99	82	52	27
0	0	0	0	0	0	0	0	0	0	0	0	0	0	0	0	0	0	0	0	0	0	0	0	0	0	0	0	0	0	0	0	0	0	0	0	0	0	0	0	0	0	0	0	0	0	0	0	0	0	0	0	0	0	0	0	0	0	0	0	0	0	0	0	0	0	0	0	0	0	0	0	0	0	0	0	0	0	0	0	0	0	0	0	0	0	0	0	0	0	0	0	0	0	0	0	0	0	62	73	73	54	68	84	127	6	102	65	124	54	29	58	116	36	96	90	126	57	3	41	103	61	126	92	69	122	49	119
0	0	0	0	0	0	0	0	0	0	0	0	0	0	0	0	0	0	0	0	0	0	0	0	0	0	0	0	0	0	0	0	0	0	0	0	0	0	0	0	0	0	0	0	0	0	0	0	0	0	0	0	0	0	0	0	0	0	0	0	0	0	0	0	0	0	0	0	0	0	0	0	0	0	0	0	0	0	0	0	0	0	0	0	0	0	0	0	0	0	0	0	0	0	0	0	0	0	0	39	65	87	38	106	47	103	119	20	22	29	7	4	8	96	5	30	38	128	63	104	61	94	79	38	67	103	74	99
0	0	0	0	0	0	0	0	0	0	0	0	0	0	0	0	0	0	0	0	0	0	0	0	0	0	0	0	0	0	0	0	0	0	0	0	0	0	0	0	0	0	0	0	0	0	0	0	0	0	0	0	0	0	0	0	0	0	0	0	0	0	0	0	0	0	0	0	0	0	0	0	0	0	0	0	0	0	0	0	0	0	0	0	0	0	0	0	0	0	0	0	0	0	0	0	0	0	0	0	67	12	122	10	41	31	96	26	50	105	110	51	20	31	127	18	6	29	124	92	81	8	116	88	62	57	93	89
0	0	0	0	0	0	0	0	0	0	0	0	0	0	0	0	0	0	0	0	0	0	0	0	0	0	0	0	0	0	0	0	0	0	0	0	0	0	0	0	0	0	0	0	0	0	0	0	0	0	0	0	0	0	0	0	0	0	0	0	0	0	0	0	0	0	0	0	0	0	0	0	0	0	0	0	0	0	0	0	0	0	0	0	0	0	0	0	0	0	0	0	0	0	0	0	0	0	0	0	0	43	44	70	86	114	16	109	121	94	83	85	52	87	91	1	104	103	1	10	25	57	127	96	84	118	45	55
0	0	0	0	0	0	0	0	0	0	0	0	0	0	0	0	0	0	0	0	0	0	0	0	0	0	0	0	0	0	0	0	0	0	0	0	0	0	0	0	0	0	0	0	0	0	0	0	0	0	0	0	0	0	0	0	0	0	0	0	0	0	0	0	0	0	0	0	0	0	0	0	0	0	0	0	0	0	0	0	0	0	0	0	0	0	0	0	0	0	0	0	0	0	0	0	0	0	0	0	0	0	38	17	73	27	51	19	48	66	17	72	99	94	107	60	11	24	5	7	107	83	99	35	65	78	95	61
0	0	0	0	0	0	0	0	0	0	0	0	0	0	0	0	0	0	0	0	0	0	0	0	0	0	0	0	0	0	0	0	0	0	0	0	0	0	0	0	0	0	0	0	0	0	0	0	0	0	0	0	0	0	0	0	0	0	0	0	0	0	0	0	0	0	0	0	0	0	0	0	0	0	0	0	0	0	0	0	0	0	0	0	0	0	0	0	0	0	0	0	0	0	0	0	0	0	0	0	0	0	0	16	8	59	82	122	54	39	75	119	120	116	11	94	51	116	111	33	99	54	24	125	96	47	118	101
0	0	0	0	0	0	0	0	0	0	0	0	0	0	0	0	0	0	0	0	0	0	0	0	0	0	0	0	0	0	0	0	0	0	0	0	0	0	0	0	0	0	0	0	0	0	0	0	0	0	0	0	0	0	0	0	0	0	0	0	0	0	0	0	0	0	0	0	0	0	0	0	0	0	0	0	0	0	0	0	0	0	0	0	0	0	0	0	0	0	0	0	0	0	0	0	0	0	0	0	0	0	0	0	17	74	2	122	62	99	55	79	85	25	59	10	108	34	75	1	52	10	48	20	8	20	124	87
0	0	0	0	0	0	0	0	0	0	0	0	0	0	0	0	0	0	0	0	0	0	0	0	0	0	0	0	0	0	0	0	0	0	0	0	0	0	0	0	0	0	0	0	0	0	0	0	0	0	0	0	0	0	0	0	0	0	0	0	0	0	0	0	0	0	0	0	0	0	0	0	0	0	0	0	0	0	0	0	0	0	0	0	0	0	0	0	0	0	0	0	0	0	0	0	0	0	0	0	0	0	0	0	0	53	68	118	14	82	82	26	9	72	81	9	114	29	95	104	52	33	70	38	38	41	48	84
0	0	0	0	0	0	0	0	0	0	0	0	0	0	0	0	0	0	0	0	0	0	0	0	0	0	0	0	0	0	0	0	0	0	0	0	0	0	0	0	0	0	0	0	0	0	0	0	0	0	0	0	0	0	0	0	0	0	0	0	0	0	0	0	0	0	0	0	0	0	0	0	0	0	0	0	0	0	0	0	0	0	0	0	0	0	0	0	0	0	0	0	0	0	0	0	0	0	0	0	0	0	0	0	0	0	110	120	29	45	13	121	100	47	62	99	45	81	102	12	69	18	32	95	42	117	77	57
0	0	0	0	0	0	0	0	0	0	0	0	0	0	0	0	0	0	0	0	0	0	0	0	0	0	0	0	0	0	0	0	0	0	0	0	0	0	0	0	0	0	0	0	0	0	0	0	0	0	0	0	0	0	0	0	0	0	0	0	0	0	0	0	0	0	0	0	0	0	0	0	0	0	0	0	0	0	0	0	0	0	0	0	0	0	0	0	0	0	0	0	0	0	0	0	0	0	0	0	0	0	0	0	0	0	0	44	43	44	99	39	82	57	39	9	23	16	28	8	121	86	62	34	15	19	52	66
0	0	0	0	0	0	0	0	0	0	0	0	0	0	0	0	0	0	0	0	0	0	0	0	0	0	0	0	0	0	0	0	0	0	0	0	0	0	0	0	0	0	0	0	0	0	0	0	0	0	0	0	0	0	0	0	0	0	0	0	0	0	0	0	0	0	0	0	0	0	0	0	0	0	0	0	0	0	0	0	0	0	0	0	0	0	0	0	0	0	0	0	0	0	0	0	0	0	0	0	0	0	0	0	0	0	0	0	22	41	76	1	80	47	66	95	75	119	117	96	107	60	106	1	89	100	18	59
0	0	0	0	0	0	0	0	0	0	0	0	0	0	0	0	0	0	0	0	0	0	0	0	0	0	0	0	0	0	0	0	0	0	0	0	0	0	0	0	0	0	0	0	0	0	0	0	0	0	0	0	0	0	0	0	0	0	0	0	0	0	0	0	0	0	0	0	0	0	0	0	0	0	0	0	0	0	0	0	0	0	0	0	0	0	0	0	0	0	0	0	0	0	0	0	0	0	0	0	0	0	0	0	0	0	0	0	0	115	102	111	88	87	19	116	69	104	55	50	29	56	73	16	46	9	41	113
0	0	0	0	0	0	0	0	0	0	0	0	0	0	0	0	0	0	0	0	0	0	0	0	0	0	0	0	0	0	0	0	0	0	0	0	0	0	0	0	0	0	0	0	0	0	0	0	0	0	0	0	0	0	0	0	0	0	0	0	0	0	0	0	0	0	0	0	0	0	0	0	0	0	0	0	0	0	0	0	0	0	0	0	0	0	0	0	0	0	0	0	0	0	0	0	0	0	0	0	0	0	0	0	0	0	0	0	0	0	65	58	115	75	33	62	103	30	40	7	89	8	128	22	126	125	114	116
0	0	0	0	0	0	0	0	0	0	0	0	0	0	0	0	0	0	0	0	0	0	0	0	0	0	0	0	0	0	0	0	0	0	0	0	0	0	0	0	0	0	0	0	0	0	0	0	0	0	0	0	0	0	0	0	0	0	0	0	0	0	0	0	0	0	0	0	0	0	0	0	0	0	0	0	0	0	0	0	0	0	0	0	0	0	0	0	0	0	0	0	0	0	0	0	0	0	0	0	0	0	0	0	0	0	0	0	0	0	0	112	16	72	12	117	119	66	2	39	80	117	1	51	81	85	104	8
0	0	0	0	0	0	0	0	0	0	0	0	0	0	0	0	0	0	0	0	0	0	0	0	0	0	0	0	0	0	0	0	0	0	0	0	0	0	0	0	0	0	0	0	0	0	0	0	0	0	0	0	0	0	0	0	0	0	0	0	0	0	0	0	0	0	0	0	0	0	0	0	0	0	0	0	0	0	0	0	0	0	0	0	0	0	0	0	0	0	0	0	0	0	0	0	0	0	0	0	0	0	0	0	0	0	0	0	0	0	0	0	99	50	85	115	9	38	105	23	54	73	37	24	28	96	59	50
0	0	0	0	0	0	0	0	0	0	0	0	0	0	0	0	0	0	0	0	0	0	0	0	0	0	0	0	0	0	0	0	0	0	0	0	0	0	0	0	0	0	0	0	0	0	0	0	0	0	0	0	0	0	0	0	0	0	0	0	0	0	0	0	0	0	0	0	0	0	0	0	0	0	0	0	0	0	0	0	0	0	0	0	0	0	0	0	0	0	0	0	0	0	0	0	0	0	0	0	0	0	0	0	0	0	0	0	0	0	0	0	0	24	44	5	87	61	18	35	115	64	28	73	25	37	42	52
0	0	0	0	0	0	0	0	0	0	0	0	0	0	0	0	0	0	0	0	0	0	0	0	0	0	0	0	0	0	0	0	0	0	0	0	0	0	0	0	0	0	0	0	0	0	0	0	0	0	0	0	0	0	0	0	0	0	0	0	0	0	0	0	0	0	0	0	0	0	0	0	0	0	0	0	0	0	0	0	0	0	0	0	0	0	0	0	0	0	0	0	0	0	0	0	0	0	0	0	0	0	0	0	0	0	0	0	0	0	0	0	0	0	41	78	77	91	45	97	55	43	35	128	102	112	43	89
0	0	0	0	0	0	0	0	0	0	0	0	0	0	0	0	0	0	0	0	0	0	0	0	0	0	0	0	0	0	0	0	0	0	0	0	0	0	0	0	0	0	0	0	0	0	0	0	0	0	0	0	0	0	0	0	0	0	0	0	0	0	0	0	0	0	0	0	0	0	0	0	0	0	0	0	0	0	0	0	0	0	0	0	0	0	0	0	0	0	0	0	0	0	0	0	0	0	0	0	0	0	0	0	0	0	0	0	0	0	0	0	0	0	0	53	84	105	79	31	96	86	127	35	116	7	1	83
0	0	0	0	0	0	0	0	0	0	0	0	0	0	0	0	0	0	0	0	0	0	0	0	0	0	0	0	0	0	0	0	0	0	0	0	0	0	0	0	0	0	0	0	0	0	0	0	0	0	0	0	0	0	0	0	0	0	0	0	0	0	0	0	0	0	0	0	0	0	0	0	0	0	0	0	0	0	0	0	0	0	0	0	0	0	0	0	0	0	0	0	0	0	0	0	0	0	0	0	0	0	0	0	0	0	0	0	0	0	0	0	0	0	0	0	110	57	122	60	27	55	86	1	56	8	19	90
0	0	0	0	0	0	0	0	0	0	0	0	0	0	0	0	0	0	0	0	0	0	0	0	0	0	0	0	0	0	0	0	0	0	0	0	0	0	0	0	0	0	0	0	0	0	0	0	0	0	0	0	0	0	0	0	0	0	0	0	0	0	0	0	0	0	0	0	0	0	0	0	0	0	0	0	0	0	0	0	0	0	0	0	0	0	0	0	0	0	0	0	0	0	0	0	0	0	0	0	0	0	0	0	0	0	0	0	0	0	0	0	0	0	0	0	0	115	97	13	109	8	15	64	49	66	56	5
0	0	0	0	0	0	0	0	0	0	0	0	0	0	0	0	0	0	0	0	0	0	0	0	0	0	0	0	0	0	0	0	0	0	0	0	0	0	0	0	0	0	0	0	0	0	0	0	0	0	0	0	0	0	0	0	0	0	0	0	0	0	0	0	0	0	0	0	0	0	0	0	0	0	0	0	0	0	0	0	0	0	0	0	0	0	0	0	0	0	0	0	0	0	0	0	0	0	0	0	0	0	0	0	0	0	0	0	0	0	0	0	0	0	0	0	0	0	61	33	98	50	79	101	25	19	24	85
0	0	0	0	0	0	0	0	0	0	0	0	0	0	0	0	0	0	0	0	0	0	0	0	0	0	0	0	0	0	0	0	0	0	0	0	0	0	0	0	0	0	0	0	0	0	0	0	0	0	0	0	0	0	0	0	0	0	0	0	0	0	0	0	0	0	0	0	0	0	0	0	0	0	0	0	0	0	0	0	0	0	0	0	0	0	0	0	0	0	0	0	0	0	0	0	0	0	0	0	0	0	0	0	0	0	0	0	0	0	0	0	0	0	0	0	0	0	0	76	36	52	110	59	2	16	4	56
0	0	0	0	0	0	0	0	0	0	0	0	0	0	0	0	0	0	0	0	0	0	0	0	0	0	0	0	0	0	0	0	0	0	0	0	0	0	0	0	0	0	0	0	0	0	0	0	0	0	0	0	0	0	0	0	0	0	0	0	0	0	0	0	0	0	0	0	0	0	0	0	0	0	0	0	0	0	0	0	0	0	0	0	0	0	0	0	0	0	0	0	0	0	0	0	0	0	0	0	0	0	0	0	0	0	0	0	0	0	0	0	0	0	0	0	0	0	0	0	93	35	121	34	111	61	90	82
0	0	0	0	0	0	0	0	0	0	0	0	0	0	0	0	0	0	0	0	0	0	0	0	0	0	0	0	0	0	0	0	0	0	0	0	0	0	0	0	0	0	0	0	0	0	0	0	0	0	0	0	0	0	0	0	0	0	0	0	0	0	0	0	0	0	0	0	0	0	0	0	0	0	0	0	0	0	0	0	0	0	0	0	0	0	0	0	0	0	0	0	0	0	0	0	0	0	0	0	0	0	0	0	0	0	0	0	0	0	0	0	0	0	0	0	0	0	0	0	0	103	22	122	51	108	41	91
0	0	0	0	0	0	0	0	0	0	0	0	0	0	0	0	0	0	0	0	0	0	0	0	0	0	0	0	0	0	0	0	0	0	0	0	0	0	0	0	0	0	0	0	0	0	0	0	0	0	0	0	0	0	0	0	0	0	0	0	0	0	0	0	0	0	0	0	0	0	0	0	0	0	0	0	0	0	0	0	0	0	0	0	0	0	0	0	0	0	0	0	0	0	0	0	0	0	0	0	0	0	0	0	0	0	0	0	0	0	0	0	0	0	0	0	0	0	0	0	0	0	8	94	11	37	56	4
0	0	0	0	0	0	0	0	0	0	0	0	0	0	0	0	0	0	0	0	0	0	0	0	0	0	0	0	0	0	0	0	0	0	0	0	0	0	0	0	0	0	0	0	0	0	0	0	0	0	0	0	0	0	0	0	0	0	0	0	0	0	0	0	0	0	0	0	0	0	0	0	0	0	0	0	0	0	0	0	0	0	0	0	0	0	0	0	0	0	0	0	0	0	0	0	0	0	0	0	0	0	0	0	0	0	0	0	0	0	0	0	0	0	0	0	0	0	0	0	0	0	0	49	77	47	114	22
0	0	0	0	0	0	0	0	0	0	0	0	0	0	0	0	0	0	0	0	0	0	0	0	0	0	0	0	0	0	0	0	0	0	0	0	0	0	0	0	0	0	0	0	0	0	0	0	0	0	0	0	0	0	0	0	0	0	0	0	0	0	0	0	0	0	0	0	0	0	0	0	0	0	0	0	0	0	0	0	0	0	0	0	0	0	0	0	0	0	0	0	0	0	0	0	0	0	0	0	0	0	0	0	0	0	0	0	0	0	0	0	0	0	0	0	0	0	0	0	0	0	0	0	106	103	45	116
0	0	0	0	0	0	0	0	0	0	0	0	0	0	0	0	0	0	0	0	0	0	0	0	0	0	0	0	0	0	0	0	0	0	0	0	0	0	0	0	0	0	0	0	0	0	0	0	0	0	0	0	0	0	0	0	0	0	0	0	0	0	0	0	0	0	0	0	0	0	0	0	0	0	0	0	0	0	0	0	0	0	0	0	0	0	0	0	0	0	0	0	0	0	0	0	0	0	0	0	0	0	0	0	0	0	0	0	0	0	0	0	0	0	0	0	0	0	0	0	0	0	0	0	0	125	37	121
0	0	0	0	0	0	0	0	0	0	0	0	0	0	0	0	0	0	0	0	0	0	0	0	0	0	0	0	0	0	0	0	0	0	0	0	0	0	0	0	0	0	0	0	0	0	0	0	0	0	0	0	0	0	0	0	0	0	0	0	0	0	0	0	0	0	0	0	0	0	0	0	0	0	0	0	0	0	0	0	0	0	0	0	0	0	0	0	0	0	0	0	0	0	0	0	0	0	0	0	0	0	0	0	0	0	0	0	0	0	0	0	0	0	0	0	0	0	0	0	0	0	0	0	0	0	100	36
0	0	0	0	0	0	0	0	0	0	0	0	0	0	0	0	0	0	0	0	0	0	0	0	0	0	0	0	0	0	0	0	0	0	0	0	0	0	0	0	0	0	0	0	0	0	0	0	0	0	0	0	0	0	0	0	0	0	0	0	0	0	0	0	0	0	0	0	0	0	0	0	0	0	0	0	0	0	0	0	0	0	0	0	0	0	0	0	0	0	0	0	0	0	0	0	0	0	0	0	0	0	0	0	0	0	0	0	0	0	0	0	0	0	0	0	0	0	0	0	0	0	0	0	0	0	0	35
0	0	0	0	0	0	0	0	0	0	0	0	0	0	0	0	0	0	0	0	0	0	0	0	0	0	0	0	0	0	0	0	0	0	0	0	0	0	0	0	0	0	0	0	0	0	0	0	0	0	0	0	0	0	0	0	0	0	0	0	0	0	0	0	0	0	0	0	0	0	0	0	0	0	0	0	0	0	0	0	0	0	0	0	0	0	0	0	0	0	0	0	0	0	0	0	0	0	0	0	0	0	0	0	0	0	0	0	0	0	0	0	0	0	0	0	0	0	0	0	0	0	0	0	0	0	0	0