0	52	128	94	76	103	99	124	115	20	101	14	44	72	86	63	92	14	124	111	100	20	120	104	59	86	58	69	83	116	53	13	107	127	79	9	79	123	66	69	54	106	114	56	95	28	95	33	7	44	79	86	59	107	21	59	110	2	46	124	29	39	18	39	84	21	60	21	29	47	102	86	77	122	48	125	60	91	126	28	94	123	69	33	37	27	75	23	53	108	74	101	104	25	54	23	109	98	40	128	7	19	114	12	94	20	60	24	80	19	126	104	120	81	62	128	30	33	32	49	77	76	126	92	80	127	29	83
0	0	105	64	124	30	76	39	91	90	31	70	64	95	2	45	82	28	30	36	26	91	73	107	53	3	111	63	2	71	92	25	94	108	79	16	82	116	9	126	110	46	73	1	20	119	93	123	66	95	100	116	75	15	18	125	105	116	106	81	8	106	9	87	43	29	7	42	34	57	77	104	114	97	112	49	103	48	78	8	57	49	36	21	68	35	82	35	92	78	47	47	115	33	50	61	113	92	100	36	99	73	103	78	28	111	81	81	90	60	87	24	27	37	114	11	105	61	24	26	36	30	32	79	127	30	101	116
0	0	0	20	28	113	7	85	101	78	125	95	79	48	5	102	8	118	53	24	124	18	121	107	8	47	47	107	61	53	116	64	123	48	91	95	15	23	26	99	67	61	70	127	128	30	4	35	38	14	59	119	3	53	54	116	5	82	96	103	102	80	3	11	84	6	98	116	90	9	24	62	108	10	22	72	85	21	34	54	48	125	13	26	72	108	18	81	3	6	113	21	38	122	124	60	48	123	94	28	58	35	82	116	19	94	105	14	28	84	10	127	55	42	10	64	10	118	105	90	36	128	103	38	23	98	70	21
0	0	0	0	101	74	22	54	98	47	39	95	62	113	72	79	124	70	120	13	48	77	93	40	1	96	34	94	15	80	65	112	21	50	2	10	91	84	113	95	25	25	39	99	37	107	126	122	86	17	2	99	36	115	71	20	126	24	47	50	109	54	62	55	123	45	4	54	36	74	74	97	112	57	123	87	126	95	45	43	49	19	33	56	56	70	16	36	5	22	98	72	74	15	61	53	54	108	122	4	32	71	80	93	127	104	61	94	106	123	29	60	47	35	37	122	20	125	72	14	108	54	31	99	7	69	87	28
0	0	0	0	0	27	46	21	6	96	39	84	66	72	48	72	12	72	72	127	118	118	60	24	1	82	12	117	93	33	17	124	19	111	82	44	7	124	23	51	46	9	90	61	7	76	13	56	103	128	114	15	105	36	79	53	101	50	51	124	35	8	124	4	76	52	109	60	61	31	28	68	107	98	85	60	20	81	7	100	114	54	42	36	16	8	117	122	82	128	36	76	107	100	48	40	81	24	85	26	30	38	26	12	63	10	111	124	2	124	81	126	63	34	98	113	32	105	104	89	7	35	38	23	37	90	26	67
0	0	0	0	0	0	69	109	7	109	23	2	52	68	41	107	83	69	2	55	91	51	51	29	100	1	81	50	5	108	92	31	58	65	52	80	24	38	97	64	65	3	20	94	32	27	73	97	28	72	91	80	73	116	112	19	45	127	48	17	43	116	68	47	127	16	63	32	122	39	117	128	17	91	106	80	57	83	126	113	95	57	12	13	69	78	26	1	120	22	31	6	56	39	29	110	119	56	34	123	104	1	79	99	126	108	24	33	67	12	78	28	17	109	21	49	26	49	91	79	12	38	127	28	48	99	9	80
0	0	0	0	0	0	0	85	104	126	114	20	44	72	124	19	68	41	61	104	48	46	70	41	78	87	30	113	71	123	11	81	48	14	24	80	49	28	29	1	62	31	82	27	55	110	127	83	96	10	97	13	84	44	82	57	67	83	90	98	26	94	33	70	63	10	105	85	27	49	83	91	27	45	123	95	119	46	40	7	38	39	49	23	70	33	39	109	33	30	39	104	84	4	47	45	37	21	52	85	40	55	50	32	52	15	105	23	39	64	35	25	14	31	96	24	11	45	64	128	91	70	38	56	124	18	103	118
0	0	0	0	0	0	0	0	85	93	126	45	32	36	61	96	8	122	92	85	13	127	12	42	66	116	119	87	59	1	91	79	42	52	107	114	103	117	60	70	26	86	71	39	105	39	19	9	5	23	18	72	113	51	40	74	21	72	128	58	64	9	92	99	43	44	104	20	27	125	11	54	27	114	32	113	68	12	5	44	73	89	106	14	50	73	32	42	118	91	13	78	102	2	89	92	89	47	39	62	44	32	75	56	74	35	48	101	90	118	82	101	48	105	75	7	30	80	109	18	20	3	108	118	14	79	69	126
0	0	0	0	0	0	0	0	0	111	41	96	42	85	10	107	50	29	9	12	22	9	90	85	77	93	98	28	103	128	40	126	68	126	108	15	87	50	13	44	1	64	15	28	68	67	31	40	39	45	24	15	24	35	57	63	31	75	82	65	41	16	5	75	45	3	5	12	4	73	114	118	64	114	116	127	39	21	67	125	12	65	121	8	41	11	16	107	117	61	86	79	13	91	102	89	33	65	28	40	95	103	21	9	25	74	54	74	17	117	125	85	72	32	86	59	111	122	114	116	68	25	91	25	101	89	92	127
0	0	0	0	0	0	0	0	0	0	75	9	36	127	69	100	118	81	4	104	54	44	33	82	3	51	8	109	100	10	115	41	26	119	12	107	41	18	8	97	72	110	16	79	78	17	79	75	45	87	39	68	40	92	28	82	22	112	1	3	123	108	88	29	118	66	102	119	113	127	20	65	34	5	19	12	101	31	7	67	107	80	78	90	106	23	60	18	12	25	69	71	58	102	61	22	30	106	113	67	52	77	55	62	56	74	102	51	47	117	125	16	50	99	109	29	79	102	18	15	102	82	98	24	82	33	61	97
0	0	0	0	0	0	0	0	0	0	0	27	20	39	65	29	2	80	51	23	111	118	116	116	111	53	84	95	102	119	43	14	43	4	41	83	19	83	83	90	53	13	13	46	82	23	127	63	69	100	50	36	58	80	9	18	11	94	128	39	76	106	25	59	115	68	64	12	128	1	63	97	80	120	104	92	28	68	59	10	12	28	43	117	106	110	126	86	99	33	113	120	73	119	5	57	68	128	74	48	119	86	55	75	55	30	1	16	35	123	15	97	89	32	74	52	16	84	68	48	10	110	77	126	108	69	22	25
0	0	0	0	0	0	0	0	0	0	0	0	62	50	81	43	105	48	31	7	102	125	126	123	20	43	122	49	125	70	24	68	126	90	17	24	69	5	95	90	56	29	108	116	41	103	44	128	22	83	58	51	103	20	45	56	38	105	106	75	65	89	101	72	36	73	68	35	42	105	17	120	10	106	86	101	51	23	51	115	97	124	20	127	49	55	79	9	59	112	73	113	96	3	10	107	95	84	54	85	117	48	43	103	24	31	49	91	109	122	56	32	1	56	110	43	124	9	69	78	3	70	66	4	66	123	1	73
0	0	0	0	0	0	0	0	0	0	0	0	0	122	62	48	112	51	69	113	124	119	37	115	107	25	66	41	121	67	118	98	22	86	99	90	96	25	3	74	117	39	45	49	77	20	56	61	4	34	3	49	92	109	125	14	5	57	74	76	65	55	38	116	72	17	90	30	126	45	1	114	67	100	104	40	106	92	75	47	8	112	125	111	42	47	80	81	37	122	39	6	46	68	60	43	88	39	110	88	106	99	43	117	27	128	33	70	98	95	57	61	46	11	66	2	124	64	47	66	98	88	6	74	15	87	98	104
0	0	0	0	0	0	0	0	0	0	0	0	0	0	90	53	105	33	90	45	41	94	3	100	110	60	61	50	39	21	127	66	84	75	32	108	66	86	63	124	121	37	120	92	124	11	13	124	82	121	51	43	37	116	5	2	59	14	120	100	66	2	40	82	42	29	17	80	49	65	80	38	5	34	39	46	112	123	117	94	66	18	93	106	50	30	116	74	111	15	93	113	66	79	96	8	23	98	66	128	57	117	121	11	6	35	23	83	63	33	85	7	116	1	40	57	100	41	122	105	123	12	54	20	68	89	38	20
0	0	0	0	0	0	0	0	0	0	0	0	0	0	0	80	114	23	69	120	119	11	64	36	52	112	24	126	42	11	47	80	9	19	11	20	46	105	97	42	59	6	95	43	21	2	51	81	7	40	85	12	52	65	15	65	104	62	9	118	62	49	45	37	17	8	53	7	42	60	42	37	50	23	91	111	1	107	21	82	35	65	38	35	87	59	96	5	34	35	96	101	17	101	32	46	7	52	13	60	127	106	17	109	88	88	124	57	4	91	112	59	60	100	91	43	4	47	42	18	53	96	101	106	45	74	19	77
0	0	0	0	0	0	0	0	0	0	0	0	0	0	0	0	36	39	34	123	83	86	106	93	41	84	74	62	121	98	106	62	72	24	31	2	73	125	15	103	102	93	69	13	43	115	128	40	25	14	71	38	15	41	46	52	107	41	47	1	103	60	78	40	45	70	80	42	58	79	98	122	60	64	14	45	59	81	55	47	15	125	105	1	5	55	103	45	101	83	123	118	96	126	79	103	17	50	128	68	98	90	36	41	17	88	18	32	5	40	91	86	25	2	9	118	69	85	83	46	27	75	6	122	20	2	30	16
0	0	0	0	0	0	0	0	0	0	0	0	0	0	0	0	0	43	5	34	84	26	113	61	67	117	35	64	28	125	85	24	105	18	15	21	36	36	40	9	55	103	46	33	115	124	57	43	124	80	45	26	27	71	17	97	95	41	12	74	31	54	1	19	117	122	65	69	100	92	1	21	19	13	79	34	60	11	90	118	37	16	61	13	54	96	11	46	117	107	93	105	127	24	20	52	93	41	31	106	69	82	61	122	3	118	19	117	35	5	35	100	50	21	115	11	36	74	36	125	25	42	87	106	98	124	87	57
0	0	0	0	0	0	0	0	0	0	0	0	0	0	0	0	0	0	22	99	47	65	2	21	55	18	116	43	85	59	11	11	10	25	20	42	119	121	57	114	107	7	99	53	87	88	3	90	106	63	125	47	118	35	64	52	51	102	123	63	56	61	92	92	64	121	47	64	106	10	108	94	26	18	82	61	50	73	97	16	92	121	68	55	58	101	76	58	82	66	68	48	96	101	97	76	121	40	116	12	9	124	117	54	105	107	45	11	45	101	62	82	11	80	43	120	17	35	63	126	121	110	102	22	34	34	104	74
0	0	0	0	0	0	0	0	0	0	0	0	0	0	0	0	0	0	0	16	52	78	106	50	127	63	103	79	93	116	79	66	70	49	29	114	101	35	2	95	74	36	73	13	126	86	8	116	48	23	111	93	92	31	82	62	73	35	100	16	41	109	92	99	93	47	111	115	43	44	14	23	8	109	28	46	11	4	56	45	90	124	73	94	14	109	50	97	74	48	6	71	58	44	3	68	92	6	102	92	79	100	54	124	39	79	31	90	17	81	117	15	100	28	71	48	18	87	3	89	102	3	10	25	85	116	122	110
0	0	0	0	0	0	0	0	0	0	0	0	0	0	0	0	0	0	0	0	23	69	30	99	113	34	9	106	114	114	1	70	102	1	90	12	66	39	128	83	28	25	80	31	41	11	85	53	23	38	33	91	107	117	47	112	81	79	29	89	50	85	17	85	3	108	53	50	47	124	108	125	37	92	20	74	67	99	66	27	52	40	93	29	122	33	114	106	12	36	40	12	32	76	75	16	74	118	127	109	56	81	4	80	35	58	41	20	115	74	55	127	121	76	57	127	89	94	85	121	25	71	15	91	50	89	40	83
0	0	0	0	0	0	0	0	0	0	0	0	0	0	0	0	0	0	0	0	0	65	74	34	120	96	80	91	103	59	37	73	79	75	28	1	22	110	93	119	81	34	95	3	74	36	108	27	73	95	103	58	62	24	39	20	24	45	84	4	87	123	47	105	114	18	99	110	55	96	76	113	29	17	81	85	19	19	85	29	89	18	122	7	34	61	66	3	65	111	55	21	85	16	89	37	78	104	39	89	12	15	9	107	3	109	37	93	29	36	88	25	127	97	111	7	52	22	117	102	54	77	45	128	1	56	27	119
0	0	0	0	0	0	0	0	0	0	0	0	0	0	0	0	0	0	0	0	0	0	126	83	28	68	103	88	28	65	100	36	59	28	23	39	94	12	51	117	101	123	78	80	105	82	112	120	29	102	109	27	14	92	42	125	43	126	99	44	15	84	27	5	116	85	36	50	59	17	2	75	37	118	62	86	65	85	96	23	88	72	113	108	94	111	103	16	107	9	86	3	83	128	109	54	85	60	7	63	64	50	55	100	29	25	72	100	76	71	7	30	64	108	34	16	54	110	83	87	113	88	1	118	85	81	1	87
0	0	0	0	0	0	0	0	0	0	0	0	0	0	0	0	0	0	0	0	0	0	0	109	71	128	59	106	38	98	47	46	16	110	110	69	95	122	53	6	7	96	74	51	73	26	45	117	8	36	39	107	122	37	1	54	2	81	94	7	90	85	9	37	43	47	9	113	63	23	35	66	57	105	30	27	87	3	87	98	86	106	31	8	101	77	89	43	54	1	3	26	58	27	34	6	24	90	88	3	126	104	6	18	14	60	28	69	11	7	66	18	47	67	19	40	96	69	100	12	67	84	14	46	49	95	103	87
0	0	0	0	0	0	0	0	0	0	0	0	0	0	0	0	0	0	0	0	0	0	0	0	16	63	33	73	69	110	50	75	4	84	118	17	108	14	123	38	74	51	12	83	17	101	98	29	56	47	89	111	63	83	29	89	72	59	42	75	100	62	31	31	50	59	116	8	124	52	2	50	5	28	38	31	10	11	53	15	34	112	32	105	62	52	91	55	65	18	103	102	9	113	123	88	88	50	51	4	41	105	14	7	116	19	32	12	97	85	71	30	99	10	17	64	42	4	111	61	64	2	2	90	77	68	89	108
0	0	0	0	0	0	0	0	0	0	0	0	0	0	0	0	0	0	0	0	0	0	0	0	0	14	116	49	114	111	62	98	20	121	13	27	85	109	107	11	53	39	48	35	54	107	105	104	109	27	13	108	50	46	56	62	103	119	12	15	83	125	72	8	125	50	119	17	5	91	36	61	35	39	85	114	126	120	111	101	56	2	24	108	5	128	107	19	61	46	71	53	23	26	22	24	55	96	117	38	125	54	122	35	58	78	27	5	113	80	67	70	23	95	1	117	123	98	21	111	76	3	23	119	79	35	33	94
0	0	0	0	0	0	0	0	0	0	0	0	0	0	0	0	0	0	0	0	0	0	0	0	0	0	89	126	127	39	1	128	36	40	108	23	44	3	86	86	46	103	39	109	31	1	108	29	4	56	112	110	59	102	53	95	122	29	113	124	75	54	75	117	117	25	31	10	80	20	1	31	20	128	99	33	38	92	36	85	90	78	128	77	104	61	125	108	114	17	65	87	58	118	26	119	95	42	30	113	1	90	2	20	105	113	5	102	104	38	102	59	33	114	102	114	7	124	121	63	103	23	7	17	111	96	11	36
0	0	0	0	0	0	0	0	0	0	0	0	0	0	0	0	0	0	0	0	0	0	0	0	0	0	0	105	125	121	116	1	117	21	82	119	17	64	120	70	105	102	89	55	82	6	15	43	113	7	85	111	19	73	17	46	23	87	114	72	81	119	80	32	122	121	25	80	107	1	60	127	57	3	69	59	19	46	52	55	44	44	51	42	19	38	124	99	12	114	73	85	114	55	46	83	20	29	69	52	48	57	73	51	114	37	5	38	75	107	65	24	117	88	97	116	116	96	119	44	119	94	20	89	68	87	80	114
0	0	0	0	0	0	0	0	0	0	0	0	0	0	0	0	0	0	0	0	0	0	0	0	0	0	0	0	72	124	74	20	3	55	67	75	71	58	121	110	90	53	56	80	103	80	26	5	8	115	108	4	117	55	31	39	112	51	67	6	83	37	33	16	86	55	89	7	32	120	4	45	69	49	54	24	51	75	106	67	64	37	3	68	102	6	115	65	47	63	98	62	41	12	61	122	62	111	62	108	67	3	53	109	122	85	102	51	56	109	2	94	8	89	73	106	11	89	115	120	68	128	29	64	67	70	41	32
0	0	0	0	0	0	0	0	0	0	0	0	0	0	0	0	0	0	0	0	0	0	0	0	0	0	0	0	0	20	63	82	77	39	34	105	75	84	65	97	56	15	90	19	6	53	85	35	35	124	51	55	50	44	77	106	65	60	20	45	19	84	101	102	93	69	40	14	110	79	44	4	20	92	105	61	90	127	61	56	121	40	101	76	103	65	117	33	58	51	106	94	15	2	94	36	60	109	63	86	9	90	90	114	88	119	106	46	45	74	113	74	116	26	99	108	48	49	50	85	113	25	67	57	35	72	24	33
0	0	0	0	0	0	0	0	0	0	0	0	0	0	0	0	0	0	0	0	0	0	0	0	0	0	0	0	0	0	125	110	37	7	21	11	14	79	27	31	36	47	10	56	48	62	27	63	54	68	46	92	49	65	78	84	13	58	35	33	121	124	31	12	37	62	74	111	72	70	47	122	58	72	84	86	80	100	78	80	10	95	90	96	102	17	28	121	108	20	11	33	17	53	112	22	111	41	100	23	11	127	69	55	97	49	74	49	1	62	87	111	46	3	26	112	7	25	108	34	111	35	89	3	23	29	124	33
0	0	0	0	0	0	0	0	0	0	0	0	0	0	0	0	0	0	0	0	0	0	0	0	0	0	0	0	0	0	0	29	52	20	121	11	71	92	6	57	95	58	126	49	4	38	6	61	117	39	81	87	23	78	123	116	23	63	46	117	75	73	74	61	25	101	76	67	40	108	64	41	64	82	31	32	104	14	68	7	60	107	65	18	34	33	89	6	60	95	55	60	9	4	21	62	32	11	17	124	90	112	105	29	123	107	15	101	3	56	82	39	21	79	109	55	69	75	32	80	105	120	99	125	28	70	86	70
0	0	0	0	0	0	0	0	0	0	0	0	0	0	0	0	0	0	0	0	0	0	0	0	0	0	0	0	0	0	0	0	62	57	38	50	34	65	94	102	23	112	26	56	123	53	97	70	121	55	25	73	119	75	45	58	70	115	9	5	115	12	123	17	69	107	5	37	8	60	58	115	69	49	49	82	89	115	118	86	95	78	40	110	61	92	117	54	104	61	90	69	95	10	4	113	35	18	34	18	25	106	65	34	50	2	60	117	99	88	93	78	94	23	52	8	51	71	27	122	50	92	121	71	102	78	97	58
0	0	0	0	0	0	0	0	0	0	0	0	0	0	0	0	0	0	0	0	0	0	0	0	0	0	0	0	0	0	0	0	0	91	12	77	23	106	117	42	20	41	53	68	118	64	11	88	12	76	34	113	90	66	124	91	53	127	117	35	100	92	49	82	17	18	113	20	95	57	51	26	25	74	45	62	100	1	102	87	7	5	33	11	54	57	3	94	37	46	17	69	98	95	98	13	121	68	113	92	104	103	116	21	83	122	42	99	44	47	78	57	89	65	8	5	91	79	21	19	120	83	68	33	111	41	126	7
0	0	0	0	0	0	0	0	0	0	0	0	0	0	0	0	0	0	0	0	0	0	0	0	0	0	0	0	0	0	0	0	0	0	85	45	6	30	102	123	124	125	7	71	97	2	31	128	31	63	86	79	40	8	126	98	71	2	62	9	126	33	99	98	73	59	46	103	57	54	18	119	39	108	10	16	12	3	43	34	71	11	35	67	60	83	46	49	70	36	98	35	27	85	126	103	92	48	112	8	93	16	68	4	100	30	81	93	60	40	122	47	117	37	103	42	110	52	93	98	10	48	81	46	88	26	1	81
0	0	0	0	0	0	0	0	0	0	0	0	0	0	0	0	0	0	0	0	0	0	0	0	0	0	0	0	0	0	0	0	0	0	0	66	58	56	62	8	91	19	16	66	95	29	107	53	106	77	29	89	37	120	100	12	43	97	127	76	44	65	10	112	35	116	71	8	18	100	54	59	30	110	105	61	34	106	91	14	75	127	68	50	106	81	87	114	119	28	94	119	3	125	69	65	93	115	36	122	49	76	1	8	47	28	127	71	100	37	114	118	29	59	7	4	87	30	17	4	80	41	53	76	28	78	128	98
0	0	0	0	0	0	0	0	0	0	0	0	0	0	0	0	0	0	0	0	0	0	0	0	0	0	0	0	0	0	0	0	0	0	0	0	111	48	55	79	11	38	16	11	128	11	111	22	16	64	18	43	77	110	94	99	86	10	22	48	70	59	91	31	92	8	113	45	80	95	21	51	20	104	90	99	36	123	74	118	34	38	86	76	79	90	21	10	14	92	2	5	116	19	19	89	126	124	10	46	73	56	34	102	93	123	92	114	15	23	91	64	121	46	42	98	99	123	29	77	66	40	85	64	116	37	59	47
0	0	0	0	0	0	0	0	0	0	0	0	0	0	0	0	0	0	0	0	0	0	0	0	0	0	0	0	0	0	0	0	0	0	0	0	0	102	49	124	76	64	32	6	85	26	81	93	51	50	119	126	77	25	85	121	100	58	21	63	105	60	2	44	70	89	85	89	34	82	77	51	122	28	80	8	7	16	52	42	51	8	9	53	94	78	38	84	59	38	105	55	96	111	53	124	3	65	14	67	32	93	14	5	37	88	25	88	90	101	126	72	3	106	16	57	87	78	100	9	122	55	95	99	89	52	38	117
0	0	0	0	0	0	0	0	0	0	0	0	0	0	0	0	0	0	0	0	0	0	0	0	0	0	0	0	0	0	0	0	0	0	0	0	0	0	113	40	40	42	104	89	89	72	95	115	83	105	123	91	101	102	10	33	12	61	78	37	57	68	72	115	115	105	81	93	80	74	89	19	39	96	30	45	28	2	14	2	70	70	5	119	59	88	128	74	33	85	65	91	93	37	4	53	17	42	60	21	94	81	66	30	42	38	67	114	36	74	17	57	52	10	15	13	23	79	116	12	49	27	118	71	19	111	13	111
0	0	0	0	0	0	0	0	0	0	0	0	0	0	0	0	0	0	0	0	0	0	0	0	0	0	0	0	0	0	0	0	0	0	0	0	0	0	0	60	116	115	43	29	71	87	111	65	101	32	49	125	124	77	57	61	105	54	50	59	75	77	95	89	62	44	83	113	32	27	85	49	73	3	11	54	117	71	71	38	17	29	86	86	121	9	24	43	1	41	13	72	35	78	80	94	25	121	60	6	104	47	112	120	121	1	1	49	122	17	61	77	119	127	91	70	35	37	57	92	21	62	30	66	66	68	69	79
0	0	0	0	0	0	0	0	0	0	0	0	0	0	0	0	0	0	0	0	0	0	0	0	0	0	0	0	0	0	0	0	0	0	0	0	0	0	0	0	1	112	114	54	103	86	119	76	37	71	57	109	98	108	72	128	9	19	125	10	122	61	73	82	95	90	58	58	30	45	119	101	42	10	91	87	85	87	19	16	63	91	56	61	75	77	2	113	127	45	56	121	98	91	4	15	28	45	15	121	100	128	36	78	114	89	94	124	33	51	87	108	6	31	52	104	35	96	100	6	53	7	117	51	37	63	114	107
0	0	0	0	0	0	0	0	0	0	0	0	0	0	0	0	0	0	0	0	0	0	0	0	0	0	0	0	0	0	0	0	0	0	0	0	0	0	0	0	0	51	50	12	59	5	89	14	60	28	49	78	122	83	120	48	2	44	47	74	93	38	90	55	56	107	92	46	33	20	65	28	107	128	62	31	115	58	9	17	73	45	86	59	35	99	2	19	79	36	58	19	63	69	29	7	112	87	18	6	83	114	110	20	60	44	40	71	21	101	128	54	65	65	115	55	12	111	17	96	69	107	7	86	81	1	81	123
0	0	0	0	0	0	0	0	0	0	0	0	0	0	0	0	0	0	0	0	0	0	0	0	0	0	0	0	0	0	0	0	0	0	0	0	0	0	0	0	0	0	20	115	126	104	96	11	94	4	124	24	73	53	111	55	27	109	89	62	98	4	88	64	39	8	76	16	16	87	16	58	109	78	113	47	110	126	96	115	48	98	58	109	104	35	18	63	104	95	75	22	40	15	13	34	120	115	54	59	34	122	45	70	123	116	7	40	41	61	125	98	21	25	109	108	9	115	123	83	106	13	124	34	111	46	4	103
0	0	0	0	0	0	0	0	0	0	0	0	0	0	0	0	0	0	0	0	0	0	0	0	0	0	0	0	0	0	0	0	0	0	0	0	0	0	0	0	0	0	0	31	109	37	25	38	120	88	45	71	37	68	50	62	15	9	54	12	97	127	75	66	34	38	17	110	46	54	116	107	75	82	121	77	53	46	104	100	19	91	105	10	30	78	6	62	20	24	43	56	57	121	4	104	60	24	13	69	123	50	117	45	36	41	116	98	24	124	36	101	93	2	104	97	33	95	127	46	114	122	94	97	114	107	27	74
0	0	0	0	0	0	0	0	0	0	0	0	0	0	0	0	0	0	0	0	0	0	0	0	0	0	0	0	0	0	0	0	0	0	0	0	0	0	0	0	0	0	0	0	68	10	60	91	26	42	101	72	71	67	73	96	19	117	55	47	114	13	112	109	112	12	73	113	68	100	116	67	40	73	21	37	43	59	128	10	31	45	66	63	79	118	126	81	23	19	1	14	42	15	16	51	107	37	92	127	37	26	111	113	41	39	59	61	96	122	90	83	2	97	32	18	109	62	82	49	81	120	97	114	22	60	1	38
0	0	0	0	0	0	0	0	0	0	0	0	0	0	0	0	0	0	0	0	0	0	0	0	0	0	0	0	0	0	0	0	0	0	0	0	0	0	0	0	0	0	0	0	0	18	114	90	5	105	78	81	117	72	30	53	79	72	45	42	67	113	57	62	46	95	49	97	124	23	108	84	64	37	61	68	78	112	41	43	118	7	15	70	78	128	62	67	117	78	103	18	115	4	12	100	52	84	42	1	80	41	72	21	16	40	31	91	53	26	1	20	91	32	31	31	61	10	48	43	1	119	55	121	6	64	96	72
0	0	0	0	0	0	0	0	0	0	0	0	0	0	0	0	0	0	0	0	0	0	0	0	0	0	0	0	0	0	0	0	0	0	0	0	0	0	0	0	0	0	0	0	0	0	88	36	116	79	123	61	9	17	122	86	81	117	1	18	18	2	47	81	63	28	60	46	56	101	104	17	15	125	15	79	54	2	42	58	110	90	91	103	72	25	102	46	98	114	52	67	99	44	34	102	98	17	110	124	22	126	121	71	118	27	43	106	30	117	61	30	20	57	122	4	111	118	77	50	92	29	96	38	115	49	63	106
0	0	0	0	0	0	0	0	0	0	0	0	0	0	0	0	0	0	0	0	0	0	0	0	0	0	0	0	0	0	0	0	0	0	0	0	0	0	0	0	0	0	0	0	0	0	0	28	51	44	7	13	107	32	14	50	110	84	111	15	5	34	77	92	81	39	9	108	18	10	110	28	22	53	20	126	33	6	80	80	71	20	69	63	119	16	4	46	121	51	55	80	127	11	107	30	67	36	48	90	42	8	81	40	106	83	47	30	50	64	112	7	33	83	75	98	74	85	36	114	100	20	39	7	4	23	123	6
0	0	0	0	0	0	0	0	0	0	0	0	0	0	0	0	0	0	0	0	0	0	0	0	0	0	0	0	0	0	0	0	0	0	0	0	0	0	0	0	0	0	0	0	0	0	0	0	51	108	26	111	70	74	112	114	122	1	17	20	111	100	119	70	92	117	10	29	59	21	36	61	118	109	19	24	33	102	64	20	48	30	90	121	92	44	36	60	8	111	40	41	13	53	42	60	109	94	59	73	127	79	64	120	72	39	86	18	39	46	53	47	59	12	115	127	93	12	86	113	118	125	21	114	27	103	62	89
0	0	0	0	0	0	0	0	0	0	0	0	0	0	0	0	0	0	0	0	0	0	0	0	0	0	0	0	0	0	0	0	0	0	0	0	0	0	0	0	0	0	0	0	0	0	0	0	0	8	125	20	45	83	33	92	47	14	44	3	10	82	110	99	4	7	3	9	101	107	51	122	66	13	128	98	51	22	105	17	108	93	26	126	51	66	101	80	75	110	128	110	66	123	58	85	99	18	80	44	60	114	4	13	3	15	43	62	101	57	40	127	79	58	105	73	14	2	36	14	59	123	64	118	80	109	101	60
0	0	0	0	0	0	0	0	0	0	0	0	0	0	0	0	0	0	0	0	0	0	0	0	0	0	0	0	0	0	0	0	0	0	0	0	0	0	0	0	0	0	0	0	0	0	0	0	0	0	29	119	58	36	23	103	95	66	53	67	106	61	29	80	67	12	43	50	69	81	58	73	1	38	114	88	42	36	128	54	88	16	76	125	80	122	91	88	9	70	50	83	54	45	118	98	111	33	101	94	51	103	100	62	111	38	113	114	100	74	78	89	37	26	20	92	117	94	103	23	121	25	80	101	13	59	102	93
0	0	0	0	0	0	0	0	0	0	0	0	0	0	0	0	0	0	0	0	0	0	0	0	0	0	0	0	0	0	0	0	0	0	0	0	0	0	0	0	0	0	0	0	0	0	0	0	0	0	0	91	77	18	117	17	50	14	109	7	116	4	23	39	12	33	21	45	43	101	20	79	58	99	43	15	19	37	39	123	6	75	94	70	24	109	42	109	7	7	7	78	83	127	85	68	86	20	24	68	32	82	49	112	103	89	111	23	79	107	17	123	52	39	45	91	53	32	118	106	41	86	19	54	118	75	85	77
0	0	0	0	0	0	0	0	0	0	0	0	0	0	0	0	0	0	0	0	0	0	0	0	0	0	0	0	0	0	0	0	0	0	0	0	0	0	0	0	0	0	0	0	0	0	0	0	0	0	0	0	31	9	63	25	104	8	36	123	77	93	37	112	90	23	12	126	24	3	14	17	116	41	34	19	64	81	57	62	22	3	6	118	121	54	122	18	57	109	31	104	105	98	120	70	69	25	17	54	111	88	41	37	16	84	41	32	79	41	83	68	97	109	95	44	19	59	47	63	54	52	34	46	107	108	104	45
0	0	0	0	0	0	0	0	0	0	0	0	0	0	0	0	0	0	0	0	0	0	0	0	0	0	0	0	0	0	0	0	0	0	0	0	0	0	0	0	0	0	0	0	0	0	0	0	0	0	0	0	0	7	105	53	43	67	59	81	2	20	79	74	34	5	93	70	99	60	115	84	112	34	118	79	59	90	104	84	122	20	67	98	44	75	39	60	18	128	91	32	67	120	63	52	8	56	39	40	53	81	29	75	91	121	71	125	53	19	99	25	80	40	103	30	39	89	9	86	20	80	95	49	70	67	100	38
0	0	0	0	0	0	0	0	0	0	0	0	0	0	0	0	0	0	0	0	0	0	0	0	0	0	0	0	0	0	0	0	0	0	0	0	0	0	0	0	0	0	0	0	0	0	0	0	0	0	0	0	0	0	6	34	112	4	9	122	101	78	34	103	26	87	116	108	4	119	40	47	2	116	64	36	1	120	39	104	112	102	101	85	121	128	125	32	96	45	107	54	117	50	16	112	86	4	9	88	45	85	70	10	73	80	94	95	90	100	50	19	94	78	51	60	45	60	76	103	83	79	74	6	64	113	91	89
0	0	0	0	0	0	0	0	0	0	0	0	0	0	0	0	0	0	0	0	0	0	0	0	0	0	0	0	0	0	0	0	0	0	0	0	0	0	0	0	0	0	0	0	0	0	0	0	0	0	0	0	0	0	0	34	118	56	36	56	52	53	124	63	44	104	47	34	79	12	33	53	52	14	19	19	101	57	99	121	111	125	115	103	29	60	43	100	34	7	67	27	23	49	5	117	59	40	21	62	5	80	42	37	12	117	16	110	32	9	12	11	66	79	65	41	1	67	2	114	11	126	49	32	75	25	38	115
0	0	0	0	0	0	0	0	0	0	0	0	0	0	0	0	0	0	0	0	0	0	0	0	0	0	0	0	0	0	0	0	0	0	0	0	0	0	0	0	0	0	0	0	0	0	0	0	0	0	0	0	0	0	0	0	75	5	106	85	51	46	111	57	51	104	12	123	4	10	66	26	113	20	39	86	39	18	118	33	49	73	58	33	111	64	63	122	113	29	128	7	11	117	13	23	30	35	10	3	14	60	33	112	85	45	58	73	57	13	121	100	53	3	83	23	107	41	33	65	128	53	9	36	109	50	112	40
0	0	0	0	0	0	0	0	0	0	0	0	0	0	0	0	0	0	0	0	0	0	0	0	0	0	0	0	0	0	0	0	0	0	0	0	0	0	0	0	0	0	0	0	0	0	0	0	0	0	0	0	0	0	0	0	0	13	19	82	6	124	115	122	49	33	72	92	79	40	70	11	7	85	94	83	13	96	111	52	26	34	56	44	83	24	114	90	68	27	88	76	111	28	97	96	62	46	22	18	121	31	55	61	124	63	99	32	114	52	8	22	21	128	51	95	40	88	115	86	27	70	97	51	110	64	101	94
0	0	0	0	0	0	0	0	0	0	0	0	0	0	0	0	0	0	0	0	0	0	0	0	0	0	0	0	0	0	0	0	0	0	0	0	0	0	0	0	0	0	0	0	0	0	0	0	0	0	0	0	0	0	0	0	0	0	111	49	110	18	113	96	52	116	30	24	63	112	21	51	37	9	22	96	33	54	8	89	101	43	8	16	104	59	26	67	28	101	26	18	2	20	9	22	111	25	55	89	94	73	39	89	102	1	102	69	21	92	128	23	92	109	104	33	14	26	21	3	89	103	82	120	113	33	125	4
0	0	0	0	0	0	0	0	0	0	0	0	0	0	0	0	0	0	0	0	0	0	0	0	0	0	0	0	0	0	0	0	0	0	0	0	0	0	0	0	0	0	0	0	0	0	0	0	0	0	0	0	0	0	0	0	0	0	0	106	116	71	73	96	79	111	27	8	60	15	79	34	44	47	112	128	10	98	18	49	97	44	4	105	110	39	79	2	122	89	62	5	116	116	84	6	55	58	22	113	100	1	41	47	83	3	18	91	51	22	58	2	76	104	8	41	39	104	117	49	26	37	89	93	125	11	12	75
0	0	0	0	0	0	0	0	0	0	0	0	0	0	0	0	0	0	0	0	0	0	0	0	0	0	0	0	0	0	0	0	0	0	0	0	0	0	0	0	0	0	0	0	0	0	0	0	0	0	0	0	0	0	0	0	0	0	0	0	29	14	26	58	121	71	75	51	92	63	53	110	122	49	93	93	85	53	20	79	5	58	3	73	84	6	90	43	1	124	17	29	82	125	117	83	41	22	10	89	73	107	66	92	79	84	105	28	81	107	74	40	70	13	11	14	39	5	115	58	104	109	16	120	35	95	22	10
0	0	0	0	0	0	0	0	0	0	0	0	0	0	0	0	0	0	0	0	0	0	0	0	0	0	0	0	0	0	0	0	0	0	0	0	0	0	0	0	0	0	0	0	0	0	0	0	0	0	0	0	0	0	0	0	0	0	0	0	0	111	72	70	122	102	79	124	97	75	100	95	29	56	64	94	30	3	99	36	26	48	106	34	21	58	22	36	7	32	3	11	113	70	37	83	128	56	74	117	102	43	80	19	17	53	59	17	86	19	44	4	84	42	119	43	17	119	33	1	74	73	115	24	115	89	124	15
0	0	0	0	0	0	0	0	0	0	0	0	0	0	0	0	0	0	0	0	0	0	0	0	0	0	0	0	0	0	0	0	0	0	0	0	0	0	0	0	0	0	0	0	0	0	0	0	0	0	0	0	0	0	0	0	0	0	0	0	0	0	53	48	32	115	64	118	54	120	76	61	28	82	41	33	21	33	39	68	75	57	73	12	41	109	17	123	14	114	27	113	10	65	47	125	88	53	58	77	18	23	49	107	29	90	75	82	90	104	11	35	19	26	82	7	48	22	71	95	65	2	71	84	120	88	81	34
0	0	0	0	0	0	0	0	0	0	0	0	0	0	0	0	0	0	0	0	0	0	0	0	0	0	0	0	0	0	0	0	0	0	0	0	0	0	0	0	0	0	0	0	0	0	0	0	0	0	0	0	0	0	0	0	0	0	0	0	0	0	0	94	85	14	98	33	98	39	119	117	35	74	43	67	100	122	82	85	109	123	123	101	99	59	64	64	63	45	74	47	57	12	123	42	57	18	19	122	39	44	109	25	17	58	15	112	39	103	12	27	28	52	68	52	10	99	63	42	50	34	65	49	67	6	117	121
0	0	0	0	0	0	0	0	0	0	0	0	0	0	0	0	0	0	0	0	0	0	0	0	0	0	0	0	0	0	0	0	0	0	0	0	0	0	0	0	0	0	0	0	0	0	0	0	0	0	0	0	0	0	0	0	0	0	0	0	0	0	0	0	70	87	49	30	110	42	109	65	52	79	122	106	14	121	64	107	49	113	127	62	28	65	110	46	96	34	43	51	90	58	65	28	55	105	75	59	92	36	34	54	82	105	35	112	74	47	117	111	54	127	119	120	81	89	93	77	51	103	118	78	50	6	62	51
0	0	0	0	0	0	0	0	0	0	0	0	0	0	0	0	0	0	0	0	0	0	0	0	0	0	0	0	0	0	0	0	0	0	0	0	0	0	0	0	0	0	0	0	0	0	0	0	0	0	0	0	0	0	0	0	0	0	0	0	0	0	0	0	0	31	88	114	44	21	33	58	89	42	66	33	50	49	113	51	115	128	73	27	62	37	47	30	21	82	114	79	72	114	84	94	96	12	61	17	43	11	48	42	90	16	117	70	12	123	1	115	112	27	101	121	123	66	116	60	26	77	114	4	13	56	128	112
0	0	0	0	0	0	0	0	0	0	0	0	0	0	0	0	0	0	0	0	0	0	0	0	0	0	0	0	0	0	0	0	0	0	0	0	0	0	0	0	0	0	0	0	0	0	0	0	0	0	0	0	0	0	0	0	0	0	0	0	0	0	0	0	0	0	49	19	128	67	32	31	121	12	5	18	23	116	67	8	17	18	63	1	4	111	75	112	32	95	39	83	33	113	83	106	9	31	69	26	3	108	15	59	102	31	76	119	99	39	11	50	49	61	118	16	76	28	8	111	50	49	48	99	15	50	74	49
0	0	0	0	0	0	0	0	0	0	0	0	0	0	0	0	0	0	0	0	0	0	0	0	0	0	0	0	0	0	0	0	0	0	0	0	0	0	0	0	0	0	0	0	0	0	0	0	0	0	0	0	0	0	0	0	0	0	0	0	0	0	0	0	0	0	0	91	31	99	124	64	39	97	90	82	119	7	18	50	56	25	33	33	24	36	85	14	117	48	123	8	29	77	60	65	72	47	96	127	43	73	20	35	19	13	122	9	56	59	107	60	95	30	100	53	120	33	63	18	40	30	38	21	58	97	24	40
0	0	0	0	0	0	0	0	0	0	0	0	0	0	0	0	0	0	0	0	0	0	0	0	0	0	0	0	0	0	0	0	0	0	0	0	0	0	0	0	0	0	0	0	0	0	0	0	0	0	0	0	0	0	0	0	0	0	0	0	0	0	0	0	0	0	0	0	38	63	4	4	68	45	103	34	88	116	116	49	39	91	36	21	2	71	28	80	31	95	30	15	64	77	45	110	22	80	35	11	88	31	20	122	94	40	40	51	91	116	68	60	74	94	32	77	49	119	11	79	114	61	15	1	7	23	36	14
0	0	0	0	0	0	0	0	0	0	0	0	0	0	0	0	0	0	0	0	0	0	0	0	0	0	0	0	0	0	0	0	0	0	0	0	0	0	0	0	0	0	0	0	0	0	0	0	0	0	0	0	0	0	0	0	0	0	0	0	0	0	0	0	0	0	0	0	0	15	11	35	99	35	124	73	24	18	40	46	103	87	31	94	92	113	46	13	69	56	58	56	64	66	33	81	21	42	102	23	100	120	104	88	112	88	23	19	112	66	56	93	90	81	125	16	28	84	44	18	117	128	37	77	98	123	33	123
0	0	0	0	0	0	0	0	0	0	0	0	0	0	0	0	0	0	0	0	0	0	0	0	0	0	0	0	0	0	0	0	0	0	0	0	0	0	0	0	0	0	0	0	0	0	0	0	0	0	0	0	0	0	0	0	0	0	0	0	0	0	0	0	0	0	0	0	0	0	73	56	124	114	57	104	35	96	86	43	37	86	12	108	23	13	89	64	59	56	36	25	111	77	8	76	101	22	122	52	108	106	67	35	27	29	18	68	69	47	85	61	97	20	28	100	120	56	80	22	113	48	1	56	101	19	56	29
0	0	0	0	0	0	0	0	0	0	0	0	0	0	0	0	0	0	0	0	0	0	0	0	0	0	0	0	0	0	0	0	0	0	0	0	0	0	0	0	0	0	0	0	0	0	0	0	0	0	0	0	0	0	0	0	0	0	0	0	0	0	0	0	0	0	0	0	0	0	0	48	124	83	16	110	94	123	125	56	128	60	114	48	48	6	39	98	94	13	5	78	119	20	126	47	72	26	122	55	25	117	49	1	53	81	118	106	123	116	110	46	29	96	12	77	37	27	127	87	121	16	68	18	95	114	38	53
0	0	0	0	0	0	0	0	0	0	0	0	0	0	0	0	0	0	0	0	0	0	0	0	0	0	0	0	0	0	0	0	0	0	0	0	0	0	0	0	0	0	0	0	0	0	0	0	0	0	0	0	0	0	0	0	0	0	0	0	0	0	0	0	0	0	0	0	0	0	0	0	49	38	10	105	88	48	3	37	58	100	114	72	79	104	121	33	8	99	65	19	76	1	5	121	11	45	79	98	28	61	17	111	114	43	103	57	93	85	40	127	86	112	79	67	12	46	39	87	94	93	2	36	127	23	22	10
0	0	0	0	0	0	0	0	0	0	0	0	0	0	0	0	0	0	0	0	0	0	0	0	0	0	0	0	0	0	0	0	0	0	0	0	0	0	0	0	0	0	0	0	0	0	0	0	0	0	0	0	0	0	0	0	0	0	0	0	0	0	0	0	0	0	0	0	0	0	0	0	0	45	123	97	24	101	75	4	14	64	123	51	116	100	107	35	69	8	9	102	85	64	40	124	81	52	71	3	13	108	11	82	105	29	90	1	25	117	64	62	16	5	110	70	128	72	68	99	85	92	71	68	18	48	85	82
0	0	0	0	0	0	0	0	0	0	0	0	0	0	0	0	0	0	0	0	0	0	0	0	0	0	0	0	0	0	0	0	0	0	0	0	0	0	0	0	0	0	0	0	0	0	0	0	0	0	0	0	0	0	0	0	0	0	0	0	0	0	0	0	0	0	0	0	0	0	0	0	0	0	25	59	20	49	39	112	108	113	87	112	85	118	35	60	5	70	114	110	48	90	74	104	54	52	4	32	22	39	111	86	79	66	54	88	66	124	38	45	75	91	20	82	56	88	106	109	30	29	102	110	104	115	50	18
0	0	0	0	0	0	0	0	0	0	0	0	0	0	0	0	0	0	0	0	0	0	0	0	0	0	0	0	0	0	0	0	0	0	0	0	0	0	0	0	0	0	0	0	0	0	0	0	0	0	0	0	0	0	0	0	0	0	0	0	0	0	0	0	0	0	0	0	0	0	0	0	0	0	0	40	88	42	19	77	85	113	115	120	100	12	107	21	46	24	52	112	39	39	1	23	11	53	73	110	77	59	29	43	102	23	64	14	104	10	18	32	111	98	93	60	35	28	116	112	48	70	75	72	58	118	124	76
0	0	0	0	0	0	0	0	0	0	0	0	0	0	0	0	0	0	0	0	0	0	0	0	0	0	0	0	0	0	0	0	0	0	0	0	0	0	0	0	0	0	0	0	0	0	0	0	0	0	0	0	0	0	0	0	0	0	0	0	0	0	0	0	0	0	0	0	0	0	0	0	0	0	0	0	3	57	125	56	51	83	112	48	63	128	91	9	120	102	33	118	82	37	110	96	17	58	98	22	118	40	116	95	5	127	23	40	116	39	11	75	42	75	124	128	119	97	78	5	52	107	110	105	95	124	20	3
0	0	0	0	0	0	0	0	0	0	0	0	0	0	0	0	0	0	0	0	0	0	0	0	0	0	0	0	0	0	0	0	0	0	0	0	0	0	0	0	0	0	0	0	0	0	0	0	0	0	0	0	0	0	0	0	0	0	0	0	0	0	0	0	0	0	0	0	0	0	0	0	0	0	0	0	0	50	105	111	14	54	16	40	15	109	95	80	7	38	111	105	32	124	1	91	123	127	67	48	67	111	115	10	13	46	57	9	115	82	107	125	21	48	87	40	119	65	9	115	73	112	117	9	3	119	109	115
0	0	0	0	0	0	0	0	0	0	0	0	0	0	0	0	0	0	0	0	0	0	0	0	0	0	0	0	0	0	0	0	0	0	0	0	0	0	0	0	0	0	0	0	0	0	0	0	0	0	0	0	0	0	0	0	0	0	0	0	0	0	0	0	0	0	0	0	0	0	0	0	0	0	0	0	0	0	72	12	107	124	89	38	88	102	83	12	122	39	91	39	6	9	24	96	66	65	119	123	45	125	66	118	55	77	24	89	21	16	13	21	71	60	118	120	87	104	63	103	13	2	35	62	7	26	8	53
0	0	0	0	0	0	0	0	0	0	0	0	0	0	0	0	0	0	0	0	0	0	0	0	0	0	0	0	0	0	0	0	0	0	0	0	0	0	0	0	0	0	0	0	0	0	0	0	0	0	0	0	0	0	0	0	0	0	0	0	0	0	0	0	0	0	0	0	0	0	0	0	0	0	0	0	0	0	0	120	10	57	36	94	86	12	107	84	67	9	62	6	20	106	65	28	69	98	74	122	60	106	91	116	109	100	93	78	47	26	60	26	118	41	85	49	121	26	82	104	51	16	108	62	126	103	5	70
0	0	0	0	0	0	0	0	0	0	0	0	0	0	0	0	0	0	0	0	0	0	0	0	0	0	0	0	0	0	0	0	0	0	0	0	0	0	0	0	0	0	0	0	0	0	0	0	0	0	0	0	0	0	0	0	0	0	0	0	0	0	0	0	0	0	0	0	0	0	0	0	0	0	0	0	0	0	0	0	77	92	78	127	24	49	3	51	85	63	39	102	18	15	102	125	113	80	85	102	9	85	80	68	3	60	83	7	80	44	112	27	1	61	80	32	75	9	115	30	59	11	38	60	126	60	72	8
0	0	0	0	0	0	0	0	0	0	0	0	0	0	0	0	0	0	0	0	0	0	0	0	0	0	0	0	0	0	0	0	0	0	0	0	0	0	0	0	0	0	0	0	0	0	0	0	0	0	0	0	0	0	0	0	0	0	0	0	0	0	0	0	0	0	0	0	0	0	0	0	0	0	0	0	0	0	0	0	0	32	120	66	4	57	18	97	124	32	15	87	23	96	112	63	76	91	5	64	80	17	56	20	17	8	59	75	91	14	49	74	27	95	40	40	63	48	10	58	8	76	59	95	36	2	100	20
0	0	0	0	0	0	0	0	0	0	0	0	0	0	0	0	0	0	0	0	0	0	0	0	0	0	0	0	0	0	0	0	0	0	0	0	0	0	0	0	0	0	0	0	0	0	0	0	0	0	0	0	0	0	0	0	0	0	0	0	0	0	0	0	0	0	0	0	0	0	0	0	0	0	0	0	0	0	0	0	0	0	8	99	87	4	50	13	36	98	85	80	85	6	14	125	9	28	55	42	105	106	45	7	121	8	33	54	118	22	16	117	48	98	26	2	26	21	22	71	94	66	102	78	101	100	103	2
0	0	0	0	0	0	0	0	0	0	0	0	0	0	0	0	0	0	0	0	0	0	0	0	0	0	0	0	0	0	0	0	0	0	0	0	0	0	0	0	0	0	0	0	0	0	0	0	0	0	0	0	0	0	0	0	0	0	0	0	0	0	0	0	0	0	0	0	0	0	0	0	0	0	0	0	0	0	0	0	0	0	0	31	72	25	109	97	121	58	99	99	5	60	10	54	126	43	87	61	101	36	38	59	120	71	21	49	102	85	81	80	11	53	24	50	108	52	22	81	49	117	69	75	68	71	113	4
0	0	0	0	0	0	0	0	0	0	0	0	0	0	0	0	0	0	0	0	0	0	0	0	0	0	0	0	0	0	0	0	0	0	0	0	0	0	0	0	0	0	0	0	0	0	0	0	0	0	0	0	0	0	0	0	0	0	0	0	0	0	0	0	0	0	0	0	0	0	0	0	0	0	0	0	0	0	0	0	0	0	0	0	43	28	122	121	90	31	27	13	24	17	101	94	109	117	3	17	50	99	40	22	125	12	54	121	119	114	128	71	78	38	2	116	97	128	44	123	111	24	58	100	100	128	3	67
0	0	0	0	0	0	0	0	0	0	0	0	0	0	0	0	0	0	0	0	0	0	0	0	0	0	0	0	0	0	0	0	0	0	0	0	0	0	0	0	0	0	0	0	0	0	0	0	0	0	0	0	0	0	0	0	0	0	0	0	0	0	0	0	0	0	0	0	0	0	0	0	0	0	0	0	0	0	0	0	0	0	0	0	0	112	7	76	118	22	45	10	121	35	8	128	66	33	54	98	115	122	128	87	57	75	23	23	80	27	101	119	117	55	17	125	61	124	4	95	80	97	67	79	118	104	33	45
0	0	0	0	0	0	0	0	0	0	0	0	0	0	0	0	0	0	0	0	0	0	0	0	0	0	0	0	0	0	0	0	0	0	0	0	0	0	0	0	0	0	0	0	0	0	0	0	0	0	0	0	0	0	0	0	0	0	0	0	0	0	0	0	0	0	0	0	0	0	0	0	0	0	0	0	0	0	0	0	0	0	0	0	0	0	67	78	89	66	90	2	104	72	122	107	51	63	62	86	102	30	64	45	12	6	120	116	17	124	103	111	64	51	53	96	102	50	13	61	70	55	10	92	90	73	8	9
0	0	0	0	0	0	0	0	0	0	0	0	0	0	0	0	0	0	0	0	0	0	0	0	0	0	0	0	0	0	0	0	0	0	0	0	0	0	0	0	0	0	0	0	0	0	0	0	0	0	0	0	0	0	0	0	0	0	0	0	0	0	0	0	0	0	0	0	0	0	0	0	0	0	0	0	0	0	0	0	0	0	0	0	0	0	0	18	43	101	67	2	122	74	56	116	49	38	125	49	30	33	5	99	108	63	10	22	73	58	52	70	101	39	107	124	120	61	47	61	106	101	107	61	128	78	32	46
0	0	0	0	0	0	0	0	0	0	0	0	0	0	0	0	0	0	0	0	0	0	0	0	0	0	0	0	0	0	0	0	0	0	0	0	0	0	0	0	0	0	0	0	0	0	0	0	0	0	0	0	0	0	0	0	0	0	0	0	0	0	0	0	0	0	0	0	0	0	0	0	0	0	0	0	0	0	0	0	0	0	0	0	0	0	0	0	32	111	32	52	97	31	114	24	53	47	120	12	27	107	18	49	13	11	92	36	38	68	26	128	53	108	66	70	107	92	117	53	94	52	29	85	59	30	106	66
0	0	0	0	0	0	0	0	0	0	0	0	0	0	0	0	0	0	0	0	0	0	0	0	0	0	0	0	0	0	0	0	0	0	0	0	0	0	0	0	0	0	0	0	0	0	0	0	0	0	0	0	0	0	0	0	0	0	0	0	0	0	0	0	0	0	0	0	0	0	0	0	0	0	0	0	0	0	0	0	0	0	0	0	0	0	0	0	0	25	8	96	83	56	114	39	76	34	48	32	6	119	112	50	36	8	17	25	110	16	70	19	5	111	2	52	28	104	51	26	85	56	28	39	54	112	16	85
0	0	0	0	0	0	0	0	0	0	0	0	0	0	0	0	0	0	0	0	0	0	0	0	0	0	0	0	0	0	0	0	0	0	0	0	0	0	0	0	0	0	0	0	0	0	0	0	0	0	0	0	0	0	0	0	0	0	0	0	0	0	0	0	0	0	0	0	0	0	0	0	0	0	0	0	0	0	0	0	0	0	0	0	0	0	0	0	0	0	6	34	38	127	73	65	91	44	105	77	22	128	70	117	72	31	69	59	89	115	56	94	25	96	56	1	43	40	36	51	76	95	102	7	84	83	23	103
0	0	0	0	0	0	0	0	0	0	0	0	0	0	0	0	0	0	0	0	0	0	0	0	0	0	0	0	0	0	0	0	0	0	0	0	0	0	0	0	0	0	0	0	0	0	0	0	0	0	0	0	0	0	0	0	0	0	0	0	0	0	0	0	0	0	0	0	0	0	0	0	0	0	0	0	0	0	0	0	0	0	0	0	0	0	0	0	0	0	0	121	98	13	56	125	81	119	28	38	27	88	3	29	4	41	22	110	85	45	39	36	6	125	98	84	31	63	90	100	8	15	61	117	71	92	24	35
0	0	0	0	0	0	0	0	0	0	0	0	0	0	0	0	0	0	0	0	0	0	0	0	0	0	0	0	0	0	0	0	0	0	0	0	0	0	0	0	0	0	0	0	0	0	0	0	0	0	0	0	0	0	0	0	0	0	0	0	0	0	0	0	0	0	0	0	0	0	0	0	0	0	0	0	0	0	0	0	0	0	0	0	0	0	0	0	0	0	0	0	93	67	83	96	128	19	18	120	71	92	16	14	29	47	98	24	47	32	64	3	7	77	72	42	63	18	45	49	43	128	32	57	95	104	63	26
0	0	0	0	0	0	0	0	0	0	0	0	0	0	0	0	0	0	0	0	0	0	0	0	0	0	0	0	0	0	0	0	0	0	0	0	0	0	0	0	0	0	0	0	0	0	0	0	0	0	0	0	0	0	0	0	0	0	0	0	0	0	0	0	0	0	0	0	0	0	0	0	0	0	0	0	0	0	0	0	0	0	0	0	0	0	0	0	0	0	0	0	0	19	42	61	10	127	13	67	87	10	85	65	8	20	112	96	85	6	98	14	9	22	21	95	19	74	68	95	63	76	10	62	126	32	122	47
0	0	0	0	0	0	0	0	0	0	0	0	0	0	0	0	0	0	0	0	0	0	0	0	0	0	0	0	0	0	0	0	0	0	0	0	0	0	0	0	0	0	0	0	0	0	0	0	0	0	0	0	0	0	0	0	0	0	0	0	0	0	0	0	0	0	0	0	0	0	0	0	0	0	0	0	0	0	0	0	0	0	0	0	0	0	0	0	0	0	0	0	0	0	81	98	85	34	39	3	119	36	88	63	3	115	78	98	21	89	26	73	50	77	82	111	51	35	75	76	121	59	75	1	4	59	106	121
0	0	0	0	0	0	0	0	0	0	0	0	0	0	0	0	0	0	0	0	0	0	0	0	0	0	0	0	0	0	0	0	0	0	0	0	0	0	0	0	0	0	0	0	0	0	0	0	0	0	0	0	0	0	0	0	0	0	0	0	0	0	0	0	0	0	0	0	0	0	0	0	0	0	0	0	0	0	0	0	0	0	0	0	0	0	0	0	0	0	0	0	0	0	0	54	10	21	113	89	80	76	12	34	36	32	64	3	22	52	101	45	58	116	17	28	40	116	80	120	48	6	96	37	40	106	91	5
0	0	0	0	0	0	0	0	0	0	0	0	0	0	0	0	0	0	0	0	0	0	0	0	0	0	0	0	0	0	0	0	0	0	0	0	0	0	0	0	0	0	0	0	0	0	0	0	0	0	0	0	0	0	0	0	0	0	0	0	0	0	0	0	0	0	0	0	0	0	0	0	0	0	0	0	0	0	0	0	0	0	0	0	0	0	0	0	0	0	0	0	0	0	0	0	110	5	109	73	24	89	5	93	87	20	61	62	7	75	65	20	128	107	83	46	11	39	38	24	25	82	64	69	3	15	7	113
0	0	0	0	0	0	0	0	0	0	0	0	0	0	0	0	0	0	0	0	0	0	0	0	0	0	0	0	0	0	0	0	0	0	0	0	0	0	0	0	0	0	0	0	0	0	0	0	0	0	0	0	0	0	0	0	0	0	0	0	0	0	0	0	0	0	0	0	0	0	0	0	0	0	0	0	0	0	0	0	0	0	0	0	0	0	0	0	0	0	0	0	0	0	0	0	0	86	7	31	76	19	2	102	56	34	103	58	52	53	51	53	6	6	92	44	16	121	40	105	113	29	13	88	9	13	41	57
0	0	0	0	0	0	0	0	0	0	0	0	0	0	0	0	0	0	0	0	0	0	0	0	0	0	0	0	0	0	0	0	0	0	0	0	0	0	0	0	0	0	0	0	0	0	0	0	0	0	0	0	0	0	0	0	0	0	0	0	0	0	0	0	0	0	0	0	0	0	0	0	0	0	0	0	0	0	0	0	0	0	0	0	0	0	0	0	0	0	0	0	0	0	0	0	0	0	71	57	38	29	48	42	75	8	71	8	116	64	22	39	64	94	38	75	70	113	98	89	49	61	6	20	58	85	22	33
0	0	0	0	0	0	0	0	0	0	0	0	0	0	0	0	0	0	0	0	0	0	0	0	0	0	0	0	0	0	0	0	0	0	0	0	0	0	0	0	0	0	0	0	0	0	0	0	0	0	0	0	0	0	0	0	0	0	0	0	0	0	0	0	0	0	0	0	0	0	0	0	0	0	0	0	0	0	0	0	0	0	0	0	0	0	0	0	0	0	0	0	0	0	0	0	0	0	0	6	69	42	80	95	50	83	86	28	55	55	63	110	40	32	121	14	51	35	64	104	83	115	52	30	29	21	59	101
0	0	0	0	0	0	0	0	0	0	0	0	0	0	0	0	0	0	0	0	0	0	0	0	0	0	0	0	0	0	0	0	0	0	0	0	0	0	0	0	0	0	0	0	0	0	0	0	0	0	0	0	0	0	0	0	0	0	0	0	0	0	0	0	0	0	0	0	0	0	0	0	0	0	0	0	0	0	0	0	0	0	0	0	0	0	0	0	0	0	0	0	0	0	0	0	0	0	0	0	35	70	68	46	3	41	13	91	31	2	74	119	73	56	74	104	118	81	107	93	99	3	34	80	101	11	26	42
0	0	0	0	0	0	0	0	0	0	0	0	0	0	0	0	0	0	0	0	0	0	0	0	0	0	0	0	0	0	0	0	0	0	0	0	0	0	0	0	0	0	0	0	0	0	0	0	0	0	0	0	0	0	0	0	0	0	0	0	0	0	0	0	0	0	0	0	0	0	0	0	0	0	0	0	0	0	0	0	0	0	0	0	0	0	0	0	0	0	0	0	0	0	0	0	0	0	0	0	0	26	119	103	87	16	20	17	70	32	125	51	37	34	44	44	48	21	49	128	2	105	20	39	75	11	90	104
0	0	0	0	0	0	0	0	0	0	0	0	0	0	0	0	0	0	0	0	0	0	0	0	0	0	0	0	0	0	0	0	0	0	0	0	0	0	0	0	0	0	0	0	0	0	0	0	0	0	0	0	0	0	0	0	0	0	0	0	0	0	0	0	0	0	0	0	0	0	0	0	0	0	0	0	0	0	0	0	0	0	0	0	0	0	0	0	0	0	0	0	0	0	0	0	0	0	0	0	0	0	57	11	14	2	38	23	106	74	24	30	47	114	97	125	30	93	52	21	108	89	109	28	6	118	120	18
0	0	0	0	0	0	0	0	0	0	0	0	0	0	0	0	0	0	0	0	0	0	0	0	0	0	0	0	0	0	0	0	0	0	0	0	0	0	0	0	0	0	0	0	0	0	0	0	0	0	0	0	0	0	0	0	0	0	0	0	0	0	0	0	0	0	0	0	0	0	0	0	0	0	0	0	0	0	0	0	0	0	0	0	0	0	0	0	0	0	0	0	0	0	0	0	0	0	0	0	0	0	0	63	127	76	113	127	14	125	103	84	114	108	37	30	117	47	55	116	76	9	126	102	61	96	19	74
0	0	0	0	0	0	0	0	0	0	0	0	0	0	0	0	0	0	0	0	0	0	0	0	0	0	0	0	0	0	0	0	0	0	0	0	0	0	0	0	0	0	0	0	0	0	0	0	0	0	0	0	0	0	0	0	0	0	0	0	0	0	0	0	0	0	0	0	0	0	0	0	0	0	0	0	0	0	0	0	0	0	0	0	0	0	0	0	0	0	0	0	0	0	0	0	0	0	0	0	0	0	0	0	121	26	69	108	101	52	38	19	58	102	3	50	95	22	64	109	109	2	109	20	33	33	112	83
0	0	0	0	0	0	0	0	0	0	0	0	0	0	0	0	0	0	0	0	0	0	0	0	0	0	0	0	0	0	0	0	0	0	0	0	0	0	0	0	0	0	0	0	0	0	0	0	0	0	0	0	0	0	0	0	0	0	0	0	0	0	0	0	0	0	0	0	0	0	0	0	0	0	0	0	0	0	0	0	0	0	0	0	0	0	0	0	0	0	0	0	0	0	0	0	0	0	0	0	0	0	0	0	0	121	59	74	46	10	90	37	72	40	48	69	51	9	105	76	116	28	13	111	30	60	83	40
0	0	0	0	0	0	0	0	0	0	0	0	0	0	0	0	0	0	0	0	0	0	0	0	0	0	0	0	0	0	0	0	0	0	0	0	0	0	0	0	0	0	0	0	0	0	0	0	0	0	0	0	0	0	0	0	0	0	0	0	0	0	0	0	0	0	0	0	0	0	0	0	0	0	0	0	0	0	0	0	0	0	0	0	0	0	0	0	0	0	0	0	0	0	0	0	0	0	0	0	0	0	0	0	0	0	57	85	79	6	108	106	98	8	108	85	102	22	17	60	51	85	65	70	87	120	65	80
0	0	0	0	0	0	0	0	0	0	0	0	0	0	0	0	0	0	0	0	0	0	0	0	0	0	0	0	0	0	0	0	0	0	0	0	0	0	0	0	0	0	0	0	0	0	0	0	0	0	0	0	0	0	0	0	0	0	0	0	0	0	0	0	0	0	0	0	0	0	0	0	0	0	0	0	0	0	0	0	0	0	0	0	0	0	0	0	0	0	0	0	0	0	0	0	0	0	0	0	0	0	0	0	0	0	0	26	13	55	119	127	11	83	25	98	64	114	28	96	111	31	47	91	14	53	50	94
0	0	0	0	0	0	0	0	0	0	0	0	0	0	0	0	0	0	0	0	0	0	0	0	0	0	0	0	0	0	0	0	0	0	0	0	0	0	0	0	0	0	0	0	0	0	0	0	0	0	0	0	0	0	0	0	0	0	0	0	0	0	0	0	0	0	0	0	0	0	0	0	0	0	0	0	0	0	0	0	0	0	0	0	0	0	0	0	0	0	0	0	0	0	0	0	0	0	0	0	0	0	0	0	0	0	0	0	118	63	80	71	58	86	23	53	85	53	126	64	35	71	35	84	9	126	75	24
0	0	0	0	0	0	0	0	0	0	0	0	0	0	0	0	0	0	0	0	0	0	0	0	0	0	0	0	0	0	0	0	0	0	0	0	0	0	0	0	0	0	0	0	0	0	0	0	0	0	0	0	0	0	0	0	0	0	0	0	0	0	0	0	0	0	0	0	0	0	0	0	0	0	0	0	0	0	0	0	0	0	0	0	0	0	0	0	0	0	0	0	0	0	0	0	0	0	0	0	0	0	0	0	0	0	0	0	0	30	93	74	108	127	15	48	76	76	14	40	24	4	35	118	26	20	36	14
0	0	0	0	0	0	0	0	0	0	0	0	0	0	0	0	0	0	0	0	0	0	0	0	0	0	0	0	0	0	0	0	0	0	0	0	0	0	0	0	0	0	0	0	0	0	0	0	0	0	0	0	0	0	0	0	0	0	0	0	0	0	0	0	0	0	0	0	0	0	0	0	0	0	0	0	0	0	0	0	0	0	0	0	0	0	0	0	0	0	0	0	0	0	0	0	0	0	0	0	0	0	0	0	0	0	0	0	0	0	81	108	67	80	70	109	92	7	95	13	97	62	107	107	106	120	20	89
0	0	0	0	0	0	0	0	0	0	0	0	0	0	0	0	0	0	0	0	0	0	0	0	0	0	0	0	0	0	0	0	0	0	0	0	0	0	0	0	0	0	0	0	0	0	0	0	0	0	0	0	0	0	0	0	0	0	0	0	0	0	0	0	0	0	0	0	0	0	0	0	0	0	0	0	0	0	0	0	0	0	0	0	0	0	0	0	0	0	0	0	0	0	0	0	0	0	0	0	0	0	0	0	0	0	0	0	0	0	0	101	83	14	12	114	30	107	80	76	56	58	3	99	79	31	62	18
0	0	0	0	0	0	0	0	0	0	0	0	0	0	0	0	0	0	0	0	0	0	0	0	0	0	0	0	0	0	0	0	0	0	0	0	0	0	0	0	0	0	0	0	0	0	0	0	0	0	0	0	0	0	0	0	0	0	0	0	0	0	0	0	0	0	0	0	0	0	0	0	0	0	0	0	0	0	0	0	0	0	0	0	0	0	0	0	0	0	0	0	0	0	0	0	0	0	0	0	0	0	0	0	0	0	0	0	0	0	0	0	19	28	41	85	27	83	48	30	26	106	84	21	17	2	75	31
0	0	0	0	0	0	0	0	0	0	0	0	0	0	0	0	0	0	0	0	0	0	0	0	0	0	0	0	0	0	0	0	0	0	0	0	0	0	0	0	0	0	0	0	0	0	0	0	0	0	0	0	0	0	0	0	0	0	0	0	0	0	0	0	0	0	0	0	0	0	0	0	0	0	0	0	0	0	0	0	0	0	0	0	0	0	0	0	0	0	0	0	0	0	0	0	0	0	0	0	0	0	0	0	0	0	0	0	0	0	0	0	0	25	56	81	56	30	34	18	26	50	34	21	31	24	68	35
0	0	0	0	0	0	0	0	0	0	0	0	0	0	0	0	0	0	0	0	0	0	0	0	0	0	0	0	0	0	0	0	0	0	0	0	0	0	0	0	0	0	0	0	0	0	0	0	0	0	0	0	0	0	0	0	0	0	0	0	0	0	0	0	0	0	0	0	0	0	0	0	0	0	0	0	0	0	0	0	0	0	0	0	0	0	0	0	0	0	0	0	0	0	0	0	0	0	0	0	0	0	0	0	0	0	0	0	0	0	0	0	0	0	5	103	33	35	82	119	83	52	71	95	70	93	6	50
0	0	0	0	0	0	0	0	0	0	0	0	0	0	0	0	0	0	0	0	0	0	0	0	0	0	0	0	0	0	0	0	0	0	0	0	0	0	0	0	0	0	0	0	0	0	0	0	0	0	0	0	0	0	0	0	0	0	0	0	0	0	0	0	0	0	0	0	0	0	0	0	0	0	0	0	0	0	0	0	0	0	0	0	0	0	0	0	0	0	0	0	0	0	0	0	0	0	0	0	0	0	0	0	0	0	0	0	0	0	0	0	0	0	0	62	59	105	79	115	68	123	114	97	102	120	66	128
0	0	0	0	0	0	0	0	0	0	0	0	0	0	0	0	0	0	0	0	0	0	0	0	0	0	0	0	0	0	0	0	0	0	0	0	0	0	0	0	0	0	0	0	0	0	0	0	0	0	0	0	0	0	0	0	0	0	0	0	0	0	0	0	0	0	0	0	0	0	0	0	0	0	0	0	0	0	0	0	0	0	0	0	0	0	0	0	0	0	0	0	0	0	0	0	0	0	0	0	0	0	0	0	0	0	0	0	0	0	0	0	0	0	0	0	113	32	35	117	49	107	26	63	110	85	96	23
0	0	0	0	0	0	0	0	0	0	0	0	0	0	0	0	0	0	0	0	0	0	0	0	0	0	0	0	0	0	0	0	0	0	0	0	0	0	0	0	0	0	0	0	0	0	0	0	0	0	0	0	0	0	0	0	0	0	0	0	0	0	0	0	0	0	0	0	0	0	0	0	0	0	0	0	0	0	0	0	0	0	0	0	0	0	0	0	0	0	0	0	0	0	0	0	0	0	0	0	0	0	0	0	0	0	0	0	0	0	0	0	0	0	0	0	0	50	110	1	122	84	109	15	26	22	87	113
0	0	0	0	0	0	0	0	0	0	0	0	0	0	0	0	0	0	0	0	0	0	0	0	0	0	0	0	0	0	0	0	0	0	0	0	0	0	0	0	0	0	0	0	0	0	0	0	0	0	0	0	0	0	0	0	0	0	0	0	0	0	0	0	0	0	0	0	0	0	0	0	0	0	0	0	0	0	0	0	0	0	0	0	0	0	0	0	0	0	0	0	0	0	0	0	0	0	0	0	0	0	0	0	0	0	0	0	0	0	0	0	0	0	0	0	0	0	126	7	36	90	59	51	6	2	108	13
0	0	0	0	0	0	0	0	0	0	0	0	0	0	0	0	0	0	0	0	0	0	0	0	0	0	0	0	0	0	0	0	0	0	0	0	0	0	0	0	0	0	0	0	0	0	0	0	0	0	0	0	0	0	0	0	0	0	0	0	0	0	0	0	0	0	0	0	0	0	0	0	0	0	0	0	0	0	0	0	0	0	0	0	0	0	0	0	0	0	0	0	0	0	0	0	0	0	0	0	0	0	0	0	0	0	0	0	0	0	0	0	0	0	0	0	0	0	0	51	2	6	60	56	79	59	84	6
0	0	0	0	0	0	0	0	0	0	0	0	0	0	0	0	0	0	0	0	0	0	0	0	0	0	0	0	0	0	0	0	0	0	0	0	0	0	0	0	0	0	0	0	0	0	0	0	0	0	0	0	0	0	0	0	0	0	0	0	0	0	0	0	0	0	0	0	0	0	0	0	0	0	0	0	0	0	0	0	0	0	0	0	0	0	0	0	0	0	0	0	0	0	0	0	0	0	0	0	0	0	0	0	0	0	0	0	0	0	0	0	0	0	0	0	0	0	0	0	84	108	97	72	121	5	84	120
0	0	0	0	0	0	0	0	0	0	0	0	0	0	0	0	0	0	0	0	0	0	0	0	0	0	0	0	0	0	0	0	0	0	0	0	0	0	0	0	0	0	0	0	0	0	0	0	0	0	0	0	0	0	0	0	0	0	0	0	0	0	0	0	0	0	0	0	0	0	0	0	0	0	0	0	0	0	0	0	0	0	0	0	0	0	0	0	0	0	0	0	0	0	0	0	0	0	0	0	0	0	0	0	0	0	0	0	0	0	0	0	0	0	0	0	0	0	0	0	0	12	4	25	26	84	44	102
0	0	0	0	0	0	0	0	0	0	0	0	0	0	0	0	0	0	0	0	0	0	0	0	0	0	0	0	0	0	0	0	0	0	0	0	0	0	0	0	0	0	0	0	0	0	0	0	0	0	0	0	0	0	0	0	0	0	0	0	0	0	0	0	0	0	0	0	0	0	0	0	0	0	0	0	0	0	0	0	0	0	0	0	0	0	0	0	0	0	0	0	0	0	0	0	0	0	0	0	0	0	0	0	0	0	0	0	0	0	0	0	0	0	0	0	0	0	0	0	0	0	1	99	89	2	95	3
0	0	0	0	0	0	0	0	0	0	0	0	0	0	0	0	0	0	0	0	0	0	0	0	0	0	0	0	0	0	0	0	0	0	0	0	0	0	0	0	0	0	0	0	0	0	0	0	0	0	0	0	0	0	0	0	0	0	0	0	0	0	0	0	0	0	0	0	0	0	0	0	0	0	0	0	0	0	0	0	0	0	0	0	0	0	0	0	0	0	0	0	0	0	0	0	0	0	0	0	0	0	0	0	0	0	0	0	0	0	0	0	0	0	0	0	0	0	0	0	0	0	0	123	80	42	54	54
0	0	0	0	0	0	0	0	0	0	0	0	0	0	0	0	0	0	0	0	0	0	0	0	0	0	0	0	0	0	0	0	0	0	0	0	0	0	0	0	0	0	0	0	0	0	0	0	0	0	0	0	0	0	0	0	0	0	0	0	0	0	0	0	0	0	0	0	0	0	0	0	0	0	0	0	0	0	0	0	0	0	0	0	0	0	0	0	0	0	0	0	0	0	0	0	0	0	0	0	0	0	0	0	0	0	0	0	0	0	0	0	0	0	0	0	0	0	0	0	0	0	0	0	9	2	24	90
0	0	0	0	0	0	0	0	0	0	0	0	0	0	0	0	0	0	0	0	0	0	0	0	0	0	0	0	0	0	0	0	0	0	0	0	0	0	0	0	0	0	0	0	0	0	0	0	0	0	0	0	0	0	0	0	0	0	0	0	0	0	0	0	0	0	0	0	0	0	0	0	0	0	0	0	0	0	0	0	0	0	0	0	0	0	0	0	0	0	0	0	0	0	0	0	0	0	0	0	0	0	0	0	0	0	0	0	0	0	0	0	0	0	0	0	0	0	0	0	0	0	0	0	0	11	89	95
0	0	0	0	0	0	0	0	0	0	0	0	0	0	0	0	0	0	0	0	0	0	0	0	0	0	0	0	0	0	0	0	0	0	0	0	0	0	0	0	0	0	0	0	0	0	0	0	0	0	0	0	0	0	0	0	0	0	0	0	0	0	0	0	0	0	0	0	0	0	0	0	0	0	0	0	0	0	0	0	0	0	0	0	0	0	0	0	0	0	0	0	0	0	0	0	0	0	0	0	0	0	0	0	0	0	0	0	0	0	0	0	0	0	0	0	0	0	0	0	0	0	0	0	0	0	95	87
0	0	0	0	0	0	0	0	0	0	0	0	0	0	0	0	0	0	0	0	0	0	0	0	0	0	0	0	0	0	0	0	0	0	0	0	0	0	0	0	0	0	0	0	0	0	0	0	0	0	0	0	0	0	0	0	0	0	0	0	0	0	0	0	0	0	0	0	0	0	0	0	0	0	0	0	0	0	0	0	0	0	0	0	0	0	0	0	0	0	0	0	0	0	0	0	0	0	0	0	0	0	0	0	0	0	0	0	0	0	0	0	0	0	0	0	0	0	0	0	0	0	0	0	0	0	0	90
0	0	0	0	0	0	0	0	0	0	0	0	0	0	0	0	0	0	0	0	0	0	0	0	0	0	0	0	0	0	0	0	0	0	0	0	0	0	0	0	0	0	0	0	0	0	0	0	0	0	0	0	0	0	0	0	0	0	0	0	0	0	0	0	0	0	0	0	0	0	0	0	0	0	0	0	0	0	0	0	0	0	0	0	0	0	0	0	0	0	0	0	0	0	0	0	0	0	0	0	0	0	0	0	0	0	0	0	0	0	0	0	0	0	0	0	0	0	0	0	0	0	0	0	0	0	0	0