0	111	88	26	98	54	15	117	5	121	79	99	50	58	16	1	28	1	91	121	96	8	30	52	82	98	96	105	100	29	20	69	122	42	3	16	36	112	101	36	76	20	36	104	74	118	102	31	72	25	95	101	52	77	59	57	55	79	51	8	51	81	4	26	124	46	24	114	6	50	18	125	55	97	9	61	66	123	124	20	117	117	19	28	45	116	26	85	111	3	30	79	123	23	100	92	101	49	79	54	63	14	90	39	116	44	126	96	93	22	107	93	76	84	76	125	18	58	44	93	46	13	10	72	40	48	27	120
0	0	22	12	11	105	102	34	30	12	99	108	119	29	19	92	90	75	112	66	87	1	121	77	92	54	126	89	64	64	59	78	104	2	4	80	66	91	100	106	36	52	87	62	89	91	5	35	34	105	97	87	78	93	47	60	88	70	113	63	70	50	25	102	40	62	18	9	2	4	19	83	67	51	106	17	104	20	112	35	30	96	123	65	1	91	99	101	6	116	93	102	44	80	40	124	6	76	112	97	81	85	104	27	76	7	19	121	128	109	50	103	3	34	32	35	112	104	25	73	108	103	59	21	9	31	90	38
0	0	0	97	113	21	111	42	55	5	64	97	114	116	17	127	10	69	102	115	11	102	13	70	90	11	109	104	2	92	56	68	63	75	105	113	88	24	126	120	95	1	18	112	63	54	73	90	37	106	79	59	21	85	68	17	62	80	23	64	126	72	16	39	26	41	79	43	78	84	103	106	43	86	46	37	49	81	96	76	77	34	49	29	8	20	75	81	10	22	112	79	38	99	84	65	83	28	127	91	104	7	1	89	78	24	116	98	27	29	100	38	17	95	39	128	45	57	33	78	44	83	36	54	44	46	111	20
0	0	0	0	67	43	52	107	37	120	41	10	86	80	55	7	110	125	11	22	12	66	50	6	104	16	35	57	88	25	1	41	81	17	37	8	29	24	82	3	8	35	73	82	75	35	55	86	91	8	49	78	37	109	6	55	124	121	15	75	88	61	98	10	79	109	24	46	58	68	121	84	47	111	73	35	10	96	117	102	111	49	25	52	26	62	22	126	10	19	124	52	39	26	5	119	52	39	15	3	102	85	90	85	112	113	109	61	3	79	97	48	12	23	16	4	60	65	67	74	99	69	92	10	48	106	23	117
0	0	0	0	0	103	21	80	78	109	85	19	8	97	65	107	63	62	2	98	42	73	102	4	49	117	19	85	1	98	44	59	11	57	75	125	6	92	99	102	37	48	37	8	94	7	94	110	115	57	126	27	122	59	100	48	50	89	57	9	100	53	82	77	116	1	54	54	117	52	46	40	102	46	119	79	36	75	44	59	60	125	42	120	56	117	63	94	47	40	19	76	60	40	108	6	22	22	109	103	67	37	125	92	116	72	39	28	115	37	83	14	91	29	57	108	2	15	92	7	88	34	124	67	128	122	73	48
0	0	0	0	0	0	56	89	39	27	48	98	74	84	36	91	74	62	97	32	123	75	22	116	69	94	109	103	69	65	25	76	81	121	124	67	34	74	44	96	17	8	20	92	75	37	9	84	115	8	51	118	108	39	94	82	7	59	4	6	80	94	103	121	50	2	79	22	125	68	101	99	40	117	33	117	51	36	52	93	26	84	19	88	27	107	71	78	57	20	22	58	48	6	47	29	33	15	17	33	70	93	114	42	17	67	78	35	128	87	94	6	25	111	54	13	19	55	106	19	43	60	109	90	108	3	109	128
0	0	0	0	0	0	0	60	115	125	49	19	42	32	25	125	108	81	30	126	102	118	43	60	7	79	126	32	86	13	43	124	120	20	109	78	102	27	80	13	31	115	111	105	3	99	10	42	116	82	79	15	105	99	32	77	115	79	42	114	73	2	28	38	122	105	107	35	122	111	21	122	32	124	127	68	10	36	124	84	49	127	108	102	3	4	44	28	16	22	111	54	97	45	122	42	2	39	47	117	89	11	21	112	47	97	52	99	76	71	20	36	117	37	32	76	38	18	50	28	15	76	53	35	76	96	85	4
0	0	0	0	0	0	0	0	75	31	97	56	113	41	2	42	73	48	68	28	36	122	56	2	105	83	33	33	121	126	62	38	121	73	15	18	99	92	105	26	76	123	106	40	122	99	88	54	85	11	43	16	108	53	43	36	15	13	1	18	99	3	88	19	116	110	124	78	7	81	76	18	86	91	62	35	19	30	127	47	107	40	62	36	11	106	91	96	83	63	105	117	67	57	102	93	46	91	90	22	10	1	25	35	124	99	71	26	26	22	33	31	112	16	118	126	32	5	38	124	58	66	40	127	63	93	63	119
0	0	0	0	0	0	0	0	0	16	45	74	76	17	26	66	21	42	79	26	80	112	54	22	72	40	128	51	6	68	76	70	8	1	121	94	52	105	115	53	6	87	83	112	14	50	117	59	29	126	107	14	45	114	108	25	93	25	42	27	106	3	79	14	37	94	99	33	92	1	101	103	13	82	67	109	73	41	39	53	96	59	61	71	29	67	101	43	48	46	21	90	106	72	110	53	46	30	59	22	15	4	87	90	74	94	100	23	54	111	55	48	62	105	77	87	123	102	86	116	69	34	111	108	91	33	42	12
0	0	0	0	0	0	0	0	0	0	68	83	70	43	84	122	54	41	4	122	122	79	59	13	11	19	101	43	25	112	87	102	43	14	51	12	60	107	41	81	14	81	38	68	113	101	47	92	51	96	30	73	79	113	99	64	44	128	9	40	71	44	82	62	111	86	25	64	108	44	106	5	122	37	119	125	76	38	85	123	99	75	21	118	92	75	49	107	28	81	114	91	97	40	85	82	107	18	99	14	108	19	51	10	76	32	77	64	30	3	101	20	112	86	89	35	46	120	95	115	44	67	33	50	62	105	64	93
0	0	0	0	0	0	0	0	0	0	0	19	18	5	106	90	16	69	45	71	110	37	112	42	52	21	68	89	47	23	24	8	74	96	70	98	68	126	32	44	100	87	79	52	16	31	72	47	53	128	108	60	4	116	73	33	116	40	10	14	15	36	112	81	4	3	108	56	82	39	118	74	90	65	54	74	101	66	85	3	53	120	33	81	86	67	107	31	7	91	105	32	119	13	48	52	83	31	69	58	67	36	42	70	17	87	54	78	123	59	81	89	27	88	52	13	82	44	50	39	2	13	119	90	91	11	115	110
0	0	0	0	0	0	0	0	0	0	0	0	124	86	67	112	112	90	105	57	97	103	3	89	92	25	7	14	87	1	9	3	50	85	126	1	118	8	22	45	8	18	80	50	117	21	103	117	40	75	72	104	89	40	61	106	64	36	70	82	76	35	99	30	111	76	86	31	43	52	3	99	99	4	54	72	62	76	90	44	88	93	44	46	55	33	81	22	44	88	113	57	37	107	29	12	60	114	95	50	44	124	111	86	90	91	28	27	16	30	104	67	20	26	112	41	121	65	1	46	63	9	34	95	13	37	25	111
0	0	0	0	0	0	0	0	0	0	0	0	0	120	81	81	43	92	50	110	96	6	54	89	94	59	47	11	94	26	55	26	37	79	83	38	58	67	94	6	98	12	12	79	111	127	10	109	68	24	78	14	82	99	95	66	105	46	25	57	38	61	67	106	13	116	104	119	82	12	9	7	117	98	73	2	59	48	78	14	76	125	116	41	73	83	47	86	104	4	71	60	93	30	17	94	57	42	90	12	121	53	12	34	100	2	36	23	115	23	50	47	4	2	125	14	77	23	123	18	33	94	118	48	70	15	22	21
0	0	0	0	0	0	0	0	0	0	0	0	0	0	61	61	62	12	27	94	97	94	8	42	27	4	118	12	104	4	38	17	61	112	2	46	25	14	66	99	33	43	53	124	17	45	68	76	80	88	72	44	50	62	92	82	106	127	28	42	123	75	112	97	110	99	71	105	44	128	17	57	118	92	29	26	20	29	97	113	60	88	31	82	17	49	105	84	61	44	72	101	91	70	11	127	78	5	88	78	67	108	38	74	31	73	115	54	128	103	47	58	108	23	44	96	116	44	92	81	123	10	52	20	16	104	22	60
0	0	0	0	0	0	0	0	0	0	0	0	0	0	0	11	95	30	64	41	8	3	69	61	117	117	79	4	107	44	86	93	1	20	44	102	118	49	122	70	105	55	22	60	20	75	14	127	60	60	88	17	73	44	39	21	111	2	127	14	55	49	38	33	10	112	17	10	117	70	25	69	71	27	85	58	77	73	43	14	1	107	28	24	110	54	15	60	115	47	68	8	51	59	127	113	80	119	39	116	82	104	85	17	116	126	92	78	88	90	93	99	96	122	102	17	81	45	82	61	98	92	2	83	35	2	1	7
0	0	0	0	0	0	0	0	0	0	0	0	0	0	0	0	9	19	95	32	10	12	28	103	101	24	53	19	15	101	5	80	69	83	54	110	29	21	79	16	90	63	65	42	91	28	119	85	9	25	52	58	57	12	71	99	23	66	26	72	88	23	106	39	2	8	32	49	36	76	20	69	55	26	51	71	27	100	38	62	106	12	39	111	2	32	86	53	125	8	16	33	8	67	74	127	104	112	88	31	101	39	3	34	61	108	99	18	48	66	120	38	43	63	45	109	106	29	73	41	39	19	38	118	100	115	14	108
0	0	0	0	0	0	0	0	0	0	0	0	0	0	0	0	0	39	78	87	91	126	72	106	62	65	44	35	56	52	80	86	73	59	62	76	76	99	47	96	49	23	124	21	39	52	17	65	28	40	1	104	39	1	93	74	87	23	57	62	77	69	3	34	31	67	76	65	50	70	45	122	109	66	3	127	29	20	60	7	80	94	60	41	8	91	29	88	47	120	119	86	59	100	33	3	44	112	46	88	21	94	38	62	115	98	76	51	13	62	108	19	57	118	128	13	106	107	98	13	83	37	31	43	53	77	73	103
0	0	0	0	0	0	0	0	0	0	0	0	0	0	0	0	0	0	6	73	123	120	117	100	62	119	110	13	71	68	126	41	64	4	3	85	49	1	16	116	85	51	115	73	47	109	94	118	93	43	28	120	49	75	24	38	99	47	12	81	81	104	32	84	28	116	114	87	103	47	104	118	17	80	94	17	8	58	36	82	120	90	80	58	26	76	32	74	28	126	79	39	77	50	110	11	72	91	29	5	114	82	43	114	87	63	109	89	21	56	33	44	43	30	25	70	91	119	19	50	36	46	16	49	99	72	9	104
0	0	0	0	0	0	0	0	0	0	0	0	0	0	0	0	0	0	0	61	74	119	44	125	44	16	74	48	98	58	42	16	23	100	128	109	127	114	109	101	54	105	70	125	111	9	73	102	124	85	126	13	91	95	54	61	94	87	63	82	43	96	18	89	63	26	115	54	7	79	29	53	5	39	105	15	95	123	25	44	75	61	54	104	71	108	123	79	54	38	12	48	109	50	126	74	79	121	48	27	113	83	60	93	100	31	65	29	114	119	17	87	84	29	58	35	56	10	112	32	119	110	93	72	26	26	5	34
0	0	0	0	0	0	0	0	0	0	0	0	0	0	0	0	0	0	0	0	9	53	15	7	25	100	111	6	123	83	111	67	109	83	31	93	26	69	47	113	58	74	109	45	44	22	27	50	30	74	29	87	66	12	87	77	36	76	88	28	48	29	107	122	120	128	48	53	42	36	124	39	119	92	79	65	66	84	83	45	93	22	32	52	85	77	24	5	45	3	73	71	110	19	114	40	97	51	23	47	53	8	69	107	16	109	68	8	99	24	25	126	21	8	71	32	38	74	116	38	39	15	24	80	115	39	32	128
0	0	0	0	0	0	0	0	0	0	0	0	0	0	0	0	0	0	0	0	0	112	4	29	25	86	59	93	56	86	22	116	125	76	128	79	64	57	77	85	17	29	28	20	54	50	83	96	43	40	73	51	24	41	81	128	110	45	94	30	125	107	108	55	30	98	52	65	89	65	37	27	28	2	116	52	112	95	97	52	11	122	46	30	103	122	122	53	10	92	81	67	70	14	46	71	108	5	93	21	62	16	34	35	82	26	63	61	83	52	68	68	67	26	80	21	3	6	63	88	71	95	59	89	128	31	74	56
0	0	0	0	0	0	0	0	0	0	0	0	0	0	0	0	0	0	0	0	0	0	43	92	20	109	90	111	34	1	46	94	39	66	114	93	60	14	10	41	44	12	118	77	21	102	125	66	92	33	115	87	56	52	106	90	49	55	24	117	41	38	125	72	69	10	38	27	60	119	2	62	110	6	11	124	120	127	7	32	54	109	39	109	56	3	17	57	67	97	42	6	121	14	86	69	10	54	81	100	49	3	113	93	61	57	113	39	76	19	72	43	68	38	95	40	57	45	71	57	26	25	81	78	27	58	32	34
0	0	0	0	0	0	0	0	0	0	0	0	0	0	0	0	0	0	0	0	0	0	0	88	52	54	66	77	120	102	88	65	59	54	123	95	97	66	91	114	33	50	106	8	28	98	36	105	70	92	77	108	40	122	47	128	97	99	74	95	16	22	75	78	112	108	116	1	25	50	66	72	121	68	5	112	63	47	59	25	41	42	81	110	52	110	101	40	54	122	89	83	110	45	84	65	40	45	58	23	1	26	93	39	83	48	34	26	94	63	110	7	15	81	93	14	97	39	29	81	32	92	86	69	84	115	32	94
0	0	0	0	0	0	0	0	0	0	0	0	0	0	0	0	0	0	0	0	0	0	0	0	103	5	100	90	111	39	104	34	126	118	100	34	77	103	60	48	47	28	35	36	3	97	92	94	37	86	109	58	99	121	78	54	50	15	106	99	14	43	120	2	98	60	90	96	34	83	25	50	87	104	61	104	123	16	121	81	76	17	80	107	30	88	95	121	52	46	95	19	46	4	113	14	120	21	73	53	108	87	32	125	64	62	33	45	51	40	111	126	71	93	61	7	29	59	26	88	40	5	103	94	88	53	90	64
0	0	0	0	0	0	0	0	0	0	0	0	0	0	0	0	0	0	0	0	0	0	0	0	0	40	37	62	52	17	115	104	39	50	18	106	19	30	85	90	97	87	10	7	84	61	48	47	124	35	46	37	81	51	113	43	54	97	100	81	122	67	20	62	30	90	65	27	42	87	106	43	76	121	78	5	117	44	65	124	34	128	23	91	18	95	62	67	116	102	92	50	78	68	56	43	53	69	86	90	64	16	21	58	115	1	77	93	107	6	109	15	82	99	61	38	99	89	101	65	105	86	10	3	10	105	17	56
0	0	0	0	0	0	0	0	0	0	0	0	0	0	0	0	0	0	0	0	0	0	0	0	0	0	15	28	54	16	56	65	83	102	109	127	102	13	32	123	79	124	35	74	18	78	22	126	108	64	77	50	17	52	88	74	114	102	97	18	30	80	65	119	93	36	50	99	51	108	14	59	127	122	82	47	97	119	19	91	29	46	96	2	21	122	110	94	46	22	106	60	35	92	76	62	79	24	26	12	43	16	96	87	70	66	7	128	3	47	65	118	51	124	25	97	61	7	12	86	6	64	55	2	117	117	109	59
0	0	0	0	0	0	0	0	0	0	0	0	0	0	0	0	0	0	0	0	0	0	0	0	0	0	0	71	17	82	1	70	105	8	41	109	23	80	6	28	35	102	90	104	21	95	114	87	98	124	40	41	22	108	83	93	80	15	85	47	57	63	78	2	52	82	62	25	61	30	29	1	128	104	78	80	38	2	30	94	11	40	15	90	59	95	53	44	73	56	63	128	84	102	84	88	91	2	48	118	46	54	44	109	82	69	117	125	105	71	54	77	100	78	97	120	85	111	80	68	127	121	124	12	79	95	4	81
0	0	0	0	0	0	0	0	0	0	0	0	0	0	0	0	0	0	0	0	0	0	0	0	0	0	0	0	99	101	32	71	80	52	65	60	52	79	34	114	4	31	33	20	10	89	51	94	102	73	13	100	115	124	102	55	51	123	30	3	56	87	22	14	106	10	63	77	15	90	70	119	111	27	3	79	53	6	23	18	6	118	3	91	87	47	48	99	75	107	49	116	3	77	99	46	10	103	108	77	72	86	22	111	34	89	116	81	9	50	49	91	3	108	85	111	79	51	49	6	116	34	54	128	56	21	83	127
0	0	0	0	0	0	0	0	0	0	0	0	0	0	0	0	0	0	0	0	0	0	0	0	0	0	0	0	0	74	51	34	29	66	101	46	127	109	65	73	82	38	14	6	35	86	89	107	29	112	31	43	6	52	75	76	102	54	73	45	34	111	62	22	86	21	86	99	27	35	84	121	59	73	40	110	102	11	40	83	2	125	77	68	107	45	119	100	120	69	65	73	49	2	21	25	48	123	108	62	26	20	104	59	55	52	127	102	68	55	94	39	13	88	128	82	47	8	3	106	47	78	36	127	36	39	65	56
0	0	0	0	0	0	0	0	0	0	0	0	0	0	0	0	0	0	0	0	0	0	0	0	0	0	0	0	0	0	55	99	121	68	60	128	31	99	87	75	38	56	82	77	91	84	4	36	56	33	126	103	33	95	76	71	21	125	59	30	109	37	101	97	38	70	19	101	119	28	71	79	112	115	29	7	16	64	53	128	5	72	93	43	127	41	113	57	38	50	8	15	18	89	85	62	67	84	85	79	35	14	19	106	107	121	21	5	95	59	81	79	52	60	90	3	8	64	25	99	18	88	12	37	12	97	21	117
0	0	0	0	0	0	0	0	0	0	0	0	0	0	0	0	0	0	0	0	0	0	0	0	0	0	0	0	0	0	0	99	26	38	71	55	4	128	118	36	60	110	65	117	23	75	44	127	70	92	94	46	42	5	74	86	125	42	89	43	52	81	79	92	103	52	8	54	89	43	25	124	13	24	51	116	14	1	69	121	87	37	44	2	25	117	22	39	61	93	81	24	96	47	67	55	99	122	53	18	49	62	78	13	112	16	61	32	120	94	44	86	107	29	83	123	93	90	107	15	79	122	31	75	20	30	75	10
0	0	0	0	0	0	0	0	0	0	0	0	0	0	0	0	0	0	0	0	0	0	0	0	0	0	0	0	0	0	0	0	3	11	16	123	25	4	33	23	45	96	12	70	56	7	15	120	13	25	63	119	42	89	19	46	110	100	80	46	99	77	121	87	74	4	100	97	34	5	127	23	81	96	38	8	98	126	18	120	59	45	14	60	60	68	12	39	77	101	9	69	28	100	114	18	101	99	52	106	50	25	92	29	112	39	53	12	72	62	86	124	55	44	127	22	47	79	54	67	36	92	120	97	112	75	1	110
0	0	0	0	0	0	0	0	0	0	0	0	0	0	0	0	0	0	0	0	0	0	0	0	0	0	0	0	0	0	0	0	0	92	122	87	85	120	103	100	18	112	113	11	29	38	25	30	91	33	57	12	6	36	108	35	6	117	33	32	3	30	66	32	81	112	77	19	54	4	124	102	87	92	33	119	7	113	78	120	48	26	21	89	46	9	26	42	42	100	17	73	102	32	9	48	45	61	91	10	30	125	73	62	46	76	11	92	87	126	113	121	54	115	33	102	17	29	99	74	109	36	125	98	68	65	52	9
0	0	0	0	0	0	0	0	0	0	0	0	0	0	0	0	0	0	0	0	0	0	0	0	0	0	0	0	0	0	0	0	0	0	23	56	88	121	24	45	3	38	54	19	82	90	47	91	23	49	41	85	124	92	66	99	12	113	127	59	12	95	93	68	31	87	26	80	38	38	47	50	40	98	74	51	56	29	30	3	124	48	126	114	48	73	118	2	24	121	29	120	5	93	61	12	119	83	47	21	93	40	20	84	89	90	62	19	45	71	109	128	1	92	62	88	8	104	5	49	48	90	125	88	127	45	57	70
0	0	0	0	0	0	0	0	0	0	0	0	0	0	0	0	0	0	0	0	0	0	0	0	0	0	0	0	0	0	0	0	0	0	0	121	5	64	83	67	95	113	119	81	116	35	94	27	46	23	63	19	29	42	127	96	99	57	99	1	61	75	69	51	21	4	47	47	86	34	72	30	124	38	112	73	107	73	83	41	119	41	90	23	77	102	15	100	84	97	19	89	1	89	120	49	124	119	46	124	17	50	126	106	77	112	3	35	65	101	39	31	25	63	45	94	99	109	104	6	97	1	75	20	94	111	121	113
0	0	0	0	0	0	0	0	0	0	0	0	0	0	0	0	0	0	0	0	0	0	0	0	0	0	0	0	0	0	0	0	0	0	0	0	27	13	123	11	72	60	25	13	105	105	17	121	21	120	48	15	89	1	32	20	108	44	101	27	92	71	23	27	79	45	114	92	57	35	58	103	81	28	122	117	28	93	66	83	110	38	69	109	118	4	97	36	66	120	60	123	93	111	102	7	62	105	94	16	18	71	9	19	78	25	41	14	19	22	125	117	21	80	92	125	4	39	48	125	35	44	75	93	117	8	2	67
0	0	0	0	0	0	0	0	0	0	0	0	0	0	0	0	0	0	0	0	0	0	0	0	0	0	0	0	0	0	0	0	0	0	0	0	0	103	1	17	111	27	38	84	74	99	72	36	69	22	122	116	54	47	101	4	70	45	103	7	48	47	48	107	79	70	43	121	24	80	19	44	87	43	57	2	75	101	44	119	8	118	18	53	69	125	51	121	105	70	105	84	36	116	66	46	61	19	19	123	84	82	62	76	111	66	80	28	33	39	89	109	39	58	65	36	18	92	70	12	89	96	77	72	13	96	114	127
0	0	0	0	0	0	0	0	0	0	0	0	0	0	0	0	0	0	0	0	0	0	0	0	0	0	0	0	0	0	0	0	0	0	0	0	0	0	123	26	68	84	69	109	51	119	106	117	119	5	111	60	40	17	78	33	71	114	88	65	77	38	52	25	42	76	118	51	98	28	94	115	59	107	77	87	85	5	105	78	110	96	121	121	29	33	109	33	18	19	79	31	106	34	45	95	66	85	100	5	124	45	110	76	46	59	107	22	128	81	33	101	40	119	82	114	43	128	92	121	119	32	116	18	123	76	95	109
0	0	0	0	0	0	0	0	0	0	0	0	0	0	0	0	0	0	0	0	0	0	0	0	0	0	0	0	0	0	0	0	0	0	0	0	0	0	0	2	53	98	125	30	6	103	75	53	116	44	16	117	86	126	85	96	4	62	32	8	95	116	117	73	7	80	31	53	70	22	102	41	69	15	44	104	58	120	32	112	112	69	82	125	41	39	28	85	93	46	45	31	35	120	90	109	95	50	61	47	36	25	113	18	90	52	19	21	77	108	13	15	7	69	127	87	23	64	82	96	115	22	106	83	48	125	19	21
0	0	0	0	0	0	0	0	0	0	0	0	0	0	0	0	0	0	0	0	0	0	0	0	0	0	0	0	0	0	0	0	0	0	0	0	0	0	0	0	71	21	56	16	74	112	71	34	45	46	58	11	42	118	89	53	3	4	90	124	10	7	36	54	74	58	1	78	102	114	86	103	105	73	10	52	121	69	88	69	10	27	72	91	35	65	22	81	43	33	33	53	112	116	127	91	44	57	28	33	70	112	79	62	115	36	71	29	1	64	15	83	70	55	105	119	118	43	66	70	11	118	122	43	118	48	81	14
0	0	0	0	0	0	0	0	0	0	0	0	0	0	0	0	0	0	0	0	0	0	0	0	0	0	0	0	0	0	0	0	0	0	0	0	0	0	0	0	0	119	77	38	52	96	25	100	75	29	41	3	49	22	120	2	35	59	68	108	82	72	50	115	119	20	38	122	2	96	54	5	21	104	14	73	68	66	32	96	13	56	116	119	52	4	74	124	94	70	75	96	61	17	68	24	36	115	70	57	72	121	70	125	66	128	118	47	3	15	33	101	21	62	90	92	11	114	66	126	4	118	52	5	38	80	77	126
0	0	0	0	0	0	0	0	0	0	0	0	0	0	0	0	0	0	0	0	0	0	0	0	0	0	0	0	0	0	0	0	0	0	0	0	0	0	0	0	0	0	31	58	76	105	49	7	77	74	77	86	89	45	112	124	36	57	89	1	18	100	6	100	19	63	108	64	116	33	29	118	38	124	50	72	95	48	106	26	11	30	59	11	92	4	117	22	96	69	105	20	14	97	31	27	39	38	16	91	30	92	14	12	61	88	44	48	62	55	96	94	77	14	87	4	127	14	22	54	94	34	22	103	32	15	110	14
0	0	0	0	0	0	0	0	0	0	0	0	0	0	0	0	0	0	0	0	0	0	0	0	0	0	0	0	0	0	0	0	0	0	0	0	0	0	0	0	0	0	0	17	60	126	84	30	63	26	104	37	87	12	66	128	15	91	58	124	60	103	52	78	16	83	94	33	1	119	19	26	69	35	28	30	111	65	30	85	33	67	74	6	32	113	73	69	93	81	7	82	100	121	86	83	60	84	52	46	51	16	57	82	122	94	120	22	21	96	48	37	24	49	22	115	99	69	37	15	19	36	21	9	104	37	62	65
0	0	0	0	0	0	0	0	0	0	0	0	0	0	0	0	0	0	0	0	0	0	0	0	0	0	0	0	0	0	0	0	0	0	0	0	0	0	0	0	0	0	0	0	50	122	113	49	75	119	117	91	116	61	13	88	52	55	59	95	1	78	83	105	35	113	74	4	74	103	111	91	58	25	97	47	73	73	119	84	71	20	16	119	127	55	18	30	35	36	113	33	16	71	117	122	8	65	108	13	38	101	44	38	126	60	92	47	21	92	45	68	75	69	12	46	72	38	53	77	82	51	30	59	6	88	120	65
0	0	0	0	0	0	0	0	0	0	0	0	0	0	0	0	0	0	0	0	0	0	0	0	0	0	0	0	0	0	0	0	0	0	0	0	0	0	0	0	0	0	0	0	0	40	74	27	39	17	76	106	32	30	14	45	28	4	53	64	87	100	58	97	122	9	19	41	55	15	70	112	125	93	14	52	14	79	46	75	106	98	105	67	4	60	110	55	79	51	6	22	105	77	21	112	19	4	124	111	39	89	17	8	122	63	114	41	85	23	120	21	55	51	117	92	106	28	119	98	122	5	99	73	79	42	100	60
0	0	0	0	0	0	0	0	0	0	0	0	0	0	0	0	0	0	0	0	0	0	0	0	0	0	0	0	0	0	0	0	0	0	0	0	0	0	0	0	0	0	0	0	0	0	108	119	111	105	113	103	65	67	95	82	34	8	44	77	14	82	107	66	5	98	44	7	75	112	42	107	84	127	117	68	67	46	63	36	52	62	84	103	70	42	93	58	116	87	119	100	82	34	27	40	115	5	19	6	63	68	60	9	47	77	72	110	37	22	75	87	117	88	74	15	98	81	51	12	12	29	87	84	3	30	9	79
0	0	0	0	0	0	0	0	0	0	0	0	0	0	0	0	0	0	0	0	0	0	0	0	0	0	0	0	0	0	0	0	0	0	0	0	0	0	0	0	0	0	0	0	0	0	0	128	1	106	29	9	121	108	17	15	106	53	67	20	51	43	66	84	11	42	72	59	78	34	42	37	115	16	77	49	61	41	126	122	71	124	108	95	58	98	6	6	126	29	38	118	32	111	126	11	73	100	61	50	112	77	62	66	33	9	34	67	43	33	78	7	14	4	63	73	36	61	30	20	84	47	62	119	60	40	1	28
0	0	0	0	0	0	0	0	0	0	0	0	0	0	0	0	0	0	0	0	0	0	0	0	0	0	0	0	0	0	0	0	0	0	0	0	0	0	0	0	0	0	0	0	0	0	0	0	54	55	87	104	109	3	67	49	19	24	8	24	72	107	84	72	86	125	37	20	72	121	36	13	125	80	34	79	124	112	80	111	33	72	78	5	61	76	49	95	31	14	88	126	111	16	60	69	116	68	52	35	61	17	48	24	35	51	78	91	39	104	41	98	22	76	109	48	114	102	10	117	9	58	9	103	79	123	126	49
0	0	0	0	0	0	0	0	0	0	0	0	0	0	0	0	0	0	0	0	0	0	0	0	0	0	0	0	0	0	0	0	0	0	0	0	0	0	0	0	0	0	0	0	0	0	0	0	0	79	74	84	23	113	12	110	95	57	55	46	60	96	123	88	108	113	65	53	40	110	66	1	83	95	56	102	65	24	32	49	55	113	123	124	37	54	38	51	94	38	102	67	79	30	1	74	61	94	57	16	32	123	78	60	85	21	100	120	48	25	61	83	95	32	23	74	108	28	73	118	15	22	8	124	118	82	85	48
0	0	0	0	0	0	0	0	0	0	0	0	0	0	0	0	0	0	0	0	0	0	0	0	0	0	0	0	0	0	0	0	0	0	0	0	0	0	0	0	0	0	0	0	0	0	0	0	0	0	40	56	88	23	25	9	30	124	73	44	119	38	19	26	75	28	67	86	29	97	81	30	23	7	107	46	3	105	114	41	83	106	8	83	119	13	112	46	27	74	45	88	32	33	46	63	100	128	1	75	16	33	12	61	52	107	54	63	111	24	31	102	86	49	96	24	44	115	75	59	51	8	56	124	70	67	91	19
0	0	0	0	0	0	0	0	0	0	0	0	0	0	0	0	0	0	0	0	0	0	0	0	0	0	0	0	0	0	0	0	0	0	0	0	0	0	0	0	0	0	0	0	0	0	0	0	0	0	0	69	125	87	19	12	71	26	27	63	64	70	82	51	80	115	10	77	110	116	79	98	92	126	113	84	69	99	40	29	39	38	39	35	69	124	39	119	37	36	38	105	51	99	20	76	27	76	82	50	1	46	113	12	71	81	2	70	34	100	33	59	58	93	88	10	32	100	62	46	7	13	5	87	106	58	45	118
0	0	0	0	0	0	0	0	0	0	0	0	0	0	0	0	0	0	0	0	0	0	0	0	0	0	0	0	0	0	0	0	0	0	0	0	0	0	0	0	0	0	0	0	0	0	0	0	0	0	0	0	69	112	82	42	33	70	48	6	12	5	125	119	70	68	108	97	92	27	3	80	61	70	63	30	36	44	103	59	44	79	80	122	36	63	5	125	30	19	81	26	100	105	115	49	82	109	123	118	108	85	42	15	110	46	93	103	68	110	3	127	113	57	123	2	108	66	104	87	16	38	80	60	88	36	79	85
0	0	0	0	0	0	0	0	0	0	0	0	0	0	0	0	0	0	0	0	0	0	0	0	0	0	0	0	0	0	0	0	0	0	0	0	0	0	0	0	0	0	0	0	0	0	0	0	0	0	0	0	0	61	78	117	66	87	12	92	121	69	47	81	65	101	80	59	35	3	44	89	92	121	26	12	45	43	50	14	113	18	81	28	38	121	14	121	58	36	115	70	70	41	16	120	128	87	109	4	38	109	84	70	87	110	22	80	100	81	45	74	45	25	13	25	107	63	61	35	38	6	41	22	75	76	34	21
0	0	0	0	0	0	0	0	0	0	0	0	0	0	0	0	0	0	0	0	0	0	0	0	0	0	0	0	0	0	0	0	0	0	0	0	0	0	0	0	0	0	0	0	0	0	0	0	0	0	0	0	0	0	60	86	120	65	9	80	33	62	79	54	125	31	11	112	123	6	27	33	111	120	100	17	54	118	21	79	128	104	9	45	74	84	60	25	26	78	55	96	8	62	21	9	124	78	15	68	42	100	13	39	50	92	39	21	110	25	49	108	63	36	42	98	26	9	41	85	116	120	55	85	76	42	58	39
0	0	0	0	0	0	0	0	0	0	0	0	0	0	0	0	0	0	0	0	0	0	0	0	0	0	0	0	0	0	0	0	0	0	0	0	0	0	0	0	0	0	0	0	0	0	0	0	0	0	0	0	0	0	0	57	81	80	43	46	122	40	22	25	116	45	75	114	70	61	61	3	68	70	117	49	51	78	116	1	108	102	20	68	21	84	1	108	79	93	83	56	70	121	101	69	71	11	7	94	67	29	8	85	55	90	56	92	34	10	33	58	44	74	85	55	45	68	66	16	128	128	111	26	35	92	109	75
0	0	0	0	0	0	0	0	0	0	0	0	0	0	0	0	0	0	0	0	0	0	0	0	0	0	0	0	0	0	0	0	0	0	0	0	0	0	0	0	0	0	0	0	0	0	0	0	0	0	0	0	0	0	0	0	45	95	16	5	89	36	12	113	72	19	122	52	118	84	80	116	35	105	18	109	103	24	107	3	117	35	4	87	44	96	75	59	89	25	107	127	86	60	16	97	127	21	20	24	115	120	34	1	54	45	23	78	116	44	16	95	47	6	67	101	69	76	99	35	99	11	96	92	50	104	32	30
0	0	0	0	0	0	0	0	0	0	0	0	0	0	0	0	0	0	0	0	0	0	0	0	0	0	0	0	0	0	0	0	0	0	0	0	0	0	0	0	0	0	0	0	0	0	0	0	0	0	0	0	0	0	0	0	0	15	18	89	27	89	43	28	53	103	61	5	22	92	3	25	94	77	46	127	21	68	53	3	107	19	83	12	106	66	62	111	125	2	1	59	91	127	44	63	76	109	3	96	126	68	89	49	73	94	73	51	9	46	98	108	122	101	90	105	62	65	78	100	82	75	103	36	32	118	75	73
0	0	0	0	0	0	0	0	0	0	0	0	0	0	0	0	0	0	0	0	0	0	0	0	0	0	0	0	0	0	0	0	0	0	0	0	0	0	0	0	0	0	0	0	0	0	0	0	0	0	0	0	0	0	0	0	0	0	88	41	118	12	25	41	72	67	47	56	119	14	81	127	73	12	51	97	6	68	90	10	122	5	43	83	68	93	82	71	66	57	57	61	113	1	81	84	92	99	16	61	121	38	32	119	37	24	49	52	111	73	6	58	57	8	38	113	49	96	92	12	68	73	50	75	100	78	96	22
0	0	0	0	0	0	0	0	0	0	0	0	0	0	0	0	0	0	0	0	0	0	0	0	0	0	0	0	0	0	0	0	0	0	0	0	0	0	0	0	0	0	0	0	0	0	0	0	0	0	0	0	0	0	0	0	0	0	0	109	32	50	13	78	128	21	126	106	117	49	99	79	39	11	26	17	80	63	127	65	70	75	109	3	32	85	69	37	40	97	51	81	13	51	87	99	89	57	39	83	29	20	50	63	51	122	121	122	50	9	17	12	115	85	113	82	121	66	6	16	20	28	30	105	48	23	101	80
0	0	0	0	0	0	0	0	0	0	0	0	0	0	0	0	0	0	0	0	0	0	0	0	0	0	0	0	0	0	0	0	0	0	0	0	0	0	0	0	0	0	0	0	0	0	0	0	0	0	0	0	0	0	0	0	0	0	0	0	17	16	69	64	17	18	95	15	87	67	97	68	36	1	39	77	7	74	51	105	92	123	60	78	92	119	117	30	36	83	29	95	22	48	76	5	8	43	52	107	52	28	123	60	47	50	68	50	47	70	87	23	127	127	116	81	77	15	61	117	68	43	128	92	56	113	71	8
0	0	0	0	0	0	0	0	0	0	0	0	0	0	0	0	0	0	0	0	0	0	0	0	0	0	0	0	0	0	0	0	0	0	0	0	0	0	0	0	0	0	0	0	0	0	0	0	0	0	0	0	0	0	0	0	0	0	0	0	0	127	75	89	23	126	117	19	126	65	11	91	103	40	39	51	45	95	120	17	39	118	58	69	54	32	39	109	10	46	63	77	73	46	85	84	32	96	37	85	22	11	69	104	108	54	46	40	38	83	15	54	124	50	55	10	99	23	81	126	118	62	79	65	83	109	9	76
0	0	0	0	0	0	0	0	0	0	0	0	0	0	0	0	0	0	0	0	0	0	0	0	0	0	0	0	0	0	0	0	0	0	0	0	0	0	0	0	0	0	0	0	0	0	0	0	0	0	0	0	0	0	0	0	0	0	0	0	0	0	64	22	52	125	56	45	118	121	45	95	14	71	68	119	32	64	122	119	38	3	13	102	96	56	60	81	14	20	49	81	127	56	101	33	119	105	1	102	117	116	113	91	21	73	108	31	89	53	43	64	85	62	34	20	56	65	100	56	93	24	125	78	99	45	48	90
0	0	0	0	0	0	0	0	0	0	0	0	0	0	0	0	0	0	0	0	0	0	0	0	0	0	0	0	0	0	0	0	0	0	0	0	0	0	0	0	0	0	0	0	0	0	0	0	0	0	0	0	0	0	0	0	0	0	0	0	0	0	0	31	71	37	128	55	1	102	5	118	101	120	93	53	48	69	89	41	67	56	68	45	77	107	86	60	79	5	35	118	120	68	77	7	8	96	81	26	67	13	66	21	126	106	22	80	37	20	128	77	44	57	32	104	104	26	44	110	116	58	57	44	107	34	87	96
0	0	0	0	0	0	0	0	0	0	0	0	0	0	0	0	0	0	0	0	0	0	0	0	0	0	0	0	0	0	0	0	0	0	0	0	0	0	0	0	0	0	0	0	0	0	0	0	0	0	0	0	0	0	0	0	0	0	0	0	0	0	0	0	108	61	88	15	42	35	33	128	65	1	32	106	47	122	16	96	43	72	20	125	47	83	17	65	18	5	84	58	11	29	103	57	25	79	78	14	51	4	122	31	44	57	113	67	80	103	38	62	38	95	16	82	54	123	28	59	12	10	15	115	40	33	14	84
0	0	0	0	0	0	0	0	0	0	0	0	0	0	0	0	0	0	0	0	0	0	0	0	0	0	0	0	0	0	0	0	0	0	0	0	0	0	0	0	0	0	0	0	0	0	0	0	0	0	0	0	0	0	0	0	0	0	0	0	0	0	0	0	0	71	8	72	1	61	119	58	96	63	11	121	5	13	106	36	90	53	97	99	78	42	48	65	45	50	69	52	91	73	55	47	102	90	50	111	54	38	79	5	91	88	26	14	13	11	120	18	80	83	28	85	86	72	61	54	39	43	83	14	118	123	1	99
0	0	0	0	0	0	0	0	0	0	0	0	0	0	0	0	0	0	0	0	0	0	0	0	0	0	0	0	0	0	0	0	0	0	0	0	0	0	0	0	0	0	0	0	0	0	0	0	0	0	0	0	0	0	0	0	0	0	0	0	0	0	0	0	0	0	102	8	18	105	10	102	124	10	114	113	16	92	47	101	61	35	101	9	39	65	61	74	46	28	114	45	94	103	85	92	52	83	23	103	2	42	122	97	110	58	88	102	16	91	100	80	122	83	78	69	25	11	82	26	12	83	127	74	78	52	45	64
0	0	0	0	0	0	0	0	0	0	0	0	0	0	0	0	0	0	0	0	0	0	0	0	0	0	0	0	0	0	0	0	0	0	0	0	0	0	0	0	0	0	0	0	0	0	0	0	0	0	0	0	0	0	0	0	0	0	0	0	0	0	0	0	0	0	0	80	96	95	89	92	3	24	56	127	38	78	74	46	63	22	10	69	89	55	91	66	32	32	33	54	21	14	86	1	107	64	99	27	18	114	36	85	28	66	18	104	22	99	4	53	62	127	106	89	48	15	28	94	127	74	101	86	124	118	35	120
0	0	0	0	0	0	0	0	0	0	0	0	0	0	0	0	0	0	0	0	0	0	0	0	0	0	0	0	0	0	0	0	0	0	0	0	0	0	0	0	0	0	0	0	0	0	0	0	0	0	0	0	0	0	0	0	0	0	0	0	0	0	0	0	0	0	0	0	119	93	18	82	18	13	48	128	41	69	103	36	13	40	34	38	93	23	44	46	87	7	84	85	7	103	65	124	77	3	102	9	24	124	99	27	91	61	11	120	25	12	118	38	47	69	124	103	64	14	90	96	32	26	22	40	75	55	106	125
0	0	0	0	0	0	0	0	0	0	0	0	0	0	0	0	0	0	0	0	0	0	0	0	0	0	0	0	0	0	0	0	0	0	0	0	0	0	0	0	0	0	0	0	0	0	0	0	0	0	0	0	0	0	0	0	0	0	0	0	0	0	0	0	0	0	0	0	0	15	79	108	86	107	106	40	64	35	64	50	25	126	57	40	37	23	8	57	119	9	97	119	16	66	86	55	91	25	120	23	23	24	12	47	9	93	47	82	119	94	28	8	36	110	13	77	11	68	100	38	100	66	77	17	36	26	60	88
0	0	0	0	0	0	0	0	0	0	0	0	0	0	0	0	0	0	0	0	0	0	0	0	0	0	0	0	0	0	0	0	0	0	0	0	0	0	0	0	0	0	0	0	0	0	0	0	0	0	0	0	0	0	0	0	0	0	0	0	0	0	0	0	0	0	0	0	0	0	95	90	5	78	12	9	92	53	127	29	43	4	44	92	103	92	15	12	23	91	34	22	64	81	102	87	36	18	61	46	7	70	41	5	94	112	126	93	61	75	88	7	67	116	111	29	25	18	15	118	75	96	85	108	27	55	29	113
0	0	0	0	0	0	0	0	0	0	0	0	0	0	0	0	0	0	0	0	0	0	0	0	0	0	0	0	0	0	0	0	0	0	0	0	0	0	0	0	0	0	0	0	0	0	0	0	0	0	0	0	0	0	0	0	0	0	0	0	0	0	0	0	0	0	0	0	0	0	0	91	21	70	22	53	69	32	17	127	81	93	27	123	98	87	9	54	32	57	89	7	84	6	14	56	92	95	94	14	63	11	102	15	80	122	126	57	7	67	5	25	32	65	99	53	124	46	127	37	8	70	57	128	94	56	50	55
0	0	0	0	0	0	0	0	0	0	0	0	0	0	0	0	0	0	0	0	0	0	0	0	0	0	0	0	0	0	0	0	0	0	0	0	0	0	0	0	0	0	0	0	0	0	0	0	0	0	0	0	0	0	0	0	0	0	0	0	0	0	0	0	0	0	0	0	0	0	0	0	44	43	32	3	53	90	18	6	40	9	1	119	88	79	107	79	12	53	113	108	12	80	112	95	18	120	45	10	82	64	87	16	84	24	18	20	39	111	88	125	72	13	111	11	113	70	28	102	77	53	7	117	10	9	7	31
0	0	0	0	0	0	0	0	0	0	0	0	0	0	0	0	0	0	0	0	0	0	0	0	0	0	0	0	0	0	0	0	0	0	0	0	0	0	0	0	0	0	0	0	0	0	0	0	0	0	0	0	0	0	0	0	0	0	0	0	0	0	0	0	0	0	0	0	0	0	0	0	0	25	77	89	126	57	65	33	114	28	72	104	101	73	68	103	126	118	22	25	37	98	94	66	6	108	93	19	47	84	22	102	4	124	82	69	86	41	21	122	107	31	37	22	2	101	7	50	46	61	33	54	31	127	111	78
0	0	0	0	0	0	0	0	0	0	0	0	0	0	0	0	0	0	0	0	0	0	0	0	0	0	0	0	0	0	0	0	0	0	0	0	0	0	0	0	0	0	0	0	0	0	0	0	0	0	0	0	0	0	0	0	0	0	0	0	0	0	0	0	0	0	0	0	0	0	0	0	0	0	94	112	87	50	40	77	21	75	112	51	99	21	54	13	121	25	15	55	72	108	125	22	13	106	70	59	15	15	59	17	110	32	67	2	45	98	65	24	10	18	4	72	116	99	106	94	61	88	38	31	65	104	37	21
0	0	0	0	0	0	0	0	0	0	0	0	0	0	0	0	0	0	0	0	0	0	0	0	0	0	0	0	0	0	0	0	0	0	0	0	0	0	0	0	0	0	0	0	0	0	0	0	0	0	0	0	0	0	0	0	0	0	0	0	0	0	0	0	0	0	0	0	0	0	0	0	0	0	0	119	83	62	35	67	57	76	35	72	105	125	120	105	1	101	10	45	108	105	38	49	36	87	11	57	125	102	121	42	77	78	55	11	6	127	2	109	63	107	114	35	122	85	9	74	105	126	122	82	51	63	77	51
0	0	0	0	0	0	0	0	0	0	0	0	0	0	0	0	0	0	0	0	0	0	0	0	0	0	0	0	0	0	0	0	0	0	0	0	0	0	0	0	0	0	0	0	0	0	0	0	0	0	0	0	0	0	0	0	0	0	0	0	0	0	0	0	0	0	0	0	0	0	0	0	0	0	0	0	31	17	33	73	31	126	110	106	104	65	27	105	54	44	19	61	101	64	122	40	33	54	24	54	69	49	69	24	30	13	80	115	115	81	14	32	90	119	108	53	107	15	9	31	97	85	120	103	18	25	108	11
0	0	0	0	0	0	0	0	0	0	0	0	0	0	0	0	0	0	0	0	0	0	0	0	0	0	0	0	0	0	0	0	0	0	0	0	0	0	0	0	0	0	0	0	0	0	0	0	0	0	0	0	0	0	0	0	0	0	0	0	0	0	0	0	0	0	0	0	0	0	0	0	0	0	0	0	0	46	85	44	120	23	8	19	61	56	2	60	115	26	124	127	27	34	41	59	96	60	41	57	109	54	76	28	38	94	15	65	30	126	15	90	81	36	123	53	15	85	6	20	37	66	57	86	122	87	89	8
0	0	0	0	0	0	0	0	0	0	0	0	0	0	0	0	0	0	0	0	0	0	0	0	0	0	0	0	0	0	0	0	0	0	0	0	0	0	0	0	0	0	0	0	0	0	0	0	0	0	0	0	0	0	0	0	0	0	0	0	0	0	0	0	0	0	0	0	0	0	0	0	0	0	0	0	0	0	59	89	54	2	32	56	84	74	30	127	52	82	77	64	31	59	69	64	74	27	123	65	4	32	81	96	21	46	126	2	5	56	122	52	105	25	122	82	3	34	127	122	30	56	104	31	55	89	114	51
0	0	0	0	0	0	0	0	0	0	0	0	0	0	0	0	0	0	0	0	0	0	0	0	0	0	0	0	0	0	0	0	0	0	0	0	0	0	0	0	0	0	0	0	0	0	0	0	0	0	0	0	0	0	0	0	0	0	0	0	0	0	0	0	0	0	0	0	0	0	0	0	0	0	0	0	0	0	0	43	63	10	21	105	128	92	128	47	84	52	1	43	104	46	80	15	21	123	116	73	56	98	96	35	103	65	125	2	72	27	107	101	50	68	18	95	53	74	108	34	20	21	119	118	11	125	64	90
0	0	0	0	0	0	0	0	0	0	0	0	0	0	0	0	0	0	0	0	0	0	0	0	0	0	0	0	0	0	0	0	0	0	0	0	0	0	0	0	0	0	0	0	0	0	0	0	0	0	0	0	0	0	0	0	0	0	0	0	0	0	0	0	0	0	0	0	0	0	0	0	0	0	0	0	0	0	0	0	54	48	109	101	41	126	35	107	34	57	31	34	104	45	104	25	56	97	7	16	19	91	75	68	15	69	93	6	14	118	69	128	45	50	71	16	81	18	13	69	120	113	97	75	93	53	9	10
0	0	0	0	0	0	0	0	0	0	0	0	0	0	0	0	0	0	0	0	0	0	0	0	0	0	0	0	0	0	0	0	0	0	0	0	0	0	0	0	0	0	0	0	0	0	0	0	0	0	0	0	0	0	0	0	0	0	0	0	0	0	0	0	0	0	0	0	0	0	0	0	0	0	0	0	0	0	0	0	0	62	120	37	52	35	23	126	59	116	61	15	14	16	81	9	72	8	55	13	9	103	26	32	7	87	116	11	92	71	35	118	118	89	46	90	55	24	115	8	9	114	115	61	84	41	50	87
0	0	0	0	0	0	0	0	0	0	0	0	0	0	0	0	0	0	0	0	0	0	0	0	0	0	0	0	0	0	0	0	0	0	0	0	0	0	0	0	0	0	0	0	0	0	0	0	0	0	0	0	0	0	0	0	0	0	0	0	0	0	0	0	0	0	0	0	0	0	0	0	0	0	0	0	0	0	0	0	0	0	90	54	3	79	24	11	121	74	97	85	55	18	112	28	25	106	46	31	6	80	9	98	109	57	97	2	86	10	24	98	80	45	24	103	36	112	85	52	37	68	6	55	74	68	101	14
0	0	0	0	0	0	0	0	0	0	0	0	0	0	0	0	0	0	0	0	0	0	0	0	0	0	0	0	0	0	0	0	0	0	0	0	0	0	0	0	0	0	0	0	0	0	0	0	0	0	0	0	0	0	0	0	0	0	0	0	0	0	0	0	0	0	0	0	0	0	0	0	0	0	0	0	0	0	0	0	0	0	0	2	121	75	1	22	108	114	128	114	97	125	33	80	27	24	3	88	21	52	8	56	59	42	51	15	95	125	110	81	19	23	61	16	126	109	118	114	72	42	120	40	18	87	27	18
0	0	0	0	0	0	0	0	0	0	0	0	0	0	0	0	0	0	0	0	0	0	0	0	0	0	0	0	0	0	0	0	0	0	0	0	0	0	0	0	0	0	0	0	0	0	0	0	0	0	0	0	0	0	0	0	0	0	0	0	0	0	0	0	0	0	0	0	0	0	0	0	0	0	0	0	0	0	0	0	0	0	0	0	51	108	128	86	26	45	83	38	41	50	62	108	16	3	27	1	111	63	69	92	67	54	103	90	120	19	59	11	61	88	103	41	39	66	43	11	27	109	54	58	47	111	92	79
0	0	0	0	0	0	0	0	0	0	0	0	0	0	0	0	0	0	0	0	0	0	0	0	0	0	0	0	0	0	0	0	0	0	0	0	0	0	0	0	0	0	0	0	0	0	0	0	0	0	0	0	0	0	0	0	0	0	0	0	0	0	0	0	0	0	0	0	0	0	0	0	0	0	0	0	0	0	0	0	0	0	0	0	0	77	28	49	107	94	71	36	8	113	99	35	49	67	59	97	90	28	70	105	55	116	7	52	42	37	55	29	18	116	50	64	69	33	102	77	25	93	100	65	40	117	91	68
0	0	0	0	0	0	0	0	0	0	0	0	0	0	0	0	0	0	0	0	0	0	0	0	0	0	0	0	0	0	0	0	0	0	0	0	0	0	0	0	0	0	0	0	0	0	0	0	0	0	0	0	0	0	0	0	0	0	0	0	0	0	0	0	0	0	0	0	0	0	0	0	0	0	0	0	0	0	0	0	0	0	0	0	0	0	34	122	103	22	39	25	110	15	65	87	61	8	76	102	24	33	69	15	44	22	89	21	1	74	97	91	21	63	104	128	33	93	127	3	115	54	11	107	19	94	100	120
0	0	0	0	0	0	0	0	0	0	0	0	0	0	0	0	0	0	0	0	0	0	0	0	0	0	0	0	0	0	0	0	0	0	0	0	0	0	0	0	0	0	0	0	0	0	0	0	0	0	0	0	0	0	0	0	0	0	0	0	0	0	0	0	0	0	0	0	0	0	0	0	0	0	0	0	0	0	0	0	0	0	0	0	0	0	0	57	39	113	9	102	84	120	74	69	92	18	120	66	44	71	106	98	113	65	100	62	48	95	17	101	128	1	2	122	23	71	75	8	95	65	23	120	63	42	76	87
0	0	0	0	0	0	0	0	0	0	0	0	0	0	0	0	0	0	0	0	0	0	0	0	0	0	0	0	0	0	0	0	0	0	0	0	0	0	0	0	0	0	0	0	0	0	0	0	0	0	0	0	0	0	0	0	0	0	0	0	0	0	0	0	0	0	0	0	0	0	0	0	0	0	0	0	0	0	0	0	0	0	0	0	0	0	0	0	24	4	41	24	100	120	52	53	8	38	116	116	114	40	40	87	112	68	104	78	53	36	86	8	91	3	76	37	84	58	100	46	31	84	67	38	72	60	80	117
0	0	0	0	0	0	0	0	0	0	0	0	0	0	0	0	0	0	0	0	0	0	0	0	0	0	0	0	0	0	0	0	0	0	0	0	0	0	0	0	0	0	0	0	0	0	0	0	0	0	0	0	0	0	0	0	0	0	0	0	0	0	0	0	0	0	0	0	0	0	0	0	0	0	0	0	0	0	0	0	0	0	0	0	0	0	0	0	0	78	50	22	114	110	71	66	127	10	89	89	9	12	98	116	85	62	26	27	65	106	81	46	117	63	104	34	40	116	65	108	34	34	66	62	82	47	106	6
0	0	0	0	0	0	0	0	0	0	0	0	0	0	0	0	0	0	0	0	0	0	0	0	0	0	0	0	0	0	0	0	0	0	0	0	0	0	0	0	0	0	0	0	0	0	0	0	0	0	0	0	0	0	0	0	0	0	0	0	0	0	0	0	0	0	0	0	0	0	0	0	0	0	0	0	0	0	0	0	0	0	0	0	0	0	0	0	0	0	22	63	4	112	54	14	70	1	108	110	11	100	31	39	108	71	30	53	121	6	93	11	1	12	37	97	119	16	96	85	17	122	69	2	66	98	108	106
0	0	0	0	0	0	0	0	0	0	0	0	0	0	0	0	0	0	0	0	0	0	0	0	0	0	0	0	0	0	0	0	0	0	0	0	0	0	0	0	0	0	0	0	0	0	0	0	0	0	0	0	0	0	0	0	0	0	0	0	0	0	0	0	0	0	0	0	0	0	0	0	0	0	0	0	0	0	0	0	0	0	0	0	0	0	0	0	0	0	0	57	79	3	4	11	34	112	74	25	37	38	23	55	88	7	119	14	89	1	50	94	126	65	22	59	119	93	24	48	33	115	66	78	127	100	32	127
0	0	0	0	0	0	0	0	0	0	0	0	0	0	0	0	0	0	0	0	0	0	0	0	0	0	0	0	0	0	0	0	0	0	0	0	0	0	0	0	0	0	0	0	0	0	0	0	0	0	0	0	0	0	0	0	0	0	0	0	0	0	0	0	0	0	0	0	0	0	0	0	0	0	0	0	0	0	0	0	0	0	0	0	0	0	0	0	0	0	0	0	91	112	109	20	61	36	76	91	23	9	52	43	52	128	33	96	16	84	35	106	81	43	108	86	107	82	114	42	89	111	128	14	34	110	105	48
0	0	0	0	0	0	0	0	0	0	0	0	0	0	0	0	0	0	0	0	0	0	0	0	0	0	0	0	0	0	0	0	0	0	0	0	0	0	0	0	0	0	0	0	0	0	0	0	0	0	0	0	0	0	0	0	0	0	0	0	0	0	0	0	0	0	0	0	0	0	0	0	0	0	0	0	0	0	0	0	0	0	0	0	0	0	0	0	0	0	0	0	0	112	75	81	112	114	105	36	116	81	65	112	63	24	47	46	1	105	109	41	45	17	79	62	28	23	94	78	71	15	83	55	56	117	6	111
0	0	0	0	0	0	0	0	0	0	0	0	0	0	0	0	0	0	0	0	0	0	0	0	0	0	0	0	0	0	0	0	0	0	0	0	0	0	0	0	0	0	0	0	0	0	0	0	0	0	0	0	0	0	0	0	0	0	0	0	0	0	0	0	0	0	0	0	0	0	0	0	0	0	0	0	0	0	0	0	0	0	0	0	0	0	0	0	0	0	0	0	0	0	41	63	103	31	123	61	17	73	21	6	3	58	5	10	94	125	7	17	79	27	22	124	78	29	113	39	103	92	114	50	115	31	64	6
0	0	0	0	0	0	0	0	0	0	0	0	0	0	0	0	0	0	0	0	0	0	0	0	0	0	0	0	0	0	0	0	0	0	0	0	0	0	0	0	0	0	0	0	0	0	0	0	0	0	0	0	0	0	0	0	0	0	0	0	0	0	0	0	0	0	0	0	0	0	0	0	0	0	0	0	0	0	0	0	0	0	0	0	0	0	0	0	0	0	0	0	0	0	0	22	26	45	30	8	84	123	2	92	2	111	98	35	69	35	8	112	19	27	93	86	8	83	38	30	81	77	83	26	7	62	114	108
0	0	0	0	0	0	0	0	0	0	0	0	0	0	0	0	0	0	0	0	0	0	0	0	0	0	0	0	0	0	0	0	0	0	0	0	0	0	0	0	0	0	0	0	0	0	0	0	0	0	0	0	0	0	0	0	0	0	0	0	0	0	0	0	0	0	0	0	0	0	0	0	0	0	0	0	0	0	0	0	0	0	0	0	0	0	0	0	0	0	0	0	0	0	0	0	31	98	81	124	93	78	99	74	40	89	67	13	38	35	120	53	29	113	35	91	4	43	90	123	60	84	37	113	24	70	60	53
0	0	0	0	0	0	0	0	0	0	0	0	0	0	0	0	0	0	0	0	0	0	0	0	0	0	0	0	0	0	0	0	0	0	0	0	0	0	0	0	0	0	0	0	0	0	0	0	0	0	0	0	0	0	0	0	0	0	0	0	0	0	0	0	0	0	0	0	0	0	0	0	0	0	0	0	0	0	0	0	0	0	0	0	0	0	0	0	0	0	0	0	0	0	0	0	0	75	14	73	83	101	4	51	59	20	26	98	81	42	23	111	61	40	81	41	6	101	63	12	74	124	3	31	4	47	70	53
0	0	0	0	0	0	0	0	0	0	0	0	0	0	0	0	0	0	0	0	0	0	0	0	0	0	0	0	0	0	0	0	0	0	0	0	0	0	0	0	0	0	0	0	0	0	0	0	0	0	0	0	0	0	0	0	0	0	0	0	0	0	0	0	0	0	0	0	0	0	0	0	0	0	0	0	0	0	0	0	0	0	0	0	0	0	0	0	0	0	0	0	0	0	0	0	0	0	78	1	55	123	110	81	30	110	123	84	37	5	59	29	40	68	106	71	16	28	6	10	24	34	63	19	74	57	77	69
0	0	0	0	0	0	0	0	0	0	0	0	0	0	0	0	0	0	0	0	0	0	0	0	0	0	0	0	0	0	0	0	0	0	0	0	0	0	0	0	0	0	0	0	0	0	0	0	0	0	0	0	0	0	0	0	0	0	0	0	0	0	0	0	0	0	0	0	0	0	0	0	0	0	0	0	0	0	0	0	0	0	0	0	0	0	0	0	0	0	0	0	0	0	0	0	0	0	0	95	102	82	13	84	126	82	28	32	61	111	18	94	122	82	13	128	75	51	74	102	115	128	77	61	11	115	104	8
0	0	0	0	0	0	0	0	0	0	0	0	0	0	0	0	0	0	0	0	0	0	0	0	0	0	0	0	0	0	0	0	0	0	0	0	0	0	0	0	0	0	0	0	0	0	0	0	0	0	0	0	0	0	0	0	0	0	0	0	0	0	0	0	0	0	0	0	0	0	0	0	0	0	0	0	0	0	0	0	0	0	0	0	0	0	0	0	0	0	0	0	0	0	0	0	0	0	0	0	102	88	68	59	59	88	85	39	126	111	38	26	23	63	45	103	94	118	117	83	48	5	12	38	111	82	123	27
0	0	0	0	0	0	0	0	0	0	0	0	0	0	0	0	0	0	0	0	0	0	0	0	0	0	0	0	0	0	0	0	0	0	0	0	0	0	0	0	0	0	0	0	0	0	0	0	0	0	0	0	0	0	0	0	0	0	0	0	0	0	0	0	0	0	0	0	0	0	0	0	0	0	0	0	0	0	0	0	0	0	0	0	0	0	0	0	0	0	0	0	0	0	0	0	0	0	0	0	0	77	28	36	126	25	33	61	45	16	57	71	2	35	111	46	37	114	69	24	106	83	33	49	33	22	17	87
0	0	0	0	0	0	0	0	0	0	0	0	0	0	0	0	0	0	0	0	0	0	0	0	0	0	0	0	0	0	0	0	0	0	0	0	0	0	0	0	0	0	0	0	0	0	0	0	0	0	0	0	0	0	0	0	0	0	0	0	0	0	0	0	0	0	0	0	0	0	0	0	0	0	0	0	0	0	0	0	0	0	0	0	0	0	0	0	0	0	0	0	0	0	0	0	0	0	0	0	0	0	86	18	81	94	100	54	36	92	67	16	12	74	70	32	86	91	31	44	52	94	91	71	89	94	15	63
0	0	0	0	0	0	0	0	0	0	0	0	0	0	0	0	0	0	0	0	0	0	0	0	0	0	0	0	0	0	0	0	0	0	0	0	0	0	0	0	0	0	0	0	0	0	0	0	0	0	0	0	0	0	0	0	0	0	0	0	0	0	0	0	0	0	0	0	0	0	0	0	0	0	0	0	0	0	0	0	0	0	0	0	0	0	0	0	0	0	0	0	0	0	0	0	0	0	0	0	0	0	0	26	86	57	68	33	62	92	16	36	21	45	68	9	96	74	16	99	14	101	24	95	83	118	80	43
0	0	0	0	0	0	0	0	0	0	0	0	0	0	0	0	0	0	0	0	0	0	0	0	0	0	0	0	0	0	0	0	0	0	0	0	0	0	0	0	0	0	0	0	0	0	0	0	0	0	0	0	0	0	0	0	0	0	0	0	0	0	0	0	0	0	0	0	0	0	0	0	0	0	0	0	0	0	0	0	0	0	0	0	0	0	0	0	0	0	0	0	0	0	0	0	0	0	0	0	0	0	0	0	99	20	40	95	46	53	55	49	115	18	71	77	65	109	128	40	127	43	5	12	40	105	124	126
0	0	0	0	0	0	0	0	0	0	0	0	0	0	0	0	0	0	0	0	0	0	0	0	0	0	0	0	0	0	0	0	0	0	0	0	0	0	0	0	0	0	0	0	0	0	0	0	0	0	0	0	0	0	0	0	0	0	0	0	0	0	0	0	0	0	0	0	0	0	0	0	0	0	0	0	0	0	0	0	0	0	0	0	0	0	0	0	0	0	0	0	0	0	0	0	0	0	0	0	0	0	0	0	0	8	101	125	91	75	73	79	106	82	119	126	66	15	52	90	113	78	11	46	110	22	74	45
0	0	0	0	0	0	0	0	0	0	0	0	0	0	0	0	0	0	0	0	0	0	0	0	0	0	0	0	0	0	0	0	0	0	0	0	0	0	0	0	0	0	0	0	0	0	0	0	0	0	0	0	0	0	0	0	0	0	0	0	0	0	0	0	0	0	0	0	0	0	0	0	0	0	0	0	0	0	0	0	0	0	0	0	0	0	0	0	0	0	0	0	0	0	0	0	0	0	0	0	0	0	0	0	0	0	36	99	76	54	35	3	43	97	34	89	38	41	122	124	90	95	98	49	108	8	105	34
0	0	0	0	0	0	0	0	0	0	0	0	0	0	0	0	0	0	0	0	0	0	0	0	0	0	0	0	0	0	0	0	0	0	0	0	0	0	0	0	0	0	0	0	0	0	0	0	0	0	0	0	0	0	0	0	0	0	0	0	0	0	0	0	0	0	0	0	0	0	0	0	0	0	0	0	0	0	0	0	0	0	0	0	0	0	0	0	0	0	0	0	0	0	0	0	0	0	0	0	0	0	0	0	0	0	0	11	102	101	118	90	22	20	74	29	80	71	113	106	125	15	85	43	126	26	111	62
0	0	0	0	0	0	0	0	0	0	0	0	0	0	0	0	0	0	0	0	0	0	0	0	0	0	0	0	0	0	0	0	0	0	0	0	0	0	0	0	0	0	0	0	0	0	0	0	0	0	0	0	0	0	0	0	0	0	0	0	0	0	0	0	0	0	0	0	0	0	0	0	0	0	0	0	0	0	0	0	0	0	0	0	0	0	0	0	0	0	0	0	0	0	0	0	0	0	0	0	0	0	0	0	0	0	0	0	125	7	101	57	125	54	32	80	1	59	114	61	105	72	10	31	89	68	9	127
0	0	0	0	0	0	0	0	0	0	0	0	0	0	0	0	0	0	0	0	0	0	0	0	0	0	0	0	0	0	0	0	0	0	0	0	0	0	0	0	0	0	0	0	0	0	0	0	0	0	0	0	0	0	0	0	0	0	0	0	0	0	0	0	0	0	0	0	0	0	0	0	0	0	0	0	0	0	0	0	0	0	0	0	0	0	0	0	0	0	0	0	0	0	0	0	0	0	0	0	0	0	0	0	0	0	0	0	0	94	60	90	54	95	69	90	71	56	55	110	40	57	56	46	7	40	97	99
0	0	0	0	0	0	0	0	0	0	0	0	0	0	0	0	0	0	0	0	0	0	0	0	0	0	0	0	0	0	0	0	0	0	0	0	0	0	0	0	0	0	0	0	0	0	0	0	0	0	0	0	0	0	0	0	0	0	0	0	0	0	0	0	0	0	0	0	0	0	0	0	0	0	0	0	0	0	0	0	0	0	0	0	0	0	0	0	0	0	0	0	0	0	0	0	0	0	0	0	0	0	0	0	0	0	0	0	0	0	1	29	94	112	32	26	61	19	123	65	101	4	56	10	60	101	112	110
0	0	0	0	0	0	0	0	0	0	0	0	0	0	0	0	0	0	0	0	0	0	0	0	0	0	0	0	0	0	0	0	0	0	0	0	0	0	0	0	0	0	0	0	0	0	0	0	0	0	0	0	0	0	0	0	0	0	0	0	0	0	0	0	0	0	0	0	0	0	0	0	0	0	0	0	0	0	0	0	0	0	0	0	0	0	0	0	0	0	0	0	0	0	0	0	0	0	0	0	0	0	0	0	0	0	0	0	0	0	0	114	57	18	28	53	77	114	38	109	32	22	27	95	45	8	32	1
0	0	0	0	0	0	0	0	0	0	0	0	0	0	0	0	0	0	0	0	0	0	0	0	0	0	0	0	0	0	0	0	0	0	0	0	0	0	0	0	0	0	0	0	0	0	0	0	0	0	0	0	0	0	0	0	0	0	0	0	0	0	0	0	0	0	0	0	0	0	0	0	0	0	0	0	0	0	0	0	0	0	0	0	0	0	0	0	0	0	0	0	0	0	0	0	0	0	0	0	0	0	0	0	0	0	0	0	0	0	0	0	65	104	66	60	32	122	12	12	67	94	10	30	58	77	83	75
0	0	0	0	0	0	0	0	0	0	0	0	0	0	0	0	0	0	0	0	0	0	0	0	0	0	0	0	0	0	0	0	0	0	0	0	0	0	0	0	0	0	0	0	0	0	0	0	0	0	0	0	0	0	0	0	0	0	0	0	0	0	0	0	0	0	0	0	0	0	0	0	0	0	0	0	0	0	0	0	0	0	0	0	0	0	0	0	0	0	0	0	0	0	0	0	0	0	0	0	0	0	0	0	0	0	0	0	0	0	0	0	0	54	64	13	74	43	10	29	81	119	69	40	30	76	117	17
0	0	0	0	0	0	0	0	0	0	0	0	0	0	0	0	0	0	0	0	0	0	0	0	0	0	0	0	0	0	0	0	0	0	0	0	0	0	0	0	0	0	0	0	0	0	0	0	0	0	0	0	0	0	0	0	0	0	0	0	0	0	0	0	0	0	0	0	0	0	0	0	0	0	0	0	0	0	0	0	0	0	0	0	0	0	0	0	0	0	0	0	0	0	0	0	0	0	0	0	0	0	0	0	0	0	0	0	0	0	0	0	0	0	75	22	106	124	94	10	78	9	95	90	84	13	3	97
0	0	0	0	0	0	0	0	0	0	0	0	0	0	0	0	0	0	0	0	0	0	0	0	0	0	0	0	0	0	0	0	0	0	0	0	0	0	0	0	0	0	0	0	0	0	0	0	0	0	0	0	0	0	0	0	0	0	0	0	0	0	0	0	0	0	0	0	0	0	0	0	0	0	0	0	0	0	0	0	0	0	0	0	0	0	0	0	0	0	0	0	0	0	0	0	0	0	0	0	0	0	0	0	0	0	0	0	0	0	0	0	0	0	0	99	111	36	26	57	7	35	15	83	45	124	74	81
0	0	0	0	0	0	0	0	0	0	0	0	0	0	0	0	0	0	0	0	0	0	0	0	0	0	0	0	0	0	0	0	0	0	0	0	0	0	0	0	0	0	0	0	0	0	0	0	0	0	0	0	0	0	0	0	0	0	0	0	0	0	0	0	0	0	0	0	0	0	0	0	0	0	0	0	0	0	0	0	0	0	0	0	0	0	0	0	0	0	0	0	0	0	0	0	0	0	0	0	0	0	0	0	0	0	0	0	0	0	0	0	0	0	0	0	73	1	63	17	52	119	41	73	100	40	29	94
0	0	0	0	0	0	0	0	0	0	0	0	0	0	0	0	0	0	0	0	0	0	0	0	0	0	0	0	0	0	0	0	0	0	0	0	0	0	0	0	0	0	0	0	0	0	0	0	0	0	0	0	0	0	0	0	0	0	0	0	0	0	0	0	0	0	0	0	0	0	0	0	0	0	0	0	0	0	0	0	0	0	0	0	0	0	0	0	0	0	0	0	0	0	0	0	0	0	0	0	0	0	0	0	0	0	0	0	0	0	0	0	0	0	0	0	0	6	17	13	111	26	31	91	4	72	24	112
0	0	0	0	0	0	0	0	0	0	0	0	0	0	0	0	0	0	0	0	0	0	0	0	0	0	0	0	0	0	0	0	0	0	0	0	0	0	0	0	0	0	0	0	0	0	0	0	0	0	0	0	0	0	0	0	0	0	0	0	0	0	0	0	0	0	0	0	0	0	0	0	0	0	0	0	0	0	0	0	0	0	0	0	0	0	0	0	0	0	0	0	0	0	0	0	0	0	0	0	0	0	0	0	0	0	0	0	0	0	0	0	0	0	0	0	0	0	62	43	103	120	124	55	58	15	67	61
0	0	0	0	0	0	0	0	0	0	0	0	0	0	0	0	0	0	0	0	0	0	0	0	0	0	0	0	0	0	0	0	0	0	0	0	0	0	0	0	0	0	0	0	0	0	0	0	0	0	0	0	0	0	0	0	0	0	0	0	0	0	0	0	0	0	0	0	0	0	0	0	0	0	0	0	0	0	0	0	0	0	0	0	0	0	0	0	0	0	0	0	0	0	0	0	0	0	0	0	0	0	0	0	0	0	0	0	0	0	0	0	0	0	0	0	0	0	0	100	40	90	67	124	104	92	99	110
0	0	0	0	0	0	0	0	0	0	0	0	0	0	0	0	0	0	0	0	0	0	0	0	0	0	0	0	0	0	0	0	0	0	0	0	0	0	0	0	0	0	0	0	0	0	0	0	0	0	0	0	0	0	0	0	0	0	0	0	0	0	0	0	0	0	0	0	0	0	0	0	0	0	0	0	0	0	0	0	0	0	0	0	0	0	0	0	0	0	0	0	0	0	0	0	0	0	0	0	0	0	0	0	0	0	0	0	0	0	0	0	0	0	0	0	0	0	0	0	18	26	127	116	84	18	69	121
0	0	0	0	0	0	0	0	0	0	0	0	0	0	0	0	0	0	0	0	0	0	0	0	0	0	0	0	0	0	0	0	0	0	0	0	0	0	0	0	0	0	0	0	0	0	0	0	0	0	0	0	0	0	0	0	0	0	0	0	0	0	0	0	0	0	0	0	0	0	0	0	0	0	0	0	0	0	0	0	0	0	0	0	0	0	0	0	0	0	0	0	0	0	0	0	0	0	0	0	0	0	0	0	0	0	0	0	0	0	0	0	0	0	0	0	0	0	0	0	0	115	125	1	35	109	29	54
0	0	0	0	0	0	0	0	0	0	0	0	0	0	0	0	0	0	0	0	0	0	0	0	0	0	0	0	0	0	0	0	0	0	0	0	0	0	0	0	0	0	0	0	0	0	0	0	0	0	0	0	0	0	0	0	0	0	0	0	0	0	0	0	0	0	0	0	0	0	0	0	0	0	0	0	0	0	0	0	0	0	0	0	0	0	0	0	0	0	0	0	0	0	0	0	0	0	0	0	0	0	0	0	0	0	0	0	0	0	0	0	0	0	0	0	0	0	0	0	0	0	79	77	107	61	86	8
0	0	0	0	0	0	0	0	0	0	0	0	0	0	0	0	0	0	0	0	0	0	0	0	0	0	0	0	0	0	0	0	0	0	0	0	0	0	0	0	0	0	0	0	0	0	0	0	0	0	0	0	0	0	0	0	0	0	0	0	0	0	0	0	0	0	0	0	0	0	0	0	0	0	0	0	0	0	0	0	0	0	0	0	0	0	0	0	0	0	0	0	0	0	0	0	0	0	0	0	0	0	0	0	0	0	0	0	0	0	0	0	0	0	0	0	0	0	0	0	0	0	0	124	116	109	108	35
0	0	0	0	0	0	0	0	0	0	0	0	0	0	0	0	0	0	0	0	0	0	0	0	0	0	0	0	0	0	0	0	0	0	0	0	0	0	0	0	0	0	0	0	0	0	0	0	0	0	0	0	0	0	0	0	0	0	0	0	0	0	0	0	0	0	0	0	0	0	0	0	0	0	0	0	0	0	0	0	0	0	0	0	0	0	0	0	0	0	0	0	0	0	0	0	0	0	0	0	0	0	0	0	0	0	0	0	0	0	0	0	0	0	0	0	0	0	0	0	0	0	0	0	3	12	14	24
0	0	0	0	0	0	0	0	0	0	0	0	0	0	0	0	0	0	0	0	0	0	0	0	0	0	0	0	0	0	0	0	0	0	0	0	0	0	0	0	0	0	0	0	0	0	0	0	0	0	0	0	0	0	0	0	0	0	0	0	0	0	0	0	0	0	0	0	0	0	0	0	0	0	0	0	0	0	0	0	0	0	0	0	0	0	0	0	0	0	0	0	0	0	0	0	0	0	0	0	0	0	0	0	0	0	0	0	0	0	0	0	0	0	0	0	0	0	0	0	0	0	0	0	0	38	55	104
0	0	0	0	0	0	0	0	0	0	0	0	0	0	0	0	0	0	0	0	0	0	0	0	0	0	0	0	0	0	0	0	0	0	0	0	0	0	0	0	0	0	0	0	0	0	0	0	0	0	0	0	0	0	0	0	0	0	0	0	0	0	0	0	0	0	0	0	0	0	0	0	0	0	0	0	0	0	0	0	0	0	0	0	0	0	0	0	0	0	0	0	0	0	0	0	0	0	0	0	0	0	0	0	0	0	0	0	0	0	0	0	0	0	0	0	0	0	0	0	0	0	0	0	0	0	77	128
0	0	0	0	0	0	0	0	0	0	0	0	0	0	0	0	0	0	0	0	0	0	0	0	0	0	0	0	0	0	0	0	0	0	0	0	0	0	0	0	0	0	0	0	0	0	0	0	0	0	0	0	0	0	0	0	0	0	0	0	0	0	0	0	0	0	0	0	0	0	0	0	0	0	0	0	0	0	0	0	0	0	0	0	0	0	0	0	0	0	0	0	0	0	0	0	0	0	0	0	0	0	0	0	0	0	0	0	0	0	0	0	0	0	0	0	0	0	0	0	0	0	0	0	0	0	0	102
0	0	0	0	0	0	0	0	0	0	0	0	0	0	0	0	0	0	0	0	0	0	0	0	0	0	0	0	0	0	0	0	0	0	0	0	0	0	0	0	0	0	0	0	0	0	0	0	0	0	0	0	0	0	0	0	0	0	0	0	0	0	0	0	0	0	0	0	0	0	0	0	0	0	0	0	0	0	0	0	0	0	0	0	0	0	0	0	0	0	0	0	0	0	0	0	0	0	0	0	0	0	0	0	0	0	0	0	0	0	0	0	0	0	0	0	0	0	0	0	0	0	0	0	0	0	0	0