0	82	12	120	93	4	6	36	75	91	100	45	44	27	102	5	13	53	21	55	92	32	23	18	97	89	64	9	70	79	4	24	68	67	18	24	115	70	108	123	13	69	81	63	10	49	46	82	35	115	125	7	60	36	34	82	75	87	32	32	121	26	48	1	122	121	82	18	109	17	93	105	66	112	19	87	19	68	55	30	37	73	36	30	24	112	87	54	17	101	25	45	73	44	27	72	2	40	5	72	22	67	15	53	63	27	85	84	38	79	65	44	48	37	4	35	62	114	91	12	66	104	72	66	58	112	120	124
0	0	48	90	124	100	76	63	32	84	109	10	28	69	112	54	17	121	24	116	11	68	33	48	52	17	113	113	99	88	110	66	5	17	30	34	121	121	42	69	79	53	39	93	84	96	100	36	84	50	81	22	47	49	39	84	128	81	46	72	88	103	100	99	55	105	53	91	62	104	116	18	83	15	50	103	15	120	124	85	44	13	112	45	95	27	40	41	93	40	22	88	90	26	58	72	119	14	3	45	6	46	106	109	75	109	13	3	89	24	54	104	22	116	38	47	91	26	9	77	89	68	109	87	70	30	32	80
0	0	0	11	23	79	86	81	23	8	55	46	42	55	91	45	47	101	52	70	56	125	21	6	11	106	105	53	76	85	119	125	9	26	89	40	114	106	59	72	10	106	13	90	105	36	83	22	128	92	119	8	127	96	31	93	62	60	36	98	78	15	53	99	54	95	51	30	110	108	71	23	91	12	71	44	27	114	115	76	26	80	92	128	112	68	39	113	83	121	124	11	115	19	124	45	84	8	63	91	37	89	128	126	29	75	63	33	102	55	81	109	75	11	45	107	73	62	62	25	116	79	127	65	79	97	29	35
0	0	0	0	24	24	74	30	66	21	128	46	65	61	50	93	98	46	92	106	128	62	58	32	86	22	92	68	71	23	25	4	96	73	89	84	87	95	72	58	113	99	99	20	5	109	28	23	112	4	71	16	109	68	31	21	112	87	2	17	124	57	39	57	79	70	16	29	98	9	22	124	41	8	96	37	96	118	116	4	14	90	102	71	35	5	96	69	70	100	33	10	126	24	113	27	58	78	18	78	28	84	115	54	108	1	6	2	90	91	53	96	35	29	41	13	114	57	70	63	106	65	84	8	96	84	92	2
0	0	0	0	0	55	96	93	85	73	95	13	50	97	48	38	97	91	108	121	121	84	22	100	6	79	83	56	23	86	91	19	102	19	90	111	6	116	106	13	43	128	113	86	111	121	103	72	28	51	10	56	48	118	39	72	112	106	9	102	26	12	1	9	20	81	19	27	57	25	16	2	107	77	76	84	6	100	105	13	111	121	86	126	87	61	82	46	31	122	118	115	56	78	57	63	41	37	106	95	114	8	100	107	24	122	102	68	93	39	28	95	36	35	97	118	42	103	63	92	71	51	80	22	108	52	50	122
0	0	0	0	0	0	57	7	95	82	16	80	33	74	39	107	6	82	62	86	75	46	113	42	51	63	38	33	78	36	124	108	114	2	72	22	47	77	45	11	94	107	97	65	16	62	50	61	11	74	22	26	38	88	66	107	101	68	19	13	3	98	85	74	21	60	100	24	28	78	123	42	86	48	95	16	98	6	125	89	56	21	79	78	65	51	114	12	53	87	77	111	85	15	58	111	55	59	60	72	28	35	22	38	69	31	23	47	89	48	81	107	93	106	110	124	48	54	64	41	114	46	119	126	31	23	101	9
0	0	0	0	0	0	0	71	36	83	111	50	88	39	81	42	66	38	122	68	128	47	37	120	32	50	63	125	1	122	59	89	81	56	101	99	109	68	107	11	14	98	60	90	103	19	58	50	23	15	116	1	6	82	126	112	4	54	123	120	68	60	24	55	106	53	51	93	108	10	105	20	20	7	44	72	125	98	125	11	94	78	120	15	28	79	35	4	16	104	74	113	47	79	42	42	120	18	96	91	125	53	2	57	124	51	85	126	29	78	31	125	27	36	67	85	106	101	108	85	40	23	51	70	26	74	42	12
0	0	0	0	0	0	0	0	112	51	90	63	119	128	45	34	85	16	55	63	34	122	55	7	92	106	33	125	8	48	34	59	49	17	72	50	83	18	101	58	128	18	39	85	89	30	127	50	96	71	60	63	102	66	58	6	106	89	29	53	75	20	14	126	83	80	66	122	2	113	4	93	49	83	121	39	79	73	41	124	10	27	13	11	55	105	2	102	121	38	103	36	78	118	52	52	72	62	116	36	27	4	87	80	91	37	31	30	65	123	55	103	104	107	34	20	35	44	21	47	87	28	19	6	102	116	2	49
0	0	0	0	0	0	0	0	0	46	109	53	80	5	118	114	48	2	74	89	52	106	88	53	38	11	14	119	21	65	86	60	28	74	71	117	93	60	48	20	98	90	94	47	88	63	87	84	90	107	13	10	102	9	111	4	62	123	64	109	76	127	125	120	104	10	73	60	127	82	19	109	39	125	87	46	26	103	31	58	82	85	42	51	60	66	77	73	24	125	83	54	50	97	112	76	3	115	57	106	32	112	19	10	8	112	17	120	22	79	109	125	27	6	52	9	25	107	88	6	29	107	83	77	119	48	128	115
0	0	0	0	0	0	0	0	0	0	120	38	122	7	11	106	50	5	29	25	40	68	106	121	95	56	116	113	45	25	108	12	116	29	84	23	41	44	70	77	38	15	68	42	32	3	98	30	53	11	118	73	14	47	59	5	126	55	1	47	92	71	75	73	41	74	40	20	114	112	9	53	104	31	78	1	36	86	114	75	24	36	4	83	89	46	18	79	105	36	110	91	7	72	90	92	26	125	54	43	60	39	36	105	36	99	29	59	19	107	82	78	80	1	13	97	89	48	20	100	29	101	81	128	14	48	125	104
0	0	0	0	0	0	0	0	0	0	0	77	82	7	98	120	14	84	97	75	46	114	59	65	59	117	116	80	106	81	66	105	25	34	21	42	15	77	114	81	42	38	33	15	42	74	87	54	108	14	71	19	71	15	66	112	24	116	92	51	110	12	95	123	127	48	120	124	97	21	83	109	9	22	15	3	49	118	30	73	86	56	12	2	114	100	90	83	73	128	53	48	70	78	90	84	67	28	22	23	6	105	81	57	82	78	84	99	64	98	11	125	111	64	38	41	80	101	124	90	31	110	80	35	119	6	79	39
0	0	0	0	0	0	0	0	0	0	0	0	99	11	27	9	103	77	2	98	118	68	2	40	117	18	67	61	11	73	4	104	26	95	19	84	91	44	15	90	89	26	106	113	56	31	78	49	105	61	15	33	31	44	40	96	28	99	116	125	107	99	73	114	97	109	61	10	32	15	119	5	108	107	61	43	63	117	19	84	34	38	40	43	126	30	53	126	29	32	109	55	91	112	112	39	107	114	37	76	72	70	93	95	117	67	105	116	79	114	50	110	117	104	117	30	1	117	80	73	75	25	61	33	78	25	96	74
0	0	0	0	0	0	0	0	0	0	0	0	0	121	70	5	43	17	16	18	36	64	110	58	41	113	9	51	51	66	111	21	41	121	80	12	109	97	56	55	74	117	88	122	49	4	76	17	40	113	85	56	55	114	1	67	11	45	76	26	68	35	93	99	126	26	118	57	125	32	98	105	71	53	44	53	70	117	114	42	22	114	6	50	103	21	56	24	48	31	85	89	34	92	97	115	48	106	73	15	62	59	63	45	88	116	88	55	126	108	123	127	94	26	84	11	123	121	87	123	127	26	29	67	40	15	71	96
0	0	0	0	0	0	0	0	0	0	0	0	0	0	9	62	49	27	75	45	89	112	4	92	19	13	62	17	7	110	17	43	87	78	128	8	63	41	125	74	13	24	21	78	23	9	86	12	71	122	58	60	88	105	84	30	2	99	48	48	16	84	43	54	118	32	23	49	96	22	75	77	110	48	96	112	79	23	33	10	61	57	43	115	36	115	123	64	102	68	8	105	18	116	50	108	30	23	101	89	37	90	20	83	49	79	98	32	128	1	107	61	38	28	123	79	72	21	120	44	3	53	98	4	93	68	79	100
0	0	0	0	0	0	0	0	0	0	0	0	0	0	0	40	29	115	121	31	85	54	94	87	126	83	97	29	74	48	56	41	15	90	16	85	66	49	119	90	74	9	16	24	67	27	43	48	1	51	71	71	51	38	35	29	109	32	108	72	32	96	95	80	59	92	43	48	90	9	28	79	26	29	94	114	117	59	99	56	70	26	70	52	26	112	21	102	12	62	18	67	2	13	85	54	91	78	31	97	95	38	115	1	16	109	124	73	69	87	24	53	64	40	81	123	83	26	25	76	32	101	117	97	98	58	32	38
0	0	0	0	0	0	0	0	0	0	0	0	0	0	0	0	1	72	80	10	31	90	65	99	123	5	98	110	80	81	23	87	128	107	47	4	124	21	3	53	71	21	12	37	68	36	28	25	28	10	127	108	22	23	53	74	81	119	3	82	31	96	114	34	98	103	37	120	91	65	93	67	78	115	22	59	1	27	113	70	86	36	4	92	16	10	48	48	80	128	77	1	56	76	68	34	2	66	59	41	86	115	52	67	114	94	4	29	23	109	28	68	126	26	119	125	89	58	14	28	55	11	62	14	4	73	63	89
0	0	0	0	0	0	0	0	0	0	0	0	0	0	0	0	0	18	107	15	57	23	102	12	20	3	31	32	94	127	31	99	127	13	111	104	6	125	39	49	48	31	62	57	41	118	68	118	89	73	13	24	85	120	54	48	51	69	103	122	28	67	79	74	112	112	100	43	43	43	42	81	96	40	18	110	28	55	31	35	61	3	57	87	102	43	58	103	20	6	91	36	8	95	11	78	51	5	27	10	95	12	12	34	7	122	46	35	10	62	63	45	90	22	77	19	92	32	15	95	68	124	95	79	108	12	4	26
0	0	0	0	0	0	0	0	0	0	0	0	0	0	0	0	0	0	77	105	3	1	83	27	13	76	69	81	53	75	99	70	25	1	29	39	49	5	34	44	87	8	48	78	27	115	108	65	46	69	44	19	88	54	2	115	74	12	102	94	22	46	17	72	94	106	86	7	11	17	9	66	35	77	94	115	103	101	85	100	68	59	18	40	24	65	99	83	76	33	56	83	126	69	33	47	95	70	65	97	36	3	107	120	65	103	118	106	7	49	3	99	41	126	45	50	108	120	78	121	46	47	80	37	40	76	95	25
0	0	0	0	0	0	0	0	0	0	0	0	0	0	0	0	0	0	0	5	5	13	62	50	109	85	50	57	17	92	3	25	59	117	127	8	109	125	96	29	70	110	26	43	35	110	24	65	26	114	84	51	10	33	53	48	114	123	33	59	42	21	38	99	34	126	112	61	9	73	39	102	94	6	108	10	12	22	45	37	89	1	100	17	64	31	22	25	113	86	101	91	104	97	11	55	114	28	120	119	10	36	42	17	51	19	5	122	98	83	90	75	87	126	10	27	42	20	82	63	99	43	10	81	28	25	87	5
0	0	0	0	0	0	0	0	0	0	0	0	0	0	0	0	0	0	0	0	102	41	108	33	97	93	18	72	20	29	103	33	58	81	17	43	69	70	1	45	87	86	83	102	86	17	101	59	8	124	53	70	51	128	128	113	63	35	102	67	121	107	119	108	15	81	19	22	75	2	36	62	124	5	107	43	87	53	80	115	15	106	10	24	27	76	86	105	44	108	29	118	98	36	79	76	108	39	105	105	79	57	61	52	4	48	26	123	53	60	96	63	66	112	71	92	66	9	55	56	25	82	41	15	58	100	78	32
0	0	0	0	0	0	0	0	0	0	0	0	0	0	0	0	0	0	0	0	0	8	37	103	96	108	112	3	96	107	76	18	73	87	84	49	124	31	38	20	30	68	42	91	119	61	112	82	106	85	38	119	101	46	108	53	41	109	127	38	22	46	64	84	5	91	59	64	73	128	101	28	1	86	69	21	121	96	17	43	14	38	17	42	100	61	27	13	31	90	53	91	33	36	36	124	53	124	126	77	119	15	70	77	39	26	85	86	78	76	100	18	86	21	89	64	127	114	15	75	67	58	2	69	4	62	76	39
0	0	0	0	0	0	0	0	0	0	0	0	0	0	0	0	0	0	0	0	0	0	36	120	45	15	13	35	117	86	85	60	88	100	93	103	43	51	81	13	36	72	54	65	74	4	15	90	127	66	91	78	106	32	3	4	118	48	25	3	13	75	15	68	84	90	118	101	29	60	3	5	97	116	15	128	121	84	7	80	40	5	83	1	78	57	126	72	1	43	4	113	21	113	115	35	109	108	51	6	49	72	2	53	67	82	45	46	28	117	94	97	122	82	99	65	31	126	34	105	118	72	85	32	93	68	49	84
0	0	0	0	0	0	0	0	0	0	0	0	0	0	0	0	0	0	0	0	0	0	0	72	60	34	73	35	115	73	72	118	6	102	96	1	18	7	112	84	32	23	1	80	1	35	106	95	32	128	36	24	36	56	70	11	29	4	65	39	19	63	35	2	125	110	19	128	51	42	2	24	112	87	102	102	24	101	118	40	70	65	126	100	53	56	68	47	18	99	37	91	32	123	83	122	41	25	81	55	41	125	124	5	55	31	31	1	29	12	112	110	121	91	29	107	17	91	115	17	17	43	21	46	7	90	21	108
0	0	0	0	0	0	0	0	0	0	0	0	0	0	0	0	0	0	0	0	0	0	0	0	94	105	91	78	81	12	42	45	91	89	47	18	103	27	17	113	103	3	108	121	40	82	48	67	106	119	104	8	123	122	76	16	95	47	47	65	67	15	42	59	42	73	104	68	67	57	72	67	90	60	112	13	69	60	85	127	76	91	103	6	75	128	116	12	103	2	78	101	25	42	23	87	109	123	40	124	109	24	70	32	98	116	106	112	64	103	74	70	47	125	26	63	97	128	30	16	40	16	90	26	77	116	62	40
0	0	0	0	0	0	0	0	0	0	0	0	0	0	0	0	0	0	0	0	0	0	0	0	0	29	58	84	43	95	13	90	92	84	6	106	24	37	70	99	23	2	74	26	90	89	78	28	67	11	92	51	41	28	103	59	128	61	88	18	75	28	41	119	51	40	54	86	106	66	87	8	69	73	97	80	12	60	28	39	86	34	58	5	59	113	58	88	57	44	105	74	5	34	8	89	9	66	76	45	70	73	119	34	7	44	28	121	53	43	96	16	102	3	57	108	70	41	90	120	97	57	94	115	18	54	41	109
0	0	0	0	0	0	0	0	0	0	0	0	0	0	0	0	0	0	0	0	0	0	0	0	0	0	38	16	60	41	127	29	28	95	82	41	42	1	50	88	58	75	126	43	15	54	87	108	81	104	4	70	67	1	100	38	112	18	77	56	125	37	124	127	20	49	67	106	40	66	45	49	128	86	108	34	97	96	6	98	120	59	94	31	75	102	75	121	70	79	108	92	93	122	55	65	126	44	23	3	54	41	57	118	123	54	116	44	18	114	22	28	128	78	121	22	82	54	7	24	16	92	60	3	70	24	34	82
0	0	0	0	0	0	0	0	0	0	0	0	0	0	0	0	0	0	0	0	0	0	0	0	0	0	0	60	10	2	127	64	30	35	21	59	87	67	46	116	42	7	98	25	92	49	65	72	68	58	113	105	125	38	82	93	21	110	112	74	115	95	94	9	73	18	89	48	116	85	32	75	76	36	43	63	18	102	3	34	125	114	94	6	14	39	99	106	26	85	88	112	121	51	19	2	12	61	87	89	63	15	57	48	70	86	15	47	113	37	70	28	125	59	106	48	58	42	128	6	85	84	86	91	77	8	102	52
0	0	0	0	0	0	0	0	0	0	0	0	0	0	0	0	0	0	0	0	0	0	0	0	0	0	0	0	71	52	75	40	94	110	6	53	61	57	39	53	70	8	74	102	87	94	113	34	54	37	92	10	85	9	1	48	117	45	35	104	63	60	28	75	31	47	47	32	17	39	81	22	120	65	33	79	90	9	36	103	56	51	29	30	124	42	6	29	119	85	6	117	18	2	100	120	74	86	36	70	65	115	71	115	18	77	30	59	27	54	122	124	7	88	43	26	108	52	81	13	56	13	22	82	46	124	23	80
0	0	0	0	0	0	0	0	0	0	0	0	0	0	0	0	0	0	0	0	0	0	0	0	0	0	0	0	0	59	7	103	56	72	54	72	67	24	68	102	86	121	43	26	35	122	27	22	110	15	86	115	61	126	28	45	19	106	89	60	93	54	13	68	45	60	86	60	39	86	20	69	68	112	57	127	92	110	37	48	77	99	110	2	1	11	67	120	64	119	44	27	110	9	54	85	45	116	42	85	47	26	52	107	92	76	56	117	9	121	74	11	126	57	20	28	71	13	81	120	82	46	57	16	21	1	1	40
0	0	0	0	0	0	0	0	0	0	0	0	0	0	0	0	0	0	0	0	0	0	0	0	0	0	0	0	0	0	112	68	123	38	76	57	112	107	22	71	111	118	93	62	92	79	117	6	66	98	79	42	115	68	50	125	81	14	46	88	68	26	128	125	35	73	14	61	86	53	80	88	12	125	86	15	11	93	1	19	4	40	118	7	14	7	29	79	119	117	20	22	95	5	89	34	67	1	42	77	112	98	24	96	127	40	95	26	87	70	53	8	25	98	24	121	26	39	86	53	91	104	14	91	123	121	125	78
0	0	0	0	0	0	0	0	0	0	0	0	0	0	0	0	0	0	0	0	0	0	0	0	0	0	0	0	0	0	0	51	58	82	103	48	69	74	10	8	43	100	51	41	91	127	74	34	127	108	9	92	112	8	38	3	104	100	126	90	30	31	39	16	10	125	58	91	26	28	95	84	9	6	60	27	44	8	121	5	114	121	88	71	110	23	80	99	12	64	51	11	53	75	67	108	12	77	121	64	21	26	85	2	44	112	94	88	68	70	75	118	128	88	89	34	75	18	121	108	26	27	19	112	22	56	116	120
0	0	0	0	0	0	0	0	0	0	0	0	0	0	0	0	0	0	0	0	0	0	0	0	0	0	0	0	0	0	0	0	74	83	54	26	85	65	30	6	78	101	117	38	17	103	88	122	79	66	29	111	47	70	79	15	103	119	62	7	22	72	25	108	51	112	56	81	114	64	33	5	36	21	46	78	4	127	33	75	22	9	65	36	112	124	9	120	98	45	23	116	10	62	10	75	33	124	69	92	115	79	60	78	115	119	89	73	97	77	77	107	113	114	51	119	106	72	6	24	125	45	90	24	24	51	114	106
0	0	0	0	0	0	0	0	0	0	0	0	0	0	0	0	0	0	0	0	0	0	0	0	0	0	0	0	0	0	0	0	0	76	123	25	12	71	70	83	90	101	25	97	58	20	79	89	8	67	54	34	61	4	31	52	120	71	99	50	41	73	75	90	68	18	14	45	40	127	36	73	14	21	57	6	93	105	96	72	64	117	8	113	43	64	103	69	95	78	104	13	101	100	107	12	14	27	69	97	109	36	99	42	15	111	59	87	108	14	60	116	88	127	82	60	96	24	49	106	98	114	124	6	123	92	32	63
0	0	0	0	0	0	0	0	0	0	0	0	0	0	0	0	0	0	0	0	0	0	0	0	0	0	0	0	0	0	0	0	0	0	61	119	4	87	31	62	38	39	101	49	107	44	61	56	104	12	19	28	93	19	91	79	95	31	119	65	30	16	98	35	29	11	80	61	45	98	118	45	127	117	56	3	123	79	10	7	22	11	35	116	33	46	18	103	90	102	59	92	73	34	122	73	109	96	12	39	88	56	107	10	126	30	121	19	127	9	23	64	30	27	117	105	15	60	49	75	24	28	48	3	96	89	51	36
0	0	0	0	0	0	0	0	0	0	0	0	0	0	0	0	0	0	0	0	0	0	0	0	0	0	0	0	0	0	0	0	0	0	0	109	1	19	126	56	105	82	105	126	103	114	115	93	87	117	12	37	13	77	61	97	94	42	124	39	59	41	80	35	46	123	13	45	46	66	18	45	89	116	76	60	48	22	106	88	26	83	126	37	86	87	21	49	22	118	99	110	27	69	55	39	108	34	41	43	88	72	64	53	114	11	118	109	50	12	103	128	92	23	42	17	117	82	103	29	33	19	128	55	89	13	48	114
0	0	0	0	0	0	0	0	0	0	0	0	0	0	0	0	0	0	0	0	0	0	0	0	0	0	0	0	0	0	0	0	0	0	0	0	57	9	121	107	65	46	70	5	59	35	45	84	29	103	93	23	55	111	5	58	83	71	56	75	67	40	108	125	78	2	58	18	26	5	95	63	75	114	22	60	81	94	93	97	95	3	73	88	45	104	88	64	57	112	46	35	60	38	62	53	114	102	59	91	87	59	74	115	14	44	119	37	126	85	69	11	13	100	97	48	43	53	70	19	73	40	36	56	25	48	86	109
0	0	0	0	0	0	0	0	0	0	0	0	0	0	0	0	0	0	0	0	0	0	0	0	0	0	0	0	0	0	0	0	0	0	0	0	0	73	99	63	31	102	7	68	68	44	15	79	119	96	14	100	23	13	118	104	93	109	67	46	78	57	73	65	79	84	111	112	32	8	40	4	75	15	24	58	38	73	37	52	25	103	37	5	116	120	106	36	99	107	42	81	84	17	94	29	2	83	32	17	2	29	37	103	1	120	98	65	61	113	102	7	117	103	18	103	80	62	58	29	73	61	44	123	119	106	104	53
0	0	0	0	0	0	0	0	0	0	0	0	0	0	0	0	0	0	0	0	0	0	0	0	0	0	0	0	0	0	0	0	0	0	0	0	0	0	112	102	113	41	97	7	92	94	117	95	69	116	95	4	14	107	83	64	8	42	57	45	81	9	126	12	34	5	96	14	128	80	8	80	90	40	101	12	108	100	26	88	49	122	122	40	30	33	62	86	26	59	61	127	58	23	36	57	107	29	29	17	88	112	17	125	109	69	20	70	43	62	47	58	83	80	11	2	124	82	46	116	91	33	30	125	86	43	64	128
0	0	0	0	0	0	0	0	0	0	0	0	0	0	0	0	0	0	0	0	0	0	0	0	0	0	0	0	0	0	0	0	0	0	0	0	0	0	0	48	11	68	35	87	124	2	107	109	60	128	119	109	3	71	15	102	6	82	43	60	102	116	107	113	47	85	12	83	111	111	95	5	32	128	77	88	23	101	95	15	56	105	25	83	11	118	125	121	37	23	75	80	27	1	21	33	87	84	71	93	108	82	2	45	43	119	104	38	64	40	9	63	76	39	116	14	56	47	44	17	87	37	58	27	53	97	52	17
0	0	0	0	0	0	0	0	0	0	0	0	0	0	0	0	0	0	0	0	0	0	0	0	0	0	0	0	0	0	0	0	0	0	0	0	0	0	0	0	60	63	51	125	21	55	28	76	56	118	52	67	4	54	69	115	127	43	15	44	16	98	83	9	40	88	116	58	114	94	27	27	70	38	14	56	29	85	77	32	106	41	126	125	34	105	55	104	97	122	61	80	97	59	107	118	35	76	79	100	58	88	25	5	29	52	121	95	61	66	103	29	5	19	22	77	77	108	59	34	42	87	59	116	13	40	65	123
0	0	0	0	0	0	0	0	0	0	0	0	0	0	0	0	0	0	0	0	0	0	0	0	0	0	0	0	0	0	0	0	0	0	0	0	0	0	0	0	0	57	51	59	31	104	79	85	114	49	54	20	16	87	123	105	63	55	93	58	58	51	116	94	100	100	97	76	125	112	52	65	29	53	19	61	125	51	53	29	21	96	118	39	56	5	95	17	11	41	128	65	35	41	77	52	99	50	72	55	15	93	127	16	37	88	103	75	45	95	90	94	55	86	87	8	50	113	72	17	60	118	81	75	81	88	124	97
0	0	0	0	0	0	0	0	0	0	0	0	0	0	0	0	0	0	0	0	0	0	0	0	0	0	0	0	0	0	0	0	0	0	0	0	0	0	0	0	0	0	61	23	97	55	112	11	54	48	56	80	24	100	74	113	48	82	112	25	29	121	50	25	88	10	107	60	96	43	55	92	37	105	128	105	32	6	27	104	96	64	49	89	43	71	13	99	58	112	20	127	40	115	97	63	82	96	3	96	77	59	73	121	102	44	101	68	125	46	106	100	8	116	100	101	62	13	68	99	97	120	118	109	35	54	119	14
0	0	0	0	0	0	0	0	0	0	0	0	0	0	0	0	0	0	0	0	0	0	0	0	0	0	0	0	0	0	0	0	0	0	0	0	0	0	0	0	0	0	0	62	117	74	13	63	1	23	89	30	46	104	5	117	110	96	87	15	122	72	66	88	101	22	11	112	40	63	91	2	3	95	102	52	2	124	124	23	17	81	113	25	37	8	15	46	18	127	69	121	103	2	16	82	122	127	24	76	21	59	111	12	123	35	16	58	9	118	46	68	1	93	72	77	122	3	114	120	122	128	75	117	84	54	42	86
0	0	0	0	0	0	0	0	0	0	0	0	0	0	0	0	0	0	0	0	0	0	0	0	0	0	0	0	0	0	0	0	0	0	0	0	0	0	0	0	0	0	0	0	17	107	81	25	64	28	69	120	34	114	96	45	109	85	34	63	90	61	68	102	121	95	30	21	116	28	26	42	100	77	101	98	23	30	87	110	82	115	49	40	50	18	68	117	110	128	66	109	112	27	82	20	49	28	74	32	110	88	65	5	53	90	34	75	75	112	84	65	46	128	38	48	71	1	126	51	45	76	36	119	79	73	57	14
0	0	0	0	0	0	0	0	0	0	0	0	0	0	0	0	0	0	0	0	0	0	0	0	0	0	0	0	0	0	0	0	0	0	0	0	0	0	0	0	0	0	0	0	0	4	26	55	26	5	114	106	73	81	88	19	3	68	104	122	27	11	81	86	36	69	31	125	51	51	41	127	100	69	5	15	115	100	104	68	47	67	8	115	68	92	52	125	111	24	108	121	61	56	15	35	12	115	124	27	15	100	113	51	30	47	17	103	73	20	97	38	68	53	54	15	87	42	6	59	35	31	48	85	128	15	110	103
0	0	0	0	0	0	0	0	0	0	0	0	0	0	0	0	0	0	0	0	0	0	0	0	0	0	0	0	0	0	0	0	0	0	0	0	0	0	0	0	0	0	0	0	0	0	114	87	48	56	27	4	106	39	71	121	41	82	20	85	53	92	125	67	46	58	16	15	123	21	69	27	115	122	70	48	3	47	47	94	96	54	119	24	127	64	118	40	82	65	51	4	55	55	97	86	126	93	13	125	10	75	12	47	79	89	8	16	35	124	107	88	31	1	43	95	89	58	121	36	69	100	18	67	91	124	48	122
0	0	0	0	0	0	0	0	0	0	0	0	0	0	0	0	0	0	0	0	0	0	0	0	0	0	0	0	0	0	0	0	0	0	0	0	0	0	0	0	0	0	0	0	0	0	0	104	12	91	1	16	93	110	20	128	94	41	120	39	98	108	4	17	67	69	22	41	109	119	96	76	8	61	29	117	46	65	13	73	12	108	15	13	6	54	59	120	37	21	60	110	64	43	42	35	48	109	99	45	97	17	6	30	57	30	76	36	25	87	86	1	23	85	118	104	55	101	80	78	56	58	45	79	90	45	70	82
0	0	0	0	0	0	0	0	0	0	0	0	0	0	0	0	0	0	0	0	0	0	0	0	0	0	0	0	0	0	0	0	0	0	0	0	0	0	0	0	0	0	0	0	0	0	0	0	109	121	49	4	71	47	41	127	118	69	128	56	121	51	29	27	74	8	86	46	121	84	45	76	13	26	17	120	48	121	122	107	68	47	118	87	53	66	63	58	114	94	54	70	49	24	102	45	47	3	41	39	16	69	68	120	1	8	15	74	50	36	90	39	1	106	61	33	41	81	24	87	12	124	117	43	40	78	38	95
0	0	0	0	0	0	0	0	0	0	0	0	0	0	0	0	0	0	0	0	0	0	0	0	0	0	0	0	0	0	0	0	0	0	0	0	0	0	0	0	0	0	0	0	0	0	0	0	0	83	127	15	123	47	36	121	108	116	83	100	59	28	13	43	56	22	105	116	77	29	53	107	15	13	51	113	29	66	94	125	5	107	70	111	14	32	105	5	63	7	63	96	26	122	110	13	32	58	37	18	15	86	108	94	23	84	5	69	84	40	68	67	12	110	51	30	75	38	76	68	83	31	95	127	93	118	21	119
0	0	0	0	0	0	0	0	0	0	0	0	0	0	0	0	0	0	0	0	0	0	0	0	0	0	0	0	0	0	0	0	0	0	0	0	0	0	0	0	0	0	0	0	0	0	0	0	0	0	97	87	51	12	102	1	101	19	113	68	48	8	44	51	58	72	21	102	30	56	72	104	124	35	46	41	63	121	118	14	57	68	54	88	28	125	36	57	33	67	3	112	47	54	39	10	21	39	69	92	67	83	53	95	50	105	59	109	121	112	115	23	61	25	94	105	50	91	81	29	103	96	53	42	82	34	17	118
0	0	0	0	0	0	0	0	0	0	0	0	0	0	0	0	0	0	0	0	0	0	0	0	0	0	0	0	0	0	0	0	0	0	0	0	0	0	0	0	0	0	0	0	0	0	0	0	0	0	0	38	36	25	123	61	36	31	58	1	61	89	93	68	89	91	60	40	31	99	69	110	18	24	88	2	121	44	37	20	52	127	105	126	122	47	90	90	97	41	115	78	41	85	80	68	46	108	88	76	14	46	96	120	53	35	42	9	125	44	53	2	38	88	121	111	81	113	28	95	69	47	124	78	126	38	41	119
0	0	0	0	0	0	0	0	0	0	0	0	0	0	0	0	0	0	0	0	0	0	0	0	0	0	0	0	0	0	0	0	0	0	0	0	0	0	0	0	0	0	0	0	0	0	0	0	0	0	0	0	71	15	84	82	23	70	43	21	55	77	35	21	128	8	104	22	96	79	101	6	27	3	118	23	111	27	65	2	122	1	86	22	116	92	33	86	17	41	41	84	125	70	22	109	42	11	73	121	76	23	96	31	123	105	32	43	105	18	68	11	64	106	122	83	77	75	85	102	11	108	83	124	39	111	107	98
0	0	0	0	0	0	0	0	0	0	0	0	0	0	0	0	0	0	0	0	0	0	0	0	0	0	0	0	0	0	0	0	0	0	0	0	0	0	0	0	0	0	0	0	0	0	0	0	0	0	0	0	0	115	118	38	65	94	76	106	61	8	79	2	110	122	7	115	21	127	113	4	25	1	26	122	6	6	66	87	3	38	39	107	12	6	70	116	123	4	5	118	48	57	103	73	55	50	6	103	1	98	16	125	109	74	101	63	25	69	115	31	98	116	23	78	111	120	120	61	18	93	96	67	90	93	61	32
0	0	0	0	0	0	0	0	0	0	0	0	0	0	0	0	0	0	0	0	0	0	0	0	0	0	0	0	0	0	0	0	0	0	0	0	0	0	0	0	0	0	0	0	0	0	0	0	0	0	0	0	0	0	69	26	48	44	55	115	13	5	23	120	72	18	40	31	13	37	26	38	10	76	112	110	52	113	31	64	105	73	92	115	125	59	6	121	77	102	118	35	6	33	64	13	59	97	60	83	11	32	23	27	7	58	108	80	3	9	45	57	51	49	62	21	83	1	31	74	35	111	95	97	122	38	104	108
0	0	0	0	0	0	0	0	0	0	0	0	0	0	0	0	0	0	0	0	0	0	0	0	0	0	0	0	0	0	0	0	0	0	0	0	0	0	0	0	0	0	0	0	0	0	0	0	0	0	0	0	0	0	0	99	49	31	89	33	118	71	3	66	97	32	27	65	83	37	10	46	83	92	67	24	72	30	34	86	51	67	60	84	74	89	28	106	124	1	112	3	63	54	16	34	27	96	104	75	115	44	33	78	56	24	36	44	103	42	55	42	22	118	69	71	78	122	103	47	30	113	73	1	98	109	98	62
0	0	0	0	0	0	0	0	0	0	0	0	0	0	0	0	0	0	0	0	0	0	0	0	0	0	0	0	0	0	0	0	0	0	0	0	0	0	0	0	0	0	0	0	0	0	0	0	0	0	0	0	0	0	0	0	48	51	50	118	34	69	20	95	11	10	12	120	16	79	96	105	32	85	72	34	85	114	49	16	93	75	111	49	10	106	87	71	60	17	90	122	56	51	56	128	22	11	91	90	29	23	42	43	40	120	35	73	49	44	70	7	28	9	104	34	83	68	32	93	12	28	103	76	67	107	54	6
0	0	0	0	0	0	0	0	0	0	0	0	0	0	0	0	0	0	0	0	0	0	0	0	0	0	0	0	0	0	0	0	0	0	0	0	0	0	0	0	0	0	0	0	0	0	0	0	0	0	0	0	0	0	0	0	0	48	74	99	128	111	43	19	127	99	73	96	19	67	66	103	22	55	53	51	88	111	24	83	87	5	33	16	120	54	128	4	55	58	83	110	85	26	69	15	46	39	80	13	83	123	90	105	73	118	123	113	4	50	12	55	45	62	49	3	109	118	96	29	118	125	1	29	83	103	40	46
0	0	0	0	0	0	0	0	0	0	0	0	0	0	0	0	0	0	0	0	0	0	0	0	0	0	0	0	0	0	0	0	0	0	0	0	0	0	0	0	0	0	0	0	0	0	0	0	0	0	0	0	0	0	0	0	0	0	10	22	103	24	85	95	72	48	41	98	69	89	54	128	108	121	8	89	68	33	52	111	30	28	77	84	80	58	78	32	19	123	95	91	14	6	80	15	82	89	10	35	42	84	67	2	20	62	117	28	110	54	118	81	117	44	32	5	114	27	70	97	101	80	103	61	65	16	68	41
0	0	0	0	0	0	0	0	0	0	0	0	0	0	0	0	0	0	0	0	0	0	0	0	0	0	0	0	0	0	0	0	0	0	0	0	0	0	0	0	0	0	0	0	0	0	0	0	0	0	0	0	0	0	0	0	0	0	0	87	13	61	121	31	111	91	22	89	67	122	30	43	10	85	107	59	124	46	51	127	69	114	22	97	22	19	41	34	9	107	75	78	103	48	117	118	22	60	17	43	47	31	25	40	22	77	59	100	97	38	117	6	40	29	24	91	6	95	59	64	101	114	37	51	86	51	104	41
0	0	0	0	0	0	0	0	0	0	0	0	0	0	0	0	0	0	0	0	0	0	0	0	0	0	0	0	0	0	0	0	0	0	0	0	0	0	0	0	0	0	0	0	0	0	0	0	0	0	0	0	0	0	0	0	0	0	0	0	15	125	118	120	101	91	81	7	64	68	90	39	38	78	87	30	104	56	63	1	121	22	80	56	37	45	74	113	92	72	64	35	15	6	87	35	47	98	11	43	60	47	92	33	38	82	58	62	49	37	99	84	32	30	128	59	14	71	6	23	66	73	63	54	112	50	85	4
0	0	0	0	0	0	0	0	0	0	0	0	0	0	0	0	0	0	0	0	0	0	0	0	0	0	0	0	0	0	0	0	0	0	0	0	0	0	0	0	0	0	0	0	0	0	0	0	0	0	0	0	0	0	0	0	0	0	0	0	0	84	94	37	67	83	34	89	28	82	109	92	38	7	124	40	89	99	84	93	74	124	31	72	30	23	92	62	14	1	110	42	33	65	112	5	108	46	123	117	45	46	48	91	50	122	107	31	36	62	71	26	30	60	20	44	14	22	70	87	48	117	4	90	48	44	128	19
0	0	0	0	0	0	0	0	0	0	0	0	0	0	0	0	0	0	0	0	0	0	0	0	0	0	0	0	0	0	0	0	0	0	0	0	0	0	0	0	0	0	0	0	0	0	0	0	0	0	0	0	0	0	0	0	0	0	0	0	0	0	102	112	79	40	80	59	117	33	60	70	58	25	128	117	13	123	111	7	68	67	57	84	20	111	4	82	32	103	112	20	81	38	15	16	94	65	90	94	79	49	63	117	61	102	67	70	56	102	120	32	12	127	111	127	92	84	60	23	10	94	85	69	9	34	112	21
0	0	0	0	0	0	0	0	0	0	0	0	0	0	0	0	0	0	0	0	0	0	0	0	0	0	0	0	0	0	0	0	0	0	0	0	0	0	0	0	0	0	0	0	0	0	0	0	0	0	0	0	0	0	0	0	0	0	0	0	0	0	0	80	22	60	36	55	24	95	112	80	70	21	125	74	18	67	103	80	109	75	72	98	62	84	17	40	69	66	60	102	1	11	92	103	18	94	81	30	56	3	93	88	116	100	38	31	55	121	36	69	106	67	68	12	12	26	99	38	97	93	94	112	74	9	86	4
0	0	0	0	0	0	0	0	0	0	0	0	0	0	0	0	0	0	0	0	0	0	0	0	0	0	0	0	0	0	0	0	0	0	0	0	0	0	0	0	0	0	0	0	0	0	0	0	0	0	0	0	0	0	0	0	0	0	0	0	0	0	0	0	34	65	117	98	120	116	8	27	19	119	61	46	5	50	25	41	18	4	61	77	1	53	110	94	118	116	125	61	39	120	103	53	53	38	14	63	107	93	52	19	111	62	124	110	119	83	18	126	36	18	51	120	121	94	55	75	35	88	72	4	43	99	58	127
0	0	0	0	0	0	0	0	0	0	0	0	0	0	0	0	0	0	0	0	0	0	0	0	0	0	0	0	0	0	0	0	0	0	0	0	0	0	0	0	0	0	0	0	0	0	0	0	0	0	0	0	0	0	0	0	0	0	0	0	0	0	0	0	0	57	118	128	119	61	14	108	23	94	22	72	13	49	2	107	40	34	90	3	46	7	112	96	88	112	15	11	77	100	60	119	92	47	78	117	62	69	18	5	32	94	47	5	122	111	1	54	66	111	5	126	68	47	122	55	24	47	106	76	18	88	46	62
0	0	0	0	0	0	0	0	0	0	0	0	0	0	0	0	0	0	0	0	0	0	0	0	0	0	0	0	0	0	0	0	0	0	0	0	0	0	0	0	0	0	0	0	0	0	0	0	0	0	0	0	0	0	0	0	0	0	0	0	0	0	0	0	0	0	2	12	108	41	128	22	16	65	125	22	71	40	112	126	67	16	23	99	60	107	73	101	38	13	60	89	61	95	101	36	39	13	104	56	75	33	100	90	124	107	113	71	6	7	40	96	46	82	112	67	83	128	50	29	76	110	34	2	30	89	105	49
0	0	0	0	0	0	0	0	0	0	0	0	0	0	0	0	0	0	0	0	0	0	0	0	0	0	0	0	0	0	0	0	0	0	0	0	0	0	0	0	0	0	0	0	0	0	0	0	0	0	0	0	0	0	0	0	0	0	0	0	0	0	0	0	0	0	0	114	80	105	104	111	106	36	80	54	120	44	110	35	114	102	23	59	122	7	82	69	7	80	57	22	35	53	68	91	87	86	7	120	32	102	36	8	111	11	48	68	23	71	112	101	73	58	26	117	106	108	109	127	72	95	113	5	28	109	74	13
0	0	0	0	0	0	0	0	0	0	0	0	0	0	0	0	0	0	0	0	0	0	0	0	0	0	0	0	0	0	0	0	0	0	0	0	0	0	0	0	0	0	0	0	0	0	0	0	0	0	0	0	0	0	0	0	0	0	0	0	0	0	0	0	0	0	0	0	3	43	10	33	21	1	88	3	57	90	102	50	127	47	36	58	112	76	77	34	25	29	1	102	120	62	125	5	31	96	73	95	72	122	35	9	27	15	122	58	73	34	113	55	57	98	84	40	99	2	54	6	49	38	72	115	117	38	64	51
0	0	0	0	0	0	0	0	0	0	0	0	0	0	0	0	0	0	0	0	0	0	0	0	0	0	0	0	0	0	0	0	0	0	0	0	0	0	0	0	0	0	0	0	0	0	0	0	0	0	0	0	0	0	0	0	0	0	0	0	0	0	0	0	0	0	0	0	0	91	40	56	83	28	67	39	108	102	90	48	48	31	50	38	85	55	69	22	121	25	35	98	64	69	72	125	28	5	26	91	84	31	25	85	5	112	127	58	27	14	52	73	117	122	51	83	119	54	28	25	123	66	126	61	53	68	63	123
0	0	0	0	0	0	0	0	0	0	0	0	0	0	0	0	0	0	0	0	0	0	0	0	0	0	0	0	0	0	0	0	0	0	0	0	0	0	0	0	0	0	0	0	0	0	0	0	0	0	0	0	0	0	0	0	0	0	0	0	0	0	0	0	0	0	0	0	0	0	116	70	71	87	22	32	29	22	66	122	4	111	9	3	24	21	52	93	75	18	98	16	108	65	67	95	41	45	25	27	78	69	21	93	71	76	55	16	54	67	31	101	70	27	109	112	106	93	120	59	78	36	58	6	113	60	40	19
0	0	0	0	0	0	0	0	0	0	0	0	0	0	0	0	0	0	0	0	0	0	0	0	0	0	0	0	0	0	0	0	0	0	0	0	0	0	0	0	0	0	0	0	0	0	0	0	0	0	0	0	0	0	0	0	0	0	0	0	0	0	0	0	0	0	0	0	0	0	0	16	63	72	37	57	52	85	122	61	94	88	58	58	104	69	29	70	43	109	45	46	34	10	66	56	70	111	53	11	63	83	21	70	57	38	88	106	104	23	93	72	7	34	67	16	95	96	53	37	69	72	39	34	68	82	2	106
0	0	0	0	0	0	0	0	0	0	0	0	0	0	0	0	0	0	0	0	0	0	0	0	0	0	0	0	0	0	0	0	0	0	0	0	0	0	0	0	0	0	0	0	0	0	0	0	0	0	0	0	0	0	0	0	0	0	0	0	0	0	0	0	0	0	0	0	0	0	0	0	125	128	2	114	121	98	31	3	59	108	106	37	85	63	71	123	76	127	111	27	78	44	103	46	101	102	99	71	120	87	77	92	15	102	28	29	29	114	60	27	6	71	127	6	48	103	110	117	37	111	107	44	45	99	34	34
0	0	0	0	0	0	0	0	0	0	0	0	0	0	0	0	0	0	0	0	0	0	0	0	0	0	0	0	0	0	0	0	0	0	0	0	0	0	0	0	0	0	0	0	0	0	0	0	0	0	0	0	0	0	0	0	0	0	0	0	0	0	0	0	0	0	0	0	0	0	0	0	0	17	71	56	8	17	81	96	80	127	12	75	6	85	70	85	28	61	41	128	112	47	113	15	71	21	29	109	81	99	4	73	124	50	116	10	47	14	57	25	127	45	21	1	120	117	127	77	76	73	9	55	62	3	19	120
0	0	0	0	0	0	0	0	0	0	0	0	0	0	0	0	0	0	0	0	0	0	0	0	0	0	0	0	0	0	0	0	0	0	0	0	0	0	0	0	0	0	0	0	0	0	0	0	0	0	0	0	0	0	0	0	0	0	0	0	0	0	0	0	0	0	0	0	0	0	0	0	0	0	40	38	118	69	33	67	22	39	105	49	34	55	98	71	88	123	64	93	96	106	23	61	9	6	52	104	42	89	57	1	77	85	35	112	3	22	66	35	84	108	103	14	14	127	106	19	117	4	4	95	88	56	59	83
0	0	0	0	0	0	0	0	0	0	0	0	0	0	0	0	0	0	0	0	0	0	0	0	0	0	0	0	0	0	0	0	0	0	0	0	0	0	0	0	0	0	0	0	0	0	0	0	0	0	0	0	0	0	0	0	0	0	0	0	0	0	0	0	0	0	0	0	0	0	0	0	0	0	0	47	110	64	103	93	15	98	28	42	79	111	96	56	79	76	10	61	126	94	72	123	98	81	20	90	24	124	100	22	104	74	93	21	41	120	4	117	116	23	37	75	107	44	121	110	49	92	39	86	58	77	56	14
0	0	0	0	0	0	0	0	0	0	0	0	0	0	0	0	0	0	0	0	0	0	0	0	0	0	0	0	0	0	0	0	0	0	0	0	0	0	0	0	0	0	0	0	0	0	0	0	0	0	0	0	0	0	0	0	0	0	0	0	0	0	0	0	0	0	0	0	0	0	0	0	0	0	0	0	54	60	87	99	2	46	78	47	68	46	42	113	36	62	73	30	113	26	79	67	51	49	76	124	33	110	67	100	59	32	75	51	54	110	13	62	93	114	97	55	85	22	100	1	36	44	13	75	64	128	125	65
0	0	0	0	0	0	0	0	0	0	0	0	0	0	0	0	0	0	0	0	0	0	0	0	0	0	0	0	0	0	0	0	0	0	0	0	0	0	0	0	0	0	0	0	0	0	0	0	0	0	0	0	0	0	0	0	0	0	0	0	0	0	0	0	0	0	0	0	0	0	0	0	0	0	0	0	0	99	42	85	32	13	10	105	27	92	82	29	79	125	1	67	76	66	13	2	110	48	115	19	127	44	52	23	41	88	80	128	19	73	53	64	53	29	102	29	107	98	16	72	56	47	9	44	24	104	36	53
0	0	0	0	0	0	0	0	0	0	0	0	0	0	0	0	0	0	0	0	0	0	0	0	0	0	0	0	0	0	0	0	0	0	0	0	0	0	0	0	0	0	0	0	0	0	0	0	0	0	0	0	0	0	0	0	0	0	0	0	0	0	0	0	0	0	0	0	0	0	0	0	0	0	0	0	0	0	97	97	100	21	40	6	127	66	14	27	48	93	85	7	33	85	128	99	40	5	33	88	33	93	18	69	59	100	75	32	123	63	100	7	111	50	57	45	16	95	23	77	33	62	72	13	109	50	11	86
0	0	0	0	0	0	0	0	0	0	0	0	0	0	0	0	0	0	0	0	0	0	0	0	0	0	0	0	0	0	0	0	0	0	0	0	0	0	0	0	0	0	0	0	0	0	0	0	0	0	0	0	0	0	0	0	0	0	0	0	0	0	0	0	0	0	0	0	0	0	0	0	0	0	0	0	0	0	0	94	65	96	128	123	77	87	116	2	35	36	68	115	89	20	24	51	26	98	3	86	79	77	59	42	1	78	13	31	32	15	27	115	37	111	127	88	30	26	87	122	38	120	40	10	128	13	49	45
0	0	0	0	0	0	0	0	0	0	0	0	0	0	0	0	0	0	0	0	0	0	0	0	0	0	0	0	0	0	0	0	0	0	0	0	0	0	0	0	0	0	0	0	0	0	0	0	0	0	0	0	0	0	0	0	0	0	0	0	0	0	0	0	0	0	0	0	0	0	0	0	0	0	0	0	0	0	0	0	22	38	72	5	122	19	12	76	105	19	111	37	104	31	111	118	39	26	46	30	68	82	83	125	53	19	76	120	45	68	88	93	87	41	66	21	96	73	110	24	100	30	48	128	67	29	24	56
0	0	0	0	0	0	0	0	0	0	0	0	0	0	0	0	0	0	0	0	0	0	0	0	0	0	0	0	0	0	0	0	0	0	0	0	0	0	0	0	0	0	0	0	0	0	0	0	0	0	0	0	0	0	0	0	0	0	0	0	0	0	0	0	0	0	0	0	0	0	0	0	0	0	0	0	0	0	0	0	0	54	33	19	9	5	29	78	61	20	47	33	82	47	61	44	66	70	119	76	120	20	64	4	114	79	35	16	57	62	62	108	90	45	87	101	32	41	106	14	126	3	46	55	76	124	124	51
0	0	0	0	0	0	0	0	0	0	0	0	0	0	0	0	0	0	0	0	0	0	0	0	0	0	0	0	0	0	0	0	0	0	0	0	0	0	0	0	0	0	0	0	0	0	0	0	0	0	0	0	0	0	0	0	0	0	0	0	0	0	0	0	0	0	0	0	0	0	0	0	0	0	0	0	0	0	0	0	0	0	109	112	25	40	27	40	98	12	43	128	116	8	102	82	9	42	31	84	124	18	55	100	85	53	51	110	47	81	38	22	34	19	58	97	118	52	60	118	128	21	54	25	109	88	59	57
0	0	0	0	0	0	0	0	0	0	0	0	0	0	0	0	0	0	0	0	0	0	0	0	0	0	0	0	0	0	0	0	0	0	0	0	0	0	0	0	0	0	0	0	0	0	0	0	0	0	0	0	0	0	0	0	0	0	0	0	0	0	0	0	0	0	0	0	0	0	0	0	0	0	0	0	0	0	0	0	0	0	0	67	105	124	86	15	86	116	60	44	69	32	124	33	17	47	52	83	21	18	73	87	20	82	42	65	53	90	37	53	86	5	42	24	47	93	55	48	16	55	46	12	9	77	95	47
0	0	0	0	0	0	0	0	0	0	0	0	0	0	0	0	0	0	0	0	0	0	0	0	0	0	0	0	0	0	0	0	0	0	0	0	0	0	0	0	0	0	0	0	0	0	0	0	0	0	0	0	0	0	0	0	0	0	0	0	0	0	0	0	0	0	0	0	0	0	0	0	0	0	0	0	0	0	0	0	0	0	0	0	74	17	92	64	98	15	66	65	57	118	69	115	87	60	2	97	42	99	56	112	39	18	80	115	33	89	8	28	16	124	17	59	103	30	58	100	47	91	75	70	14	76	96	20
0	0	0	0	0	0	0	0	0	0	0	0	0	0	0	0	0	0	0	0	0	0	0	0	0	0	0	0	0	0	0	0	0	0	0	0	0	0	0	0	0	0	0	0	0	0	0	0	0	0	0	0	0	0	0	0	0	0	0	0	0	0	0	0	0	0	0	0	0	0	0	0	0	0	0	0	0	0	0	0	0	0	0	0	0	60	29	88	100	52	73	53	90	11	34	112	64	122	78	39	12	106	23	25	68	67	84	5	13	101	101	106	41	86	106	87	54	17	126	84	85	112	25	60	28	81	52	27
0	0	0	0	0	0	0	0	0	0	0	0	0	0	0	0	0	0	0	0	0	0	0	0	0	0	0	0	0	0	0	0	0	0	0	0	0	0	0	0	0	0	0	0	0	0	0	0	0	0	0	0	0	0	0	0	0	0	0	0	0	0	0	0	0	0	0	0	0	0	0	0	0	0	0	0	0	0	0	0	0	0	0	0	0	0	49	82	58	105	31	8	58	35	89	62	115	20	19	96	115	93	125	63	21	56	99	79	102	128	19	51	101	44	96	40	12	60	74	87	53	69	88	119	30	100	68	25
0	0	0	0	0	0	0	0	0	0	0	0	0	0	0	0	0	0	0	0	0	0	0	0	0	0	0	0	0	0	0	0	0	0	0	0	0	0	0	0	0	0	0	0	0	0	0	0	0	0	0	0	0	0	0	0	0	0	0	0	0	0	0	0	0	0	0	0	0	0	0	0	0	0	0	0	0	0	0	0	0	0	0	0	0	0	0	60	86	76	92	101	24	56	63	64	29	31	98	24	106	35	7	75	52	112	64	74	50	68	117	99	79	25	123	6	127	25	96	62	97	128	83	13	68	118	85	90
0	0	0	0	0	0	0	0	0	0	0	0	0	0	0	0	0	0	0	0	0	0	0	0	0	0	0	0	0	0	0	0	0	0	0	0	0	0	0	0	0	0	0	0	0	0	0	0	0	0	0	0	0	0	0	0	0	0	0	0	0	0	0	0	0	0	0	0	0	0	0	0	0	0	0	0	0	0	0	0	0	0	0	0	0	0	0	0	102	119	85	54	116	19	119	48	126	89	64	60	58	106	118	36	64	77	40	103	124	29	99	97	64	42	31	1	118	41	55	120	62	61	12	32	120	65	89	103
0	0	0	0	0	0	0	0	0	0	0	0	0	0	0	0	0	0	0	0	0	0	0	0	0	0	0	0	0	0	0	0	0	0	0	0	0	0	0	0	0	0	0	0	0	0	0	0	0	0	0	0	0	0	0	0	0	0	0	0	0	0	0	0	0	0	0	0	0	0	0	0	0	0	0	0	0	0	0	0	0	0	0	0	0	0	0	0	0	105	40	71	95	101	21	10	28	18	107	61	111	79	67	90	21	74	44	23	57	24	63	83	62	121	70	2	80	68	48	27	10	9	98	74	8	61	38	35
0	0	0	0	0	0	0	0	0	0	0	0	0	0	0	0	0	0	0	0	0	0	0	0	0	0	0	0	0	0	0	0	0	0	0	0	0	0	0	0	0	0	0	0	0	0	0	0	0	0	0	0	0	0	0	0	0	0	0	0	0	0	0	0	0	0	0	0	0	0	0	0	0	0	0	0	0	0	0	0	0	0	0	0	0	0	0	0	0	0	78	41	114	91	70	118	47	38	67	9	24	65	97	28	118	80	50	99	110	14	74	104	55	85	11	11	86	56	112	24	94	67	4	77	85	39	2	91
0	0	0	0	0	0	0	0	0	0	0	0	0	0	0	0	0	0	0	0	0	0	0	0	0	0	0	0	0	0	0	0	0	0	0	0	0	0	0	0	0	0	0	0	0	0	0	0	0	0	0	0	0	0	0	0	0	0	0	0	0	0	0	0	0	0	0	0	0	0	0	0	0	0	0	0	0	0	0	0	0	0	0	0	0	0	0	0	0	0	0	90	94	111	19	54	78	95	124	44	117	113	127	127	76	105	58	7	112	108	2	22	68	49	99	13	112	29	107	3	81	58	118	83	21	111	32	81
0	0	0	0	0	0	0	0	0	0	0	0	0	0	0	0	0	0	0	0	0	0	0	0	0	0	0	0	0	0	0	0	0	0	0	0	0	0	0	0	0	0	0	0	0	0	0	0	0	0	0	0	0	0	0	0	0	0	0	0	0	0	0	0	0	0	0	0	0	0	0	0	0	0	0	0	0	0	0	0	0	0	0	0	0	0	0	0	0	0	0	0	60	123	93	118	82	17	37	42	51	5	38	92	118	78	41	35	39	12	96	57	65	23	44	73	57	16	104	96	35	18	32	36	91	26	61	11
0	0	0	0	0	0	0	0	0	0	0	0	0	0	0	0	0	0	0	0	0	0	0	0	0	0	0	0	0	0	0	0	0	0	0	0	0	0	0	0	0	0	0	0	0	0	0	0	0	0	0	0	0	0	0	0	0	0	0	0	0	0	0	0	0	0	0	0	0	0	0	0	0	0	0	0	0	0	0	0	0	0	0	0	0	0	0	0	0	0	0	0	0	10	95	65	19	39	114	91	60	20	103	99	33	100	59	108	76	100	66	35	64	79	18	23	62	46	104	72	36	80	115	60	42	26	99	15
0	0	0	0	0	0	0	0	0	0	0	0	0	0	0	0	0	0	0	0	0	0	0	0	0	0	0	0	0	0	0	0	0	0	0	0	0	0	0	0	0	0	0	0	0	0	0	0	0	0	0	0	0	0	0	0	0	0	0	0	0	0	0	0	0	0	0	0	0	0	0	0	0	0	0	0	0	0	0	0	0	0	0	0	0	0	0	0	0	0	0	0	0	0	112	111	63	75	123	62	112	3	28	75	3	90	127	32	35	49	26	29	108	84	30	69	96	75	124	102	110	55	99	17	61	59	110	59
0	0	0	0	0	0	0	0	0	0	0	0	0	0	0	0	0	0	0	0	0	0	0	0	0	0	0	0	0	0	0	0	0	0	0	0	0	0	0	0	0	0	0	0	0	0	0	0	0	0	0	0	0	0	0	0	0	0	0	0	0	0	0	0	0	0	0	0	0	0	0	0	0	0	0	0	0	0	0	0	0	0	0	0	0	0	0	0	0	0	0	0	0	0	0	5	46	6	120	103	28	47	56	6	24	122	92	110	8	38	7	33	18	115	30	58	79	95	27	68	104	98	48	85	9	126	115	50
0	0	0	0	0	0	0	0	0	0	0	0	0	0	0	0	0	0	0	0	0	0	0	0	0	0	0	0	0	0	0	0	0	0	0	0	0	0	0	0	0	0	0	0	0	0	0	0	0	0	0	0	0	0	0	0	0	0	0	0	0	0	0	0	0	0	0	0	0	0	0	0	0	0	0	0	0	0	0	0	0	0	0	0	0	0	0	0	0	0	0	0	0	0	0	0	48	34	57	86	50	118	113	66	123	68	96	86	82	101	88	116	54	117	67	123	22	70	23	37	23	86	71	12	57	115	127	6
0	0	0	0	0	0	0	0	0	0	0	0	0	0	0	0	0	0	0	0	0	0	0	0	0	0	0	0	0	0	0	0	0	0	0	0	0	0	0	0	0	0	0	0	0	0	0	0	0	0	0	0	0	0	0	0	0	0	0	0	0	0	0	0	0	0	0	0	0	0	0	0	0	0	0	0	0	0	0	0	0	0	0	0	0	0	0	0	0	0	0	0	0	0	0	0	0	126	34	60	81	90	7	75	78	101	93	67	110	27	6	13	112	85	107	70	59	123	92	120	3	34	64	82	70	23	22	69
0	0	0	0	0	0	0	0	0	0	0	0	0	0	0	0	0	0	0	0	0	0	0	0	0	0	0	0	0	0	0	0	0	0	0	0	0	0	0	0	0	0	0	0	0	0	0	0	0	0	0	0	0	0	0	0	0	0	0	0	0	0	0	0	0	0	0	0	0	0	0	0	0	0	0	0	0	0	0	0	0	0	0	0	0	0	0	0	0	0	0	0	0	0	0	0	0	0	78	50	9	2	77	76	83	90	53	106	126	8	2	22	76	20	50	21	88	9	21	9	123	38	1	107	79	59	20	108
0	0	0	0	0	0	0	0	0	0	0	0	0	0	0	0	0	0	0	0	0	0	0	0	0	0	0	0	0	0	0	0	0	0	0	0	0	0	0	0	0	0	0	0	0	0	0	0	0	0	0	0	0	0	0	0	0	0	0	0	0	0	0	0	0	0	0	0	0	0	0	0	0	0	0	0	0	0	0	0	0	0	0	0	0	0	0	0	0	0	0	0	0	0	0	0	0	0	0	92	44	67	29	55	39	41	70	94	22	13	120	98	68	115	61	25	102	123	51	14	47	2	128	73	92	63	52	25
0	0	0	0	0	0	0	0	0	0	0	0	0	0	0	0	0	0	0	0	0	0	0	0	0	0	0	0	0	0	0	0	0	0	0	0	0	0	0	0	0	0	0	0	0	0	0	0	0	0	0	0	0	0	0	0	0	0	0	0	0	0	0	0	0	0	0	0	0	0	0	0	0	0	0	0	0	0	0	0	0	0	0	0	0	0	0	0	0	0	0	0	0	0	0	0	0	0	0	0	122	109	11	79	20	93	116	75	70	95	128	33	49	82	112	94	10	85	91	56	44	51	62	100	87	7	1	29
0	0	0	0	0	0	0	0	0	0	0	0	0	0	0	0	0	0	0	0	0	0	0	0	0	0	0	0	0	0	0	0	0	0	0	0	0	0	0	0	0	0	0	0	0	0	0	0	0	0	0	0	0	0	0	0	0	0	0	0	0	0	0	0	0	0	0	0	0	0	0	0	0	0	0	0	0	0	0	0	0	0	0	0	0	0	0	0	0	0	0	0	0	0	0	0	0	0	0	0	0	88	48	22	31	85	123	90	33	15	52	115	109	7	6	75	121	18	65	41	104	127	15	106	67	38	111	24
0	0	0	0	0	0	0	0	0	0	0	0	0	0	0	0	0	0	0	0	0	0	0	0	0	0	0	0	0	0	0	0	0	0	0	0	0	0	0	0	0	0	0	0	0	0	0	0	0	0	0	0	0	0	0	0	0	0	0	0	0	0	0	0	0	0	0	0	0	0	0	0	0	0	0	0	0	0	0	0	0	0	0	0	0	0	0	0	0	0	0	0	0	0	0	0	0	0	0	0	0	0	6	92	43	49	51	57	110	57	29	72	121	50	76	9	53	30	10	70	39	110	102	89	107	22	53	50
0	0	0	0	0	0	0	0	0	0	0	0	0	0	0	0	0	0	0	0	0	0	0	0	0	0	0	0	0	0	0	0	0	0	0	0	0	0	0	0	0	0	0	0	0	0	0	0	0	0	0	0	0	0	0	0	0	0	0	0	0	0	0	0	0	0	0	0	0	0	0	0	0	0	0	0	0	0	0	0	0	0	0	0	0	0	0	0	0	0	0	0	0	0	0	0	0	0	0	0	0	0	0	8	51	116	16	61	121	47	127	121	77	123	64	126	13	39	110	14	72	59	126	9	60	13	117	113
0	0	0	0	0	0	0	0	0	0	0	0	0	0	0	0	0	0	0	0	0	0	0	0	0	0	0	0	0	0	0	0	0	0	0	0	0	0	0	0	0	0	0	0	0	0	0	0	0	0	0	0	0	0	0	0	0	0	0	0	0	0	0	0	0	0	0	0	0	0	0	0	0	0	0	0	0	0	0	0	0	0	0	0	0	0	0	0	0	0	0	0	0	0	0	0	0	0	0	0	0	0	0	0	58	14	23	38	62	101	56	8	83	63	18	16	121	50	113	97	47	11	120	74	77	128	46	106
0	0	0	0	0	0	0	0	0	0	0	0	0	0	0	0	0	0	0	0	0	0	0	0	0	0	0	0	0	0	0	0	0	0	0	0	0	0	0	0	0	0	0	0	0	0	0	0	0	0	0	0	0	0	0	0	0	0	0	0	0	0	0	0	0	0	0	0	0	0	0	0	0	0	0	0	0	0	0	0	0	0	0	0	0	0	0	0	0	0	0	0	0	0	0	0	0	0	0	0	0	0	0	0	0	49	89	113	49	4	19	18	75	48	54	26	72	25	92	45	72	60	32	91	67	111	8	15
0	0	0	0	0	0	0	0	0	0	0	0	0	0	0	0	0	0	0	0	0	0	0	0	0	0	0	0	0	0	0	0	0	0	0	0	0	0	0	0	0	0	0	0	0	0	0	0	0	0	0	0	0	0	0	0	0	0	0	0	0	0	0	0	0	0	0	0	0	0	0	0	0	0	0	0	0	0	0	0	0	0	0	0	0	0	0	0	0	0	0	0	0	0	0	0	0	0	0	0	0	0	0	0	0	0	79	69	79	98	82	50	126	52	8	109	63	36	51	94	16	27	62	69	103	117	93	117
0	0	0	0	0	0	0	0	0	0	0	0	0	0	0	0	0	0	0	0	0	0	0	0	0	0	0	0	0	0	0	0	0	0	0	0	0	0	0	0	0	0	0	0	0	0	0	0	0	0	0	0	0	0	0	0	0	0	0	0	0	0	0	0	0	0	0	0	0	0	0	0	0	0	0	0	0	0	0	0	0	0	0	0	0	0	0	0	0	0	0	0	0	0	0	0	0	0	0	0	0	0	0	0	0	0	0	33	6	47	10	7	13	48	14	125	48	124	44	119	97	33	103	28	109	58	62	34
0	0	0	0	0	0	0	0	0	0	0	0	0	0	0	0	0	0	0	0	0	0	0	0	0	0	0	0	0	0	0	0	0	0	0	0	0	0	0	0	0	0	0	0	0	0	0	0	0	0	0	0	0	0	0	0	0	0	0	0	0	0	0	0	0	0	0	0	0	0	0	0	0	0	0	0	0	0	0	0	0	0	0	0	0	0	0	0	0	0	0	0	0	0	0	0	0	0	0	0	0	0	0	0	0	0	0	0	54	43	41	56	109	79	12	31	13	122	101	80	98	29	79	96	29	57	11	75
0	0	0	0	0	0	0	0	0	0	0	0	0	0	0	0	0	0	0	0	0	0	0	0	0	0	0	0	0	0	0	0	0	0	0	0	0	0	0	0	0	0	0	0	0	0	0	0	0	0	0	0	0	0	0	0	0	0	0	0	0	0	0	0	0	0	0	0	0	0	0	0	0	0	0	0	0	0	0	0	0	0	0	0	0	0	0	0	0	0	0	0	0	0	0	0	0	0	0	0	0	0	0	0	0	0	0	0	0	74	21	124	54	33	114	95	86	110	95	63	122	104	38	95	29	128	12	7
0	0	0	0	0	0	0	0	0	0	0	0	0	0	0	0	0	0	0	0	0	0	0	0	0	0	0	0	0	0	0	0	0	0	0	0	0	0	0	0	0	0	0	0	0	0	0	0	0	0	0	0	0	0	0	0	0	0	0	0	0	0	0	0	0	0	0	0	0	0	0	0	0	0	0	0	0	0	0	0	0	0	0	0	0	0	0	0	0	0	0	0	0	0	0	0	0	0	0	0	0	0	0	0	0	0	0	0	0	0	17	15	66	68	79	82	74	53	79	104	56	95	83	123	120	21	99	61
0	0	0	0	0	0	0	0	0	0	0	0	0	0	0	0	0	0	0	0	0	0	0	0	0	0	0	0	0	0	0	0	0	0	0	0	0	0	0	0	0	0	0	0	0	0	0	0	0	0	0	0	0	0	0	0	0	0	0	0	0	0	0	0	0	0	0	0	0	0	0	0	0	0	0	0	0	0	0	0	0	0	0	0	0	0	0	0	0	0	0	0	0	0	0	0	0	0	0	0	0	0	0	0	0	0	0	0	0	0	0	85	103	9	11	43	97	84	70	83	1	58	44	101	99	50	57	75
0	0	0	0	0	0	0	0	0	0	0	0	0	0	0	0	0	0	0	0	0	0	0	0	0	0	0	0	0	0	0	0	0	0	0	0	0	0	0	0	0	0	0	0	0	0	0	0	0	0	0	0	0	0	0	0	0	0	0	0	0	0	0	0	0	0	0	0	0	0	0	0	0	0	0	0	0	0	0	0	0	0	0	0	0	0	0	0	0	0	0	0	0	0	0	0	0	0	0	0	0	0	0	0	0	0	0	0	0	0	0	0	90	31	38	27	49	112	62	122	74	106	30	127	117	38	58	56
0	0	0	0	0	0	0	0	0	0	0	0	0	0	0	0	0	0	0	0	0	0	0	0	0	0	0	0	0	0	0	0	0	0	0	0	0	0	0	0	0	0	0	0	0	0	0	0	0	0	0	0	0	0	0	0	0	0	0	0	0	0	0	0	0	0	0	0	0	0	0	0	0	0	0	0	0	0	0	0	0	0	0	0	0	0	0	0	0	0	0	0	0	0	0	0	0	0	0	0	0	0	0	0	0	0	0	0	0	0	0	0	0	7	18	20	7	118	60	11	42	32	81	36	38	75	91	100
0	0	0	0	0	0	0	0	0	0	0	0	0	0	0	0	0	0	0	0	0	0	0	0	0	0	0	0	0	0	0	0	0	0	0	0	0	0	0	0	0	0	0	0	0	0	0	0	0	0	0	0	0	0	0	0	0	0	0	0	0	0	0	0	0	0	0	0	0	0	0	0	0	0	0	0	0	0	0	0	0	0	0	0	0	0	0	0	0	0	0	0	0	0	0	0	0	0	0	0	0	0	0	0	0	0	0	0	0	0	0	0	0	0	83	124	113	111	40	64	93	57	7	50	32	69	70	117
0	0	0	0	0	0	0	0	0	0	0	0	0	0	0	0	0	0	0	0	0	0	0	0	0	0	0	0	0	0	0	0	0	0	0	0	0	0	0	0	0	0	0	0	0	0	0	0	0	0	0	0	0	0	0	0	0	0	0	0	0	0	0	0	0	0	0	0	0	0	0	0	0	0	0	0	0	0	0	0	0	0	0	0	0	0	0	0	0	0	0	0	0	0	0	0	0	0	0	0	0	0	0	0	0	0	0	0	0	0	0	0	0	0	0	51	91	9	11	31	15	48	48	84	111	75	85	126
0	0	0	0	0	0	0	0	0	0	0	0	0	0	0	0	0	0	0	0	0	0	0	0	0	0	0	0	0	0	0	0	0	0	0	0	0	0	0	0	0	0	0	0	0	0	0	0	0	0	0	0	0	0	0	0	0	0	0	0	0	0	0	0	0	0	0	0	0	0	0	0	0	0	0	0	0	0	0	0	0	0	0	0	0	0	0	0	0	0	0	0	0	0	0	0	0	0	0	0	0	0	0	0	0	0	0	0	0	0	0	0	0	0	0	0	108	63	119	78	36	126	53	96	94	97	123	13
0	0	0	0	0	0	0	0	0	0	0	0	0	0	0	0	0	0	0	0	0	0	0	0	0	0	0	0	0	0	0	0	0	0	0	0	0	0	0	0	0	0	0	0	0	0	0	0	0	0	0	0	0	0	0	0	0	0	0	0	0	0	0	0	0	0	0	0	0	0	0	0	0	0	0	0	0	0	0	0	0	0	0	0	0	0	0	0	0	0	0	0	0	0	0	0	0	0	0	0	0	0	0	0	0	0	0	0	0	0	0	0	0	0	0	0	0	93	103	41	14	120	79	27	42	58	2	11
0	0	0	0	0	0	0	0	0	0	0	0	0	0	0	0	0	0	0	0	0	0	0	0	0	0	0	0	0	0	0	0	0	0	0	0	0	0	0	0	0	0	0	0	0	0	0	0	0	0	0	0	0	0	0	0	0	0	0	0	0	0	0	0	0	0	0	0	0	0	0	0	0	0	0	0	0	0	0	0	0	0	0	0	0	0	0	0	0	0	0	0	0	0	0	0	0	0	0	0	0	0	0	0	0	0	0	0	0	0	0	0	0	0	0	0	0	0	21	34	100	85	31	28	125	110	126	37
0	0	0	0	0	0	0	0	0	0	0	0	0	0	0	0	0	0	0	0	0	0	0	0	0	0	0	0	0	0	0	0	0	0	0	0	0	0	0	0	0	0	0	0	0	0	0	0	0	0	0	0	0	0	0	0	0	0	0	0	0	0	0	0	0	0	0	0	0	0	0	0	0	0	0	0	0	0	0	0	0	0	0	0	0	0	0	0	0	0	0	0	0	0	0	0	0	0	0	0	0	0	0	0	0	0	0	0	0	0	0	0	0	0	0	0	0	0	0	28	92	51	22	111	77	99	5	93
0	0	0	0	0	0	0	0	0	0	0	0	0	0	0	0	0	0	0	0	0	0	0	0	0	0	0	0	0	0	0	0	0	0	0	0	0	0	0	0	0	0	0	0	0	0	0	0	0	0	0	0	0	0	0	0	0	0	0	0	0	0	0	0	0	0	0	0	0	0	0	0	0	0	0	0	0	0	0	0	0	0	0	0	0	0	0	0	0	0	0	0	0	0	0	0	0	0	0	0	0	0	0	0	0	0	0	0	0	0	0	0	0	0	0	0	0	0	0	0	21	122	82	19	71	94	113	85
0	0	0	0	0	0	0	0	0	0	0	0	0	0	0	0	0	0	0	0	0	0	0	0	0	0	0	0	0	0	0	0	0	0	0	0	0	0	0	0	0	0	0	0	0	0	0	0	0	0	0	0	0	0	0	0	0	0	0	0	0	0	0	0	0	0	0	0	0	0	0	0	0	0	0	0	0	0	0	0	0	0	0	0	0	0	0	0	0	0	0	0	0	0	0	0	0	0	0	0	0	0	0	0	0	0	0	0	0	0	0	0	0	0	0	0	0	0	0	0	0	20	128	45	73	56	52	7
0	0	0	0	0	0	0	0	0	0	0	0	0	0	0	0	0	0	0	0	0	0	0	0	0	0	0	0	0	0	0	0	0	0	0	0	0	0	0	0	0	0	0	0	0	0	0	0	0	0	0	0	0	0	0	0	0	0	0	0	0	0	0	0	0	0	0	0	0	0	0	0	0	0	0	0	0	0	0	0	0	0	0	0	0	0	0	0	0	0	0	0	0	0	0	0	0	0	0	0	0	0	0	0	0	0	0	0	0	0	0	0	0	0	0	0	0	0	0	0	0	0	115	1	9	80	91	80
0	0	0	0	0	0	0	0	0	0	0	0	0	0	0	0	0	0	0	0	0	0	0	0	0	0	0	0	0	0	0	0	0	0	0	0	0	0	0	0	0	0	0	0	0	0	0	0	0	0	0	0	0	0	0	0	0	0	0	0	0	0	0	0	0	0	0	0	0	0	0	0	0	0	0	0	0	0	0	0	0	0	0	0	0	0	0	0	0	0	0	0	0	0	0	0	0	0	0	0	0	0	0	0	0	0	0	0	0	0	0	0	0	0	0	0	0	0	0	0	0	0	0	93	43	49	58	97
0	0	0	0	0	0	0	0	0	0	0	0	0	0	0	0	0	0	0	0	0	0	0	0	0	0	0	0	0	0	0	0	0	0	0	0	0	0	0	0	0	0	0	0	0	0	0	0	0	0	0	0	0	0	0	0	0	0	0	0	0	0	0	0	0	0	0	0	0	0	0	0	0	0	0	0	0	0	0	0	0	0	0	0	0	0	0	0	0	0	0	0	0	0	0	0	0	0	0	0	0	0	0	0	0	0	0	0	0	0	0	0	0	0	0	0	0	0	0	0	0	0	0	0	85	124	92	82
0	0	0	0	0	0	0	0	0	0	0	0	0	0	0	0	0	0	0	0	0	0	0	0	0	0	0	0	0	0	0	0	0	0	0	0	0	0	0	0	0	0	0	0	0	0	0	0	0	0	0	0	0	0	0	0	0	0	0	0	0	0	0	0	0	0	0	0	0	0	0	0	0	0	0	0	0	0	0	0	0	0	0	0	0	0	0	0	0	0	0	0	0	0	0	0	0	0	0	0	0	0	0	0	0	0	0	0	0	0	0	0	0	0	0	0	0	0	0	0	0	0	0	0	0	64	22	33
0	0	0	0	0	0	0	0	0	0	0	0	0	0	0	0	0	0	0	0	0	0	0	0	0	0	0	0	0	0	0	0	0	0	0	0	0	0	0	0	0	0	0	0	0	0	0	0	0	0	0	0	0	0	0	0	0	0	0	0	0	0	0	0	0	0	0	0	0	0	0	0	0	0	0	0	0	0	0	0	0	0	0	0	0	0	0	0	0	0	0	0	0	0	0	0	0	0	0	0	0	0	0	0	0	0	0	0	0	0	0	0	0	0	0	0	0	0	0	0	0	0	0	0	0	0	81	13
0	0	0	0	0	0	0	0	0	0	0	0	0	0	0	0	0	0	0	0	0	0	0	0	0	0	0	0	0	0	0	0	0	0	0	0	0	0	0	0	0	0	0	0	0	0	0	0	0	0	0	0	0	0	0	0	0	0	0	0	0	0	0	0	0	0	0	0	0	0	0	0	0	0	0	0	0	0	0	0	0	0	0	0	0	0	0	0	0	0	0	0	0	0	0	0	0	0	0	0	0	0	0	0	0	0	0	0	0	0	0	0	0	0	0	0	0	0	0	0	0	0	0	0	0	0	0	88
0	0	0	0	0	0	0	0	0	0	0	0	0	0	0	0	0	0	0	0	0	0	0	0	0	0	0	0	0	0	0	0	0	0	0	0	0	0	0	0	0	0	0	0	0	0	0	0	0	0	0	0	0	0	0	0	0	0	0	0	0	0	0	0	0	0	0	0	0	0	0	0	0	0	0	0	0	0	0	0	0	0	0	0	0	0	0	0	0	0	0	0	0	0	0	0	0	0	0	0	0	0	0	0	0	0	0	0	0	0	0	0	0	0	0	0	0	0	0	0	0	0	0	0	0	0	0	0