0	6	44	51	118	15	89	77	105	55	108	18	17	60	11	70	107	92	51	15	27	99	103	96	8	53	79	110	71	110	76	60	16	46	12	102	22	99	64	92	1	51	100	96	6	88	60	114	10	12	77	98	64	27	105	39	56	116	62	69	54	98	35	37	109	35	104	51	127	118	100	33	121	118	79	113	121	90	112	79	7	83	40	53	91	122	113	28	109	83	91	73	18	82	26	110	1	56	120	3	58	99	128	96	4	50	35	2	32	5	39	81	78	126	106	68	30	92	80	103	79	100	85	70	95	121	100	53
0	0	102	69	39	38	2	86	51	26	30	115	2	76	77	119	116	26	33	113	93	122	68	111	101	88	83	113	100	54	116	39	35	7	47	28	8	63	15	64	113	32	119	27	34	69	84	126	77	106	93	9	35	3	100	113	119	126	50	22	60	34	50	55	82	101	124	74	103	73	69	2	50	107	126	104	86	31	116	96	72	28	93	57	115	41	24	13	20	83	84	45	42	6	10	87	124	4	59	76	80	93	111	123	95	28	86	24	63	42	118	125	123	74	112	60	112	116	97	107	42	92	105	94	35	69	60	94
0	0	0	76	31	99	125	3	95	57	101	108	58	50	89	68	9	1	42	115	111	9	9	124	2	39	2	50	11	123	66	22	96	128	70	4	68	17	75	94	101	111	77	17	110	78	111	99	67	97	17	66	89	124	19	15	2	90	107	101	52	121	102	45	11	14	91	33	23	61	29	79	57	101	99	4	39	62	47	77	42	43	98	8	48	76	51	107	22	38	76	101	76	46	117	22	89	17	4	75	27	103	65	46	95	50	118	67	7	118	123	42	112	51	122	12	46	33	30	101	102	94	35	66	40	10	20	32
0	0	0	0	92	44	73	23	113	33	64	98	29	7	119	34	47	73	75	31	113	128	37	26	120	61	41	106	59	12	118	59	118	112	7	119	55	62	47	77	115	35	70	31	112	128	114	66	90	127	82	83	42	71	5	1	94	85	9	98	127	25	56	107	39	49	5	127	66	91	62	120	50	80	117	54	118	34	79	108	47	28	72	20	94	45	101	3	63	97	116	112	123	51	103	11	42	35	2	76	66	120	116	101	95	44	22	94	90	89	35	18	46	78	61	114	82	102	122	39	108	82	87	101	6	40	8	25
0	0	0	0	0	5	10	99	17	96	12	74	5	31	55	32	82	96	125	18	99	99	1	63	71	66	27	62	107	67	120	4	56	55	109	92	22	105	7	37	10	122	69	121	47	104	38	125	12	43	14	15	83	72	78	76	89	108	28	38	76	125	49	49	50	81	17	10	95	31	60	89	66	115	92	89	58	113	119	119	94	49	13	113	29	85	48	9	30	73	34	128	112	18	14	116	26	36	54	121	30	45	57	105	55	67	67	114	104	44	29	106	53	117	121	89	58	107	8	92	94	113	27	32	76	42	126	16
0	0	0	0	0	0	85	62	18	91	123	34	40	45	30	39	61	2	3	57	113	13	89	58	66	1	20	119	90	8	49	43	121	106	69	92	24	17	64	110	103	96	113	114	114	81	120	106	65	53	61	57	114	28	51	74	110	12	128	120	110	95	52	40	73	128	69	74	86	73	36	3	44	51	18	63	124	107	5	65	37	31	75	30	73	125	73	102	21	81	15	31	117	93	118	50	95	112	68	10	71	23	104	127	47	117	107	45	80	34	110	125	111	6	24	74	122	1	21	5	27	29	67	76	114	27	123	23
0	0	0	0	0	0	0	101	31	11	3	44	118	51	7	112	102	110	67	100	14	76	70	11	55	121	80	80	16	67	113	119	99	33	90	21	111	123	68	73	58	107	65	48	39	122	8	107	2	62	124	99	86	66	74	59	18	38	110	89	60	34	13	21	80	31	107	26	7	40	61	94	29	8	71	94	85	60	44	64	124	32	99	76	91	40	111	125	48	43	106	6	106	22	118	120	28	120	100	101	71	95	89	127	105	111	84	112	40	24	29	87	109	52	23	123	54	35	66	48	68	47	70	5	54	30	70	88
0	0	0	0	0	0	0	0	51	46	67	108	99	100	2	68	82	60	119	80	42	41	119	98	79	18	126	55	43	95	122	37	56	71	14	82	72	40	124	108	21	32	29	113	21	43	44	44	28	113	51	83	117	110	45	112	92	92	24	79	41	11	106	98	30	113	80	108	36	1	100	47	101	35	96	69	110	78	39	21	81	30	8	103	49	107	84	91	127	24	104	82	106	41	114	93	12	51	86	38	120	3	67	77	28	89	103	120	82	101	109	50	48	44	83	120	106	56	31	36	30	50	81	69	65	73	57	128
0	0	0	0	0	0	0	0	0	76	34	36	102	34	118	122	82	96	63	102	19	66	28	66	102	52	128	86	21	40	55	17	118	39	110	25	85	103	83	48	68	34	91	88	94	41	40	52	100	15	14	108	103	60	11	124	4	48	18	26	11	72	96	75	117	37	25	6	65	122	53	46	21	84	51	27	33	17	48	28	92	107	45	85	47	122	111	84	62	85	121	14	4	114	31	65	121	61	124	82	60	64	9	7	82	57	81	33	59	14	102	3	88	69	91	61	30	55	113	14	116	114	35	92	50	12	114	50
0	0	0	0	0	0	0	0	0	0	114	27	26	49	95	29	67	58	30	100	61	103	113	77	51	78	64	116	67	108	17	91	111	110	71	40	48	97	94	2	67	60	93	40	65	29	43	85	2	100	98	6	93	50	73	87	58	127	70	55	42	75	88	50	92	46	42	53	13	62	24	99	101	127	101	57	66	121	38	55	68	71	116	71	117	77	44	19	88	61	58	49	68	3	128	96	128	77	24	56	80	45	119	90	121	59	97	52	78	17	12	68	11	116	88	73	50	126	10	34	99	7	76	94	15	1	98	68
0	0	0	0	0	0	0	0	0	0	0	90	66	80	58	74	78	81	69	35	80	40	9	17	98	126	43	84	49	48	105	98	110	100	15	113	30	55	104	70	12	122	100	109	55	40	123	109	16	48	11	29	22	11	10	59	103	76	72	69	19	94	101	35	91	98	66	27	125	72	20	127	115	102	39	78	22	118	15	34	31	83	87	123	51	27	44	59	92	23	122	120	108	37	101	42	82	126	11	19	41	49	4	51	77	71	116	41	16	119	111	80	111	93	112	99	109	97	78	96	22	79	103	77	56	55	53	15
0	0	0	0	0	0	0	0	0	0	0	0	58	76	122	32	38	28	22	68	102	62	26	72	32	59	46	114	35	50	93	120	12	82	23	40	124	59	39	70	31	92	28	91	51	87	28	72	37	85	85	99	15	90	100	33	127	89	28	56	115	81	72	27	128	22	89	3	7	126	82	73	110	121	58	89	6	29	109	87	85	15	83	119	118	14	31	64	64	44	42	83	43	117	47	90	65	115	105	48	59	5	20	45	79	78	71	22	45	93	109	6	67	96	123	107	88	50	49	111	81	39	112	45	42	13	25	16
0	0	0	0	0	0	0	0	0	0	0	0	0	33	99	110	7	16	116	28	83	79	52	126	64	32	60	74	94	97	128	121	72	61	24	26	89	20	56	5	103	6	114	88	97	123	58	1	13	73	49	89	53	23	32	63	23	54	41	23	58	53	53	7	7	101	12	6	69	90	119	43	74	12	57	37	70	115	30	9	97	26	71	85	56	51	114	106	89	27	6	12	102	112	19	110	45	121	100	11	43	50	116	39	114	32	61	83	64	64	8	32	125	21	108	128	47	101	66	50	17	89	43	67	91	3	96	8
0	0	0	0	0	0	0	0	0	0	0	0	0	0	95	68	108	110	75	51	19	90	33	56	43	27	33	95	100	92	79	27	55	21	57	96	63	13	97	126	84	86	120	61	115	18	57	62	9	119	30	88	91	8	106	34	41	70	79	4	39	15	67	122	44	121	16	2	65	3	75	104	49	71	19	15	118	36	61	57	83	59	7	49	63	1	53	77	92	99	15	31	44	11	39	49	44	72	111	36	115	49	44	90	67	31	8	79	70	17	37	55	116	91	105	71	108	52	23	7	122	82	52	54	27	54	127	12
0	0	0	0	0	0	0	0	0	0	0	0	0	0	0	76	101	102	38	76	48	127	84	35	77	16	69	102	28	45	88	76	61	110	17	8	89	71	88	53	85	5	103	8	15	20	65	92	70	51	14	57	120	52	101	36	101	41	61	118	109	3	55	65	100	38	52	74	89	95	101	51	99	125	102	32	69	92	31	2	39	39	83	3	65	13	60	121	99	114	71	123	45	74	60	111	89	96	97	7	123	113	99	114	59	115	31	49	75	15	101	108	100	72	99	104	77	128	122	53	21	85	22	45	95	100	101	70
0	0	0	0	0	0	0	0	0	0	0	0	0	0	0	0	61	3	79	48	32	80	58	54	38	56	124	14	12	28	33	121	91	60	80	49	125	52	126	9	101	39	57	38	93	103	51	122	55	99	32	25	73	5	57	80	115	93	76	78	54	7	47	6	116	113	97	21	82	54	5	18	50	100	63	29	39	19	21	109	19	84	81	69	23	37	46	60	26	42	8	108	47	36	39	12	86	69	14	16	10	126	22	12	8	105	122	10	12	112	112	26	27	110	82	67	10	80	13	73	91	98	112	59	98	38	96	33
0	0	0	0	0	0	0	0	0	0	0	0	0	0	0	0	0	40	72	26	81	83	76	71	46	8	116	75	108	71	64	79	54	85	128	16	25	92	120	30	84	101	104	89	127	70	37	128	95	70	123	32	128	43	59	19	66	83	49	126	117	14	61	47	30	29	89	70	37	19	125	98	106	122	77	102	4	31	60	54	51	42	31	63	68	87	21	6	90	85	29	43	63	120	60	9	24	43	102	116	56	100	66	69	103	63	15	123	58	112	44	57	123	67	113	89	3	24	30	19	108	46	28	100	37	81	57	94
0	0	0	0	0	0	0	0	0	0	0	0	0	0	0	0	0	0	18	76	62	46	8	81	58	93	92	110	101	84	58	92	119	112	27	125	52	93	24	47	40	55	94	73	109	39	11	74	71	96	8	17	19	13	17	19	103	90	37	25	2	35	91	7	118	82	59	121	53	88	126	19	120	67	78	44	28	7	41	50	12	37	90	121	58	63	60	69	17	99	82	70	28	3	90	36	21	68	80	52	101	51	125	122	16	105	35	57	64	110	41	117	110	51	62	91	93	102	14	104	48	124	128	111	67	35	114	15
0	0	0	0	0	0	0	0	0	0	0	0	0	0	0	0	0	0	0	124	9	71	42	46	44	73	70	111	44	89	15	113	120	95	9	9	41	98	7	78	97	122	6	7	113	41	100	67	15	31	115	76	88	107	72	68	36	91	32	116	9	41	65	20	75	86	79	4	89	68	28	16	59	83	56	108	94	85	116	35	78	33	64	111	121	117	106	9	60	86	125	68	85	121	2	68	104	37	27	41	112	93	46	40	7	80	39	17	108	65	52	106	46	91	63	64	120	73	94	4	26	86	80	64	91	40	94	1
0	0	0	0	0	0	0	0	0	0	0	0	0	0	0	0	0	0	0	0	7	98	104	101	80	63	119	66	46	4	55	105	15	90	8	5	10	42	45	48	108	38	113	58	23	114	11	111	8	55	14	108	88	97	74	71	64	41	15	108	63	15	7	10	48	54	104	56	92	84	76	61	56	115	44	14	50	58	74	44	103	50	126	77	126	93	90	16	14	55	94	11	112	48	128	123	91	83	68	38	94	72	61	118	79	42	59	53	31	101	89	16	121	106	73	89	127	7	115	58	122	102	12	19	60	50	6	125
0	0	0	0	0	0	0	0	0	0	0	0	0	0	0	0	0	0	0	0	0	110	18	83	98	102	5	62	75	89	68	77	113	29	128	102	28	111	38	29	102	80	65	128	80	59	55	62	106	14	49	122	46	90	74	24	3	44	111	105	21	106	21	36	111	94	32	57	22	127	69	24	113	95	26	84	111	18	67	36	30	59	119	51	122	72	43	11	65	37	66	6	126	74	31	57	93	83	26	65	29	116	27	101	49	35	44	42	79	78	72	37	118	82	7	80	22	83	60	119	58	50	81	37	80	92	84	80
0	0	0	0	0	0	0	0	0	0	0	0	0	0	0	0	0	0	0	0	0	0	64	77	93	109	72	44	13	56	42	114	7	118	32	29	33	13	120	125	13	64	91	26	4	6	22	19	89	86	26	93	42	10	86	100	47	127	23	51	78	92	124	52	68	122	120	103	1	125	53	70	74	22	43	41	7	77	101	34	95	4	110	49	42	3	75	126	121	93	111	36	123	90	61	13	13	30	29	34	99	90	126	110	95	22	124	74	19	79	8	53	73	10	118	44	70	23	93	100	61	71	51	101	8	34	48	91
0	0	0	0	0	0	0	0	0	0	0	0	0	0	0	0	0	0	0	0	0	0	0	96	92	12	64	7	13	117	125	70	108	124	68	13	98	107	91	83	70	35	109	126	1	124	7	28	119	120	67	124	71	1	91	114	61	1	8	124	127	16	90	121	49	45	68	55	102	89	121	16	35	119	25	35	93	33	115	98	51	31	18	128	32	81	16	42	31	13	53	18	72	93	73	3	6	45	84	24	52	116	85	78	69	25	128	69	79	116	18	52	27	57	8	112	45	102	70	7	70	89	81	120	74	85	57	68
0	0	0	0	0	0	0	0	0	0	0	0	0	0	0	0	0	0	0	0	0	0	0	0	123	69	56	61	104	121	64	58	31	110	31	91	96	4	100	77	16	20	89	71	55	28	60	33	86	66	97	3	91	10	67	58	14	77	127	110	3	99	84	120	70	19	17	95	72	74	109	72	27	75	25	117	29	94	32	78	32	23	63	64	68	107	60	29	60	84	42	46	5	48	105	112	76	119	46	116	79	73	103	17	34	17	25	83	1	66	125	41	9	20	85	3	13	92	21	19	1	11	75	6	38	19	33	58
0	0	0	0	0	0	0	0	0	0	0	0	0	0	0	0	0	0	0	0	0	0	0	0	0	74	60	84	26	30	120	11	115	42	102	39	23	94	69	44	99	86	92	127	34	18	63	124	115	84	37	80	51	40	81	17	95	42	49	1	118	101	1	59	8	49	63	53	92	41	83	77	43	97	39	97	6	84	91	81	80	15	44	2	78	117	19	23	34	99	102	87	116	97	61	106	57	99	34	36	96	93	67	124	26	79	102	41	90	76	17	103	117	22	30	62	115	24	117	118	64	55	69	75	110	61	99	115
0	0	0	0	0	0	0	0	0	0	0	0	0	0	0	0	0	0	0	0	0	0	0	0	0	0	107	38	31	86	112	110	10	91	74	61	49	92	92	102	69	49	112	31	51	107	100	102	38	29	74	87	14	45	54	81	64	128	128	104	53	34	128	48	128	40	30	71	100	61	47	15	37	32	38	6	122	4	67	26	60	95	108	83	38	18	40	11	107	17	39	25	11	114	79	22	90	60	6	10	109	51	76	88	32	40	66	83	53	106	40	127	15	85	23	20	55	29	54	49	46	5	51	123	57	13	15	70
0	0	0	0	0	0	0	0	0	0	0	0	0	0	0	0	0	0	0	0	0	0	0	0	0	0	0	101	30	23	98	86	18	71	9	53	45	99	28	15	92	43	72	75	23	93	60	95	12	123	83	19	124	78	126	97	88	15	109	86	96	97	70	29	16	118	77	45	92	85	111	53	116	25	28	128	70	84	98	35	112	67	26	105	59	68	18	128	49	56	84	35	22	76	118	115	125	97	23	100	91	101	110	5	127	45	105	31	74	16	125	126	24	10	86	12	25	10	9	93	58	119	90	99	86	19	72	42
0	0	0	0	0	0	0	0	0	0	0	0	0	0	0	0	0	0	0	0	0	0	0	0	0	0	0	0	123	85	42	78	93	55	66	121	65	56	22	51	43	16	114	70	46	14	25	103	53	79	74	67	10	92	104	85	17	4	114	37	58	31	50	80	127	12	127	102	26	91	110	68	4	111	21	62	67	54	75	55	108	52	74	19	43	83	84	95	41	96	50	71	4	66	114	3	56	82	22	19	95	118	47	98	14	72	44	53	63	40	61	88	125	52	54	117	34	69	13	97	97	17	11	42	112	101	100	6
0	0	0	0	0	0	0	0	0	0	0	0	0	0	0	0	0	0	0	0	0	0	0	0	0	0	0	0	0	118	72	107	103	91	26	75	37	9	107	24	52	59	125	36	55	74	51	113	55	87	112	96	11	53	123	70	106	22	29	76	51	66	1	59	113	19	35	104	86	15	104	12	103	66	104	13	1	88	127	25	117	47	17	24	100	108	28	47	21	44	121	45	35	55	9	33	104	128	92	19	21	103	113	46	83	103	45	53	101	89	120	45	100	80	105	12	97	70	37	101	110	12	74	51	25	29	54	126
0	0	0	0	0	0	0	0	0	0	0	0	0	0	0	0	0	0	0	0	0	0	0	0	0	0	0	0	0	0	113	37	63	128	66	42	64	124	84	67	63	80	81	59	107	108	83	3	113	96	31	25	36	100	111	5	54	63	36	69	31	51	33	41	100	95	6	41	127	77	99	82	51	82	92	103	38	32	13	120	50	67	70	28	17	19	11	120	5	63	12	84	33	96	23	10	4	105	107	14	94	69	37	18	95	106	86	21	93	39	42	22	109	68	67	96	15	76	43	19	89	30	11	12	77	81	107	15
0	0	0	0	0	0	0	0	0	0	0	0	0	0	0	0	0	0	0	0	0	0	0	0	0	0	0	0	0	0	0	46	80	77	57	125	80	125	83	78	111	58	29	113	47	85	68	43	98	80	19	62	66	103	118	8	48	122	108	73	24	29	42	18	115	99	1	21	24	61	22	76	50	102	53	90	107	97	57	86	31	62	57	26	5	44	53	16	78	103	26	67	38	115	103	99	128	79	45	27	6	93	36	102	27	127	49	60	56	88	71	35	55	19	92	79	14	27	58	26	79	73	116	40	96	82	90	94
0	0	0	0	0	0	0	0	0	0	0	0	0	0	0	0	0	0	0	0	0	0	0	0	0	0	0	0	0	0	0	0	20	2	4	127	20	45	101	128	85	81	75	61	58	94	12	99	33	103	44	46	31	95	47	105	35	77	39	119	30	20	1	88	111	125	18	50	47	76	98	92	92	32	79	109	94	94	25	106	70	6	43	10	54	69	63	29	8	107	23	43	39	78	117	12	89	3	32	55	44	8	42	72	23	92	51	69	9	102	58	122	27	35	93	57	30	121	38	128	50	32	10	96	79	102	116	68
0	0	0	0	0	0	0	0	0	0	0	0	0	0	0	0	0	0	0	0	0	0	0	0	0	0	0	0	0	0	0	0	0	12	9	108	66	117	18	59	97	15	82	47	128	88	89	57	125	67	34	3	9	56	81	110	51	125	91	107	42	38	45	94	6	92	110	41	75	30	56	37	53	98	44	82	7	53	27	125	5	47	15	120	78	102	47	44	100	52	19	67	42	94	1	116	84	37	113	111	45	122	124	62	87	3	115	49	70	103	50	125	26	58	33	82	4	81	15	112	46	13	121	28	122	123	92	80
0	0	0	0	0	0	0	0	0	0	0	0	0	0	0	0	0	0	0	0	0	0	0	0	0	0	0	0	0	0	0	0	0	0	20	15	13	71	60	26	60	75	59	55	126	26	53	70	6	110	49	92	110	31	54	5	38	37	14	1	125	66	90	101	54	68	50	74	128	4	34	120	52	24	93	17	109	45	32	39	103	13	111	53	2	26	84	125	72	48	96	3	39	101	89	40	116	107	120	107	79	1	81	53	8	81	67	6	5	77	99	98	98	26	99	114	53	49	95	38	67	9	89	115	59	122	2	23
0	0	0	0	0	0	0	0	0	0	0	0	0	0	0	0	0	0	0	0	0	0	0	0	0	0	0	0	0	0	0	0	0	0	0	121	63	61	34	79	114	95	71	14	12	93	75	106	83	119	91	75	122	17	41	14	96	71	60	90	109	41	16	61	127	110	107	124	73	105	124	27	127	44	115	27	21	19	50	12	7	25	55	106	25	110	22	128	70	113	79	35	33	16	32	123	76	85	114	8	24	81	13	84	97	32	13	34	106	36	106	69	55	128	15	34	5	20	96	24	21	44	8	32	116	53	81	122
0	0	0	0	0	0	0	0	0	0	0	0	0	0	0	0	0	0	0	0	0	0	0	0	0	0	0	0	0	0	0	0	0	0	0	0	99	51	31	108	111	89	63	92	55	63	43	78	91	50	84	21	55	67	107	68	104	118	66	70	82	79	40	95	37	105	28	123	76	7	113	126	59	55	44	10	18	31	18	58	35	9	109	34	54	20	19	109	4	37	124	78	36	27	68	34	19	111	92	13	72	75	5	120	53	81	88	46	43	78	65	12	125	63	41	33	109	27	14	13	102	112	93	104	37	65	65	98
0	0	0	0	0	0	0	0	0	0	0	0	0	0	0	0	0	0	0	0	0	0	0	0	0	0	0	0	0	0	0	0	0	0	0	0	0	84	31	78	53	29	79	92	60	86	23	94	23	79	31	35	94	55	122	20	98	116	123	86	92	80	22	40	101	72	67	73	31	87	109	49	17	36	96	69	5	90	18	61	2	92	105	39	25	15	9	69	124	36	90	52	16	60	69	50	108	76	12	14	13	58	126	100	44	89	115	71	103	14	66	37	82	96	24	124	70	4	122	87	23	42	126	34	78	77	22	98
0	0	0	0	0	0	0	0	0	0	0	0	0	0	0	0	0	0	0	0	0	0	0	0	0	0	0	0	0	0	0	0	0	0	0	0	0	0	106	99	61	109	127	75	15	93	102	80	65	83	23	128	11	125	24	3	36	17	60	19	122	122	24	106	10	64	43	68	98	17	2	81	33	97	66	70	26	97	11	38	18	95	113	77	101	88	73	111	31	61	44	122	110	80	38	18	6	60	51	38	64	92	126	9	100	85	1	16	8	25	17	100	23	81	116	124	33	20	53	23	77	111	34	90	111	110	79	114
0	0	0	0	0	0	0	0	0	0	0	0	0	0	0	0	0	0	0	0	0	0	0	0	0	0	0	0	0	0	0	0	0	0	0	0	0	0	0	111	56	45	27	30	82	77	4	107	38	12	70	121	94	90	53	57	99	78	112	122	94	63	42	122	115	54	66	40	37	17	42	63	122	72	103	67	98	17	25	33	31	78	45	12	44	77	16	25	16	117	88	109	121	36	19	116	66	73	41	12	100	17	42	118	115	97	20	69	114	45	99	70	128	20	31	103	128	49	46	47	47	87	9	80	101	38	110	67
0	0	0	0	0	0	0	0	0	0	0	0	0	0	0	0	0	0	0	0	0	0	0	0	0	0	0	0	0	0	0	0	0	0	0	0	0	0	0	0	98	55	33	121	10	44	115	26	107	60	114	23	84	55	45	10	31	119	2	45	127	90	116	110	3	11	50	81	113	51	23	28	37	91	114	15	97	85	20	128	34	54	79	117	39	80	48	6	1	4	104	31	56	12	3	114	79	15	68	46	70	45	83	74	37	35	20	116	83	121	72	64	102	95	68	29	1	62	12	31	35	123	107	61	46	68	47	56
0	0	0	0	0	0	0	0	0	0	0	0	0	0	0	0	0	0	0	0	0	0	0	0	0	0	0	0	0	0	0	0	0	0	0	0	0	0	0	0	0	101	5	57	21	31	76	127	66	5	37	90	24	9	124	40	115	10	118	53	77	125	51	117	16	43	36	99	55	110	104	4	93	19	52	22	6	42	87	31	53	63	76	8	95	72	24	31	13	113	29	83	37	13	15	35	124	38	12	124	66	54	112	34	29	67	118	19	32	103	109	73	66	92	70	33	114	121	55	36	4	75	95	29	21	49	115	87
0	0	0	0	0	0	0	0	0	0	0	0	0	0	0	0	0	0	0	0	0	0	0	0	0	0	0	0	0	0	0	0	0	0	0	0	0	0	0	0	0	0	79	103	18	54	113	47	84	87	121	38	44	72	126	12	36	17	122	106	37	56	13	26	13	95	62	71	33	67	99	82	5	83	105	18	112	52	34	16	128	73	25	125	68	96	47	44	58	41	44	106	22	30	15	48	56	59	107	103	99	32	58	24	91	44	48	36	22	93	97	89	94	84	90	78	7	72	112	115	99	123	113	51	17	34	80	55
0	0	0	0	0	0	0	0	0	0	0	0	0	0	0	0	0	0	0	0	0	0	0	0	0	0	0	0	0	0	0	0	0	0	0	0	0	0	0	0	0	0	0	81	126	24	94	72	57	68	99	5	99	15	76	63	89	56	16	111	68	127	79	79	49	47	50	125	124	48	33	120	81	108	93	48	45	51	93	107	71	91	113	111	46	1	64	72	38	114	104	54	115	30	5	107	7	25	120	60	84	113	87	53	49	100	85	59	110	54	66	76	50	96	49	27	126	50	17	46	32	63	43	94	72	1	105	28
0	0	0	0	0	0	0	0	0	0	0	0	0	0	0	0	0	0	0	0	0	0	0	0	0	0	0	0	0	0	0	0	0	0	0	0	0	0	0	0	0	0	0	0	69	68	17	35	67	102	96	10	29	105	27	84	13	13	95	104	47	28	39	42	3	117	68	81	91	107	47	63	86	6	33	47	33	28	41	1	76	125	16	4	53	14	69	47	74	5	6	113	10	100	121	43	22	34	101	23	68	93	72	86	2	67	28	78	2	13	101	118	46	7	128	126	93	36	74	107	82	97	37	2	15	114	31	5
0	0	0	0	0	0	0	0	0	0	0	0	0	0	0	0	0	0	0	0	0	0	0	0	0	0	0	0	0	0	0	0	0	0	0	0	0	0	0	0	0	0	0	0	0	102	75	125	110	73	37	37	85	74	65	124	103	13	28	24	43	8	43	89	90	37	20	102	16	57	25	115	23	45	8	83	1	117	55	2	120	15	76	117	62	18	25	19	36	126	46	77	96	88	44	87	35	119	45	91	29	45	16	32	30	76	16	67	7	39	37	50	63	65	13	28	100	77	127	21	124	95	101	43	121	47	44	50
0	0	0	0	0	0	0	0	0	0	0	0	0	0	0	0	0	0	0	0	0	0	0	0	0	0	0	0	0	0	0	0	0	0	0	0	0	0	0	0	0	0	0	0	0	0	28	24	89	73	6	41	69	74	40	37	112	22	111	33	35	76	126	112	119	111	111	71	56	39	29	28	85	6	27	56	15	98	67	38	10	95	52	37	77	82	41	101	40	128	42	87	57	13	116	68	27	12	23	41	52	66	98	67	17	104	40	79	11	123	99	3	125	103	77	98	104	82	49	47	11	5	96	47	75	20	126	64
0	0	0	0	0	0	0	0	0	0	0	0	0	0	0	0	0	0	0	0	0	0	0	0	0	0	0	0	0	0	0	0	0	0	0	0	0	0	0	0	0	0	0	0	0	0	0	11	18	116	49	36	112	81	77	46	41	104	26	101	108	69	56	14	127	71	64	98	51	102	121	111	128	87	47	116	76	58	34	11	12	62	98	41	101	35	82	6	48	126	14	38	49	63	23	99	48	51	123	114	52	27	27	71	72	12	63	4	29	79	16	64	57	117	112	24	125	28	89	68	3	101	11	62	42	106	84	24
0	0	0	0	0	0	0	0	0	0	0	0	0	0	0	0	0	0	0	0	0	0	0	0	0	0	0	0	0	0	0	0	0	0	0	0	0	0	0	0	0	0	0	0	0	0	0	0	62	113	45	30	5	11	92	67	36	57	22	72	111	118	27	45	67	120	38	126	2	127	2	86	51	67	24	1	89	88	99	105	119	61	104	68	99	38	49	49	79	121	38	10	102	121	95	80	5	92	122	16	20	24	15	64	5	120	113	37	71	78	18	102	11	31	92	9	108	19	62	104	87	12	75	37	102	113	26	53
0	0	0	0	0	0	0	0	0	0	0	0	0	0	0	0	0	0	0	0	0	0	0	0	0	0	0	0	0	0	0	0	0	0	0	0	0	0	0	0	0	0	0	0	0	0	0	0	0	2	32	8	104	111	73	4	31	6	69	25	101	71	51	108	114	46	43	82	68	104	33	104	56	51	18	112	113	128	43	108	116	103	121	64	110	87	84	124	27	13	53	113	56	106	92	29	79	21	104	43	84	87	98	99	47	60	80	66	123	2	5	88	84	16	15	125	25	38	46	9	108	117	81	26	39	41	12	4
0	0	0	0	0	0	0	0	0	0	0	0	0	0	0	0	0	0	0	0	0	0	0	0	0	0	0	0	0	0	0	0	0	0	0	0	0	0	0	0	0	0	0	0	0	0	0	0	0	0	52	5	23	4	76	41	66	9	94	67	58	76	38	115	61	109	86	4	57	70	58	17	8	47	50	24	18	106	27	109	120	31	101	92	12	81	107	17	18	118	102	100	126	63	98	70	93	54	103	35	115	109	87	108	55	126	100	7	125	34	69	16	28	43	2	112	12	87	52	65	54	82	2	121	68	16	44	75
0	0	0	0	0	0	0	0	0	0	0	0	0	0	0	0	0	0	0	0	0	0	0	0	0	0	0	0	0	0	0	0	0	0	0	0	0	0	0	0	0	0	0	0	0	0	0	0	0	0	0	19	81	43	60	115	30	58	84	109	65	40	83	13	107	10	58	7	110	1	53	97	111	94	110	32	69	55	48	30	118	7	2	119	35	56	110	76	109	19	127	96	52	63	9	62	108	102	63	77	32	73	51	116	82	78	4	51	4	116	48	128	117	16	85	36	75	110	92	88	94	102	128	102	77	108	81	52
0	0	0	0	0	0	0	0	0	0	0	0	0	0	0	0	0	0	0	0	0	0	0	0	0	0	0	0	0	0	0	0	0	0	0	0	0	0	0	0	0	0	0	0	0	0	0	0	0	0	0	0	71	117	19	22	99	100	17	13	126	70	116	56	13	43	109	36	112	65	83	85	47	96	100	90	66	47	32	41	43	79	23	32	34	85	34	86	71	76	42	28	86	88	16	24	59	25	104	44	90	67	33	31	57	101	118	17	74	95	12	22	38	2	124	2	21	93	107	4	101	81	89	58	37	58	66	96
0	0	0	0	0	0	0	0	0	0	0	0	0	0	0	0	0	0	0	0	0	0	0	0	0	0	0	0	0	0	0	0	0	0	0	0	0	0	0	0	0	0	0	0	0	0	0	0	0	0	0	0	0	42	24	78	66	24	103	23	98	74	84	36	39	30	3	93	59	39	93	105	51	6	76	126	47	18	97	55	8	17	4	19	113	69	78	78	49	6	64	48	96	72	3	51	128	35	128	79	122	78	35	44	50	38	53	40	108	9	68	128	121	80	12	65	37	64	90	9	37	41	121	91	127	106	33	37
0	0	0	0	0	0	0	0	0	0	0	0	0	0	0	0	0	0	0	0	0	0	0	0	0	0	0	0	0	0	0	0	0	0	0	0	0	0	0	0	0	0	0	0	0	0	0	0	0	0	0	0	0	0	1	110	58	19	55	20	95	80	65	39	70	43	33	66	11	51	26	52	84	68	92	39	68	84	55	34	70	39	64	120	82	83	14	13	52	28	78	19	52	104	55	8	41	122	87	63	48	73	79	28	102	67	107	41	69	60	100	120	24	22	87	14	51	9	53	108	70	108	123	16	97	101	98	128
0	0	0	0	0	0	0	0	0	0	0	0	0	0	0	0	0	0	0	0	0	0	0	0	0	0	0	0	0	0	0	0	0	0	0	0	0	0	0	0	0	0	0	0	0	0	0	0	0	0	0	0	0	0	0	50	89	115	46	112	50	3	52	104	24	79	42	55	101	50	26	17	127	19	79	92	12	91	128	125	89	67	115	125	119	11	67	50	111	67	77	3	74	19	113	9	36	127	76	74	39	127	20	71	50	66	122	50	77	45	77	67	9	70	36	88	80	49	87	72	106	70	58	97	91	50	124	12
0	0	0	0	0	0	0	0	0	0	0	0	0	0	0	0	0	0	0	0	0	0	0	0	0	0	0	0	0	0	0	0	0	0	0	0	0	0	0	0	0	0	0	0	0	0	0	0	0	0	0	0	0	0	0	0	120	71	101	89	71	83	84	4	9	56	32	61	67	116	31	67	109	8	93	110	41	124	109	93	21	15	128	105	125	114	7	82	80	81	75	52	75	96	21	28	61	55	67	75	62	77	81	76	80	55	64	67	85	4	80	61	85	86	35	124	24	74	35	88	12	86	113	45	66	75	102	57
0	0	0	0	0	0	0	0	0	0	0	0	0	0	0	0	0	0	0	0	0	0	0	0	0	0	0	0	0	0	0	0	0	0	0	0	0	0	0	0	0	0	0	0	0	0	0	0	0	0	0	0	0	0	0	0	0	10	104	74	38	85	95	123	59	19	60	18	17	48	125	54	31	123	91	58	22	10	86	18	65	40	15	42	59	114	127	93	18	41	109	95	39	85	113	39	114	65	108	101	113	113	57	60	100	78	15	86	11	2	38	88	6	3	9	93	25	11	14	40	10	10	21	80	91	56	63	84
0	0	0	0	0	0	0	0	0	0	0	0	0	0	0	0	0	0	0	0	0	0	0	0	0	0	0	0	0	0	0	0	0	0	0	0	0	0	0	0	0	0	0	0	0	0	0	0	0	0	0	0	0	0	0	0	0	0	77	119	64	13	89	19	101	15	39	47	86	111	15	82	34	37	91	61	52	38	101	49	117	108	98	114	30	87	40	86	12	126	27	114	119	54	105	80	26	20	80	104	120	100	39	22	15	103	74	100	125	62	3	70	69	94	32	95	108	78	113	40	44	91	91	73	1	99	72	97
0	0	0	0	0	0	0	0	0	0	0	0	0	0	0	0	0	0	0	0	0	0	0	0	0	0	0	0	0	0	0	0	0	0	0	0	0	0	0	0	0	0	0	0	0	0	0	0	0	0	0	0	0	0	0	0	0	0	0	28	19	128	49	41	11	108	109	126	11	51	34	75	96	96	1	104	93	24	102	40	112	115	14	5	110	60	82	13	100	110	113	112	3	42	29	50	56	113	54	2	68	4	46	98	77	100	76	76	107	121	98	64	39	25	13	94	75	102	5	98	81	16	27	96	48	65	121	107
0	0	0	0	0	0	0	0	0	0	0	0	0	0	0	0	0	0	0	0	0	0	0	0	0	0	0	0	0	0	0	0	0	0	0	0	0	0	0	0	0	0	0	0	0	0	0	0	0	0	0	0	0	0	0	0	0	0	0	0	67	89	101	88	128	98	122	20	50	24	113	19	119	58	10	96	84	33	43	58	16	28	22	111	36	102	99	7	47	16	37	107	73	82	54	41	93	101	25	123	10	114	49	70	75	110	114	42	47	3	80	88	96	127	77	87	48	103	54	71	48	39	8	49	49	113	56	33
0	0	0	0	0	0	0	0	0	0	0	0	0	0	0	0	0	0	0	0	0	0	0	0	0	0	0	0	0	0	0	0	0	0	0	0	0	0	0	0	0	0	0	0	0	0	0	0	0	0	0	0	0	0	0	0	0	0	0	0	0	9	98	86	49	46	33	94	42	80	92	51	60	34	5	46	58	65	99	113	93	76	47	34	71	62	36	126	113	55	15	55	69	13	47	127	104	77	92	59	117	56	66	27	119	22	53	22	98	7	79	56	10	100	22	4	53	12	101	7	73	39	3	39	48	76	58	94
0	0	0	0	0	0	0	0	0	0	0	0	0	0	0	0	0	0	0	0	0	0	0	0	0	0	0	0	0	0	0	0	0	0	0	0	0	0	0	0	0	0	0	0	0	0	0	0	0	0	0	0	0	0	0	0	0	0	0	0	0	0	84	2	39	42	10	33	115	100	61	1	17	1	55	1	123	17	124	44	48	13	56	50	43	89	21	40	95	51	11	42	6	78	28	19	88	103	100	64	108	43	22	101	23	24	123	107	12	82	54	125	55	108	37	43	115	13	100	42	31	65	84	76	39	124	20	94
0	0	0	0	0	0	0	0	0	0	0	0	0	0	0	0	0	0	0	0	0	0	0	0	0	0	0	0	0	0	0	0	0	0	0	0	0	0	0	0	0	0	0	0	0	0	0	0	0	0	0	0	0	0	0	0	0	0	0	0	0	0	0	67	46	40	3	24	68	125	38	81	113	29	73	71	96	79	33	19	84	100	100	121	78	31	16	55	54	108	31	51	110	108	51	22	27	16	28	109	50	36	44	59	22	104	40	68	45	111	102	68	111	122	14	28	38	99	6	54	63	96	62	107	2	111	60	52
0	0	0	0	0	0	0	0	0	0	0	0	0	0	0	0	0	0	0	0	0	0	0	0	0	0	0	0	0	0	0	0	0	0	0	0	0	0	0	0	0	0	0	0	0	0	0	0	0	0	0	0	0	0	0	0	0	0	0	0	0	0	0	0	88	86	22	127	119	86	108	73	98	66	38	2	89	28	79	84	42	55	74	71	55	38	23	112	93	86	114	104	74	29	99	53	34	83	123	21	77	102	124	23	126	92	40	42	33	59	16	79	58	103	65	93	74	123	69	77	72	11	100	58	27	67	51	127
0	0	0	0	0	0	0	0	0	0	0	0	0	0	0	0	0	0	0	0	0	0	0	0	0	0	0	0	0	0	0	0	0	0	0	0	0	0	0	0	0	0	0	0	0	0	0	0	0	0	0	0	0	0	0	0	0	0	0	0	0	0	0	0	0	123	84	10	66	18	60	78	28	75	45	40	99	42	8	98	123	122	80	7	2	111	74	92	88	17	31	126	32	8	21	24	18	52	39	89	107	54	104	32	30	104	59	89	67	105	27	102	97	76	75	96	97	100	63	77	5	113	21	110	52	124	92	85
0	0	0	0	0	0	0	0	0	0	0	0	0	0	0	0	0	0	0	0	0	0	0	0	0	0	0	0	0	0	0	0	0	0	0	0	0	0	0	0	0	0	0	0	0	0	0	0	0	0	0	0	0	0	0	0	0	0	0	0	0	0	0	0	0	0	85	84	28	41	83	36	77	88	40	89	20	117	77	92	107	59	12	60	122	15	98	93	98	44	8	65	128	7	84	128	103	48	38	26	37	92	120	74	105	105	48	58	103	121	9	126	42	115	125	96	80	84	23	63	111	120	67	45	84	94	82	30
0	0	0	0	0	0	0	0	0	0	0	0	0	0	0	0	0	0	0	0	0	0	0	0	0	0	0	0	0	0	0	0	0	0	0	0	0	0	0	0	0	0	0	0	0	0	0	0	0	0	0	0	0	0	0	0	0	0	0	0	0	0	0	0	0	0	0	94	15	101	7	65	38	127	58	62	81	90	57	62	109	87	59	6	87	110	25	14	1	40	55	92	113	58	39	7	57	86	62	83	123	40	102	65	87	35	75	47	42	39	106	8	31	26	86	1	89	10	125	6	104	88	32	22	49	94	102	11
0	0	0	0	0	0	0	0	0	0	0	0	0	0	0	0	0	0	0	0	0	0	0	0	0	0	0	0	0	0	0	0	0	0	0	0	0	0	0	0	0	0	0	0	0	0	0	0	0	0	0	0	0	0	0	0	0	0	0	0	0	0	0	0	0	0	0	0	47	82	70	31	31	40	36	106	98	71	39	24	52	105	56	57	104	106	71	92	82	76	51	43	38	9	113	66	58	76	45	118	48	35	106	121	127	108	88	56	73	50	57	110	80	99	9	49	93	84	69	75	21	18	118	9	90	87	3	128
0	0	0	0	0	0	0	0	0	0	0	0	0	0	0	0	0	0	0	0	0	0	0	0	0	0	0	0	0	0	0	0	0	0	0	0	0	0	0	0	0	0	0	0	0	0	0	0	0	0	0	0	0	0	0	0	0	0	0	0	0	0	0	0	0	0	0	0	0	1	43	17	64	54	69	62	58	5	90	4	72	118	70	74	81	79	16	60	25	118	72	41	114	67	79	72	86	17	112	100	10	17	25	58	10	25	28	33	79	116	50	33	40	105	44	29	18	89	104	114	57	127	103	29	60	111	21	110
0	0	0	0	0	0	0	0	0	0	0	0	0	0	0	0	0	0	0	0	0	0	0	0	0	0	0	0	0	0	0	0	0	0	0	0	0	0	0	0	0	0	0	0	0	0	0	0	0	0	0	0	0	0	0	0	0	0	0	0	0	0	0	0	0	0	0	0	0	0	55	1	6	57	20	110	14	118	120	18	123	7	90	75	24	70	18	85	13	8	36	98	20	112	36	90	91	83	111	51	72	90	22	78	104	49	71	24	28	65	42	97	68	10	9	51	63	26	93	82	64	112	69	47	122	4	13	19
0	0	0	0	0	0	0	0	0	0	0	0	0	0	0	0	0	0	0	0	0	0	0	0	0	0	0	0	0	0	0	0	0	0	0	0	0	0	0	0	0	0	0	0	0	0	0	0	0	0	0	0	0	0	0	0	0	0	0	0	0	0	0	0	0	0	0	0	0	0	0	9	106	102	6	123	28	86	55	43	54	48	30	60	46	91	116	113	85	62	124	125	85	29	42	126	91	20	12	59	114	82	68	92	90	28	104	107	42	112	28	39	65	26	5	120	82	73	88	95	5	40	31	42	62	87	21	77
0	0	0	0	0	0	0	0	0	0	0	0	0	0	0	0	0	0	0	0	0	0	0	0	0	0	0	0	0	0	0	0	0	0	0	0	0	0	0	0	0	0	0	0	0	0	0	0	0	0	0	0	0	0	0	0	0	0	0	0	0	0	0	0	0	0	0	0	0	0	0	0	73	87	49	59	28	90	27	127	34	47	40	27	66	42	1	110	10	41	32	127	120	102	77	59	45	91	9	55	107	74	53	11	127	109	5	8	114	86	128	87	116	118	109	68	39	89	121	33	94	27	125	36	84	60	29	80
0	0	0	0	0	0	0	0	0	0	0	0	0	0	0	0	0	0	0	0	0	0	0	0	0	0	0	0	0	0	0	0	0	0	0	0	0	0	0	0	0	0	0	0	0	0	0	0	0	0	0	0	0	0	0	0	0	0	0	0	0	0	0	0	0	0	0	0	0	0	0	0	0	104	10	88	99	69	66	6	33	110	43	58	67	9	46	25	60	126	120	67	111	91	72	62	71	104	80	10	30	26	107	83	18	109	39	68	77	7	81	40	123	36	92	61	81	126	39	92	126	119	35	42	65	67	81	110
0	0	0	0	0	0	0	0	0	0	0	0	0	0	0	0	0	0	0	0	0	0	0	0	0	0	0	0	0	0	0	0	0	0	0	0	0	0	0	0	0	0	0	0	0	0	0	0	0	0	0	0	0	0	0	0	0	0	0	0	0	0	0	0	0	0	0	0	0	0	0	0	0	0	117	72	11	45	79	68	8	55	31	99	76	19	127	53	75	65	14	89	58	57	53	52	87	64	78	89	43	33	108	40	21	101	54	66	28	25	102	31	54	15	21	93	52	65	100	44	17	83	109	63	127	18	16	44
0	0	0	0	0	0	0	0	0	0	0	0	0	0	0	0	0	0	0	0	0	0	0	0	0	0	0	0	0	0	0	0	0	0	0	0	0	0	0	0	0	0	0	0	0	0	0	0	0	0	0	0	0	0	0	0	0	0	0	0	0	0	0	0	0	0	0	0	0	0	0	0	0	0	0	78	85	103	32	70	21	57	44	1	74	127	66	60	101	69	59	120	115	48	105	56	50	60	44	65	113	38	13	114	2	26	97	127	16	57	4	20	85	32	127	48	7	60	57	31	87	13	55	99	52	89	89	89
0	0	0	0	0	0	0	0	0	0	0	0	0	0	0	0	0	0	0	0	0	0	0	0	0	0	0	0	0	0	0	0	0	0	0	0	0	0	0	0	0	0	0	0	0	0	0	0	0	0	0	0	0	0	0	0	0	0	0	0	0	0	0	0	0	0	0	0	0	0	0	0	0	0	0	0	1	102	24	97	58	45	64	14	79	12	56	114	15	87	110	117	59	22	4	120	33	41	55	96	87	93	83	77	17	37	46	3	100	109	24	10	67	47	30	108	89	125	88	17	66	91	78	127	27	3	77	58
0	0	0	0	0	0	0	0	0	0	0	0	0	0	0	0	0	0	0	0	0	0	0	0	0	0	0	0	0	0	0	0	0	0	0	0	0	0	0	0	0	0	0	0	0	0	0	0	0	0	0	0	0	0	0	0	0	0	0	0	0	0	0	0	0	0	0	0	0	0	0	0	0	0	0	0	0	67	107	3	72	98	27	119	61	14	34	32	116	82	124	119	54	6	127	60	43	118	119	64	3	45	23	39	120	82	107	26	51	87	67	125	92	77	79	102	82	74	41	49	70	124	90	1	40	96	115	16
0	0	0	0	0	0	0	0	0	0	0	0	0	0	0	0	0	0	0	0	0	0	0	0	0	0	0	0	0	0	0	0	0	0	0	0	0	0	0	0	0	0	0	0	0	0	0	0	0	0	0	0	0	0	0	0	0	0	0	0	0	0	0	0	0	0	0	0	0	0	0	0	0	0	0	0	0	0	55	119	2	86	57	20	12	79	33	83	22	40	54	21	55	6	55	64	22	91	105	24	85	84	117	74	4	96	73	103	4	104	12	8	121	57	53	41	9	43	43	31	8	12	72	105	121	81	41	92
0	0	0	0	0	0	0	0	0	0	0	0	0	0	0	0	0	0	0	0	0	0	0	0	0	0	0	0	0	0	0	0	0	0	0	0	0	0	0	0	0	0	0	0	0	0	0	0	0	0	0	0	0	0	0	0	0	0	0	0	0	0	0	0	0	0	0	0	0	0	0	0	0	0	0	0	0	0	0	110	8	77	103	115	13	91	120	97	95	106	26	73	89	112	102	34	121	1	59	93	93	44	91	90	32	54	19	8	101	53	61	74	24	128	63	33	43	13	48	6	98	8	65	47	52	22	111	37
0	0	0	0	0	0	0	0	0	0	0	0	0	0	0	0	0	0	0	0	0	0	0	0	0	0	0	0	0	0	0	0	0	0	0	0	0	0	0	0	0	0	0	0	0	0	0	0	0	0	0	0	0	0	0	0	0	0	0	0	0	0	0	0	0	0	0	0	0	0	0	0	0	0	0	0	0	0	0	0	63	20	81	123	27	112	81	70	123	54	33	93	7	72	60	128	87	90	75	67	13	125	10	69	114	63	39	59	103	100	17	65	102	53	92	113	98	70	22	53	105	81	27	108	87	28	103	45
0	0	0	0	0	0	0	0	0	0	0	0	0	0	0	0	0	0	0	0	0	0	0	0	0	0	0	0	0	0	0	0	0	0	0	0	0	0	0	0	0	0	0	0	0	0	0	0	0	0	0	0	0	0	0	0	0	0	0	0	0	0	0	0	0	0	0	0	0	0	0	0	0	0	0	0	0	0	0	0	0	98	2	107	43	71	65	10	99	32	97	75	11	126	3	58	6	20	100	83	101	96	118	107	111	67	54	102	108	40	48	110	30	49	3	61	17	1	70	33	107	90	11	101	12	14	52	46
0	0	0	0	0	0	0	0	0	0	0	0	0	0	0	0	0	0	0	0	0	0	0	0	0	0	0	0	0	0	0	0	0	0	0	0	0	0	0	0	0	0	0	0	0	0	0	0	0	0	0	0	0	0	0	0	0	0	0	0	0	0	0	0	0	0	0	0	0	0	0	0	0	0	0	0	0	0	0	0	0	0	98	53	113	84	61	62	44	108	20	116	67	56	112	91	105	58	17	70	15	23	34	34	40	94	26	54	4	54	60	53	35	41	13	28	113	97	1	96	69	32	78	19	94	126	44	124
0	0	0	0	0	0	0	0	0	0	0	0	0	0	0	0	0	0	0	0	0	0	0	0	0	0	0	0	0	0	0	0	0	0	0	0	0	0	0	0	0	0	0	0	0	0	0	0	0	0	0	0	0	0	0	0	0	0	0	0	0	0	0	0	0	0	0	0	0	0	0	0	0	0	0	0	0	0	0	0	0	0	0	33	65	77	6	118	85	76	66	18	104	119	4	8	62	22	14	88	9	5	102	40	53	7	9	23	91	16	16	66	78	14	48	70	107	122	90	58	68	80	24	2	81	83	112	40
0	0	0	0	0	0	0	0	0	0	0	0	0	0	0	0	0	0	0	0	0	0	0	0	0	0	0	0	0	0	0	0	0	0	0	0	0	0	0	0	0	0	0	0	0	0	0	0	0	0	0	0	0	0	0	0	0	0	0	0	0	0	0	0	0	0	0	0	0	0	0	0	0	0	0	0	0	0	0	0	0	0	0	0	71	9	112	7	18	111	49	23	49	5	116	87	100	104	118	3	94	56	42	85	62	103	116	13	40	58	102	51	125	95	25	81	117	81	101	89	107	34	125	90	13	45	27	60
0	0	0	0	0	0	0	0	0	0	0	0	0	0	0	0	0	0	0	0	0	0	0	0	0	0	0	0	0	0	0	0	0	0	0	0	0	0	0	0	0	0	0	0	0	0	0	0	0	0	0	0	0	0	0	0	0	0	0	0	0	0	0	0	0	0	0	0	0	0	0	0	0	0	0	0	0	0	0	0	0	0	0	0	0	95	118	107	127	103	71	3	23	51	96	44	116	57	122	90	80	104	11	110	4	81	27	93	30	93	33	28	2	115	128	82	92	9	44	121	57	20	114	75	78	68	37	54
0	0	0	0	0	0	0	0	0	0	0	0	0	0	0	0	0	0	0	0	0	0	0	0	0	0	0	0	0	0	0	0	0	0	0	0	0	0	0	0	0	0	0	0	0	0	0	0	0	0	0	0	0	0	0	0	0	0	0	0	0	0	0	0	0	0	0	0	0	0	0	0	0	0	0	0	0	0	0	0	0	0	0	0	0	0	99	86	43	98	83	108	18	30	30	82	36	43	128	118	88	113	34	97	30	71	120	33	79	49	45	112	55	34	40	19	55	65	6	90	99	47	39	125	65	62	101	1
0	0	0	0	0	0	0	0	0	0	0	0	0	0	0	0	0	0	0	0	0	0	0	0	0	0	0	0	0	0	0	0	0	0	0	0	0	0	0	0	0	0	0	0	0	0	0	0	0	0	0	0	0	0	0	0	0	0	0	0	0	0	0	0	0	0	0	0	0	0	0	0	0	0	0	0	0	0	0	0	0	0	0	0	0	0	0	19	28	88	39	69	27	66	100	69	80	13	55	110	63	122	122	100	96	89	127	49	119	58	58	86	71	99	22	65	119	115	109	100	67	65	79	89	108	3	41	12
0	0	0	0	0	0	0	0	0	0	0	0	0	0	0	0	0	0	0	0	0	0	0	0	0	0	0	0	0	0	0	0	0	0	0	0	0	0	0	0	0	0	0	0	0	0	0	0	0	0	0	0	0	0	0	0	0	0	0	0	0	0	0	0	0	0	0	0	0	0	0	0	0	0	0	0	0	0	0	0	0	0	0	0	0	0	0	0	83	80	106	65	115	6	19	52	76	82	84	50	3	24	119	117	46	19	123	21	56	47	95	123	3	61	60	80	74	90	42	34	12	92	73	73	28	103	117	27
0	0	0	0	0	0	0	0	0	0	0	0	0	0	0	0	0	0	0	0	0	0	0	0	0	0	0	0	0	0	0	0	0	0	0	0	0	0	0	0	0	0	0	0	0	0	0	0	0	0	0	0	0	0	0	0	0	0	0	0	0	0	0	0	0	0	0	0	0	0	0	0	0	0	0	0	0	0	0	0	0	0	0	0	0	0	0	0	0	63	39	122	121	48	123	59	126	11	72	37	97	50	79	37	43	64	106	13	28	9	24	98	76	61	86	95	78	16	113	104	110	65	89	18	14	57	44	97
0	0	0	0	0	0	0	0	0	0	0	0	0	0	0	0	0	0	0	0	0	0	0	0	0	0	0	0	0	0	0	0	0	0	0	0	0	0	0	0	0	0	0	0	0	0	0	0	0	0	0	0	0	0	0	0	0	0	0	0	0	0	0	0	0	0	0	0	0	0	0	0	0	0	0	0	0	0	0	0	0	0	0	0	0	0	0	0	0	0	119	118	37	109	75	117	39	60	43	68	8	15	26	98	4	19	63	12	23	36	54	36	1	25	77	1	81	32	1	122	8	121	119	38	67	90	98	58
0	0	0	0	0	0	0	0	0	0	0	0	0	0	0	0	0	0	0	0	0	0	0	0	0	0	0	0	0	0	0	0	0	0	0	0	0	0	0	0	0	0	0	0	0	0	0	0	0	0	0	0	0	0	0	0	0	0	0	0	0	0	0	0	0	0	0	0	0	0	0	0	0	0	0	0	0	0	0	0	0	0	0	0	0	0	0	0	0	0	0	112	1	74	78	44	18	46	104	101	95	33	22	47	83	81	107	42	43	87	85	62	97	25	109	123	93	97	24	109	59	7	100	80	114	78	93	91
0	0	0	0	0	0	0	0	0	0	0	0	0	0	0	0	0	0	0	0	0	0	0	0	0	0	0	0	0	0	0	0	0	0	0	0	0	0	0	0	0	0	0	0	0	0	0	0	0	0	0	0	0	0	0	0	0	0	0	0	0	0	0	0	0	0	0	0	0	0	0	0	0	0	0	0	0	0	0	0	0	0	0	0	0	0	0	0	0	0	0	0	36	55	76	18	38	61	93	110	56	67	75	91	100	127	62	75	57	44	22	92	26	19	121	11	41	37	113	41	81	118	46	110	25	27	75	126
0	0	0	0	0	0	0	0	0	0	0	0	0	0	0	0	0	0	0	0	0	0	0	0	0	0	0	0	0	0	0	0	0	0	0	0	0	0	0	0	0	0	0	0	0	0	0	0	0	0	0	0	0	0	0	0	0	0	0	0	0	0	0	0	0	0	0	0	0	0	0	0	0	0	0	0	0	0	0	0	0	0	0	0	0	0	0	0	0	0	0	0	0	48	54	115	26	81	74	34	63	19	75	121	101	116	13	2	112	115	49	77	28	114	38	19	14	45	125	62	10	110	40	19	8	77	70	114
0	0	0	0	0	0	0	0	0	0	0	0	0	0	0	0	0	0	0	0	0	0	0	0	0	0	0	0	0	0	0	0	0	0	0	0	0	0	0	0	0	0	0	0	0	0	0	0	0	0	0	0	0	0	0	0	0	0	0	0	0	0	0	0	0	0	0	0	0	0	0	0	0	0	0	0	0	0	0	0	0	0	0	0	0	0	0	0	0	0	0	0	0	0	4	10	52	46	97	107	61	123	107	102	93	108	114	27	54	118	79	114	3	63	71	78	123	21	44	36	115	24	74	99	71	111	64	43
0	0	0	0	0	0	0	0	0	0	0	0	0	0	0	0	0	0	0	0	0	0	0	0	0	0	0	0	0	0	0	0	0	0	0	0	0	0	0	0	0	0	0	0	0	0	0	0	0	0	0	0	0	0	0	0	0	0	0	0	0	0	0	0	0	0	0	0	0	0	0	0	0	0	0	0	0	0	0	0	0	0	0	0	0	0	0	0	0	0	0	0	0	0	0	31	27	92	43	30	88	100	123	112	26	46	74	115	64	100	98	29	99	127	9	41	64	66	37	91	77	111	123	78	90	13	78	71
0	0	0	0	0	0	0	0	0	0	0	0	0	0	0	0	0	0	0	0	0	0	0	0	0	0	0	0	0	0	0	0	0	0	0	0	0	0	0	0	0	0	0	0	0	0	0	0	0	0	0	0	0	0	0	0	0	0	0	0	0	0	0	0	0	0	0	0	0	0	0	0	0	0	0	0	0	0	0	0	0	0	0	0	0	0	0	0	0	0	0	0	0	0	0	0	71	30	92	126	67	42	30	87	94	54	16	121	99	57	21	126	66	31	118	121	95	6	42	67	27	102	19	115	31	9	10	68
0	0	0	0	0	0	0	0	0	0	0	0	0	0	0	0	0	0	0	0	0	0	0	0	0	0	0	0	0	0	0	0	0	0	0	0	0	0	0	0	0	0	0	0	0	0	0	0	0	0	0	0	0	0	0	0	0	0	0	0	0	0	0	0	0	0	0	0	0	0	0	0	0	0	0	0	0	0	0	0	0	0	0	0	0	0	0	0	0	0	0	0	0	0	0	0	0	89	1	11	57	100	69	127	76	2	75	20	18	24	79	21	75	108	125	87	24	70	86	108	92	40	118	52	35	112	22	49
0	0	0	0	0	0	0	0	0	0	0	0	0	0	0	0	0	0	0	0	0	0	0	0	0	0	0	0	0	0	0	0	0	0	0	0	0	0	0	0	0	0	0	0	0	0	0	0	0	0	0	0	0	0	0	0	0	0	0	0	0	0	0	0	0	0	0	0	0	0	0	0	0	0	0	0	0	0	0	0	0	0	0	0	0	0	0	0	0	0	0	0	0	0	0	0	0	0	110	60	97	78	99	8	4	100	66	15	53	89	108	115	18	39	64	35	4	28	15	36	19	117	122	116	11	106	75	39
0	0	0	0	0	0	0	0	0	0	0	0	0	0	0	0	0	0	0	0	0	0	0	0	0	0	0	0	0	0	0	0	0	0	0	0	0	0	0	0	0	0	0	0	0	0	0	0	0	0	0	0	0	0	0	0	0	0	0	0	0	0	0	0	0	0	0	0	0	0	0	0	0	0	0	0	0	0	0	0	0	0	0	0	0	0	0	0	0	0	0	0	0	0	0	0	0	0	0	59	128	83	41	44	21	44	76	87	15	87	37	84	125	65	12	61	56	97	19	58	87	41	115	7	36	5	60	98
0	0	0	0	0	0	0	0	0	0	0	0	0	0	0	0	0	0	0	0	0	0	0	0	0	0	0	0	0	0	0	0	0	0	0	0	0	0	0	0	0	0	0	0	0	0	0	0	0	0	0	0	0	0	0	0	0	0	0	0	0	0	0	0	0	0	0	0	0	0	0	0	0	0	0	0	0	0	0	0	0	0	0	0	0	0	0	0	0	0	0	0	0	0	0	0	0	0	0	0	69	58	90	112	69	20	88	5	53	84	80	45	3	33	80	69	122	19	12	84	57	115	128	120	36	37	7	81
0	0	0	0	0	0	0	0	0	0	0	0	0	0	0	0	0	0	0	0	0	0	0	0	0	0	0	0	0	0	0	0	0	0	0	0	0	0	0	0	0	0	0	0	0	0	0	0	0	0	0	0	0	0	0	0	0	0	0	0	0	0	0	0	0	0	0	0	0	0	0	0	0	0	0	0	0	0	0	0	0	0	0	0	0	0	0	0	0	0	0	0	0	0	0	0	0	0	0	0	0	73	117	42	107	19	26	120	59	114	52	77	126	87	31	82	42	91	57	32	104	28	21	68	16	107	82	77
0	0	0	0	0	0	0	0	0	0	0	0	0	0	0	0	0	0	0	0	0	0	0	0	0	0	0	0	0	0	0	0	0	0	0	0	0	0	0	0	0	0	0	0	0	0	0	0	0	0	0	0	0	0	0	0	0	0	0	0	0	0	0	0	0	0	0	0	0	0	0	0	0	0	0	0	0	0	0	0	0	0	0	0	0	0	0	0	0	0	0	0	0	0	0	0	0	0	0	0	0	0	84	73	28	108	117	37	98	104	14	107	32	60	100	35	111	47	42	35	96	110	64	11	113	100	60	37
0	0	0	0	0	0	0	0	0	0	0	0	0	0	0	0	0	0	0	0	0	0	0	0	0	0	0	0	0	0	0	0	0	0	0	0	0	0	0	0	0	0	0	0	0	0	0	0	0	0	0	0	0	0	0	0	0	0	0	0	0	0	0	0	0	0	0	0	0	0	0	0	0	0	0	0	0	0	0	0	0	0	0	0	0	0	0	0	0	0	0	0	0	0	0	0	0	0	0	0	0	0	0	46	75	81	107	75	28	73	87	92	14	7	128	95	63	27	110	47	109	111	36	17	113	4	58	56
0	0	0	0	0	0	0	0	0	0	0	0	0	0	0	0	0	0	0	0	0	0	0	0	0	0	0	0	0	0	0	0	0	0	0	0	0	0	0	0	0	0	0	0	0	0	0	0	0	0	0	0	0	0	0	0	0	0	0	0	0	0	0	0	0	0	0	0	0	0	0	0	0	0	0	0	0	0	0	0	0	0	0	0	0	0	0	0	0	0	0	0	0	0	0	0	0	0	0	0	0	0	0	0	110	3	2	13	88	95	93	24	1	91	31	96	104	97	111	45	74	19	106	49	2	74	64	124
0	0	0	0	0	0	0	0	0	0	0	0	0	0	0	0	0	0	0	0	0	0	0	0	0	0	0	0	0	0	0	0	0	0	0	0	0	0	0	0	0	0	0	0	0	0	0	0	0	0	0	0	0	0	0	0	0	0	0	0	0	0	0	0	0	0	0	0	0	0	0	0	0	0	0	0	0	0	0	0	0	0	0	0	0	0	0	0	0	0	0	0	0	0	0	0	0	0	0	0	0	0	0	0	0	60	7	34	92	36	24	51	109	57	123	68	4	25	28	115	33	91	87	40	77	40	106	51
0	0	0	0	0	0	0	0	0	0	0	0	0	0	0	0	0	0	0	0	0	0	0	0	0	0	0	0	0	0	0	0	0	0	0	0	0	0	0	0	0	0	0	0	0	0	0	0	0	0	0	0	0	0	0	0	0	0	0	0	0	0	0	0	0	0	0	0	0	0	0	0	0	0	0	0	0	0	0	0	0	0	0	0	0	0	0	0	0	0	0	0	0	0	0	0	0	0	0	0	0	0	0	0	0	0	102	72	3	16	51	78	51	28	52	38	73	86	10	12	33	86	92	83	31	66	68	40
0	0	0	0	0	0	0	0	0	0	0	0	0	0	0	0	0	0	0	0	0	0	0	0	0	0	0	0	0	0	0	0	0	0	0	0	0	0	0	0	0	0	0	0	0	0	0	0	0	0	0	0	0	0	0	0	0	0	0	0	0	0	0	0	0	0	0	0	0	0	0	0	0	0	0	0	0	0	0	0	0	0	0	0	0	0	0	0	0	0	0	0	0	0	0	0	0	0	0	0	0	0	0	0	0	0	0	105	56	56	43	53	6	117	109	38	109	110	14	108	12	51	94	51	14	59	107	56
0	0	0	0	0	0	0	0	0	0	0	0	0	0	0	0	0	0	0	0	0	0	0	0	0	0	0	0	0	0	0	0	0	0	0	0	0	0	0	0	0	0	0	0	0	0	0	0	0	0	0	0	0	0	0	0	0	0	0	0	0	0	0	0	0	0	0	0	0	0	0	0	0	0	0	0	0	0	0	0	0	0	0	0	0	0	0	0	0	0	0	0	0	0	0	0	0	0	0	0	0	0	0	0	0	0	0	0	43	10	18	118	38	83	104	49	19	11	25	65	35	27	120	118	13	46	118	8
0	0	0	0	0	0	0	0	0	0	0	0	0	0	0	0	0	0	0	0	0	0	0	0	0	0	0	0	0	0	0	0	0	0	0	0	0	0	0	0	0	0	0	0	0	0	0	0	0	0	0	0	0	0	0	0	0	0	0	0	0	0	0	0	0	0	0	0	0	0	0	0	0	0	0	0	0	0	0	0	0	0	0	0	0	0	0	0	0	0	0	0	0	0	0	0	0	0	0	0	0	0	0	0	0	0	0	0	0	32	2	4	97	13	39	80	20	56	17	78	63	90	108	5	25	104	17	36
0	0	0	0	0	0	0	0	0	0	0	0	0	0	0	0	0	0	0	0	0	0	0	0	0	0	0	0	0	0	0	0	0	0	0	0	0	0	0	0	0	0	0	0	0	0	0	0	0	0	0	0	0	0	0	0	0	0	0	0	0	0	0	0	0	0	0	0	0	0	0	0	0	0	0	0	0	0	0	0	0	0	0	0	0	0	0	0	0	0	0	0	0	0	0	0	0	0	0	0	0	0	0	0	0	0	0	0	0	0	22	120	107	110	74	90	12	107	49	39	46	27	33	62	115	76	93	121
0	0	0	0	0	0	0	0	0	0	0	0	0	0	0	0	0	0	0	0	0	0	0	0	0	0	0	0	0	0	0	0	0	0	0	0	0	0	0	0	0	0	0	0	0	0	0	0	0	0	0	0	0	0	0	0	0	0	0	0	0	0	0	0	0	0	0	0	0	0	0	0	0	0	0	0	0	0	0	0	0	0	0	0	0	0	0	0	0	0	0	0	0	0	0	0	0	0	0	0	0	0	0	0	0	0	0	0	0	0	0	66	122	64	51	80	1	22	74	3	34	74	105	38	71	28	117	54
0	0	0	0	0	0	0	0	0	0	0	0	0	0	0	0	0	0	0	0	0	0	0	0	0	0	0	0	0	0	0	0	0	0	0	0	0	0	0	0	0	0	0	0	0	0	0	0	0	0	0	0	0	0	0	0	0	0	0	0	0	0	0	0	0	0	0	0	0	0	0	0	0	0	0	0	0	0	0	0	0	0	0	0	0	0	0	0	0	0	0	0	0	0	0	0	0	0	0	0	0	0	0	0	0	0	0	0	0	0	0	0	22	32	53	59	57	89	52	21	75	109	118	98	10	81	81	93
0	0	0	0	0	0	0	0	0	0	0	0	0	0	0	0	0	0	0	0	0	0	0	0	0	0	0	0	0	0	0	0	0	0	0	0	0	0	0	0	0	0	0	0	0	0	0	0	0	0	0	0	0	0	0	0	0	0	0	0	0	0	0	0	0	0	0	0	0	0	0	0	0	0	0	0	0	0	0	0	0	0	0	0	0	0	0	0	0	0	0	0	0	0	0	0	0	0	0	0	0	0	0	0	0	0	0	0	0	0	0	0	0	68	24	8	128	10	86	125	96	47	94	54	59	70	79	8
0	0	0	0	0	0	0	0	0	0	0	0	0	0	0	0	0	0	0	0	0	0	0	0	0	0	0	0	0	0	0	0	0	0	0	0	0	0	0	0	0	0	0	0	0	0	0	0	0	0	0	0	0	0	0	0	0	0	0	0	0	0	0	0	0	0	0	0	0	0	0	0	0	0	0	0	0	0	0	0	0	0	0	0	0	0	0	0	0	0	0	0	0	0	0	0	0	0	0	0	0	0	0	0	0	0	0	0	0	0	0	0	0	0	102	51	117	54	112	120	57	70	91	107	36	31	80	22
0	0	0	0	0	0	0	0	0	0	0	0	0	0	0	0	0	0	0	0	0	0	0	0	0	0	0	0	0	0	0	0	0	0	0	0	0	0	0	0	0	0	0	0	0	0	0	0	0	0	0	0	0	0	0	0	0	0	0	0	0	0	0	0	0	0	0	0	0	0	0	0	0	0	0	0	0	0	0	0	0	0	0	0	0	0	0	0	0	0	0	0	0	0	0	0	0	0	0	0	0	0	0	0	0	0	0	0	0	0	0	0	0	0	0	119	102	95	110	1	28	108	34	52	11	109	118	117
0	0	0	0	0	0	0	0	0	0	0	0	0	0	0	0	0	0	0	0	0	0	0	0	0	0	0	0	0	0	0	0	0	0	0	0	0	0	0	0	0	0	0	0	0	0	0	0	0	0	0	0	0	0	0	0	0	0	0	0	0	0	0	0	0	0	0	0	0	0	0	0	0	0	0	0	0	0	0	0	0	0	0	0	0	0	0	0	0	0	0	0	0	0	0	0	0	0	0	0	0	0	0	0	0	0	0	0	0	0	0	0	0	0	0	0	86	97	53	121	123	95	15	14	59	48	9	94
0	0	0	0	0	0	0	0	0	0	0	0	0	0	0	0	0	0	0	0	0	0	0	0	0	0	0	0	0	0	0	0	0	0	0	0	0	0	0	0	0	0	0	0	0	0	0	0	0	0	0	0	0	0	0	0	0	0	0	0	0	0	0	0	0	0	0	0	0	0	0	0	0	0	0	0	0	0	0	0	0	0	0	0	0	0	0	0	0	0	0	0	0	0	0	0	0	0	0	0	0	0	0	0	0	0	0	0	0	0	0	0	0	0	0	0	0	11	62	84	109	114	43	28	78	16	93	23
0	0	0	0	0	0	0	0	0	0	0	0	0	0	0	0	0	0	0	0	0	0	0	0	0	0	0	0	0	0	0	0	0	0	0	0	0	0	0	0	0	0	0	0	0	0	0	0	0	0	0	0	0	0	0	0	0	0	0	0	0	0	0	0	0	0	0	0	0	0	0	0	0	0	0	0	0	0	0	0	0	0	0	0	0	0	0	0	0	0	0	0	0	0	0	0	0	0	0	0	0	0	0	0	0	0	0	0	0	0	0	0	0	0	0	0	0	0	113	50	7	114	108	73	115	51	28	81
0	0	0	0	0	0	0	0	0	0	0	0	0	0	0	0	0	0	0	0	0	0	0	0	0	0	0	0	0	0	0	0	0	0	0	0	0	0	0	0	0	0	0	0	0	0	0	0	0	0	0	0	0	0	0	0	0	0	0	0	0	0	0	0	0	0	0	0	0	0	0	0	0	0	0	0	0	0	0	0	0	0	0	0	0	0	0	0	0	0	0	0	0	0	0	0	0	0	0	0	0	0	0	0	0	0	0	0	0	0	0	0	0	0	0	0	0	0	0	42	97	106	49	18	71	106	11	71
0	0	0	0	0	0	0	0	0	0	0	0	0	0	0	0	0	0	0	0	0	0	0	0	0	0	0	0	0	0	0	0	0	0	0	0	0	0	0	0	0	0	0	0	0	0	0	0	0	0	0	0	0	0	0	0	0	0	0	0	0	0	0	0	0	0	0	0	0	0	0	0	0	0	0	0	0	0	0	0	0	0	0	0	0	0	0	0	0	0	0	0	0	0	0	0	0	0	0	0	0	0	0	0	0	0	0	0	0	0	0	0	0	0	0	0	0	0	0	0	126	29	50	51	118	119	50	7
0	0	0	0	0	0	0	0	0	0	0	0	0	0	0	0	0	0	0	0	0	0	0	0	0	0	0	0	0	0	0	0	0	0	0	0	0	0	0	0	0	0	0	0	0	0	0	0	0	0	0	0	0	0	0	0	0	0	0	0	0	0	0	0	0	0	0	0	0	0	0	0	0	0	0	0	0	0	0	0	0	0	0	0	0	0	0	0	0	0	0	0	0	0	0	0	0	0	0	0	0	0	0	0	0	0	0	0	0	0	0	0	0	0	0	0	0	0	0	0	0	103	52	55	86	72	97	122
0	0	0	0	0	0	0	0	0	0	0	0	0	0	0	0	0	0	0	0	0	0	0	0	0	0	0	0	0	0	0	0	0	0	0	0	0	0	0	0	0	0	0	0	0	0	0	0	0	0	0	0	0	0	0	0	0	0	0	0	0	0	0	0	0	0	0	0	0	0	0	0	0	0	0	0	0	0	0	0	0	0	0	0	0	0	0	0	0	0	0	0	0	0	0	0	0	0	0	0	0	0	0	0	0	0	0	0	0	0	0	0	0	0	0	0	0	0	0	0	0	0	69	112	41	8	32	112
0	0	0	0	0	0	0	0	0	0	0	0	0	0	0	0	0	0	0	0	0	0	0	0	0	0	0	0	0	0	0	0	0	0	0	0	0	0	0	0	0	0	0	0	0	0	0	0	0	0	0	0	0	0	0	0	0	0	0	0	0	0	0	0	0	0	0	0	0	0	0	0	0	0	0	0	0	0	0	0	0	0	0	0	0	0	0	0	0	0	0	0	0	0	0	0	0	0	0	0	0	0	0	0	0	0	0	0	0	0	0	0	0	0	0	0	0	0	0	0	0	0	0	111	54	101	23	92
0	0	0	0	0	0	0	0	0	0	0	0	0	0	0	0	0	0	0	0	0	0	0	0	0	0	0	0	0	0	0	0	0	0	0	0	0	0	0	0	0	0	0	0	0	0	0	0	0	0	0	0	0	0	0	0	0	0	0	0	0	0	0	0	0	0	0	0	0	0	0	0	0	0	0	0	0	0	0	0	0	0	0	0	0	0	0	0	0	0	0	0	0	0	0	0	0	0	0	0	0	0	0	0	0	0	0	0	0	0	0	0	0	0	0	0	0	0	0	0	0	0	0	0	28	87	34	110
0	0	0	0	0	0	0	0	0	0	0	0	0	0	0	0	0	0	0	0	0	0	0	0	0	0	0	0	0	0	0	0	0	0	0	0	0	0	0	0	0	0	0	0	0	0	0	0	0	0	0	0	0	0	0	0	0	0	0	0	0	0	0	0	0	0	0	0	0	0	0	0	0	0	0	0	0	0	0	0	0	0	0	0	0	0	0	0	0	0	0	0	0	0	0	0	0	0	0	0	0	0	0	0	0	0	0	0	0	0	0	0	0	0	0	0	0	0	0	0	0	0	0	0	0	20	25	93
0	0	0	0	0	0	0	0	0	0	0	0	0	0	0	0	0	0	0	0	0	0	0	0	0	0	0	0	0	0	0	0	0	0	0	0	0	0	0	0	0	0	0	0	0	0	0	0	0	0	0	0	0	0	0	0	0	0	0	0	0	0	0	0	0	0	0	0	0	0	0	0	0	0	0	0	0	0	0	0	0	0	0	0	0	0	0	0	0	0	0	0	0	0	0	0	0	0	0	0	0	0	0	0	0	0	0	0	0	0	0	0	0	0	0	0	0	0	0	0	0	0	0	0	0	0	43	106
0	0	0	0	0	0	0	0	0	0	0	0	0	0	0	0	0	0	0	0	0	0	0	0	0	0	0	0	0	0	0	0	0	0	0	0	0	0	0	0	0	0	0	0	0	0	0	0	0	0	0	0	0	0	0	0	0	0	0	0	0	0	0	0	0	0	0	0	0	0	0	0	0	0	0	0	0	0	0	0	0	0	0	0	0	0	0	0	0	0	0	0	0	0	0	0	0	0	0	0	0	0	0	0	0	0	0	0	0	0	0	0	0	0	0	0	0	0	0	0	0	0	0	0	0	0	0	28
0	0	0	0	0	0	0	0	0	0	0	0	0	0	0	0	0	0	0	0	0	0	0	0	0	0	0	0	0	0	0	0	0	0	0	0	0	0	0	0	0	0	0	0	0	0	0	0	0	0	0	0	0	0	0	0	0	0	0	0	0	0	0	0	0	0	0	0	0	0	0	0	0	0	0	0	0	0	0	0	0	0	0	0	0	0	0	0	0	0	0	0	0	0	0	0	0	0	0	0	0	0	0	0	0	0	0	0	0	0	0	0	0	0	0	0	0	0	0	0	0	0	0	0	0	0	0	0