0	69	10	84	84	1	92	103	31	123	126	3	39	111	96	82	30	101	29	17	75	80	125	64	95	110	40	81	46	102	109	99	69	75	22	12	24	114	57	111	84	35	61	116	28	128	22	125	53	86	78	46	76	73	57	19	90	48	84	120	111	73	2	28	104	63	116	78	72	127	83	76	64	68	68	127	17	105	126	114	53	33	43	52	1	51	84	72	29	37	23	56	111	103	6	84	34	47	44	15	57	74	73	114	66	21	30	6	116	76	41	17	109	6	124	95	98	101	127	12	54	117	65	103	73	61	92	47
0	0	113	39	13	40	87	78	79	77	92	74	56	125	115	46	108	32	125	63	92	108	54	61	19	31	25	62	126	37	126	111	75	92	17	54	117	41	36	31	47	30	90	24	10	20	70	14	127	65	114	82	57	36	105	117	87	74	88	1	98	60	1	46	34	61	34	61	122	118	108	18	113	39	25	124	18	119	94	100	113	59	122	99	61	123	60	23	10	101	30	123	113	15	16	48	42	40	56	37	127	34	18	76	3	67	70	123	124	24	127	103	64	21	97	81	7	106	42	107	29	63	39	125	122	89	122	60
0	0	0	68	11	86	105	124	108	51	66	66	28	58	97	96	13	68	23	128	108	74	24	110	44	84	52	7	14	25	107	17	81	66	34	117	85	63	110	8	9	106	122	117	124	97	91	78	115	36	64	123	128	70	13	8	22	118	36	52	90	51	102	44	1	22	38	20	46	77	99	34	107	73	107	32	72	24	32	20	34	101	52	61	39	108	1	76	128	116	79	80	35	85	31	77	68	51	8	120	103	45	94	115	7	119	59	39	44	44	68	34	32	124	72	60	68	89	86	8	71	104	29	79	14	85	79	103
0	0	0	0	40	122	93	20	114	46	57	119	2	122	25	20	39	39	128	44	93	80	128	112	89	81	62	99	25	99	54	37	41	22	120	108	103	40	122	71	25	39	114	76	89	95	128	70	28	44	82	72	27	123	107	51	99	36	113	69	80	28	14	93	30	19	19	83	30	23	90	63	54	17	10	14	88	11	75	27	121	23	41	124	37	63	18	107	88	119	91	65	3	38	4	18	108	110	28	35	70	126	101	18	85	122	82	57	22	128	31	75	35	73	101	107	61	25	114	27	32	92	81	44	90	16	60	16
0	0	0	0	0	114	3	76	37	114	100	88	82	124	86	26	90	95	35	91	21	22	50	91	21	29	34	30	112	14	44	99	49	42	24	18	18	1	79	121	113	38	14	53	123	78	80	78	33	60	95	15	104	52	63	101	17	127	104	8	61	65	27	104	118	78	113	48	56	125	119	74	15	8	80	51	61	18	2	109	110	53	100	128	101	56	47	29	90	111	36	112	126	92	110	57	92	52	90	74	121	13	2	66	36	3	34	85	123	12	123	126	9	7	7	98	63	120	23	83	32	19	125	123	65	122	56	95
0	0	0	0	0	0	112	32	53	125	71	121	20	25	46	37	67	60	73	93	56	44	48	16	127	3	114	122	100	114	5	14	63	49	101	110	93	98	1	51	18	8	50	26	54	39	68	1	25	28	124	87	76	36	68	101	29	79	115	128	98	40	69	80	12	107	44	26	114	86	60	41	41	111	103	26	95	5	50	43	123	18	52	99	15	99	115	21	114	72	100	105	26	98	111	111	62	118	46	77	15	81	22	100	61	38	19	50	51	87	91	60	116	79	105	37	103	115	101	63	54	31	114	49	124	8	11	79
0	0	0	0	0	0	0	31	62	87	121	114	119	87	93	55	79	60	44	110	27	5	59	55	59	46	124	4	51	118	106	111	101	81	47	108	85	1	80	32	104	29	108	19	84	21	13	77	124	50	101	60	9	56	61	49	77	78	78	78	116	82	107	99	5	120	86	53	55	124	49	95	25	17	55	73	64	50	29	21	52	101	72	69	78	43	29	73	28	3	39	52	79	84	117	15	27	44	71	100	128	37	113	106	33	34	111	70	52	57	17	43	47	117	39	5	57	12	8	96	62	41	109	62	17	56	96	69
0	0	0	0	0	0	0	0	3	118	81	71	53	7	59	33	109	1	26	115	28	100	118	79	86	114	35	122	88	89	102	63	116	14	82	51	61	100	92	39	86	78	67	44	54	49	21	66	57	114	53	6	114	18	68	122	45	70	105	61	28	9	102	103	112	105	43	110	62	36	39	67	96	17	73	13	126	105	111	75	58	73	14	41	86	63	112	45	72	83	15	26	52	80	105	4	96	31	1	81	54	49	4	15	65	25	32	100	113	63	78	121	120	77	118	103	94	30	21	58	92	6	118	119	58	34	49	71
0	0	0	0	0	0	0	0	0	31	100	43	106	104	4	14	46	97	48	28	124	34	61	113	28	42	126	52	82	80	87	19	43	68	114	26	42	15	71	114	88	49	116	9	78	86	72	7	62	127	2	43	12	113	31	118	116	65	27	113	73	49	12	34	121	34	77	20	126	87	2	84	89	61	128	117	77	106	16	75	32	101	117	112	46	123	92	105	57	55	63	52	66	101	32	34	124	44	38	99	106	104	110	18	29	47	1	16	85	4	94	17	77	18	122	69	35	4	119	11	29	121	17	13	24	98	108	31
0	0	0	0	0	0	0	0	0	0	62	34	11	118	22	112	109	66	27	124	80	35	104	44	56	54	105	39	58	50	65	9	2	18	15	16	7	80	79	17	18	82	36	62	125	109	1	4	117	61	79	68	110	70	48	2	41	109	22	106	70	66	112	45	38	97	82	82	22	95	27	17	100	91	95	2	28	81	7	81	104	26	30	2	57	16	56	9	116	61	56	120	56	15	50	61	68	63	68	50	17	8	84	10	10	98	83	17	94	24	17	22	98	77	31	5	4	80	110	120	53	29	81	46	4	49	103	61
0	0	0	0	0	0	0	0	0	0	0	69	94	115	14	89	41	29	76	7	63	16	121	31	89	46	101	40	80	57	109	49	50	11	80	108	90	2	106	59	61	54	100	34	18	10	97	55	71	37	103	82	41	119	29	115	26	75	24	67	50	101	83	98	125	47	79	82	78	95	57	10	29	10	37	119	59	107	29	49	112	112	36	66	87	128	19	75	105	37	97	52	55	32	82	61	114	94	23	94	121	53	86	33	37	8	39	4	20	5	59	102	70	96	119	68	109	126	77	85	57	100	22	11	73	124	127	121
0	0	0	0	0	0	0	0	0	0	0	0	97	81	14	46	74	3	84	28	37	75	117	12	57	3	59	56	50	16	89	119	107	32	115	23	91	112	39	55	82	6	128	58	38	8	112	20	88	80	34	53	97	77	94	81	32	89	14	47	78	70	98	92	43	46	124	127	29	48	46	26	124	11	71	35	45	121	94	119	103	122	123	71	24	124	43	81	15	80	77	65	62	122	55	122	114	91	11	115	4	93	9	70	48	108	106	80	111	83	58	78	21	25	64	68	118	102	43	63	37	60	53	52	45	127	46	6
0	0	0	0	0	0	0	0	0	0	0	0	0	18	110	52	21	99	87	47	99	59	68	46	82	46	42	112	52	18	71	113	12	64	101	33	74	3	56	40	62	59	25	4	65	113	57	33	37	52	37	107	84	31	76	30	97	102	52	128	9	109	110	118	46	17	26	57	17	8	103	75	91	77	94	12	110	109	72	115	27	1	23	107	86	2	61	3	101	86	48	86	119	95	99	55	17	125	80	44	115	25	66	120	120	52	112	127	17	30	2	78	33	108	121	109	109	47	101	126	101	63	119	5	104	82	16	95
0	0	0	0	0	0	0	0	0	0	0	0	0	0	73	111	117	43	76	45	37	27	47	36	124	34	120	119	128	53	115	109	108	128	75	13	64	118	46	114	2	54	60	21	33	94	2	95	124	123	4	59	111	30	115	24	111	67	57	36	33	75	54	68	13	102	124	43	53	64	105	101	31	56	88	72	102	45	75	119	54	44	1	63	110	102	96	56	123	109	58	29	64	49	43	34	2	100	81	1	56	14	104	14	113	69	50	61	40	116	76	47	56	85	44	47	56	23	121	90	8	76	31	32	61	82	1	116
0	0	0	0	0	0	0	0	0	0	0	0	0	0	0	62	36	46	83	41	68	128	43	77	87	20	23	6	73	125	121	41	49	103	99	28	88	22	48	89	8	47	122	114	25	42	95	68	91	47	8	16	123	85	111	73	50	108	75	95	17	106	8	119	49	119	23	83	46	30	86	2	96	121	103	11	52	84	101	34	50	116	113	59	122	127	75	115	123	44	63	73	33	70	39	27	103	11	99	100	87	48	62	25	122	104	9	46	101	36	66	13	62	1	35	109	87	63	106	43	98	3	72	54	108	44	96	125
0	0	0	0	0	0	0	0	0	0	0	0	0	0	0	0	45	59	16	34	50	35	47	55	18	74	102	13	113	23	6	35	83	107	97	107	124	89	116	28	30	9	1	102	114	126	62	9	96	104	67	49	31	81	122	58	44	24	92	54	115	118	113	109	102	119	100	120	101	113	77	32	119	78	95	77	28	17	34	102	72	59	89	96	79	115	30	38	16	89	62	11	115	89	24	35	24	54	23	96	90	112	95	6	44	59	98	64	93	38	128	42	9	37	127	91	82	81	104	96	110	5	46	55	107	94	58	55
0	0	0	0	0	0	0	0	0	0	0	0	0	0	0	0	0	26	118	32	6	79	47	99	67	7	63	97	34	95	50	105	5	39	69	16	40	7	107	38	94	85	85	99	7	50	102	35	79	21	16	32	40	112	64	55	114	55	74	10	40	124	69	67	102	108	23	92	108	128	111	110	85	47	58	24	125	47	17	13	48	69	75	98	43	83	76	55	23	90	23	2	63	63	115	60	56	111	65	113	11	94	74	83	14	1	23	121	26	103	118	98	90	99	5	111	20	38	68	68	73	108	73	2	122	71	72	36
0	0	0	0	0	0	0	0	0	0	0	0	0	0	0	0	0	0	103	62	2	41	112	125	121	121	118	3	20	3	96	97	70	16	18	62	73	31	116	76	48	65	45	70	115	52	17	125	2	65	10	38	47	119	64	114	34	83	51	116	9	106	27	108	4	14	66	25	113	45	20	75	87	100	27	37	81	16	70	104	94	118	56	6	35	127	106	58	65	30	91	92	34	99	88	95	1	72	74	68	97	32	79	116	124	76	118	102	5	79	18	35	5	10	123	7	18	7	24	126	69	7	14	101	96	13	20	26
0	0	0	0	0	0	0	0	0	0	0	0	0	0	0	0	0	0	0	54	40	53	23	71	43	32	1	53	82	21	59	69	4	35	98	75	52	98	8	49	89	80	15	45	24	88	76	58	6	123	96	2	70	52	76	37	18	103	82	106	72	6	38	81	21	32	100	56	82	56	97	59	64	109	38	43	117	98	118	97	71	105	18	44	111	66	120	21	99	8	43	6	128	57	45	92	114	69	122	67	106	44	83	102	69	40	48	18	64	45	79	59	12	99	66	44	128	121	48	105	92	40	99	93	61	63	38	96
0	0	0	0	0	0	0	0	0	0	0	0	0	0	0	0	0	0	0	0	51	82	84	125	22	53	9	111	38	77	106	33	108	106	21	12	78	127	42	27	56	98	85	98	10	34	67	6	103	106	19	120	73	4	95	16	5	103	84	99	56	19	54	36	14	25	83	91	98	45	5	43	43	67	118	49	105	46	92	101	26	84	100	112	111	42	93	9	80	103	55	97	83	102	113	113	123	46	109	119	61	20	78	125	121	8	4	80	30	35	52	19	116	97	65	96	100	37	101	60	12	109	13	17	76	117	64	84
0	0	0	0	0	0	0	0	0	0	0	0	0	0	0	0	0	0	0	0	0	75	77	128	47	79	98	90	65	100	89	75	15	45	10	90	42	35	77	97	58	55	12	76	17	120	119	71	14	21	24	112	20	70	37	44	116	97	9	24	54	10	5	71	39	118	56	43	106	25	89	93	77	98	103	72	87	75	75	22	23	82	19	46	15	61	128	38	30	128	19	59	52	3	84	93	30	18	105	95	84	87	33	50	86	22	76	18	123	89	98	37	96	40	33	43	113	44	14	55	62	26	43	35	40	62	90	127
0	0	0	0	0	0	0	0	0	0	0	0	0	0	0	0	0	0	0	0	0	0	58	10	122	115	77	117	34	119	89	70	46	28	29	47	124	49	100	128	12	95	56	20	122	51	25	7	94	53	68	66	16	108	73	93	38	53	127	113	123	15	48	67	36	66	102	109	99	3	94	92	38	19	57	89	70	111	113	58	17	14	57	87	31	2	83	126	3	28	34	36	75	85	118	5	51	61	115	6	87	117	19	110	2	107	65	26	17	92	8	81	125	127	76	16	48	80	73	5	90	90	32	98	38	65	7	75
0	0	0	0	0	0	0	0	0	0	0	0	0	0	0	0	0	0	0	0	0	0	0	120	26	9	59	20	77	96	24	42	108	87	15	14	14	103	11	119	42	20	81	59	14	66	25	54	37	60	48	85	33	121	76	34	118	58	77	27	70	46	57	7	79	105	128	111	107	34	9	87	87	95	4	85	4	128	22	112	122	54	121	83	79	71	23	53	99	105	90	121	116	8	111	17	3	118	105	98	9	10	121	106	45	7	17	8	33	13	67	111	20	12	65	12	12	1	46	103	83	22	82	112	55	118	61	28
0	0	0	0	0	0	0	0	0	0	0	0	0	0	0	0	0	0	0	0	0	0	0	0	40	125	101	66	68	49	31	73	17	108	127	19	81	40	70	15	108	77	51	58	98	20	109	100	5	82	19	65	117	35	17	107	113	102	110	40	71	69	112	75	119	82	50	41	70	73	1	25	106	98	47	92	9	81	74	67	75	72	26	24	39	13	47	15	56	5	102	49	83	51	69	88	118	119	94	12	10	128	84	9	41	17	109	54	128	100	78	87	86	109	19	37	23	81	88	13	111	92	121	42	85	124	76	127
0	0	0	0	0	0	0	0	0	0	0	0	0	0	0	0	0	0	0	0	0	0	0	0	0	49	121	35	41	91	81	119	120	26	73	53	64	72	71	62	28	101	123	78	128	87	97	54	48	125	34	23	92	4	19	61	99	19	8	116	69	118	7	42	36	95	84	84	47	77	102	51	36	9	51	95	84	65	118	28	14	100	90	105	10	98	55	26	61	122	118	51	128	116	106	66	121	79	3	62	68	119	109	81	66	92	74	108	127	123	94	62	96	43	74	10	7	120	38	95	78	82	73	76	66	111	98	33
0	0	0	0	0	0	0	0	0	0	0	0	0	0	0	0	0	0	0	0	0	0	0	0	0	0	60	59	17	122	24	116	39	55	37	72	76	120	117	126	32	114	53	65	30	34	84	117	91	24	53	51	101	29	106	59	50	29	5	79	19	104	34	85	39	22	47	89	1	3	73	37	39	47	37	36	44	64	3	106	6	101	115	59	49	43	126	113	116	31	24	71	80	8	45	126	108	19	62	89	59	79	111	127	101	19	32	114	24	102	2	13	106	16	48	47	11	38	124	92	56	122	41	73	18	117	117	25
0	0	0	0	0	0	0	0	0	0	0	0	0	0	0	0	0	0	0	0	0	0	0	0	0	0	0	103	101	48	22	91	107	55	18	61	115	5	59	58	48	109	33	89	82	60	5	80	7	121	126	87	8	121	89	91	72	38	117	37	121	108	49	8	43	88	90	124	59	65	3	93	65	28	1	117	35	14	18	97	87	14	40	94	11	92	55	100	101	78	74	111	57	101	56	48	112	45	7	78	115	62	68	22	22	88	101	125	62	125	64	117	95	68	69	40	38	27	47	47	40	110	83	20	21	47	17	119
0	0	0	0	0	0	0	0	0	0	0	0	0	0	0	0	0	0	0	0	0	0	0	0	0	0	0	0	10	7	10	57	16	10	83	18	5	40	32	53	12	82	36	113	100	34	14	56	40	111	2	104	103	69	104	127	34	58	55	36	49	49	67	56	42	13	4	70	78	14	50	85	30	77	40	65	2	88	93	28	26	10	25	91	6	73	8	127	98	120	23	17	59	49	86	106	115	112	86	55	56	128	66	4	32	71	62	22	108	53	98	7	23	64	46	127	92	10	37	22	83	52	92	14	62	79	46	101
0	0	0	0	0	0	0	0	0	0	0	0	0	0	0	0	0	0	0	0	0	0	0	0	0	0	0	0	0	4	127	21	27	92	19	67	6	114	9	78	113	107	116	29	37	41	66	34	11	94	108	128	103	120	55	42	11	62	26	58	49	110	2	101	73	112	21	85	126	124	119	23	59	121	57	16	113	61	101	38	58	28	23	19	8	115	109	76	15	102	103	116	101	5	3	76	2	54	31	33	34	49	60	43	70	88	70	67	85	16	1	121	89	41	21	115	43	31	100	51	83	20	40	89	30	125	45	28
0	0	0	0	0	0	0	0	0	0	0	0	0	0	0	0	0	0	0	0	0	0	0	0	0	0	0	0	0	0	43	58	30	88	99	86	89	55	43	60	43	45	59	27	31	67	40	54	51	88	120	32	7	67	82	11	86	17	35	86	9	84	121	116	12	46	44	97	107	110	75	68	92	39	114	16	65	126	76	91	100	73	115	36	11	118	74	112	17	116	61	50	52	49	42	18	16	78	24	37	41	111	28	43	6	93	125	85	16	62	101	99	47	86	85	40	67	68	55	34	112	29	118	97	123	92	12	28
0	0	0	0	0	0	0	0	0	0	0	0	0	0	0	0	0	0	0	0	0	0	0	0	0	0	0	0	0	0	0	77	28	124	115	8	4	43	7	79	115	19	75	62	2	81	25	39	35	80	90	128	21	95	57	108	124	85	65	11	63	95	87	39	9	101	13	116	1	43	108	91	73	47	126	15	116	12	79	91	109	54	49	6	51	87	55	68	11	89	50	18	5	71	5	38	56	64	43	26	124	37	7	85	95	62	31	63	89	5	71	47	54	10	61	91	15	118	69	123	127	25	46	57	85	58	39	39
0	0	0	0	0	0	0	0	0	0	0	0	0	0	0	0	0	0	0	0	0	0	0	0	0	0	0	0	0	0	0	0	77	2	112	119	67	117	116	59	93	26	90	98	37	1	68	111	11	60	121	36	23	42	89	106	29	8	100	61	118	70	119	65	43	99	89	103	47	75	64	8	122	95	88	14	78	59	125	72	111	87	127	109	84	4	29	42	105	43	123	17	74	75	118	12	91	46	64	12	46	26	31	20	63	73	44	90	29	123	11	53	77	46	21	104	89	16	50	99	18	88	24	68	116	75	23	5
0	0	0	0	0	0	0	0	0	0	0	0	0	0	0	0	0	0	0	0	0	0	0	0	0	0	0	0	0	0	0	0	0	52	112	12	93	78	7	94	9	58	93	68	49	21	11	47	22	79	8	51	13	88	56	16	28	90	91	22	79	101	38	41	78	91	5	34	16	99	98	106	18	6	32	12	6	119	36	111	30	63	109	84	44	65	80	124	54	93	13	77	97	79	103	45	93	37	116	7	118	112	40	30	14	95	97	116	91	104	89	39	67	28	105	63	126	61	44	20	71	104	118	84	89	73	81	20
0	0	0	0	0	0	0	0	0	0	0	0	0	0	0	0	0	0	0	0	0	0	0	0	0	0	0	0	0	0	0	0	0	0	114	70	67	52	44	15	93	75	55	41	26	2	87	98	75	82	1	13	14	22	78	67	19	54	55	97	63	122	55	23	50	30	95	41	68	102	80	50	9	99	126	13	120	59	34	98	92	17	34	35	85	59	89	101	117	88	24	5	41	14	14	76	49	19	19	61	37	52	34	84	38	31	19	30	55	53	71	40	94	95	104	29	80	125	98	121	48	100	113	97	21	79	22	11
0	0	0	0	0	0	0	0	0	0	0	0	0	0	0	0	0	0	0	0	0	0	0	0	0	0	0	0	0	0	0	0	0	0	0	84	11	37	127	45	127	48	105	28	77	110	15	78	71	110	53	88	29	93	19	52	14	23	121	16	115	28	73	61	106	81	47	114	98	114	113	72	32	126	29	78	70	3	17	52	75	18	10	107	77	98	116	44	27	32	122	87	19	123	121	71	86	62	102	71	115	36	48	78	122	30	28	80	28	9	115	61	103	49	126	79	123	108	19	65	41	41	91	91	37	24	30	13
0	0	0	0	0	0	0	0	0	0	0	0	0	0	0	0	0	0	0	0	0	0	0	0	0	0	0	0	0	0	0	0	0	0	0	0	110	92	17	69	47	11	3	13	99	97	128	50	63	76	24	82	124	6	76	59	58	56	61	77	36	16	95	18	5	63	34	15	89	68	56	44	114	8	32	72	77	78	84	125	67	108	82	54	9	107	80	68	127	79	69	8	71	37	126	23	45	13	96	119	41	101	26	90	43	44	95	66	120	8	108	82	122	105	103	124	121	55	101	19	56	123	67	67	98	38	1	105
0	0	0	0	0	0	0	0	0	0	0	0	0	0	0	0	0	0	0	0	0	0	0	0	0	0	0	0	0	0	0	0	0	0	0	0	0	18	61	45	110	118	21	74	120	121	85	102	60	102	31	108	3	78	4	100	110	68	102	40	85	119	33	83	6	102	58	45	114	94	99	106	80	49	86	2	112	43	15	89	35	1	78	74	106	72	33	98	127	63	49	61	50	115	72	82	116	66	74	123	22	14	106	73	75	50	119	103	40	49	83	83	8	18	2	41	53	103	127	48	71	109	117	5	13	125	117	117
0	0	0	0	0	0	0	0	0	0	0	0	0	0	0	0	0	0	0	0	0	0	0	0	0	0	0	0	0	0	0	0	0	0	0	0	0	0	125	86	114	5	64	52	43	60	69	83	47	35	27	101	73	73	115	83	126	14	109	58	16	89	76	94	95	94	61	50	79	105	96	112	49	122	79	108	41	19	89	55	72	7	7	5	16	10	108	27	110	118	123	128	8	93	5	33	57	80	48	68	16	56	62	59	101	82	31	11	112	89	40	55	102	80	119	18	97	71	82	83	39	102	3	8	104	84	40	122
0	0	0	0	0	0	0	0	0	0	0	0	0	0	0	0	0	0	0	0	0	0	0	0	0	0	0	0	0	0	0	0	0	0	0	0	0	0	0	55	87	28	48	40	27	21	71	48	34	76	52	44	53	47	55	30	9	20	85	121	124	92	107	77	31	99	52	36	92	89	114	9	68	125	92	88	48	10	113	12	82	3	19	17	82	83	54	77	11	69	18	8	125	122	32	100	75	70	36	87	84	54	62	56	11	53	3	120	7	99	37	47	8	108	1	106	99	14	26	126	68	120	3	52	56	81	96	92
0	0	0	0	0	0	0	0	0	0	0	0	0	0	0	0	0	0	0	0	0	0	0	0	0	0	0	0	0	0	0	0	0	0	0	0	0	0	0	0	27	102	88	17	18	17	89	110	115	70	12	29	68	51	79	110	70	86	2	100	65	82	38	5	20	40	13	30	72	39	77	65	122	15	116	114	69	102	91	100	103	85	80	25	54	85	77	112	99	121	30	115	16	50	22	94	42	125	39	31	82	86	115	112	62	18	6	69	34	44	29	75	118	6	12	13	12	31	101	58	84	68	64	4	72	56	128	99
0	0	0	0	0	0	0	0	0	0	0	0	0	0	0	0	0	0	0	0	0	0	0	0	0	0	0	0	0	0	0	0	0	0	0	0	0	0	0	0	0	7	48	94	28	117	109	91	82	46	8	102	117	120	124	87	57	42	10	115	63	25	95	119	124	71	114	89	77	15	67	128	65	13	45	94	2	16	94	105	82	98	127	85	127	100	128	53	67	37	124	96	25	88	32	6	16	85	56	106	109	83	53	121	13	62	39	55	55	42	128	49	58	88	25	5	102	50	12	9	26	17	70	56	56	100	27	9
0	0	0	0	0	0	0	0	0	0	0	0	0	0	0	0	0	0	0	0	0	0	0	0	0	0	0	0	0	0	0	0	0	0	0	0	0	0	0	0	0	0	93	58	15	116	24	70	72	101	34	56	68	75	113	108	115	117	46	88	94	66	84	86	56	26	97	80	89	75	76	97	70	14	65	92	31	49	77	78	65	28	12	115	69	86	26	34	9	40	22	102	126	15	17	46	40	56	51	123	16	112	86	6	66	46	73	85	20	65	3	99	74	53	72	108	75	48	5	93	10	102	42	19	52	17	53	14
0	0	0	0	0	0	0	0	0	0	0	0	0	0	0	0	0	0	0	0	0	0	0	0	0	0	0	0	0	0	0	0	0	0	0	0	0	0	0	0	0	0	0	77	82	102	66	47	66	117	11	115	30	85	11	69	106	53	76	60	112	91	66	20	111	30	92	7	12	40	122	41	20	39	117	25	60	119	127	2	114	63	31	120	61	50	3	18	18	23	5	38	66	78	62	17	102	88	110	1	106	119	16	74	110	44	57	54	76	105	117	91	13	78	88	111	7	81	70	106	29	52	102	44	40	122	104	56
0	0	0	0	0	0	0	0	0	0	0	0	0	0	0	0	0	0	0	0	0	0	0	0	0	0	0	0	0	0	0	0	0	0	0	0	0	0	0	0	0	0	0	0	13	46	39	106	41	32	120	83	36	67	86	120	11	22	53	99	52	127	28	55	58	80	81	19	8	35	115	93	28	40	103	34	25	1	115	84	44	73	55	90	90	105	14	12	52	34	85	93	93	1	21	24	52	98	106	83	84	77	24	3	63	41	96	99	91	11	48	83	10	55	10	69	119	95	35	52	116	35	90	63	17	20	88	67
0	0	0	0	0	0	0	0	0	0	0	0	0	0	0	0	0	0	0	0	0	0	0	0	0	0	0	0	0	0	0	0	0	0	0	0	0	0	0	0	0	0	0	0	0	32	87	9	24	94	20	128	19	19	59	69	55	111	111	108	105	90	85	75	118	62	18	80	88	37	62	15	45	3	6	81	32	95	105	76	90	101	117	44	81	42	63	70	119	6	83	88	106	63	65	8	27	36	114	37	108	72	58	35	60	6	117	66	14	19	57	39	27	44	100	60	100	46	95	29	73	81	91	105	65	56	95	3
0	0	0	0	0	0	0	0	0	0	0	0	0	0	0	0	0	0	0	0	0	0	0	0	0	0	0	0	0	0	0	0	0	0	0	0	0	0	0	0	0	0	0	0	0	0	80	108	127	11	19	99	33	25	70	99	63	15	11	114	29	42	27	81	109	3	59	58	3	67	18	112	70	5	75	86	27	38	79	127	12	76	66	28	79	25	25	82	10	99	68	89	111	73	8	84	98	66	38	40	117	35	33	32	122	15	96	64	101	102	63	18	55	103	52	88	4	92	95	82	36	73	119	22	123	32	73	60
0	0	0	0	0	0	0	0	0	0	0	0	0	0	0	0	0	0	0	0	0	0	0	0	0	0	0	0	0	0	0	0	0	0	0	0	0	0	0	0	0	0	0	0	0	0	0	91	53	23	11	122	29	88	52	16	69	39	87	27	23	106	124	21	121	102	69	98	28	45	53	50	125	78	35	128	3	89	9	120	55	127	73	50	117	51	127	71	111	59	51	87	62	102	105	23	49	101	19	121	97	127	94	43	105	116	69	118	26	88	17	65	112	53	53	9	77	107	37	10	17	47	76	83	60	25	39	77
0	0	0	0	0	0	0	0	0	0	0	0	0	0	0	0	0	0	0	0	0	0	0	0	0	0	0	0	0	0	0	0	0	0	0	0	0	0	0	0	0	0	0	0	0	0	0	0	122	1	45	43	82	46	66	58	46	3	9	1	60	107	73	126	121	123	81	85	66	17	66	44	47	44	121	125	2	57	27	45	86	3	86	2	43	30	110	100	36	63	29	54	44	35	12	65	66	74	32	28	11	84	68	57	68	101	111	64	31	95	57	56	51	85	51	95	62	35	87	45	123	102	127	77	82	8	23	9
0	0	0	0	0	0	0	0	0	0	0	0	0	0	0	0	0	0	0	0	0	0	0	0	0	0	0	0	0	0	0	0	0	0	0	0	0	0	0	0	0	0	0	0	0	0	0	0	0	3	118	47	27	121	107	82	44	9	122	125	4	113	101	101	81	91	27	112	93	37	38	12	128	75	60	16	35	92	109	51	95	82	50	30	31	6	81	124	42	38	73	41	63	10	34	1	73	61	97	85	94	52	68	53	59	50	3	58	126	113	81	17	81	71	76	5	46	89	49	22	43	40	10	123	124	93	39	92
0	0	0	0	0	0	0	0	0	0	0	0	0	0	0	0	0	0	0	0	0	0	0	0	0	0	0	0	0	0	0	0	0	0	0	0	0	0	0	0	0	0	0	0	0	0	0	0	0	0	41	60	113	59	25	34	91	21	58	110	30	115	17	45	113	64	37	80	80	57	87	98	20	31	18	64	81	104	24	116	127	57	114	93	67	38	27	71	42	40	116	14	28	47	128	43	97	84	107	49	35	32	83	102	120	94	66	63	43	121	12	22	66	68	71	19	20	31	99	30	114	33	42	118	55	104	21	12
0	0	0	0	0	0	0	0	0	0	0	0	0	0	0	0	0	0	0	0	0	0	0	0	0	0	0	0	0	0	0	0	0	0	0	0	0	0	0	0	0	0	0	0	0	0	0	0	0	0	0	115	10	98	34	8	75	87	71	29	107	17	110	14	111	43	26	83	45	94	36	94	37	69	104	28	127	62	54	93	119	127	28	64	82	60	17	30	28	8	61	22	72	75	20	69	26	111	35	72	5	87	81	71	53	100	125	59	93	46	34	97	29	17	102	120	8	123	64	108	82	56	8	17	31	76	114	26
0	0	0	0	0	0	0	0	0	0	0	0	0	0	0	0	0	0	0	0	0	0	0	0	0	0	0	0	0	0	0	0	0	0	0	0	0	0	0	0	0	0	0	0	0	0	0	0	0	0	0	0	18	8	32	73	16	63	125	61	82	49	71	69	15	79	85	98	59	124	51	46	13	50	107	33	124	118	80	55	93	10	12	51	117	11	102	47	1	49	42	110	118	14	50	52	76	21	104	120	42	63	21	52	25	26	44	71	35	108	112	102	3	60	16	121	99	112	10	24	14	65	49	122	109	4	29	63
0	0	0	0	0	0	0	0	0	0	0	0	0	0	0	0	0	0	0	0	0	0	0	0	0	0	0	0	0	0	0	0	0	0	0	0	0	0	0	0	0	0	0	0	0	0	0	0	0	0	0	0	0	60	91	77	125	35	86	61	124	113	83	87	74	90	124	60	53	33	90	124	127	127	26	77	127	76	28	97	128	112	38	38	115	82	104	114	46	15	14	123	63	86	55	58	127	37	32	53	57	65	5	86	44	15	42	97	95	62	23	80	26	2	1	26	128	114	50	99	42	33	98	6	14	79	75	103
0	0	0	0	0	0	0	0	0	0	0	0	0	0	0	0	0	0	0	0	0	0	0	0	0	0	0	0	0	0	0	0	0	0	0	0	0	0	0	0	0	0	0	0	0	0	0	0	0	0	0	0	0	0	111	82	87	7	17	12	97	86	4	32	36	25	55	80	22	69	26	96	79	128	2	48	67	77	10	53	33	58	24	95	6	113	71	90	27	53	53	80	60	13	3	57	79	62	86	99	118	26	105	50	62	77	39	114	67	36	68	110	65	9	109	117	32	103	48	117	40	41	78	66	128	127	125	17
0	0	0	0	0	0	0	0	0	0	0	0	0	0	0	0	0	0	0	0	0	0	0	0	0	0	0	0	0	0	0	0	0	0	0	0	0	0	0	0	0	0	0	0	0	0	0	0	0	0	0	0	0	0	0	77	57	89	60	116	56	7	111	110	50	98	128	13	76	50	89	33	47	12	31	34	115	98	19	127	29	118	103	44	69	45	61	101	62	78	126	116	62	103	44	62	72	26	12	16	7	65	58	1	76	57	59	82	24	59	90	28	75	127	39	65	4	38	123	128	14	85	14	39	96	18	74	41
0	0	0	0	0	0	0	0	0	0	0	0	0	0	0	0	0	0	0	0	0	0	0	0	0	0	0	0	0	0	0	0	0	0	0	0	0	0	0	0	0	0	0	0	0	0	0	0	0	0	0	0	0	0	0	0	20	74	74	48	82	67	38	49	35	97	68	50	59	48	100	104	57	55	87	112	84	125	121	26	122	22	29	21	104	98	60	78	51	94	108	76	60	58	73	71	13	63	88	57	109	92	21	120	92	2	82	123	51	28	121	74	30	105	84	119	110	82	44	91	116	65	2	70	27	57	106	91
0	0	0	0	0	0	0	0	0	0	0	0	0	0	0	0	0	0	0	0	0	0	0	0	0	0	0	0	0	0	0	0	0	0	0	0	0	0	0	0	0	0	0	0	0	0	0	0	0	0	0	0	0	0	0	0	0	2	75	12	45	54	41	122	78	35	52	125	24	27	18	35	25	63	85	26	38	109	36	56	35	48	26	80	106	96	97	25	97	123	31	43	95	47	120	72	74	12	11	14	62	127	112	51	59	112	6	23	98	1	122	51	103	21	36	113	58	121	12	75	18	1	91	105	62	101	107	97
0	0	0	0	0	0	0	0	0	0	0	0	0	0	0	0	0	0	0	0	0	0	0	0	0	0	0	0	0	0	0	0	0	0	0	0	0	0	0	0	0	0	0	0	0	0	0	0	0	0	0	0	0	0	0	0	0	0	76	71	103	78	27	22	119	111	12	2	16	30	17	8	8	91	106	46	26	99	59	71	112	10	12	84	30	38	128	107	58	51	17	127	106	77	124	85	96	65	13	110	18	21	27	80	109	16	46	76	82	4	94	10	97	70	120	126	17	128	115	76	2	49	31	50	50	11	12	84
0	0	0	0	0	0	0	0	0	0	0	0	0	0	0	0	0	0	0	0	0	0	0	0	0	0	0	0	0	0	0	0	0	0	0	0	0	0	0	0	0	0	0	0	0	0	0	0	0	0	0	0	0	0	0	0	0	0	0	88	70	39	56	56	67	46	117	114	103	100	55	36	100	108	86	109	127	20	76	55	17	31	76	56	26	61	68	84	68	13	105	48	115	32	14	50	113	29	128	22	79	23	23	1	73	18	104	39	57	92	118	1	97	117	109	9	95	24	102	85	99	77	113	29	59	35	13	1
0	0	0	0	0	0	0	0	0	0	0	0	0	0	0	0	0	0	0	0	0	0	0	0	0	0	0	0	0	0	0	0	0	0	0	0	0	0	0	0	0	0	0	0	0	0	0	0	0	0	0	0	0	0	0	0	0	0	0	0	43	72	33	15	77	13	45	33	86	80	7	38	59	119	26	120	118	39	100	87	17	69	35	120	13	9	81	12	27	6	2	61	54	62	9	32	13	39	114	94	24	17	5	126	84	79	52	21	6	59	116	17	96	54	107	37	5	78	23	127	105	126	28	122	126	65	77	45
0	0	0	0	0	0	0	0	0	0	0	0	0	0	0	0	0	0	0	0	0	0	0	0	0	0	0	0	0	0	0	0	0	0	0	0	0	0	0	0	0	0	0	0	0	0	0	0	0	0	0	0	0	0	0	0	0	0	0	0	0	82	98	23	46	99	65	24	52	35	25	18	42	123	56	119	55	5	44	56	38	46	88	65	76	32	37	41	103	58	43	90	68	53	76	92	28	6	123	108	72	111	6	85	119	115	109	15	106	104	90	85	52	16	117	21	56	85	75	114	23	77	101	96	16	84	68	95
0	0	0	0	0	0	0	0	0	0	0	0	0	0	0	0	0	0	0	0	0	0	0	0	0	0	0	0	0	0	0	0	0	0	0	0	0	0	0	0	0	0	0	0	0	0	0	0	0	0	0	0	0	0	0	0	0	0	0	0	0	0	30	10	93	78	35	17	76	39	27	78	60	106	51	20	16	12	57	5	98	79	114	16	65	124	105	25	60	2	22	31	12	53	37	95	50	103	16	113	84	101	11	11	123	121	98	1	36	43	84	95	38	104	121	14	1	93	44	29	16	46	81	91	40	3	47	111
0	0	0	0	0	0	0	0	0	0	0	0	0	0	0	0	0	0	0	0	0	0	0	0	0	0	0	0	0	0	0	0	0	0	0	0	0	0	0	0	0	0	0	0	0	0	0	0	0	0	0	0	0	0	0	0	0	0	0	0	0	0	0	86	84	26	111	27	36	6	35	79	120	122	88	3	71	61	41	79	55	9	81	73	23	88	92	56	70	108	122	42	126	111	117	105	101	100	22	122	18	117	23	41	28	67	12	35	6	128	39	119	59	128	75	128	89	76	22	123	113	73	43	19	39	34	57	30
0	0	0	0	0	0	0	0	0	0	0	0	0	0	0	0	0	0	0	0	0	0	0	0	0	0	0	0	0	0	0	0	0	0	0	0	0	0	0	0	0	0	0	0	0	0	0	0	0	0	0	0	0	0	0	0	0	0	0	0	0	0	0	0	79	48	42	39	119	77	3	74	86	15	83	109	35	68	64	72	128	34	51	50	76	102	48	35	105	116	8	64	94	13	115	19	58	93	82	125	84	100	7	74	18	29	76	9	72	101	12	96	78	78	8	117	109	123	109	29	103	113	68	22	38	11	70	55
0	0	0	0	0	0	0	0	0	0	0	0	0	0	0	0	0	0	0	0	0	0	0	0	0	0	0	0	0	0	0	0	0	0	0	0	0	0	0	0	0	0	0	0	0	0	0	0	0	0	0	0	0	0	0	0	0	0	0	0	0	0	0	0	0	60	71	127	19	103	22	73	43	11	43	91	32	10	40	78	49	45	10	34	39	108	89	127	78	7	126	125	55	104	35	34	66	76	36	50	74	86	12	80	82	33	40	33	115	81	77	114	32	14	125	50	71	22	49	85	127	8	13	8	116	115	68	90
0	0	0	0	0	0	0	0	0	0	0	0	0	0	0	0	0	0	0	0	0	0	0	0	0	0	0	0	0	0	0	0	0	0	0	0	0	0	0	0	0	0	0	0	0	0	0	0	0	0	0	0	0	0	0	0	0	0	0	0	0	0	0	0	0	0	108	34	98	25	107	49	73	101	18	88	68	36	120	108	49	127	80	71	113	44	99	60	74	70	87	59	33	90	90	28	51	12	80	107	108	15	114	104	8	75	104	99	70	118	74	55	127	122	126	54	49	86	2	40	18	30	77	91	82	60	123	124
0	0	0	0	0	0	0	0	0	0	0	0	0	0	0	0	0	0	0	0	0	0	0	0	0	0	0	0	0	0	0	0	0	0	0	0	0	0	0	0	0	0	0	0	0	0	0	0	0	0	0	0	0	0	0	0	0	0	0	0	0	0	0	0	0	0	0	82	47	44	58	117	35	73	10	83	118	12	40	72	62	41	17	19	51	11	59	125	103	49	99	90	99	1	73	90	122	37	56	92	114	51	20	65	127	43	102	120	8	108	81	7	50	26	86	54	78	28	113	125	43	30	57	49	42	128	22	122
0	0	0	0	0	0	0	0	0	0	0	0	0	0	0	0	0	0	0	0	0	0	0	0	0	0	0	0	0	0	0	0	0	0	0	0	0	0	0	0	0	0	0	0	0	0	0	0	0	0	0	0	0	0	0	0	0	0	0	0	0	0	0	0	0	0	0	0	75	69	109	63	40	106	35	102	55	22	88	86	70	113	84	12	24	90	114	85	4	11	72	73	126	100	69	42	50	11	30	97	128	25	16	37	122	28	103	62	45	78	94	68	4	41	97	75	115	76	39	120	117	51	127	114	95	64	2	125
0	0	0	0	0	0	0	0	0	0	0	0	0	0	0	0	0	0	0	0	0	0	0	0	0	0	0	0	0	0	0	0	0	0	0	0	0	0	0	0	0	0	0	0	0	0	0	0	0	0	0	0	0	0	0	0	0	0	0	0	0	0	0	0	0	0	0	0	0	70	37	25	10	6	122	73	71	60	20	27	34	95	4	90	54	52	83	38	98	106	52	69	38	111	117	51	6	98	20	64	54	85	10	22	14	116	82	86	32	46	117	18	106	52	4	38	80	75	94	109	123	24	83	118	97	83	42	53
0	0	0	0	0	0	0	0	0	0	0	0	0	0	0	0	0	0	0	0	0	0	0	0	0	0	0	0	0	0	0	0	0	0	0	0	0	0	0	0	0	0	0	0	0	0	0	0	0	0	0	0	0	0	0	0	0	0	0	0	0	0	0	0	0	0	0	0	0	0	89	59	33	90	19	34	38	120	99	115	40	18	99	21	31	18	1	102	118	46	76	92	34	107	32	28	90	101	46	128	8	91	116	91	64	19	50	115	98	91	11	2	115	89	34	113	78	7	92	72	113	96	83	72	33	29	67	42
0	0	0	0	0	0	0	0	0	0	0	0	0	0	0	0	0	0	0	0	0	0	0	0	0	0	0	0	0	0	0	0	0	0	0	0	0	0	0	0	0	0	0	0	0	0	0	0	0	0	0	0	0	0	0	0	0	0	0	0	0	0	0	0	0	0	0	0	0	0	0	77	83	25	34	10	99	117	10	111	41	18	47	110	4	80	124	33	42	8	66	100	60	93	63	1	77	43	15	117	95	62	94	59	10	119	91	102	25	11	8	13	19	1	53	115	63	120	46	3	36	28	44	80	18	127	95	78
0	0	0	0	0	0	0	0	0	0	0	0	0	0	0	0	0	0	0	0	0	0	0	0	0	0	0	0	0	0	0	0	0	0	0	0	0	0	0	0	0	0	0	0	0	0	0	0	0	0	0	0	0	0	0	0	0	0	0	0	0	0	0	0	0	0	0	0	0	0	0	0	11	36	42	123	89	115	63	23	111	49	18	14	39	99	107	46	28	30	85	37	109	84	116	117	104	74	86	13	27	90	5	4	67	116	99	122	87	45	51	51	47	57	10	128	101	10	46	80	16	52	109	109	26	82	94	5
0	0	0	0	0	0	0	0	0	0	0	0	0	0	0	0	0	0	0	0	0	0	0	0	0	0	0	0	0	0	0	0	0	0	0	0	0	0	0	0	0	0	0	0	0	0	0	0	0	0	0	0	0	0	0	0	0	0	0	0	0	0	0	0	0	0	0	0	0	0	0	0	0	82	14	71	71	123	58	85	63	72	73	15	76	100	49	26	18	122	64	77	82	101	32	41	72	92	100	88	5	8	95	100	71	87	118	20	103	128	63	27	80	30	37	86	33	85	98	19	83	7	2	64	49	46	115	126
0	0	0	0	0	0	0	0	0	0	0	0	0	0	0	0	0	0	0	0	0	0	0	0	0	0	0	0	0	0	0	0	0	0	0	0	0	0	0	0	0	0	0	0	0	0	0	0	0	0	0	0	0	0	0	0	0	0	0	0	0	0	0	0	0	0	0	0	0	0	0	0	0	0	99	114	74	77	88	123	62	71	26	46	19	102	99	94	120	44	127	104	101	98	27	94	58	100	11	66	3	22	115	91	55	12	50	75	121	23	45	57	102	114	38	122	112	80	63	120	48	8	108	70	118	127	49	81
0	0	0	0	0	0	0	0	0	0	0	0	0	0	0	0	0	0	0	0	0	0	0	0	0	0	0	0	0	0	0	0	0	0	0	0	0	0	0	0	0	0	0	0	0	0	0	0	0	0	0	0	0	0	0	0	0	0	0	0	0	0	0	0	0	0	0	0	0	0	0	0	0	0	0	76	41	62	67	92	31	98	5	75	41	105	48	51	40	40	21	113	112	71	52	54	97	126	8	104	37	22	83	123	25	51	111	3	86	75	39	36	104	75	123	117	34	89	123	46	39	19	87	78	77	126	73	112
0	0	0	0	0	0	0	0	0	0	0	0	0	0	0	0	0	0	0	0	0	0	0	0	0	0	0	0	0	0	0	0	0	0	0	0	0	0	0	0	0	0	0	0	0	0	0	0	0	0	0	0	0	0	0	0	0	0	0	0	0	0	0	0	0	0	0	0	0	0	0	0	0	0	0	0	121	42	90	46	59	48	4	66	89	117	67	110	46	9	68	47	106	114	65	51	59	13	99	12	54	104	58	40	48	117	70	33	113	7	109	52	66	20	13	14	80	37	23	119	76	111	87	57	13	121	20	123
0	0	0	0	0	0	0	0	0	0	0	0	0	0	0	0	0	0	0	0	0	0	0	0	0	0	0	0	0	0	0	0	0	0	0	0	0	0	0	0	0	0	0	0	0	0	0	0	0	0	0	0	0	0	0	0	0	0	0	0	0	0	0	0	0	0	0	0	0	0	0	0	0	0	0	0	0	27	18	46	91	85	82	108	70	11	28	13	56	100	59	18	97	17	11	82	104	71	9	16	62	89	11	79	54	58	128	62	112	4	103	116	30	55	62	119	7	52	48	116	115	34	102	95	28	96	25	123
0	0	0	0	0	0	0	0	0	0	0	0	0	0	0	0	0	0	0	0	0	0	0	0	0	0	0	0	0	0	0	0	0	0	0	0	0	0	0	0	0	0	0	0	0	0	0	0	0	0	0	0	0	0	0	0	0	0	0	0	0	0	0	0	0	0	0	0	0	0	0	0	0	0	0	0	0	0	83	96	72	18	40	17	26	110	24	121	98	92	54	115	90	39	46	22	85	9	32	19	1	28	91	5	34	90	98	20	102	59	28	71	72	56	30	60	122	10	31	110	118	115	16	5	50	53	119	47
0	0	0	0	0	0	0	0	0	0	0	0	0	0	0	0	0	0	0	0	0	0	0	0	0	0	0	0	0	0	0	0	0	0	0	0	0	0	0	0	0	0	0	0	0	0	0	0	0	0	0	0	0	0	0	0	0	0	0	0	0	0	0	0	0	0	0	0	0	0	0	0	0	0	0	0	0	0	0	126	66	6	127	60	128	104	91	1	96	61	45	53	7	121	113	94	124	13	83	86	23	111	64	128	57	61	91	38	78	63	6	103	84	23	79	19	63	29	1	77	38	20	105	16	78	4	79	39
0	0	0	0	0	0	0	0	0	0	0	0	0	0	0	0	0	0	0	0	0	0	0	0	0	0	0	0	0	0	0	0	0	0	0	0	0	0	0	0	0	0	0	0	0	0	0	0	0	0	0	0	0	0	0	0	0	0	0	0	0	0	0	0	0	0	0	0	0	0	0	0	0	0	0	0	0	0	0	0	56	29	78	13	123	67	68	14	51	72	44	116	109	90	40	37	5	84	72	113	101	97	24	65	64	67	1	91	125	109	26	30	101	56	120	113	77	122	3	83	97	65	84	120	97	53	82	115
0	0	0	0	0	0	0	0	0	0	0	0	0	0	0	0	0	0	0	0	0	0	0	0	0	0	0	0	0	0	0	0	0	0	0	0	0	0	0	0	0	0	0	0	0	0	0	0	0	0	0	0	0	0	0	0	0	0	0	0	0	0	0	0	0	0	0	0	0	0	0	0	0	0	0	0	0	0	0	0	0	60	60	105	117	35	93	2	26	51	75	109	51	1	1	32	7	67	99	93	37	10	73	32	64	15	100	116	4	76	90	87	40	60	8	29	119	17	73	53	66	95	51	8	115	128	59	92
0	0	0	0	0	0	0	0	0	0	0	0	0	0	0	0	0	0	0	0	0	0	0	0	0	0	0	0	0	0	0	0	0	0	0	0	0	0	0	0	0	0	0	0	0	0	0	0	0	0	0	0	0	0	0	0	0	0	0	0	0	0	0	0	0	0	0	0	0	0	0	0	0	0	0	0	0	0	0	0	0	0	70	96	90	63	7	7	19	15	6	92	104	126	63	125	76	7	51	120	90	43	119	119	30	37	74	27	12	92	44	101	98	62	77	115	127	39	123	31	46	79	105	94	6	79	120	46
0	0	0	0	0	0	0	0	0	0	0	0	0	0	0	0	0	0	0	0	0	0	0	0	0	0	0	0	0	0	0	0	0	0	0	0	0	0	0	0	0	0	0	0	0	0	0	0	0	0	0	0	0	0	0	0	0	0	0	0	0	0	0	0	0	0	0	0	0	0	0	0	0	0	0	0	0	0	0	0	0	0	0	86	51	94	12	56	56	57	7	2	57	67	10	22	93	128	2	34	83	64	89	53	15	100	126	14	93	40	108	92	72	110	79	103	56	81	56	83	34	50	57	76	7	66	14	78
0	0	0	0	0	0	0	0	0	0	0	0	0	0	0	0	0	0	0	0	0	0	0	0	0	0	0	0	0	0	0	0	0	0	0	0	0	0	0	0	0	0	0	0	0	0	0	0	0	0	0	0	0	0	0	0	0	0	0	0	0	0	0	0	0	0	0	0	0	0	0	0	0	0	0	0	0	0	0	0	0	0	0	0	118	97	63	9	59	20	89	66	22	85	44	58	39	128	71	53	72	89	63	38	97	76	77	92	36	7	66	5	35	99	10	28	127	122	116	2	21	25	96	118	31	122	77	69
0	0	0	0	0	0	0	0	0	0	0	0	0	0	0	0	0	0	0	0	0	0	0	0	0	0	0	0	0	0	0	0	0	0	0	0	0	0	0	0	0	0	0	0	0	0	0	0	0	0	0	0	0	0	0	0	0	0	0	0	0	0	0	0	0	0	0	0	0	0	0	0	0	0	0	0	0	0	0	0	0	0	0	0	0	124	26	75	45	126	90	69	8	89	24	100	22	51	116	50	67	36	26	42	11	11	95	24	36	87	127	45	30	70	89	56	124	39	83	127	60	34	43	32	27	62	58	101
0	0	0	0	0	0	0	0	0	0	0	0	0	0	0	0	0	0	0	0	0	0	0	0	0	0	0	0	0	0	0	0	0	0	0	0	0	0	0	0	0	0	0	0	0	0	0	0	0	0	0	0	0	0	0	0	0	0	0	0	0	0	0	0	0	0	0	0	0	0	0	0	0	0	0	0	0	0	0	0	0	0	0	0	0	0	49	6	100	29	69	86	56	116	126	74	52	104	12	68	102	45	68	20	79	23	72	109	120	64	75	126	109	40	69	28	21	30	57	14	107	79	12	54	55	22	55	61
0	0	0	0	0	0	0	0	0	0	0	0	0	0	0	0	0	0	0	0	0	0	0	0	0	0	0	0	0	0	0	0	0	0	0	0	0	0	0	0	0	0	0	0	0	0	0	0	0	0	0	0	0	0	0	0	0	0	0	0	0	0	0	0	0	0	0	0	0	0	0	0	0	0	0	0	0	0	0	0	0	0	0	0	0	0	0	70	13	28	54	105	120	108	26	25	121	45	66	98	54	36	3	82	68	93	77	102	3	34	113	9	23	53	90	71	94	65	49	40	37	61	80	6	98	58	116	17
0	0	0	0	0	0	0	0	0	0	0	0	0	0	0	0	0	0	0	0	0	0	0	0	0	0	0	0	0	0	0	0	0	0	0	0	0	0	0	0	0	0	0	0	0	0	0	0	0	0	0	0	0	0	0	0	0	0	0	0	0	0	0	0	0	0	0	0	0	0	0	0	0	0	0	0	0	0	0	0	0	0	0	0	0	0	0	0	126	7	28	80	119	71	118	90	44	79	17	52	115	81	18	61	12	10	3	10	50	87	4	57	83	88	40	95	114	79	128	30	16	55	68	24	66	2	63	102
0	0	0	0	0	0	0	0	0	0	0	0	0	0	0	0	0	0	0	0	0	0	0	0	0	0	0	0	0	0	0	0	0	0	0	0	0	0	0	0	0	0	0	0	0	0	0	0	0	0	0	0	0	0	0	0	0	0	0	0	0	0	0	0	0	0	0	0	0	0	0	0	0	0	0	0	0	0	0	0	0	0	0	0	0	0	0	0	0	119	15	63	67	89	6	61	109	128	104	17	80	2	82	93	102	48	128	37	66	37	84	84	13	70	84	95	110	16	14	49	6	71	76	100	5	36	111	81
0	0	0	0	0	0	0	0	0	0	0	0	0	0	0	0	0	0	0	0	0	0	0	0	0	0	0	0	0	0	0	0	0	0	0	0	0	0	0	0	0	0	0	0	0	0	0	0	0	0	0	0	0	0	0	0	0	0	0	0	0	0	0	0	0	0	0	0	0	0	0	0	0	0	0	0	0	0	0	0	0	0	0	0	0	0	0	0	0	0	119	54	53	26	29	100	68	14	6	115	87	32	80	49	13	43	68	128	120	123	38	33	75	89	79	29	38	49	5	24	12	9	86	71	91	18	32	50
0	0	0	0	0	0	0	0	0	0	0	0	0	0	0	0	0	0	0	0	0	0	0	0	0	0	0	0	0	0	0	0	0	0	0	0	0	0	0	0	0	0	0	0	0	0	0	0	0	0	0	0	0	0	0	0	0	0	0	0	0	0	0	0	0	0	0	0	0	0	0	0	0	0	0	0	0	0	0	0	0	0	0	0	0	0	0	0	0	0	0	18	87	70	2	95	62	4	97	24	3	26	38	70	10	106	123	15	26	106	84	96	98	6	121	110	80	8	78	101	104	39	73	12	91	29	29	84
0	0	0	0	0	0	0	0	0	0	0	0	0	0	0	0	0	0	0	0	0	0	0	0	0	0	0	0	0	0	0	0	0	0	0	0	0	0	0	0	0	0	0	0	0	0	0	0	0	0	0	0	0	0	0	0	0	0	0	0	0	0	0	0	0	0	0	0	0	0	0	0	0	0	0	0	0	0	0	0	0	0	0	0	0	0	0	0	0	0	0	0	9	78	73	90	52	59	102	105	84	43	93	8	86	19	90	66	63	37	40	92	33	116	77	84	22	128	40	113	90	48	90	101	82	122	63	52
0	0	0	0	0	0	0	0	0	0	0	0	0	0	0	0	0	0	0	0	0	0	0	0	0	0	0	0	0	0	0	0	0	0	0	0	0	0	0	0	0	0	0	0	0	0	0	0	0	0	0	0	0	0	0	0	0	0	0	0	0	0	0	0	0	0	0	0	0	0	0	0	0	0	0	0	0	0	0	0	0	0	0	0	0	0	0	0	0	0	0	0	0	112	100	73	85	114	102	65	78	94	110	105	30	3	95	53	62	109	39	2	103	32	12	122	121	55	109	104	128	48	128	22	33	96	100	52
0	0	0	0	0	0	0	0	0	0	0	0	0	0	0	0	0	0	0	0	0	0	0	0	0	0	0	0	0	0	0	0	0	0	0	0	0	0	0	0	0	0	0	0	0	0	0	0	0	0	0	0	0	0	0	0	0	0	0	0	0	0	0	0	0	0	0	0	0	0	0	0	0	0	0	0	0	0	0	0	0	0	0	0	0	0	0	0	0	0	0	0	0	0	20	83	76	73	106	51	89	63	85	92	58	16	49	109	37	102	93	94	33	74	71	56	50	82	107	12	42	102	66	43	57	114	121	57
0	0	0	0	0	0	0	0	0	0	0	0	0	0	0	0	0	0	0	0	0	0	0	0	0	0	0	0	0	0	0	0	0	0	0	0	0	0	0	0	0	0	0	0	0	0	0	0	0	0	0	0	0	0	0	0	0	0	0	0	0	0	0	0	0	0	0	0	0	0	0	0	0	0	0	0	0	0	0	0	0	0	0	0	0	0	0	0	0	0	0	0	0	0	0	95	27	107	29	5	1	9	50	89	52	69	102	37	38	12	88	87	108	8	65	39	68	64	48	105	100	9	67	42	53	32	106	119
0	0	0	0	0	0	0	0	0	0	0	0	0	0	0	0	0	0	0	0	0	0	0	0	0	0	0	0	0	0	0	0	0	0	0	0	0	0	0	0	0	0	0	0	0	0	0	0	0	0	0	0	0	0	0	0	0	0	0	0	0	0	0	0	0	0	0	0	0	0	0	0	0	0	0	0	0	0	0	0	0	0	0	0	0	0	0	0	0	0	0	0	0	0	0	0	75	125	48	27	64	33	17	68	77	23	59	21	95	99	104	68	2	39	31	86	31	114	1	14	42	22	81	71	31	89	119	40
0	0	0	0	0	0	0	0	0	0	0	0	0	0	0	0	0	0	0	0	0	0	0	0	0	0	0	0	0	0	0	0	0	0	0	0	0	0	0	0	0	0	0	0	0	0	0	0	0	0	0	0	0	0	0	0	0	0	0	0	0	0	0	0	0	0	0	0	0	0	0	0	0	0	0	0	0	0	0	0	0	0	0	0	0	0	0	0	0	0	0	0	0	0	0	0	0	87	26	18	34	1	13	21	68	113	101	72	31	75	107	52	39	71	20	72	110	56	75	26	102	58	3	86	69	117	59	32
0	0	0	0	0	0	0	0	0	0	0	0	0	0	0	0	0	0	0	0	0	0	0	0	0	0	0	0	0	0	0	0	0	0	0	0	0	0	0	0	0	0	0	0	0	0	0	0	0	0	0	0	0	0	0	0	0	0	0	0	0	0	0	0	0	0	0	0	0	0	0	0	0	0	0	0	0	0	0	0	0	0	0	0	0	0	0	0	0	0	0	0	0	0	0	0	0	0	1	56	50	107	105	109	96	41	43	46	96	75	121	75	124	81	99	23	73	28	75	97	83	84	38	35	13	51	100	60
0	0	0	0	0	0	0	0	0	0	0	0	0	0	0	0	0	0	0	0	0	0	0	0	0	0	0	0	0	0	0	0	0	0	0	0	0	0	0	0	0	0	0	0	0	0	0	0	0	0	0	0	0	0	0	0	0	0	0	0	0	0	0	0	0	0	0	0	0	0	0	0	0	0	0	0	0	0	0	0	0	0	0	0	0	0	0	0	0	0	0	0	0	0	0	0	0	0	0	51	104	9	117	7	97	96	1	64	117	51	103	56	101	62	66	23	84	70	2	84	107	49	90	78	21	75	13	52
0	0	0	0	0	0	0	0	0	0	0	0	0	0	0	0	0	0	0	0	0	0	0	0	0	0	0	0	0	0	0	0	0	0	0	0	0	0	0	0	0	0	0	0	0	0	0	0	0	0	0	0	0	0	0	0	0	0	0	0	0	0	0	0	0	0	0	0	0	0	0	0	0	0	0	0	0	0	0	0	0	0	0	0	0	0	0	0	0	0	0	0	0	0	0	0	0	0	0	0	51	105	29	103	29	65	27	79	127	40	3	96	114	124	61	76	6	85	113	33	66	47	48	23	20	79	64	56
0	0	0	0	0	0	0	0	0	0	0	0	0	0	0	0	0	0	0	0	0	0	0	0	0	0	0	0	0	0	0	0	0	0	0	0	0	0	0	0	0	0	0	0	0	0	0	0	0	0	0	0	0	0	0	0	0	0	0	0	0	0	0	0	0	0	0	0	0	0	0	0	0	0	0	0	0	0	0	0	0	0	0	0	0	0	0	0	0	0	0	0	0	0	0	0	0	0	0	0	0	49	75	115	38	105	7	45	46	92	74	61	43	51	111	60	124	109	71	121	52	39	123	49	23	12	37	10
0	0	0	0	0	0	0	0	0	0	0	0	0	0	0	0	0	0	0	0	0	0	0	0	0	0	0	0	0	0	0	0	0	0	0	0	0	0	0	0	0	0	0	0	0	0	0	0	0	0	0	0	0	0	0	0	0	0	0	0	0	0	0	0	0	0	0	0	0	0	0	0	0	0	0	0	0	0	0	0	0	0	0	0	0	0	0	0	0	0	0	0	0	0	0	0	0	0	0	0	0	0	124	89	47	19	104	18	118	107	65	9	18	69	17	52	4	5	97	113	122	43	50	83	104	123	61	63
0	0	0	0	0	0	0	0	0	0	0	0	0	0	0	0	0	0	0	0	0	0	0	0	0	0	0	0	0	0	0	0	0	0	0	0	0	0	0	0	0	0	0	0	0	0	0	0	0	0	0	0	0	0	0	0	0	0	0	0	0	0	0	0	0	0	0	0	0	0	0	0	0	0	0	0	0	0	0	0	0	0	0	0	0	0	0	0	0	0	0	0	0	0	0	0	0	0	0	0	0	0	0	51	87	119	35	110	128	74	57	78	32	31	64	106	61	71	40	71	64	70	49	101	90	95	46	30
0	0	0	0	0	0	0	0	0	0	0	0	0	0	0	0	0	0	0	0	0	0	0	0	0	0	0	0	0	0	0	0	0	0	0	0	0	0	0	0	0	0	0	0	0	0	0	0	0	0	0	0	0	0	0	0	0	0	0	0	0	0	0	0	0	0	0	0	0	0	0	0	0	0	0	0	0	0	0	0	0	0	0	0	0	0	0	0	0	0	0	0	0	0	0	0	0	0	0	0	0	0	0	0	24	2	66	19	99	42	40	6	96	60	53	29	33	128	109	36	41	117	44	83	22	42	34	115
0	0	0	0	0	0	0	0	0	0	0	0	0	0	0	0	0	0	0	0	0	0	0	0	0	0	0	0	0	0	0	0	0	0	0	0	0	0	0	0	0	0	0	0	0	0	0	0	0	0	0	0	0	0	0	0	0	0	0	0	0	0	0	0	0	0	0	0	0	0	0	0	0	0	0	0	0	0	0	0	0	0	0	0	0	0	0	0	0	0	0	0	0	0	0	0	0	0	0	0	0	0	0	0	0	72	62	38	14	16	127	77	19	64	89	53	74	46	5	83	115	57	50	68	28	40	84	83
0	0	0	0	0	0	0	0	0	0	0	0	0	0	0	0	0	0	0	0	0	0	0	0	0	0	0	0	0	0	0	0	0	0	0	0	0	0	0	0	0	0	0	0	0	0	0	0	0	0	0	0	0	0	0	0	0	0	0	0	0	0	0	0	0	0	0	0	0	0	0	0	0	0	0	0	0	0	0	0	0	0	0	0	0	0	0	0	0	0	0	0	0	0	0	0	0	0	0	0	0	0	0	0	0	0	93	121	49	18	39	30	106	47	81	54	11	83	39	103	4	127	17	115	41	108	52	107
0	0	0	0	0	0	0	0	0	0	0	0	0	0	0	0	0	0	0	0	0	0	0	0	0	0	0	0	0	0	0	0	0	0	0	0	0	0	0	0	0	0	0	0	0	0	0	0	0	0	0	0	0	0	0	0	0	0	0	0	0	0	0	0	0	0	0	0	0	0	0	0	0	0	0	0	0	0	0	0	0	0	0	0	0	0	0	0	0	0	0	0	0	0	0	0	0	0	0	0	0	0	0	0	0	0	0	78	35	61	8	37	77	117	127	54	110	88	58	23	23	27	52	60	116	102	36	84
0	0	0	0	0	0	0	0	0	0	0	0	0	0	0	0	0	0	0	0	0	0	0	0	0	0	0	0	0	0	0	0	0	0	0	0	0	0	0	0	0	0	0	0	0	0	0	0	0	0	0	0	0	0	0	0	0	0	0	0	0	0	0	0	0	0	0	0	0	0	0	0	0	0	0	0	0	0	0	0	0	0	0	0	0	0	0	0	0	0	0	0	0	0	0	0	0	0	0	0	0	0	0	0	0	0	0	0	16	92	128	42	76	76	116	85	28	46	14	78	102	121	99	15	48	40	57	36
0	0	0	0	0	0	0	0	0	0	0	0	0	0	0	0	0	0	0	0	0	0	0	0	0	0	0	0	0	0	0	0	0	0	0	0	0	0	0	0	0	0	0	0	0	0	0	0	0	0	0	0	0	0	0	0	0	0	0	0	0	0	0	0	0	0	0	0	0	0	0	0	0	0	0	0	0	0	0	0	0	0	0	0	0	0	0	0	0	0	0	0	0	0	0	0	0	0	0	0	0	0	0	0	0	0	0	0	0	128	76	36	128	119	104	105	25	124	68	70	7	6	32	79	44	17	84	86
0	0	0	0	0	0	0	0	0	0	0	0	0	0	0	0	0	0	0	0	0	0	0	0	0	0	0	0	0	0	0	0	0	0	0	0	0	0	0	0	0	0	0	0	0	0	0	0	0	0	0	0	0	0	0	0	0	0	0	0	0	0	0	0	0	0	0	0	0	0	0	0	0	0	0	0	0	0	0	0	0	0	0	0	0	0	0	0	0	0	0	0	0	0	0	0	0	0	0	0	0	0	0	0	0	0	0	0	0	0	110	116	20	114	98	86	59	115	119	88	111	78	17	46	122	86	98	60
0	0	0	0	0	0	0	0	0	0	0	0	0	0	0	0	0	0	0	0	0	0	0	0	0	0	0	0	0	0	0	0	0	0	0	0	0	0	0	0	0	0	0	0	0	0	0	0	0	0	0	0	0	0	0	0	0	0	0	0	0	0	0	0	0	0	0	0	0	0	0	0	0	0	0	0	0	0	0	0	0	0	0	0	0	0	0	0	0	0	0	0	0	0	0	0	0	0	0	0	0	0	0	0	0	0	0	0	0	0	0	32	57	84	13	35	105	91	118	107	106	110	73	100	39	64	50	55
0	0	0	0	0	0	0	0	0	0	0	0	0	0	0	0	0	0	0	0	0	0	0	0	0	0	0	0	0	0	0	0	0	0	0	0	0	0	0	0	0	0	0	0	0	0	0	0	0	0	0	0	0	0	0	0	0	0	0	0	0	0	0	0	0	0	0	0	0	0	0	0	0	0	0	0	0	0	0	0	0	0	0	0	0	0	0	0	0	0	0	0	0	0	0	0	0	0	0	0	0	0	0	0	0	0	0	0	0	0	0	0	68	53	62	2	81	65	126	11	63	107	124	1	109	73	20	117
0	0	0	0	0	0	0	0	0	0	0	0	0	0	0	0	0	0	0	0	0	0	0	0	0	0	0	0	0	0	0	0	0	0	0	0	0	0	0	0	0	0	0	0	0	0	0	0	0	0	0	0	0	0	0	0	0	0	0	0	0	0	0	0	0	0	0	0	0	0	0	0	0	0	0	0	0	0	0	0	0	0	0	0	0	0	0	0	0	0	0	0	0	0	0	0	0	0	0	0	0	0	0	0	0	0	0	0	0	0	0	0	0	36	48	70	60	36	107	118	125	92	26	101	31	95	30	77
0	0	0	0	0	0	0	0	0	0	0	0	0	0	0	0	0	0	0	0	0	0	0	0	0	0	0	0	0	0	0	0	0	0	0	0	0	0	0	0	0	0	0	0	0	0	0	0	0	0	0	0	0	0	0	0	0	0	0	0	0	0	0	0	0	0	0	0	0	0	0	0	0	0	0	0	0	0	0	0	0	0	0	0	0	0	0	0	0	0	0	0	0	0	0	0	0	0	0	0	0	0	0	0	0	0	0	0	0	0	0	0	0	0	97	53	10	38	117	68	99	46	50	113	59	103	58	99
0	0	0	0	0	0	0	0	0	0	0	0	0	0	0	0	0	0	0	0	0	0	0	0	0	0	0	0	0	0	0	0	0	0	0	0	0	0	0	0	0	0	0	0	0	0	0	0	0	0	0	0	0	0	0	0	0	0	0	0	0	0	0	0	0	0	0	0	0	0	0	0	0	0	0	0	0	0	0	0	0	0	0	0	0	0	0	0	0	0	0	0	0	0	0	0	0	0	0	0	0	0	0	0	0	0	0	0	0	0	0	0	0	0	0	70	63	49	27	34	81	38	69	74	39	41	39	11
0	0	0	0	0	0	0	0	0	0	0	0	0	0	0	0	0	0	0	0	0	0	0	0	0	0	0	0	0	0	0	0	0	0	0	0	0	0	0	0	0	0	0	0	0	0	0	0	0	0	0	0	0	0	0	0	0	0	0	0	0	0	0	0	0	0	0	0	0	0	0	0	0	0	0	0	0	0	0	0	0	0	0	0	0	0	0	0	0	0	0	0	0	0	0	0	0	0	0	0	0	0	0	0	0	0	0	0	0	0	0	0	0	0	0	0	88	105	40	14	53	112	79	118	68	78	102	9
0	0	0	0	0	0	0	0	0	0	0	0	0	0	0	0	0	0	0	0	0	0	0	0	0	0	0	0	0	0	0	0	0	0	0	0	0	0	0	0	0	0	0	0	0	0	0	0	0	0	0	0	0	0	0	0	0	0	0	0	0	0	0	0	0	0	0	0	0	0	0	0	0	0	0	0	0	0	0	0	0	0	0	0	0	0	0	0	0	0	0	0	0	0	0	0	0	0	0	0	0	0	0	0	0	0	0	0	0	0	0	0	0	0	0	0	0	84	55	125	43	71	72	46	60	24	124	51
0	0	0	0	0	0	0	0	0	0	0	0	0	0	0	0	0	0	0	0	0	0	0	0	0	0	0	0	0	0	0	0	0	0	0	0	0	0	0	0	0	0	0	0	0	0	0	0	0	0	0	0	0	0	0	0	0	0	0	0	0	0	0	0	0	0	0	0	0	0	0	0	0	0	0	0	0	0	0	0	0	0	0	0	0	0	0	0	0	0	0	0	0	0	0	0	0	0	0	0	0	0	0	0	0	0	0	0	0	0	0	0	0	0	0	0	0	0	124	28	65	65	34	53	28	9	79	70
0	0	0	0	0	0	0	0	0	0	0	0	0	0	0	0	0	0	0	0	0	0	0	0	0	0	0	0	0	0	0	0	0	0	0	0	0	0	0	0	0	0	0	0	0	0	0	0	0	0	0	0	0	0	0	0	0	0	0	0	0	0	0	0	0	0	0	0	0	0	0	0	0	0	0	0	0	0	0	0	0	0	0	0	0	0	0	0	0	0	0	0	0	0	0	0	0	0	0	0	0	0	0	0	0	0	0	0	0	0	0	0	0	0	0	0	0	0	0	109	58	41	111	5	53	105	107	87
0	0	0	0	0	0	0	0	0	0	0	0	0	0	0	0	0	0	0	0	0	0	0	0	0	0	0	0	0	0	0	0	0	0	0	0	0	0	0	0	0	0	0	0	0	0	0	0	0	0	0	0	0	0	0	0	0	0	0	0	0	0	0	0	0	0	0	0	0	0	0	0	0	0	0	0	0	0	0	0	0	0	0	0	0	0	0	0	0	0	0	0	0	0	0	0	0	0	0	0	0	0	0	0	0	0	0	0	0	0	0	0	0	0	0	0	0	0	0	0	68	23	105	119	2	68	26	111
0	0	0	0	0	0	0	0	0	0	0	0	0	0	0	0	0	0	0	0	0	0	0	0	0	0	0	0	0	0	0	0	0	0	0	0	0	0	0	0	0	0	0	0	0	0	0	0	0	0	0	0	0	0	0	0	0	0	0	0	0	0	0	0	0	0	0	0	0	0	0	0	0	0	0	0	0	0	0	0	0	0	0	0	0	0	0	0	0	0	0	0	0	0	0	0	0	0	0	0	0	0	0	0	0	0	0	0	0	0	0	0	0	0	0	0	0	0	0	0	0	49	90	99	125	91	50	28
0	0	0	0	0	0	0	0	0	0	0	0	0	0	0	0	0	0	0	0	0	0	0	0	0	0	0	0	0	0	0	0	0	0	0	0	0	0	0	0	0	0	0	0	0	0	0	0	0	0	0	0	0	0	0	0	0	0	0	0	0	0	0	0	0	0	0	0	0	0	0	0	0	0	0	0	0	0	0	0	0	0	0	0	0	0	0	0	0	0	0	0	0	0	0	0	0	0	0	0	0	0	0	0	0	0	0	0	0	0	0	0	0	0	0	0	0	0	0	0	0	0	34	80	77	9	7	120
0	0	0	0	0	0	0	0	0	0	0	0	0	0	0	0	0	0	0	0	0	0	0	0	0	0	0	0	0	0	0	0	0	0	0	0	0	0	0	0	0	0	0	0	0	0	0	0	0	0	0	0	0	0	0	0	0	0	0	0	0	0	0	0	0	0	0	0	0	0	0	0	0	0	0	0	0	0	0	0	0	0	0	0	0	0	0	0	0	0	0	0	0	0	0	0	0	0	0	0	0	0	0	0	0	0	0	0	0	0	0	0	0	0	0	0	0	0	0	0	0	0	0	80	86	96	50	17
0	0	0	0	0	0	0	0	0	0	0	0	0	0	0	0	0	0	0	0	0	0	0	0	0	0	0	0	0	0	0	0	0	0	0	0	0	0	0	0	0	0	0	0	0	0	0	0	0	0	0	0	0	0	0	0	0	0	0	0	0	0	0	0	0	0	0	0	0	0	0	0	0	0	0	0	0	0	0	0	0	0	0	0	0	0	0	0	0	0	0	0	0	0	0	0	0	0	0	0	0	0	0	0	0	0	0	0	0	0	0	0	0	0	0	0	0	0	0	0	0	0	0	0	67	9	114	18
0	0	0	0	0	0	0	0	0	0	0	0	0	0	0	0	0	0	0	0	0	0	0	0	0	0	0	0	0	0	0	0	0	0	0	0	0	0	0	0	0	0	0	0	0	0	0	0	0	0	0	0	0	0	0	0	0	0	0	0	0	0	0	0	0	0	0	0	0	0	0	0	0	0	0	0	0	0	0	0	0	0	0	0	0	0	0	0	0	0	0	0	0	0	0	0	0	0	0	0	0	0	0	0	0	0	0	0	0	0	0	0	0	0	0	0	0	0	0	0	0	0	0	0	0	31	94	88
0	0	0	0	0	0	0	0	0	0	0	0	0	0	0	0	0	0	0	0	0	0	0	0	0	0	0	0	0	0	0	0	0	0	0	0	0	0	0	0	0	0	0	0	0	0	0	0	0	0	0	0	0	0	0	0	0	0	0	0	0	0	0	0	0	0	0	0	0	0	0	0	0	0	0	0	0	0	0	0	0	0	0	0	0	0	0	0	0	0	0	0	0	0	0	0	0	0	0	0	0	0	0	0	0	0	0	0	0	0	0	0	0	0	0	0	0	0	0	0	0	0	0	0	0	0	39	42
0	0	0	0	0	0	0	0	0	0	0	0	0	0	0	0	0	0	0	0	0	0	0	0	0	0	0	0	0	0	0	0	0	0	0	0	0	0	0	0	0	0	0	0	0	0	0	0	0	0	0	0	0	0	0	0	0	0	0	0	0	0	0	0	0	0	0	0	0	0	0	0	0	0	0	0	0	0	0	0	0	0	0	0	0	0	0	0	0	0	0	0	0	0	0	0	0	0	0	0	0	0	0	0	0	0	0	0	0	0	0	0	0	0	0	0	0	0	0	0	0	0	0	0	0	0	0	90
0	0	0	0	0	0	0	0	0	0	0	0	0	0	0	0	0	0	0	0	0	0	0	0	0	0	0	0	0	0	0	0	0	0	0	0	0	0	0	0	0	0	0	0	0	0	0	0	0	0	0	0	0	0	0	0	0	0	0	0	0	0	0	0	0	0	0	0	0	0	0	0	0	0	0	0	0	0	0	0	0	0	0	0	0	0	0	0	0	0	0	0	0	0	0	0	0	0	0	0	0	0	0	0	0	0	0	0	0	0	0	0	0	0	0	0	0	0	0	0	0	0	0	0	0	0	0	0