0	43	117	110	1	44	121	65	109	103	66	38	79	73	31	111	74	57	72	30	49	112	41	27	84	25	90	81	39	5	35	50	107	79	27	102	25	74	85	48	7	25	23	59	102	29	50	94	33	101	95	10	91	76	69	51	125	112	90	31	85	79	85	26	64	108	34	75	83	22	47	36	73	124	5	118	109	43	67	57	103	74	39	13	89	89	44	90	35	126	101	34	95	18	120	55	108	102	71	112	90	77	105	124	34	125	96	68	107	95	39	35	52	2	88	82	112	83	81	60	108	67	58	78	85	108	20	74
0	0	108	106	125	2	105	37	91	118	41	24	116	53	78	65	28	53	68	64	77	102	29	81	52	90	67	123	56	33	61	5	83	26	93	65	105	81	59	92	80	100	63	62	75	77	54	126	99	27	7	39	5	71	36	32	6	76	38	81	33	25	107	111	59	105	118	126	99	31	60	2	90	127	104	84	59	4	55	126	19	50	117	47	90	44	5	42	13	36	58	118	93	77	68	24	101	11	31	116	78	62	80	58	88	24	127	90	94	41	2	80	15	58	77	26	99	28	125	70	23	61	51	127	96	81	52	75
0	0	0	58	45	96	101	74	125	58	30	96	78	93	18	115	23	59	68	35	22	101	79	127	26	87	42	127	26	1	75	123	49	96	110	2	64	25	79	67	59	14	14	87	128	17	17	98	115	85	47	114	5	50	49	46	49	109	34	40	107	107	80	16	83	40	80	34	118	36	102	94	29	118	60	71	60	83	75	15	36	11	24	66	20	125	63	31	76	110	11	97	44	23	124	118	110	54	2	114	10	72	5	70	57	104	92	25	95	18	102	125	46	34	24	68	2	32	109	72	113	52	4	101	120	119	16	19
0	0	0	0	8	63	120	86	90	63	91	59	21	34	109	57	83	106	84	55	17	1	4	73	96	92	40	11	66	96	71	97	104	15	82	47	114	63	57	16	76	26	22	98	17	55	25	27	102	102	41	117	86	87	11	41	82	57	7	108	51	128	56	36	120	19	21	115	1	75	103	62	46	39	38	54	109	21	56	43	93	108	33	40	104	8	95	67	47	99	64	95	123	111	26	75	32	71	67	31	93	24	62	107	11	59	49	69	75	113	75	101	106	34	111	17	39	36	90	39	23	45	84	36	124	100	61	61
0	0	0	0	0	7	114	101	87	1	25	59	25	81	33	51	115	100	119	1	46	116	94	29	52	29	91	100	44	3	94	126	89	61	62	16	15	95	68	44	51	58	92	1	11	23	31	32	120	39	125	27	2	101	3	26	89	54	106	51	67	6	72	104	107	53	125	68	111	23	28	53	2	11	127	18	89	9	127	5	7	105	15	114	88	27	115	95	19	93	109	106	115	85	113	108	44	48	86	105	11	3	91	32	74	89	86	80	15	45	84	58	2	74	27	17	10	67	58	99	25	90	54	107	49	70	44	92
0	0	0	0	0	0	78	106	92	58	127	128	104	29	94	42	76	76	117	26	15	112	21	109	123	26	95	84	52	9	15	20	117	88	64	122	89	101	45	2	9	44	102	80	17	5	113	16	23	53	53	89	108	56	3	77	33	34	76	106	53	11	53	66	23	60	121	72	82	88	116	99	85	8	65	1	38	55	71	68	43	106	77	30	42	57	14	26	3	11	106	126	108	98	95	7	78	43	79	110	59	8	52	68	35	108	28	36	72	112	77	59	52	128	64	57	128	36	25	71	53	67	106	58	78	125	106	4
0	0	0	0	0	0	0	101	15	99	107	85	118	31	27	50	91	62	27	101	23	105	19	102	37	44	28	25	43	14	5	91	100	57	15	123	112	70	17	83	102	116	93	51	120	67	59	8	62	98	75	55	121	115	60	3	58	89	36	87	70	122	77	124	90	111	121	127	125	126	86	116	62	47	11	64	115	117	23	15	54	21	69	14	78	73	21	28	2	10	52	28	93	26	78	115	49	16	70	2	107	27	66	60	9	61	1	81	64	108	89	98	18	75	46	47	30	31	128	13	1	96	103	51	68	109	101	66
0	0	0	0	0	0	0	0	68	84	40	9	48	71	114	1	35	37	90	65	60	99	85	115	119	63	85	8	106	124	108	109	37	6	99	82	121	92	36	86	6	79	94	115	89	80	2	57	2	41	45	118	104	7	106	24	37	63	9	86	96	35	63	69	78	102	6	31	57	108	57	16	118	51	91	48	95	9	122	112	18	33	121	64	99	25	118	78	14	84	25	69	21	39	98	96	61	51	49	92	42	13	19	70	107	100	122	100	106	95	51	115	44	110	57	83	66	57	66	6	69	86	8	86	91	72	64	110
0	0	0	0	0	0	0	0	0	113	38	75	21	32	6	30	56	80	93	85	92	65	42	65	66	30	9	79	70	112	112	93	106	101	50	101	69	20	104	116	27	101	89	109	72	58	11	43	86	62	103	92	47	111	80	70	87	25	79	79	37	116	27	99	115	74	35	127	118	71	56	111	71	26	113	23	39	97	29	52	51	111	109	73	14	50	54	3	108	124	18	111	23	98	30	14	55	79	23	46	59	80	47	59	20	20	16	102	105	90	69	18	22	99	35	118	81	17	54	47	105	82	84	29	25	30	88	50
0	0	0	0	0	0	0	0	0	0	42	59	106	9	125	9	56	29	103	123	106	44	50	95	29	57	128	126	21	49	27	81	121	73	75	69	78	63	28	104	60	93	91	32	90	50	71	5	88	77	96	18	24	106	125	49	88	76	45	76	66	85	105	20	56	32	18	45	127	7	48	38	33	6	55	52	45	100	46	70	46	102	12	74	30	80	118	77	80	53	54	10	3	108	60	14	26	37	15	58	31	7	70	27	80	74	54	34	104	121	50	93	60	108	51	17	16	28	34	65	20	97	46	55	21	68	78	99
0	0	0	0	0	0	0	0	0	0	0	30	58	57	71	16	92	103	78	50	91	8	125	126	115	67	86	27	79	78	126	109	40	42	125	106	67	37	16	76	61	101	12	3	83	23	37	99	30	11	62	46	109	88	37	29	25	22	105	123	39	64	2	2	71	57	127	115	54	90	64	60	4	125	109	108	29	57	38	82	95	71	74	28	65	35	16	79	30	12	77	108	1	48	8	58	120	74	76	68	52	117	64	47	79	32	48	77	9	28	123	88	13	46	59	122	105	43	51	125	33	87	1	97	23	113	103	73
0	0	0	0	0	0	0	0	0	0	0	0	55	60	89	33	73	72	10	60	73	70	13	124	25	99	50	103	9	67	8	86	118	18	123	44	33	122	98	48	106	121	28	4	113	33	89	17	83	109	4	100	115	27	105	78	123	1	84	50	116	24	109	21	29	54	73	18	115	62	73	67	82	14	30	52	48	45	26	123	112	69	19	48	81	115	46	15	48	52	32	18	104	41	68	89	3	79	72	98	9	4	115	35	70	122	115	107	116	121	112	24	109	110	14	70	89	30	11	41	115	24	5	88	61	41	87	29
0	0	0	0	0	0	0	0	0	0	0	0	0	42	19	64	89	68	90	74	95	36	59	76	71	106	34	112	105	108	39	63	2	109	11	15	4	99	51	46	117	62	94	22	84	95	46	86	95	110	92	29	58	81	75	122	34	89	57	72	118	21	120	11	66	111	102	92	75	24	94	128	10	122	53	35	103	27	21	6	72	90	110	103	44	122	58	19	97	102	33	125	54	32	27	8	58	65	54	73	94	77	57	12	91	17	62	50	117	105	124	73	96	28	75	10	9	95	116	111	38	66	122	35	18	19	127	86
0	0	0	0	0	0	0	0	0	0	0	0	0	0	99	37	91	26	50	104	42	27	23	72	50	109	83	35	33	22	32	109	88	93	22	92	64	99	26	126	92	94	23	73	105	69	101	108	95	30	18	67	66	116	68	104	119	121	13	30	94	124	127	125	11	18	64	82	81	127	2	65	38	51	106	44	14	86	79	46	114	111	126	19	50	118	38	12	80	93	3	39	20	47	88	122	86	65	52	114	121	118	88	107	49	56	103	3	44	20	127	106	84	81	83	56	31	19	63	104	20	68	23	117	102	23	95	38
0	0	0	0	0	0	0	0	0	0	0	0	0	0	0	63	75	101	46	78	53	12	39	45	49	107	120	14	72	25	65	108	89	93	122	52	2	54	22	118	123	13	103	81	85	6	112	11	55	75	69	100	97	25	99	38	80	93	29	71	98	85	31	122	49	69	116	116	73	123	34	10	37	74	118	1	120	27	4	26	120	109	61	121	120	71	26	35	58	29	108	34	27	72	85	105	1	120	30	48	42	101	101	11	11	7	13	87	124	41	21	72	74	46	96	25	31	88	5	128	16	79	31	40	13	88	85	65
0	0	0	0	0	0	0	0	0	0	0	0	0	0	0	0	73	15	21	115	31	27	52	104	102	21	123	99	55	112	15	59	30	20	84	32	6	14	42	54	95	55	33	118	75	127	17	121	87	38	39	19	83	117	103	96	20	99	115	40	74	14	18	30	42	26	50	116	46	7	75	31	122	67	124	23	114	48	86	85	96	56	69	127	114	105	102	100	66	16	117	70	111	52	48	64	17	93	74	43	16	66	39	88	62	6	58	9	69	103	82	38	96	49	82	73	6	107	7	116	2	20	69	38	38	30	27	118
0	0	0	0	0	0	0	0	0	0	0	0	0	0	0	0	0	10	15	49	47	7	102	125	49	42	35	39	121	128	28	89	51	48	71	29	16	41	51	87	30	111	82	123	76	128	62	119	27	66	5	113	29	97	42	121	44	123	50	30	123	46	104	12	94	99	92	127	35	22	98	26	68	41	58	37	32	34	58	55	111	42	5	102	61	105	15	96	48	112	58	32	105	21	83	16	13	115	108	116	12	125	110	3	71	57	70	19	106	17	125	90	26	90	65	37	91	32	118	35	72	71	67	108	13	122	113	109
0	0	0	0	0	0	0	0	0	0	0	0	0	0	0	0	0	0	8	32	28	41	47	71	73	22	61	85	19	2	41	114	89	118	81	46	123	81	77	83	99	100	49	55	21	119	122	128	3	41	113	84	70	50	19	45	70	41	94	9	83	74	85	72	8	45	125	66	88	48	8	10	79	97	46	82	115	106	102	62	120	43	18	124	36	35	60	34	26	24	1	123	13	85	35	34	17	74	70	4	47	63	89	118	7	44	82	113	101	38	108	127	95	59	127	89	20	33	58	101	80	54	49	15	27	4	72	12
0	0	0	0	0	0	0	0	0	0	0	0	0	0	0	0	0	0	0	6	43	95	115	95	44	88	118	63	11	25	123	18	109	60	87	6	48	66	55	9	114	128	55	127	68	50	20	83	59	76	105	128	85	87	71	95	45	6	4	112	20	41	4	33	49	37	61	68	57	93	122	1	55	35	77	62	121	112	89	59	100	62	31	120	52	77	115	89	71	25	115	106	42	57	63	76	53	85	58	98	128	86	41	56	112	105	66	43	58	102	58	38	91	67	17	60	2	35	6	48	77	112	107	25	79	29	94	62
0	0	0	0	0	0	0	0	0	0	0	0	0	0	0	0	0	0	0	0	46	116	68	29	72	49	3	68	84	103	64	74	70	72	65	117	90	21	36	82	39	74	40	69	12	13	88	93	125	12	98	61	76	47	113	107	51	122	123	37	51	21	68	17	13	36	71	28	12	71	112	6	85	82	125	127	99	54	26	23	87	77	54	45	125	35	33	85	92	62	61	52	91	68	68	60	116	2	101	67	113	35	111	8	67	15	100	76	26	58	83	49	103	13	90	7	120	116	33	55	6	73	110	91	107	11	90	41
0	0	0	0	0	0	0	0	0	0	0	0	0	0	0	0	0	0	0	0	0	70	43	69	42	45	14	15	44	7	36	77	56	102	6	18	102	49	67	81	28	30	43	105	9	127	116	94	105	37	61	43	108	80	81	24	30	35	13	56	37	46	60	125	96	53	49	89	107	37	64	39	103	30	68	7	56	115	109	68	9	63	21	27	45	96	84	70	60	126	62	73	123	37	8	107	16	80	69	72	25	113	9	2	109	97	29	122	12	19	98	63	82	91	28	94	28	108	9	127	41	82	54	32	38	44	93	121
0	0	0	0	0	0	0	0	0	0	0	0	0	0	0	0	0	0	0	0	0	0	70	40	127	114	35	82	72	53	58	11	18	53	56	13	89	96	50	95	122	7	26	109	73	16	42	94	44	18	43	106	35	93	75	65	39	82	103	89	66	68	65	124	83	9	119	58	63	7	69	39	60	126	24	37	32	10	17	46	4	50	51	110	89	15	79	5	78	118	95	14	72	77	22	25	80	43	69	8	94	49	4	7	50	60	58	27	55	97	123	21	23	104	73	6	78	73	42	23	128	41	69	16	120	107	119	13
0	0	0	0	0	0	0	0	0	0	0	0	0	0	0	0	0	0	0	0	0	0	0	86	107	82	76	110	128	15	121	73	123	31	9	101	84	116	113	71	8	24	23	125	79	99	115	71	11	77	67	14	40	56	95	54	103	64	119	86	77	18	19	31	58	59	99	33	62	78	109	9	110	85	6	123	75	46	74	115	60	32	97	57	94	16	28	7	78	11	68	70	94	117	103	69	101	59	36	13	17	46	4	85	57	52	15	65	117	73	70	89	1	71	77	126	58	10	40	48	103	67	88	116	57	50	100	123
0	0	0	0	0	0	0	0	0	0	0	0	0	0	0	0	0	0	0	0	0	0	0	0	89	124	72	24	27	23	100	16	128	119	84	4	111	61	88	103	19	30	1	16	120	114	77	120	1	100	3	59	35	67	107	6	96	43	5	93	76	95	33	88	45	72	5	107	98	114	34	16	75	35	6	65	112	52	37	7	79	44	75	97	126	1	109	27	39	103	50	15	50	95	66	49	32	125	1	73	34	46	32	90	120	50	28	125	91	64	4	85	100	68	86	65	22	14	10	2	89	104	116	104	45	22	65	37
0	0	0	0	0	0	0	0	0	0	0	0	0	0	0	0	0	0	0	0	0	0	0	0	0	82	122	92	103	76	77	121	108	42	101	100	23	67	36	11	38	86	18	11	103	100	56	7	100	9	114	99	84	29	11	69	6	106	45	2	1	12	121	59	115	56	31	94	19	92	124	125	23	93	68	38	67	108	2	9	51	72	127	61	105	63	79	2	52	60	2	58	72	2	73	27	121	20	53	48	18	99	74	109	17	65	19	18	91	108	50	34	100	29	36	28	3	66	46	95	9	89	112	124	101	101	90	55
0	0	0	0	0	0	0	0	0	0	0	0	0	0	0	0	0	0	0	0	0	0	0	0	0	0	85	80	105	61	102	126	47	62	96	53	118	36	16	53	106	42	88	101	67	108	126	78	123	90	28	16	36	51	27	52	25	25	90	28	120	47	54	78	43	72	46	45	72	10	73	80	35	62	16	18	39	3	128	56	49	71	19	53	27	120	19	17	74	124	57	81	38	6	53	105	59	95	36	69	96	92	23	90	34	118	41	19	49	37	51	99	57	48	5	45	93	74	13	79	12	28	9	95	34	1	28	123
0	0	0	0	0	0	0	0	0	0	0	0	0	0	0	0	0	0	0	0	0	0	0	0	0	0	0	86	53	34	9	45	86	63	107	61	128	121	79	88	103	61	99	98	21	71	6	56	48	71	112	61	73	40	109	70	124	88	111	31	79	94	54	99	86	57	29	31	24	94	112	76	13	77	90	4	10	4	118	58	58	121	68	122	60	102	115	90	68	83	9	68	99	81	100	86	40	41	74	107	57	66	95	72	3	118	66	72	62	82	11	15	126	34	79	100	97	126	86	125	95	48	35	52	7	89	101	51
0	0	0	0	0	0	0	0	0	0	0	0	0	0	0	0	0	0	0	0	0	0	0	0	0	0	0	0	90	12	104	68	6	13	77	36	4	51	125	110	59	49	79	46	90	35	45	56	96	28	28	106	14	20	10	51	107	20	4	91	53	30	91	56	36	21	19	74	90	64	31	79	80	31	38	61	33	28	12	16	110	63	119	31	59	108	65	117	87	49	71	78	73	7	95	62	3	93	66	126	94	28	46	122	64	43	75	19	63	15	38	22	13	58	106	12	37	118	35	61	53	20	113	97	70	127	1	4
0	0	0	0	0	0	0	0	0	0	0	0	0	0	0	0	0	0	0	0	0	0	0	0	0	0	0	0	0	53	119	18	66	72	52	7	73	96	25	62	66	82	32	2	27	24	5	57	52	109	31	128	25	105	37	100	79	51	10	93	84	39	33	9	92	76	99	125	86	22	87	15	4	43	115	74	39	94	19	55	74	82	95	7	122	43	81	112	96	56	11	104	78	26	28	107	55	116	40	56	96	83	52	42	52	113	41	27	15	117	3	83	32	102	69	21	40	88	124	18	67	70	120	25	18	123	1	55
0	0	0	0	0	0	0	0	0	0	0	0	0	0	0	0	0	0	0	0	0	0	0	0	0	0	0	0	0	0	61	93	81	55	127	12	102	46	45	43	112	71	123	104	93	101	95	93	89	1	31	5	62	84	77	109	1	30	127	41	24	43	125	64	94	95	33	69	48	86	66	69	29	81	19	95	110	54	26	104	65	74	44	117	13	90	69	52	64	96	62	54	55	66	19	9	22	6	108	10	37	113	107	16	97	85	71	21	63	55	1	13	81	47	91	42	88	92	21	78	103	122	121	120	105	22	54	89
0	0	0	0	0	0	0	0	0	0	0	0	0	0	0	0	0	0	0	0	0	0	0	0	0	0	0	0	0	0	0	71	110	96	27	67	3	20	76	33	59	34	28	31	19	113	71	46	94	58	8	57	80	107	27	78	76	29	92	62	89	65	65	48	89	8	38	75	33	84	36	91	28	69	64	95	77	7	87	105	13	47	40	44	106	25	33	116	17	57	8	42	91	71	112	119	79	44	36	11	82	80	38	77	111	40	122	103	50	3	59	47	18	100	9	67	110	97	70	104	109	89	88	123	108	66	1	122
0	0	0	0	0	0	0	0	0	0	0	0	0	0	0	0	0	0	0	0	0	0	0	0	0	0	0	0	0	0	0	0	88	34	85	57	51	20	101	49	62	106	110	88	87	32	68	93	48	49	87	79	23	126	97	62	26	126	110	94	105	36	42	42	113	98	9	117	92	65	125	22	61	49	57	112	50	71	85	84	75	41	125	104	28	24	4	117	68	118	12	96	124	73	80	62	92	55	21	35	78	9	32	117	47	56	12	40	4	63	126	123	65	5	108	56	15	49	65	96	10	20	53	17	65	70	100	35
0	0	0	0	0	0	0	0	0	0	0	0	0	0	0	0	0	0	0	0	0	0	0	0	0	0	0	0	0	0	0	0	0	47	54	26	77	44	107	33	96	125	109	107	113	5	106	88	112	16	14	36	66	98	36	99	80	3	108	31	82	76	69	1	5	66	73	113	41	58	60	90	67	114	47	96	67	114	121	65	35	118	110	1	35	24	118	74	117	47	93	24	25	58	36	105	53	58	125	10	75	99	32	115	16	41	63	108	99	10	89	5	76	61	56	21	74	6	126	22	59	97	111	13	6	100	75	108
0	0	0	0	0	0	0	0	0	0	0	0	0	0	0	0	0	0	0	0	0	0	0	0	0	0	0	0	0	0	0	0	0	0	8	28	100	58	122	47	81	113	87	87	64	28	31	12	67	4	83	86	76	128	28	90	107	125	82	40	18	85	9	1	77	13	54	95	65	8	127	63	15	128	111	76	51	90	66	66	61	56	33	33	122	117	30	12	29	128	27	11	75	32	75	112	90	74	58	51	62	33	97	48	128	43	86	66	4	14	59	70	31	43	38	119	4	52	91	97	5	126	100	107	11	98	43	95
0	0	0	0	0	0	0	0	0	0	0	0	0	0	0	0	0	0	0	0	0	0	0	0	0	0	0	0	0	0	0	0	0	0	0	64	53	99	52	107	19	110	60	50	115	31	20	8	117	30	115	33	103	48	37	42	79	18	121	83	18	7	82	42	127	38	54	28	71	76	104	83	114	9	120	32	11	47	100	118	49	93	44	55	111	37	40	64	17	25	44	83	28	65	116	95	30	31	38	112	120	42	6	98	21	57	105	117	120	127	85	58	44	16	30	40	51	65	11	77	62	99	31	27	70	41	7	87
0	0	0	0	0	0	0	0	0	0	0	0	0	0	0	0	0	0	0	0	0	0	0	0	0	0	0	0	0	0	0	0	0	0	0	0	11	35	21	90	128	99	41	70	30	95	52	4	14	97	54	79	89	87	56	40	6	14	90	75	56	72	44	119	108	22	126	46	99	25	41	84	55	30	93	84	23	16	52	74	3	10	7	31	93	92	113	44	93	13	79	89	36	89	36	93	98	64	93	86	125	47	17	70	77	102	29	27	115	33	80	21	49	71	88	53	123	20	87	39	35	124	94	62	56	75	3	76
0	0	0	0	0	0	0	0	0	0	0	0	0	0	0	0	0	0	0	0	0	0	0	0	0	0	0	0	0	0	0	0	0	0	0	0	0	68	65	31	67	29	122	90	40	8	63	24	99	75	106	88	60	102	87	18	40	60	101	72	51	115	74	47	71	14	78	116	37	118	68	71	89	111	53	40	101	89	71	15	9	75	20	17	8	123	96	101	90	35	114	52	76	22	21	113	97	14	8	79	110	6	80	63	10	5	13	40	68	51	103	24	124	49	57	8	50	92	24	123	46	80	46	21	120	22	81	106
0	0	0	0	0	0	0	0	0	0	0	0	0	0	0	0	0	0	0	0	0	0	0	0	0	0	0	0	0	0	0	0	0	0	0	0	0	0	107	78	35	61	90	92	91	10	33	109	114	108	95	45	121	60	22	69	96	71	113	31	115	2	1	70	116	60	57	13	67	22	56	100	58	123	96	98	35	32	92	31	105	3	67	118	62	93	39	15	10	96	18	109	33	2	123	56	39	115	35	104	102	60	61	107	50	63	71	5	124	61	57	119	8	71	69	70	86	103	125	87	96	28	97	92	89	94	104	61
0	0	0	0	0	0	0	0	0	0	0	0	0	0	0	0	0	0	0	0	0	0	0	0	0	0	0	0	0	0	0	0	0	0	0	0	0	0	0	74	76	7	30	60	90	72	105	55	56	58	123	45	116	86	49	1	52	22	34	60	26	56	62	39	46	128	128	37	18	31	118	84	70	22	43	35	7	75	1	25	20	53	118	105	93	45	81	17	90	54	31	41	126	91	62	40	7	50	18	128	64	14	128	35	28	32	48	127	75	89	41	49	2	118	121	4	15	66	103	69	19	42	124	26	55	19	37	120
0	0	0	0	0	0	0	0	0	0	0	0	0	0	0	0	0	0	0	0	0	0	0	0	0	0	0	0	0	0	0	0	0	0	0	0	0	0	0	0	36	30	17	34	60	52	97	20	26	100	18	12	20	77	41	58	51	69	74	100	1	19	47	106	60	89	84	97	2	47	92	19	86	47	113	38	27	2	9	67	78	97	62	9	9	120	14	82	49	21	54	97	6	97	93	110	93	28	87	107	68	75	115	74	26	32	81	70	20	56	14	17	57	22	68	42	39	2	85	60	108	17	96	114	61	7	25	37
0	0	0	0	0	0	0	0	0	0	0	0	0	0	0	0	0	0	0	0	0	0	0	0	0	0	0	0	0	0	0	0	0	0	0	0	0	0	0	0	0	69	69	102	25	59	67	18	67	26	68	84	106	70	89	21	76	91	11	71	39	57	69	121	4	1	40	7	66	51	87	70	50	22	30	72	38	41	121	11	50	40	18	22	52	76	113	78	54	29	82	25	63	2	15	83	81	7	13	90	82	128	125	117	105	55	35	24	111	100	123	115	52	121	36	15	22	94	114	110	72	117	27	51	85	112	67	93
0	0	0	0	0	0	0	0	0	0	0	0	0	0	0	0	0	0	0	0	0	0	0	0	0	0	0	0	0	0	0	0	0	0	0	0	0	0	0	0	0	0	124	49	97	50	39	30	104	86	103	66	3	41	9	62	18	23	97	118	106	86	74	53	81	100	93	70	44	13	121	27	11	53	117	69	33	104	29	11	78	57	93	59	59	50	15	46	35	83	20	36	73	71	78	79	68	44	51	63	111	111	109	17	36	77	36	20	115	49	67	77	109	78	18	33	67	114	40	35	111	32	52	77	5	21	127	10
0	0	0	0	0	0	0	0	0	0	0	0	0	0	0	0	0	0	0	0	0	0	0	0	0	0	0	0	0	0	0	0	0	0	0	0	0	0	0	0	0	0	0	128	59	40	108	20	67	50	66	82	23	37	19	121	121	57	2	90	39	28	39	31	109	124	113	79	30	61	37	69	52	1	111	85	17	88	19	122	69	28	11	18	77	55	4	84	29	19	122	100	7	23	58	45	57	123	12	2	116	48	11	114	46	38	76	77	45	58	39	63	16	44	41	121	32	68	110	2	40	114	14	105	53	49	49	10
0	0	0	0	0	0	0	0	0	0	0	0	0	0	0	0	0	0	0	0	0	0	0	0	0	0	0	0	0	0	0	0	0	0	0	0	0	0	0	0	0	0	0	0	10	78	99	88	84	65	17	48	62	23	20	117	49	59	114	6	95	76	93	67	13	91	8	19	110	52	102	18	78	46	74	94	84	52	43	30	16	78	112	56	81	85	13	15	97	72	17	90	75	43	30	77	15	121	60	48	54	86	89	83	114	24	33	8	112	102	9	32	18	119	58	19	9	86	13	47	7	39	63	41	31	127	76	84
0	0	0	0	0	0	0	0	0	0	0	0	0	0	0	0	0	0	0	0	0	0	0	0	0	0	0	0	0	0	0	0	0	0	0	0	0	0	0	0	0	0	0	0	0	39	17	99	4	11	67	51	14	6	81	106	41	45	127	110	48	43	120	28	100	110	73	49	77	39	122	57	106	75	57	117	31	87	114	23	55	62	126	107	93	38	84	41	124	84	85	121	21	79	72	68	118	81	78	52	106	108	43	11	85	74	95	9	7	78	15	4	41	46	77	105	91	67	21	72	107	58	64	19	11	80	8	4
0	0	0	0	0	0	0	0	0	0	0	0	0	0	0	0	0	0	0	0	0	0	0	0	0	0	0	0	0	0	0	0	0	0	0	0	0	0	0	0	0	0	0	0	0	0	52	108	13	60	85	127	28	63	72	118	55	38	82	126	112	61	49	4	14	20	30	27	61	67	51	75	117	60	26	30	110	82	35	96	17	114	18	59	30	40	65	117	127	49	105	37	49	107	29	55	19	63	107	69	75	87	40	116	98	105	53	71	39	86	88	79	99	32	122	97	39	31	14	105	28	88	45	10	86	83	34	17
0	0	0	0	0	0	0	0	0	0	0	0	0	0	0	0	0	0	0	0	0	0	0	0	0	0	0	0	0	0	0	0	0	0	0	0	0	0	0	0	0	0	0	0	0	0	0	103	73	102	128	42	83	117	51	109	104	20	90	125	61	109	37	118	94	82	126	75	108	42	20	51	44	112	51	69	111	29	37	21	74	55	39	62	2	76	124	21	57	44	18	42	56	5	105	43	53	26	87	32	15	65	84	4	95	39	128	101	128	99	71	5	64	40	63	6	52	100	47	122	107	94	71	106	95	26	67	96
0	0	0	0	0	0	0	0	0	0	0	0	0	0	0	0	0	0	0	0	0	0	0	0	0	0	0	0	0	0	0	0	0	0	0	0	0	0	0	0	0	0	0	0	0	0	0	0	77	36	33	33	114	65	3	40	105	126	78	74	108	20	84	48	127	58	53	114	118	33	10	113	69	3	33	97	46	112	71	14	80	77	8	22	89	118	22	39	59	91	26	124	29	78	97	28	84	47	46	121	90	67	121	9	83	67	126	3	50	52	77	97	98	71	15	57	4	31	78	1	52	64	107	61	31	105	79	46
0	0	0	0	0	0	0	0	0	0	0	0	0	0	0	0	0	0	0	0	0	0	0	0	0	0	0	0	0	0	0	0	0	0	0	0	0	0	0	0	0	0	0	0	0	0	0	0	0	106	55	53	30	16	30	71	121	25	93	115	108	122	16	4	57	97	99	97	127	102	19	23	114	25	106	6	115	62	98	42	101	19	42	27	125	31	48	52	125	10	85	110	37	33	66	22	72	53	103	38	117	58	87	90	87	18	20	38	62	11	5	28	75	50	27	51	15	61	77	52	67	88	93	32	90	114	103	19
0	0	0	0	0	0	0	0	0	0	0	0	0	0	0	0	0	0	0	0	0	0	0	0	0	0	0	0	0	0	0	0	0	0	0	0	0	0	0	0	0	0	0	0	0	0	0	0	0	0	85	25	11	22	14	21	58	89	107	3	23	43	92	93	3	26	67	1	66	72	21	31	43	44	22	31	73	8	97	25	45	9	97	48	53	63	89	22	46	3	14	11	83	95	52	10	123	99	7	37	84	69	30	107	119	43	12	39	14	93	35	16	89	68	44	118	101	17	14	102	68	53	109	83	34	79	121	56
0	0	0	0	0	0	0	0	0	0	0	0	0	0	0	0	0	0	0	0	0	0	0	0	0	0	0	0	0	0	0	0	0	0	0	0	0	0	0	0	0	0	0	0	0	0	0	0	0	0	0	40	39	19	54	47	28	33	31	124	86	5	70	102	34	126	81	127	19	70	6	86	124	96	59	123	58	32	77	21	6	6	83	106	1	25	61	21	29	45	49	105	39	59	51	37	26	77	115	69	3	86	5	62	59	13	48	119	14	114	98	32	33	84	61	72	112	88	53	106	7	75	110	48	63	59	101	40
0	0	0	0	0	0	0	0	0	0	0	0	0	0	0	0	0	0	0	0	0	0	0	0	0	0	0	0	0	0	0	0	0	0	0	0	0	0	0	0	0	0	0	0	0	0	0	0	0	0	0	0	93	7	43	124	93	102	37	40	74	112	27	47	15	49	41	104	104	71	78	92	43	29	59	97	115	84	96	51	7	41	37	126	30	70	30	59	3	91	105	88	91	46	29	83	4	6	103	124	108	67	62	95	55	85	22	79	69	8	60	61	13	81	43	126	63	100	68	30	66	30	21	65	61	25	76	100
0	0	0	0	0	0	0	0	0	0	0	0	0	0	0	0	0	0	0	0	0	0	0	0	0	0	0	0	0	0	0	0	0	0	0	0	0	0	0	0	0	0	0	0	0	0	0	0	0	0	0	0	0	91	91	25	94	59	9	77	108	59	100	126	93	93	116	71	96	87	39	98	99	18	92	55	46	16	106	6	46	119	102	37	44	115	51	101	62	73	113	19	35	75	7	97	53	22	109	8	6	119	97	63	17	60	115	100	119	67	35	107	96	83	10	14	91	33	36	109	38	18	115	33	123	98	68	69
0	0	0	0	0	0	0	0	0	0	0	0	0	0	0	0	0	0	0	0	0	0	0	0	0	0	0	0	0	0	0	0	0	0	0	0	0	0	0	0	0	0	0	0	0	0	0	0	0	0	0	0	0	0	113	4	35	120	38	22	86	26	81	128	36	11	3	70	60	82	60	85	47	94	36	116	55	89	31	32	27	91	50	17	102	70	80	90	105	65	39	76	110	38	72	75	38	37	35	38	37	68	3	102	50	20	58	127	73	14	53	89	80	73	55	38	15	107	67	83	10	86	41	69	104	94	60	37
0	0	0	0	0	0	0	0	0	0	0	0	0	0	0	0	0	0	0	0	0	0	0	0	0	0	0	0	0	0	0	0	0	0	0	0	0	0	0	0	0	0	0	0	0	0	0	0	0	0	0	0	0	0	0	124	99	83	80	124	96	5	47	25	50	35	57	6	83	90	101	11	96	35	44	79	19	28	93	64	72	92	3	15	102	18	71	26	55	101	68	115	89	5	14	120	55	34	97	93	15	45	106	43	78	117	1	9	16	113	17	72	2	53	22	17	26	66	49	106	80	123	81	100	30	52	79	127
0	0	0	0	0	0	0	0	0	0	0	0	0	0	0	0	0	0	0	0	0	0	0	0	0	0	0	0	0	0	0	0	0	0	0	0	0	0	0	0	0	0	0	0	0	0	0	0	0	0	0	0	0	0	0	0	15	28	35	108	126	116	65	98	112	128	105	68	19	22	80	125	42	98	57	28	90	68	3	33	15	98	120	85	9	20	64	44	88	83	15	33	105	111	69	31	55	70	9	44	121	10	75	24	16	18	104	127	84	33	38	124	84	6	75	67	54	11	118	48	108	121	52	54	28	112	79	61
0	0	0	0	0	0	0	0	0	0	0	0	0	0	0	0	0	0	0	0	0	0	0	0	0	0	0	0	0	0	0	0	0	0	0	0	0	0	0	0	0	0	0	0	0	0	0	0	0	0	0	0	0	0	0	0	0	33	109	123	52	7	113	63	24	49	57	124	32	128	91	89	95	97	63	33	71	62	68	78	41	88	101	105	113	90	50	124	110	28	17	62	32	67	33	83	50	124	43	57	18	83	122	61	64	44	126	63	51	52	109	127	39	109	14	55	14	71	117	33	4	35	104	56	59	7	45	68
0	0	0	0	0	0	0	0	0	0	0	0	0	0	0	0	0	0	0	0	0	0	0	0	0	0	0	0	0	0	0	0	0	0	0	0	0	0	0	0	0	0	0	0	0	0	0	0	0	0	0	0	0	0	0	0	0	0	13	103	14	64	111	63	26	125	92	58	16	119	20	5	19	67	29	61	40	119	115	59	68	34	128	119	44	44	114	74	66	108	73	2	125	86	116	127	101	84	1	101	13	21	79	99	64	120	41	33	57	79	14	26	81	126	119	67	28	33	112	71	85	75	52	43	35	49	62	18
0	0	0	0	0	0	0	0	0	0	0	0	0	0	0	0	0	0	0	0	0	0	0	0	0	0	0	0	0	0	0	0	0	0	0	0	0	0	0	0	0	0	0	0	0	0	0	0	0	0	0	0	0	0	0	0	0	0	0	102	62	31	46	119	47	80	100	123	119	8	92	59	109	65	27	99	80	58	59	63	107	50	74	117	28	53	127	57	56	92	88	77	33	53	38	66	7	48	21	97	76	74	128	108	83	119	6	26	126	117	53	118	16	126	91	10	60	102	123	10	64	118	8	50	14	104	103	100
0	0	0	0	0	0	0	0	0	0	0	0	0	0	0	0	0	0	0	0	0	0	0	0	0	0	0	0	0	0	0	0	0	0	0	0	0	0	0	0	0	0	0	0	0	0	0	0	0	0	0	0	0	0	0	0	0	0	0	0	6	74	118	22	4	105	104	59	100	3	122	60	114	126	56	1	85	26	29	75	56	1	98	47	125	40	122	29	6	4	71	65	45	65	119	111	90	62	3	34	123	85	95	73	14	32	50	5	52	89	127	81	60	66	38	6	120	42	106	114	78	123	30	119	121	1	111	62
0	0	0	0	0	0	0	0	0	0	0	0	0	0	0	0	0	0	0	0	0	0	0	0	0	0	0	0	0	0	0	0	0	0	0	0	0	0	0	0	0	0	0	0	0	0	0	0	0	0	0	0	0	0	0	0	0	0	0	0	0	37	43	75	107	72	46	80	95	123	94	32	77	46	10	99	42	40	107	126	112	90	125	40	88	73	19	126	48	116	104	80	52	126	115	94	85	74	85	41	90	26	58	127	19	26	57	6	77	63	17	24	68	22	123	94	21	25	12	27	19	52	79	119	6	18	70	93
0	0	0	0	0	0	0	0	0	0	0	0	0	0	0	0	0	0	0	0	0	0	0	0	0	0	0	0	0	0	0	0	0	0	0	0	0	0	0	0	0	0	0	0	0	0	0	0	0	0	0	0	0	0	0	0	0	0	0	0	0	0	88	18	77	119	60	124	61	58	70	54	55	128	58	9	69	123	66	114	26	88	77	83	28	103	42	88	128	47	2	107	67	54	31	112	96	26	3	23	45	82	123	72	42	60	108	82	93	4	68	96	47	89	54	22	68	107	26	38	9	122	64	20	78	119	3	123
0	0	0	0	0	0	0	0	0	0	0	0	0	0	0	0	0	0	0	0	0	0	0	0	0	0	0	0	0	0	0	0	0	0	0	0	0	0	0	0	0	0	0	0	0	0	0	0	0	0	0	0	0	0	0	0	0	0	0	0	0	0	0	83	22	78	107	30	113	119	14	15	43	104	78	23	119	84	43	34	27	120	69	59	43	122	89	121	61	106	49	76	121	127	94	50	95	53	70	47	121	61	75	89	38	8	84	115	59	48	60	39	95	96	73	8	99	106	24	78	12	106	7	87	117	5	87	59
0	0	0	0	0	0	0	0	0	0	0	0	0	0	0	0	0	0	0	0	0	0	0	0	0	0	0	0	0	0	0	0	0	0	0	0	0	0	0	0	0	0	0	0	0	0	0	0	0	0	0	0	0	0	0	0	0	0	0	0	0	0	0	0	27	67	3	5	74	104	117	24	14	88	41	52	52	108	64	99	30	2	21	117	76	50	23	49	8	108	72	18	26	16	1	63	10	17	7	76	21	81	69	113	113	98	123	107	73	108	40	96	46	62	50	115	15	53	76	19	29	92	73	53	73	2	7	95
0	0	0	0	0	0	0	0	0	0	0	0	0	0	0	0	0	0	0	0	0	0	0	0	0	0	0	0	0	0	0	0	0	0	0	0	0	0	0	0	0	0	0	0	0	0	0	0	0	0	0	0	0	0	0	0	0	0	0	0	0	0	0	0	0	74	47	128	13	81	83	82	64	61	97	34	34	53	37	96	35	41	29	37	14	36	8	84	90	28	92	103	66	63	48	110	49	81	54	3	92	108	56	127	51	95	40	59	18	75	127	61	99	71	25	63	92	98	14	2	16	80	50	13	90	99	115	65
0	0	0	0	0	0	0	0	0	0	0	0	0	0	0	0	0	0	0	0	0	0	0	0	0	0	0	0	0	0	0	0	0	0	0	0	0	0	0	0	0	0	0	0	0	0	0	0	0	0	0	0	0	0	0	0	0	0	0	0	0	0	0	0	0	0	1	114	14	63	32	53	8	69	89	42	109	32	127	6	16	16	80	124	88	56	18	17	29	118	106	17	53	68	113	69	4	69	44	112	66	46	68	52	104	54	20	85	31	26	84	8	14	128	82	32	37	7	87	64	51	84	112	93	119	51	19	117
0	0	0	0	0	0	0	0	0	0	0	0	0	0	0	0	0	0	0	0	0	0	0	0	0	0	0	0	0	0	0	0	0	0	0	0	0	0	0	0	0	0	0	0	0	0	0	0	0	0	0	0	0	0	0	0	0	0	0	0	0	0	0	0	0	0	0	33	121	13	24	20	6	96	101	27	107	54	68	24	51	38	117	117	47	82	45	77	23	47	62	116	112	31	44	62	128	112	12	62	98	102	77	107	105	50	33	53	74	93	4	39	112	102	35	128	45	32	92	6	75	28	107	116	88	89	113	76
0	0	0	0	0	0	0	0	0	0	0	0	0	0	0	0	0	0	0	0	0	0	0	0	0	0	0	0	0	0	0	0	0	0	0	0	0	0	0	0	0	0	0	0	0	0	0	0	0	0	0	0	0	0	0	0	0	0	0	0	0	0	0	0	0	0	0	0	62	4	3	3	4	51	10	109	110	43	23	48	29	16	72	113	2	52	79	3	105	47	67	3	37	104	12	2	88	24	114	11	93	12	73	117	90	128	38	118	31	34	48	100	31	32	94	60	38	98	10	46	110	18	45	34	98	4	66	103
0	0	0	0	0	0	0	0	0	0	0	0	0	0	0	0	0	0	0	0	0	0	0	0	0	0	0	0	0	0	0	0	0	0	0	0	0	0	0	0	0	0	0	0	0	0	0	0	0	0	0	0	0	0	0	0	0	0	0	0	0	0	0	0	0	0	0	0	0	76	105	19	48	62	118	71	38	80	41	112	101	117	103	13	48	109	65	71	9	84	35	112	73	66	49	34	76	28	24	81	93	8	16	69	73	72	49	59	124	25	70	17	75	64	86	13	48	49	85	66	48	51	125	16	24	20	69	123
0	0	0	0	0	0	0	0	0	0	0	0	0	0	0	0	0	0	0	0	0	0	0	0	0	0	0	0	0	0	0	0	0	0	0	0	0	0	0	0	0	0	0	0	0	0	0	0	0	0	0	0	0	0	0	0	0	0	0	0	0	0	0	0	0	0	0	0	0	0	41	11	32	108	106	116	114	77	2	96	66	116	47	126	26	117	23	65	33	29	96	61	95	15	119	55	32	105	47	88	11	24	86	33	52	112	49	16	20	58	71	101	42	106	97	4	11	74	27	93	41	117	56	95	44	61	54	124
0	0	0	0	0	0	0	0	0	0	0	0	0	0	0	0	0	0	0	0	0	0	0	0	0	0	0	0	0	0	0	0	0	0	0	0	0	0	0	0	0	0	0	0	0	0	0	0	0	0	0	0	0	0	0	0	0	0	0	0	0	0	0	0	0	0	0	0	0	0	0	65	79	33	99	120	32	55	59	33	103	52	101	2	112	82	69	89	116	98	78	23	110	62	68	72	1	72	109	68	11	122	124	87	34	57	5	96	50	106	24	36	109	100	5	47	30	82	23	24	65	121	67	30	53	71	48	56
0	0	0	0	0	0	0	0	0	0	0	0	0	0	0	0	0	0	0	0	0	0	0	0	0	0	0	0	0	0	0	0	0	0	0	0	0	0	0	0	0	0	0	0	0	0	0	0	0	0	0	0	0	0	0	0	0	0	0	0	0	0	0	0	0	0	0	0	0	0	0	0	81	88	8	79	88	34	23	99	94	31	6	97	123	56	14	58	88	53	28	93	116	11	87	38	69	90	38	47	54	9	93	114	28	102	43	87	2	71	72	69	9	100	53	83	101	41	85	113	6	21	79	63	60	51	70	42
0	0	0	0	0	0	0	0	0	0	0	0	0	0	0	0	0	0	0	0	0	0	0	0	0	0	0	0	0	0	0	0	0	0	0	0	0	0	0	0	0	0	0	0	0	0	0	0	0	0	0	0	0	0	0	0	0	0	0	0	0	0	0	0	0	0	0	0	0	0	0	0	0	1	116	66	117	99	16	85	114	22	80	24	15	59	11	83	50	90	90	74	79	82	34	1	11	63	45	62	5	104	15	47	94	62	70	3	65	56	100	20	81	102	28	23	13	104	20	82	103	105	122	86	6	87	44	25
0	0	0	0	0	0	0	0	0	0	0	0	0	0	0	0	0	0	0	0	0	0	0	0	0	0	0	0	0	0	0	0	0	0	0	0	0	0	0	0	0	0	0	0	0	0	0	0	0	0	0	0	0	0	0	0	0	0	0	0	0	0	0	0	0	0	0	0	0	0	0	0	0	0	117	50	68	127	4	58	117	109	77	45	74	76	64	115	16	128	61	24	91	4	47	71	114	120	6	13	72	31	122	101	78	51	98	30	75	125	47	58	76	28	25	124	36	22	114	86	100	111	61	85	96	109	66	52
0	0	0	0	0	0	0	0	0	0	0	0	0	0	0	0	0	0	0	0	0	0	0	0	0	0	0	0	0	0	0	0	0	0	0	0	0	0	0	0	0	0	0	0	0	0	0	0	0	0	0	0	0	0	0	0	0	0	0	0	0	0	0	0	0	0	0	0	0	0	0	0	0	0	0	70	51	63	52	32	73	7	125	28	30	119	70	125	60	79	12	26	96	112	24	91	64	10	47	27	69	81	6	87	70	112	32	43	1	75	62	39	6	121	50	62	61	4	78	13	78	93	111	113	7	96	28	44
0	0	0	0	0	0	0	0	0	0	0	0	0	0	0	0	0	0	0	0	0	0	0	0	0	0	0	0	0	0	0	0	0	0	0	0	0	0	0	0	0	0	0	0	0	0	0	0	0	0	0	0	0	0	0	0	0	0	0	0	0	0	0	0	0	0	0	0	0	0	0	0	0	0	0	0	40	62	30	36	15	126	94	18	11	22	121	50	119	35	73	115	12	90	114	70	33	71	62	109	34	77	49	100	1	65	31	92	21	39	36	14	14	60	52	121	104	14	12	84	116	34	73	37	112	13	120	26
0	0	0	0	0	0	0	0	0	0	0	0	0	0	0	0	0	0	0	0	0	0	0	0	0	0	0	0	0	0	0	0	0	0	0	0	0	0	0	0	0	0	0	0	0	0	0	0	0	0	0	0	0	0	0	0	0	0	0	0	0	0	0	0	0	0	0	0	0	0	0	0	0	0	0	0	0	88	96	89	78	50	95	120	21	16	11	96	108	56	118	28	81	120	102	127	9	97	29	98	65	120	111	52	55	46	115	33	93	21	119	51	34	44	84	87	84	94	96	30	116	58	7	25	48	102	89	36
0	0	0	0	0	0	0	0	0	0	0	0	0	0	0	0	0	0	0	0	0	0	0	0	0	0	0	0	0	0	0	0	0	0	0	0	0	0	0	0	0	0	0	0	0	0	0	0	0	0	0	0	0	0	0	0	0	0	0	0	0	0	0	0	0	0	0	0	0	0	0	0	0	0	0	0	0	0	30	13	58	3	5	4	31	26	56	101	27	66	35	76	10	52	86	99	66	99	85	63	85	27	98	79	77	77	24	65	117	41	111	124	66	92	117	13	32	80	128	109	2	70	76	39	19	61	22	1
0	0	0	0	0	0	0	0	0	0	0	0	0	0	0	0	0	0	0	0	0	0	0	0	0	0	0	0	0	0	0	0	0	0	0	0	0	0	0	0	0	0	0	0	0	0	0	0	0	0	0	0	0	0	0	0	0	0	0	0	0	0	0	0	0	0	0	0	0	0	0	0	0	0	0	0	0	0	0	54	80	26	68	6	39	117	71	47	30	88	47	99	100	104	29	3	49	112	40	46	45	21	13	15	28	20	42	64	123	86	35	59	108	120	41	55	78	11	124	23	3	93	87	67	127	45	109	98
0	0	0	0	0	0	0	0	0	0	0	0	0	0	0	0	0	0	0	0	0	0	0	0	0	0	0	0	0	0	0	0	0	0	0	0	0	0	0	0	0	0	0	0	0	0	0	0	0	0	0	0	0	0	0	0	0	0	0	0	0	0	0	0	0	0	0	0	0	0	0	0	0	0	0	0	0	0	0	0	128	79	35	38	119	30	2	30	6	48	81	9	32	112	128	10	9	64	96	84	60	62	32	23	55	5	107	85	80	27	62	82	117	70	66	104	65	100	98	10	37	100	55	113	50	95	49	57
0	0	0	0	0	0	0	0	0	0	0	0	0	0	0	0	0	0	0	0	0	0	0	0	0	0	0	0	0	0	0	0	0	0	0	0	0	0	0	0	0	0	0	0	0	0	0	0	0	0	0	0	0	0	0	0	0	0	0	0	0	0	0	0	0	0	0	0	0	0	0	0	0	0	0	0	0	0	0	0	0	30	71	72	111	34	42	78	24	28	40	95	93	103	24	101	121	82	127	113	98	121	30	20	58	70	46	48	51	6	53	17	94	14	100	50	77	104	78	3	104	85	41	46	50	78	105	109
0	0	0	0	0	0	0	0	0	0	0	0	0	0	0	0	0	0	0	0	0	0	0	0	0	0	0	0	0	0	0	0	0	0	0	0	0	0	0	0	0	0	0	0	0	0	0	0	0	0	0	0	0	0	0	0	0	0	0	0	0	0	0	0	0	0	0	0	0	0	0	0	0	0	0	0	0	0	0	0	0	0	36	13	76	55	107	92	111	123	1	12	121	113	117	42	78	52	19	15	88	2	67	72	40	18	30	42	53	47	78	122	4	18	48	121	124	20	27	11	79	31	43	8	90	92	120	78
0	0	0	0	0	0	0	0	0	0	0	0	0	0	0	0	0	0	0	0	0	0	0	0	0	0	0	0	0	0	0	0	0	0	0	0	0	0	0	0	0	0	0	0	0	0	0	0	0	0	0	0	0	0	0	0	0	0	0	0	0	0	0	0	0	0	0	0	0	0	0	0	0	0	0	0	0	0	0	0	0	0	0	77	110	29	110	47	91	3	44	5	76	118	124	106	30	9	119	11	3	111	30	83	31	43	9	35	45	83	45	59	41	85	23	89	36	73	87	113	34	55	8	84	98	88	5	16
0	0	0	0	0	0	0	0	0	0	0	0	0	0	0	0	0	0	0	0	0	0	0	0	0	0	0	0	0	0	0	0	0	0	0	0	0	0	0	0	0	0	0	0	0	0	0	0	0	0	0	0	0	0	0	0	0	0	0	0	0	0	0	0	0	0	0	0	0	0	0	0	0	0	0	0	0	0	0	0	0	0	0	0	58	25	37	22	59	110	85	74	86	41	65	73	50	66	45	54	114	67	73	105	104	122	56	101	18	101	1	81	115	84	79	8	82	72	9	85	37	70	52	79	36	105	29	60
0	0	0	0	0	0	0	0	0	0	0	0	0	0	0	0	0	0	0	0	0	0	0	0	0	0	0	0	0	0	0	0	0	0	0	0	0	0	0	0	0	0	0	0	0	0	0	0	0	0	0	0	0	0	0	0	0	0	0	0	0	0	0	0	0	0	0	0	0	0	0	0	0	0	0	0	0	0	0	0	0	0	0	0	0	89	8	56	12	31	110	40	59	105	94	94	52	68	89	50	52	110	96	43	31	21	116	14	119	60	51	3	123	95	125	126	66	25	125	9	93	69	21	122	21	40	27	122
0	0	0	0	0	0	0	0	0	0	0	0	0	0	0	0	0	0	0	0	0	0	0	0	0	0	0	0	0	0	0	0	0	0	0	0	0	0	0	0	0	0	0	0	0	0	0	0	0	0	0	0	0	0	0	0	0	0	0	0	0	0	0	0	0	0	0	0	0	0	0	0	0	0	0	0	0	0	0	0	0	0	0	0	0	0	100	123	127	22	6	94	17	4	87	38	55	68	3	29	64	46	50	106	104	47	108	99	57	15	16	74	119	105	11	95	10	107	65	98	55	92	125	31	116	39	21	78
0	0	0	0	0	0	0	0	0	0	0	0	0	0	0	0	0	0	0	0	0	0	0	0	0	0	0	0	0	0	0	0	0	0	0	0	0	0	0	0	0	0	0	0	0	0	0	0	0	0	0	0	0	0	0	0	0	0	0	0	0	0	0	0	0	0	0	0	0	0	0	0	0	0	0	0	0	0	0	0	0	0	0	0	0	0	0	57	13	71	108	41	53	88	118	21	36	104	77	32	74	76	99	37	95	113	17	38	59	42	78	26	58	30	69	98	83	100	12	55	120	102	12	91	113	54	88	40
0	0	0	0	0	0	0	0	0	0	0	0	0	0	0	0	0	0	0	0	0	0	0	0	0	0	0	0	0	0	0	0	0	0	0	0	0	0	0	0	0	0	0	0	0	0	0	0	0	0	0	0	0	0	0	0	0	0	0	0	0	0	0	0	0	0	0	0	0	0	0	0	0	0	0	0	0	0	0	0	0	0	0	0	0	0	0	0	47	41	67	113	12	34	28	124	97	112	15	72	75	127	48	107	14	2	99	18	111	42	100	29	107	65	124	61	118	81	61	98	79	106	21	64	88	117	97	107
0	0	0	0	0	0	0	0	0	0	0	0	0	0	0	0	0	0	0	0	0	0	0	0	0	0	0	0	0	0	0	0	0	0	0	0	0	0	0	0	0	0	0	0	0	0	0	0	0	0	0	0	0	0	0	0	0	0	0	0	0	0	0	0	0	0	0	0	0	0	0	0	0	0	0	0	0	0	0	0	0	0	0	0	0	0	0	0	0	69	9	74	127	117	13	95	122	59	39	79	128	107	47	32	88	52	5	39	38	13	90	91	59	105	106	127	18	14	107	39	11	36	53	81	47	120	125	81
0	0	0	0	0	0	0	0	0	0	0	0	0	0	0	0	0	0	0	0	0	0	0	0	0	0	0	0	0	0	0	0	0	0	0	0	0	0	0	0	0	0	0	0	0	0	0	0	0	0	0	0	0	0	0	0	0	0	0	0	0	0	0	0	0	0	0	0	0	0	0	0	0	0	0	0	0	0	0	0	0	0	0	0	0	0	0	0	0	0	45	89	43	94	12	49	33	78	98	68	116	31	54	110	60	93	16	8	71	112	88	78	119	120	50	49	116	45	104	74	70	37	18	58	85	117	80	95
0	0	0	0	0	0	0	0	0	0	0	0	0	0	0	0	0	0	0	0	0	0	0	0	0	0	0	0	0	0	0	0	0	0	0	0	0	0	0	0	0	0	0	0	0	0	0	0	0	0	0	0	0	0	0	0	0	0	0	0	0	0	0	0	0	0	0	0	0	0	0	0	0	0	0	0	0	0	0	0	0	0	0	0	0	0	0	0	0	0	0	26	82	34	35	76	44	3	62	81	65	21	89	7	42	98	45	47	115	88	14	59	93	128	33	27	113	36	11	22	52	68	107	72	107	39	29	70
0	0	0	0	0	0	0	0	0	0	0	0	0	0	0	0	0	0	0	0	0	0	0	0	0	0	0	0	0	0	0	0	0	0	0	0	0	0	0	0	0	0	0	0	0	0	0	0	0	0	0	0	0	0	0	0	0	0	0	0	0	0	0	0	0	0	0	0	0	0	0	0	0	0	0	0	0	0	0	0	0	0	0	0	0	0	0	0	0	0	0	0	5	85	85	64	1	87	12	72	90	54	121	6	87	115	27	115	127	44	4	48	106	115	112	96	94	39	23	61	97	85	14	66	112	44	90	24
0	0	0	0	0	0	0	0	0	0	0	0	0	0	0	0	0	0	0	0	0	0	0	0	0	0	0	0	0	0	0	0	0	0	0	0	0	0	0	0	0	0	0	0	0	0	0	0	0	0	0	0	0	0	0	0	0	0	0	0	0	0	0	0	0	0	0	0	0	0	0	0	0	0	0	0	0	0	0	0	0	0	0	0	0	0	0	0	0	0	0	0	0	48	63	4	110	18	18	114	44	28	64	75	98	62	26	13	81	94	124	16	41	46	112	55	71	14	60	3	33	44	93	71	126	5	59	21
0	0	0	0	0	0	0	0	0	0	0	0	0	0	0	0	0	0	0	0	0	0	0	0	0	0	0	0	0	0	0	0	0	0	0	0	0	0	0	0	0	0	0	0	0	0	0	0	0	0	0	0	0	0	0	0	0	0	0	0	0	0	0	0	0	0	0	0	0	0	0	0	0	0	0	0	0	0	0	0	0	0	0	0	0	0	0	0	0	0	0	0	0	0	3	28	58	73	51	64	28	24	54	7	72	62	55	28	30	108	68	123	7	25	63	79	52	80	78	12	128	2	3	101	26	51	31	16
0	0	0	0	0	0	0	0	0	0	0	0	0	0	0	0	0	0	0	0	0	0	0	0	0	0	0	0	0	0	0	0	0	0	0	0	0	0	0	0	0	0	0	0	0	0	0	0	0	0	0	0	0	0	0	0	0	0	0	0	0	0	0	0	0	0	0	0	0	0	0	0	0	0	0	0	0	0	0	0	0	0	0	0	0	0	0	0	0	0	0	0	0	0	0	66	71	40	106	35	104	58	78	32	18	108	15	78	82	4	125	61	52	73	84	126	3	69	96	87	28	17	125	91	4	49	7	22
0	0	0	0	0	0	0	0	0	0	0	0	0	0	0	0	0	0	0	0	0	0	0	0	0	0	0	0	0	0	0	0	0	0	0	0	0	0	0	0	0	0	0	0	0	0	0	0	0	0	0	0	0	0	0	0	0	0	0	0	0	0	0	0	0	0	0	0	0	0	0	0	0	0	0	0	0	0	0	0	0	0	0	0	0	0	0	0	0	0	0	0	0	0	0	0	89	38	10	120	8	22	43	82	26	4	17	21	72	68	86	24	104	6	52	13	16	59	32	86	101	112	54	34	26	123	17	61
0	0	0	0	0	0	0	0	0	0	0	0	0	0	0	0	0	0	0	0	0	0	0	0	0	0	0	0	0	0	0	0	0	0	0	0	0	0	0	0	0	0	0	0	0	0	0	0	0	0	0	0	0	0	0	0	0	0	0	0	0	0	0	0	0	0	0	0	0	0	0	0	0	0	0	0	0	0	0	0	0	0	0	0	0	0	0	0	0	0	0	0	0	0	0	0	0	93	69	4	50	107	34	70	12	33	67	30	112	72	20	121	11	76	30	7	34	68	73	110	123	21	68	120	88	84	39	94
0	0	0	0	0	0	0	0	0	0	0	0	0	0	0	0	0	0	0	0	0	0	0	0	0	0	0	0	0	0	0	0	0	0	0	0	0	0	0	0	0	0	0	0	0	0	0	0	0	0	0	0	0	0	0	0	0	0	0	0	0	0	0	0	0	0	0	0	0	0	0	0	0	0	0	0	0	0	0	0	0	0	0	0	0	0	0	0	0	0	0	0	0	0	0	0	0	0	68	115	45	22	120	24	62	35	69	97	55	74	46	123	49	82	96	69	57	18	3	53	93	49	87	73	87	105	94	80
0	0	0	0	0	0	0	0	0	0	0	0	0	0	0	0	0	0	0	0	0	0	0	0	0	0	0	0	0	0	0	0	0	0	0	0	0	0	0	0	0	0	0	0	0	0	0	0	0	0	0	0	0	0	0	0	0	0	0	0	0	0	0	0	0	0	0	0	0	0	0	0	0	0	0	0	0	0	0	0	0	0	0	0	0	0	0	0	0	0	0	0	0	0	0	0	0	0	0	100	50	30	54	12	65	45	21	87	46	71	64	44	89	117	67	53	110	83	4	62	102	37	44	31	57	87	33	10
0	0	0	0	0	0	0	0	0	0	0	0	0	0	0	0	0	0	0	0	0	0	0	0	0	0	0	0	0	0	0	0	0	0	0	0	0	0	0	0	0	0	0	0	0	0	0	0	0	0	0	0	0	0	0	0	0	0	0	0	0	0	0	0	0	0	0	0	0	0	0	0	0	0	0	0	0	0	0	0	0	0	0	0	0	0	0	0	0	0	0	0	0	0	0	0	0	0	0	0	59	18	94	22	45	5	44	117	4	34	16	25	127	121	6	84	27	26	3	124	36	98	85	17	126	1	44	2
0	0	0	0	0	0	0	0	0	0	0	0	0	0	0	0	0	0	0	0	0	0	0	0	0	0	0	0	0	0	0	0	0	0	0	0	0	0	0	0	0	0	0	0	0	0	0	0	0	0	0	0	0	0	0	0	0	0	0	0	0	0	0	0	0	0	0	0	0	0	0	0	0	0	0	0	0	0	0	0	0	0	0	0	0	0	0	0	0	0	0	0	0	0	0	0	0	0	0	0	0	19	80	42	66	4	19	87	88	99	96	92	41	102	115	91	113	4	81	34	65	30	2	52	101	23	127	18
0	0	0	0	0	0	0	0	0	0	0	0	0	0	0	0	0	0	0	0	0	0	0	0	0	0	0	0	0	0	0	0	0	0	0	0	0	0	0	0	0	0	0	0	0	0	0	0	0	0	0	0	0	0	0	0	0	0	0	0	0	0	0	0	0	0	0	0	0	0	0	0	0	0	0	0	0	0	0	0	0	0	0	0	0	0	0	0	0	0	0	0	0	0	0	0	0	0	0	0	0	0	12	20	4	24	69	61	95	117	8	42	83	105	100	73	111	35	125	91	6	37	60	120	121	97	74	65
0	0	0	0	0	0	0	0	0	0	0	0	0	0	0	0	0	0	0	0	0	0	0	0	0	0	0	0	0	0	0	0	0	0	0	0	0	0	0	0	0	0	0	0	0	0	0	0	0	0	0	0	0	0	0	0	0	0	0	0	0	0	0	0	0	0	0	0	0	0	0	0	0	0	0	0	0	0	0	0	0	0	0	0	0	0	0	0	0	0	0	0	0	0	0	0	0	0	0	0	0	0	0	28	125	7	50	40	35	106	65	84	31	44	78	119	32	19	67	27	56	42	83	6	32	99	69	113
0	0	0	0	0	0	0	0	0	0	0	0	0	0	0	0	0	0	0	0	0	0	0	0	0	0	0	0	0	0	0	0	0	0	0	0	0	0	0	0	0	0	0	0	0	0	0	0	0	0	0	0	0	0	0	0	0	0	0	0	0	0	0	0	0	0	0	0	0	0	0	0	0	0	0	0	0	0	0	0	0	0	0	0	0	0	0	0	0	0	0	0	0	0	0	0	0	0	0	0	0	0	0	0	38	89	49	73	118	30	78	96	7	45	23	80	55	100	32	29	46	91	87	100	115	62	85	34
0	0	0	0	0	0	0	0	0	0	0	0	0	0	0	0	0	0	0	0	0	0	0	0	0	0	0	0	0	0	0	0	0	0	0	0	0	0	0	0	0	0	0	0	0	0	0	0	0	0	0	0	0	0	0	0	0	0	0	0	0	0	0	0	0	0	0	0	0	0	0	0	0	0	0	0	0	0	0	0	0	0	0	0	0	0	0	0	0	0	0	0	0	0	0	0	0	0	0	0	0	0	0	0	0	55	90	70	45	110	89	1	24	121	124	36	117	50	52	64	70	2	14	10	103	18	121	10
0	0	0	0	0	0	0	0	0	0	0	0	0	0	0	0	0	0	0	0	0	0	0	0	0	0	0	0	0	0	0	0	0	0	0	0	0	0	0	0	0	0	0	0	0	0	0	0	0	0	0	0	0	0	0	0	0	0	0	0	0	0	0	0	0	0	0	0	0	0	0	0	0	0	0	0	0	0	0	0	0	0	0	0	0	0	0	0	0	0	0	0	0	0	0	0	0	0	0	0	0	0	0	0	0	0	55	120	84	73	115	81	14	49	2	26	93	22	45	16	68	59	18	21	23	113	55	19
0	0	0	0	0	0	0	0	0	0	0	0	0	0	0	0	0	0	0	0	0	0	0	0	0	0	0	0	0	0	0	0	0	0	0	0	0	0	0	0	0	0	0	0	0	0	0	0	0	0	0	0	0	0	0	0	0	0	0	0	0	0	0	0	0	0	0	0	0	0	0	0	0	0	0	0	0	0	0	0	0	0	0	0	0	0	0	0	0	0	0	0	0	0	0	0	0	0	0	0	0	0	0	0	0	0	0	124	128	26	81	34	59	68	21	7	45	21	103	88	103	83	81	11	74	64	25	48
0	0	0	0	0	0	0	0	0	0	0	0	0	0	0	0	0	0	0	0	0	0	0	0	0	0	0	0	0	0	0	0	0	0	0	0	0	0	0	0	0	0	0	0	0	0	0	0	0	0	0	0	0	0	0	0	0	0	0	0	0	0	0	0	0	0	0	0	0	0	0	0	0	0	0	0	0	0	0	0	0	0	0	0	0	0	0	0	0	0	0	0	0	0	0	0	0	0	0	0	0	0	0	0	0	0	0	0	110	27	55	17	104	49	44	111	76	27	80	44	99	69	127	70	44	95	103	30
0	0	0	0	0	0	0	0	0	0	0	0	0	0	0	0	0	0	0	0	0	0	0	0	0	0	0	0	0	0	0	0	0	0	0	0	0	0	0	0	0	0	0	0	0	0	0	0	0	0	0	0	0	0	0	0	0	0	0	0	0	0	0	0	0	0	0	0	0	0	0	0	0	0	0	0	0	0	0	0	0	0	0	0	0	0	0	0	0	0	0	0	0	0	0	0	0	0	0	0	0	0	0	0	0	0	0	0	0	64	82	3	115	48	99	29	60	63	4	32	107	114	48	108	75	123	18	121
0	0	0	0	0	0	0	0	0	0	0	0	0	0	0	0	0	0	0	0	0	0	0	0	0	0	0	0	0	0	0	0	0	0	0	0	0	0	0	0	0	0	0	0	0	0	0	0	0	0	0	0	0	0	0	0	0	0	0	0	0	0	0	0	0	0	0	0	0	0	0	0	0	0	0	0	0	0	0	0	0	0	0	0	0	0	0	0	0	0	0	0	0	0	0	0	0	0	0	0	0	0	0	0	0	0	0	0	0	0	126	38	42	16	95	18	104	123	91	31	1	114	74	85	103	72	114	13
0	0	0	0	0	0	0	0	0	0	0	0	0	0	0	0	0	0	0	0	0	0	0	0	0	0	0	0	0	0	0	0	0	0	0	0	0	0	0	0	0	0	0	0	0	0	0	0	0	0	0	0	0	0	0	0	0	0	0	0	0	0	0	0	0	0	0	0	0	0	0	0	0	0	0	0	0	0	0	0	0	0	0	0	0	0	0	0	0	0	0	0	0	0	0	0	0	0	0	0	0	0	0	0	0	0	0	0	0	0	0	53	123	79	41	48	71	49	8	99	53	18	78	55	43	128	121	68
0	0	0	0	0	0	0	0	0	0	0	0	0	0	0	0	0	0	0	0	0	0	0	0	0	0	0	0	0	0	0	0	0	0	0	0	0	0	0	0	0	0	0	0	0	0	0	0	0	0	0	0	0	0	0	0	0	0	0	0	0	0	0	0	0	0	0	0	0	0	0	0	0	0	0	0	0	0	0	0	0	0	0	0	0	0	0	0	0	0	0	0	0	0	0	0	0	0	0	0	0	0	0	0	0	0	0	0	0	0	0	0	51	119	85	36	74	21	41	7	2	52	49	48	10	73	25	85
0	0	0	0	0	0	0	0	0	0	0	0	0	0	0	0	0	0	0	0	0	0	0	0	0	0	0	0	0	0	0	0	0	0	0	0	0	0	0	0	0	0	0	0	0	0	0	0	0	0	0	0	0	0	0	0	0	0	0	0	0	0	0	0	0	0	0	0	0	0	0	0	0	0	0	0	0	0	0	0	0	0	0	0	0	0	0	0	0	0	0	0	0	0	0	0	0	0	0	0	0	0	0	0	0	0	0	0	0	0	0	0	0	104	33	70	76	16	127	26	3	78	48	7	14	52	58	88
0	0	0	0	0	0	0	0	0	0	0	0	0	0	0	0	0	0	0	0	0	0	0	0	0	0	0	0	0	0	0	0	0	0	0	0	0	0	0	0	0	0	0	0	0	0	0	0	0	0	0	0	0	0	0	0	0	0	0	0	0	0	0	0	0	0	0	0	0	0	0	0	0	0	0	0	0	0	0	0	0	0	0	0	0	0	0	0	0	0	0	0	0	0	0	0	0	0	0	0	0	0	0	0	0	0	0	0	0	0	0	0	0	0	43	63	124	2	125	7	127	85	95	85	119	31	107	122
0	0	0	0	0	0	0	0	0	0	0	0	0	0	0	0	0	0	0	0	0	0	0	0	0	0	0	0	0	0	0	0	0	0	0	0	0	0	0	0	0	0	0	0	0	0	0	0	0	0	0	0	0	0	0	0	0	0	0	0	0	0	0	0	0	0	0	0	0	0	0	0	0	0	0	0	0	0	0	0	0	0	0	0	0	0	0	0	0	0	0	0	0	0	0	0	0	0	0	0	0	0	0	0	0	0	0	0	0	0	0	0	0	0	0	109	13	2	61	4	31	9	87	5	11	17	81	17
0	0	0	0	0	0	0	0	0	0	0	0	0	0	0	0	0	0	0	0	0	0	0	0	0	0	0	0	0	0	0	0	0	0	0	0	0	0	0	0	0	0	0	0	0	0	0	0	0	0	0	0	0	0	0	0	0	0	0	0	0	0	0	0	0	0	0	0	0	0	0	0	0	0	0	0	0	0	0	0	0	0	0	0	0	0	0	0	0	0	0	0	0	0	0	0	0	0	0	0	0	0	0	0	0	0	0	0	0	0	0	0	0	0	0	0	3	12	58	32	63	8	122	128	13	109	44	56
0	0	0	0	0	0	0	0	0	0	0	0	0	0	0	0	0	0	0	0	0	0	0	0	0	0	0	0	0	0	0	0	0	0	0	0	0	0	0	0	0	0	0	0	0	0	0	0	0	0	0	0	0	0	0	0	0	0	0	0	0	0	0	0	0	0	0	0	0	0	0	0	0	0	0	0	0	0	0	0	0	0	0	0	0	0	0	0	0	0	0	0	0	0	0	0	0	0	0	0	0	0	0	0	0	0	0	0	0	0	0	0	0	0	0	0	0	60	119	96	55	68	128	61	78	47	31	22
0	0	0	0	0	0	0	0	0	0	0	0	0	0	0	0	0	0	0	0	0	0	0	0	0	0	0	0	0	0	0	0	0	0	0	0	0	0	0	0	0	0	0	0	0	0	0	0	0	0	0	0	0	0	0	0	0	0	0	0	0	0	0	0	0	0	0	0	0	0	0	0	0	0	0	0	0	0	0	0	0	0	0	0	0	0	0	0	0	0	0	0	0	0	0	0	0	0	0	0	0	0	0	0	0	0	0	0	0	0	0	0	0	0	0	0	0	0	89	123	3	9	73	17	62	26	12	52
0	0	0	0	0	0	0	0	0	0	0	0	0	0	0	0	0	0	0	0	0	0	0	0	0	0	0	0	0	0	0	0	0	0	0	0	0	0	0	0	0	0	0	0	0	0	0	0	0	0	0	0	0	0	0	0	0	0	0	0	0	0	0	0	0	0	0	0	0	0	0	0	0	0	0	0	0	0	0	0	0	0	0	0	0	0	0	0	0	0	0	0	0	0	0	0	0	0	0	0	0	0	0	0	0	0	0	0	0	0	0	0	0	0	0	0	0	0	0	117	109	90	99	43	92	77	102	19
0	0	0	0	0	0	0	0	0	0	0	0	0	0	0	0	0	0	0	0	0	0	0	0	0	0	0	0	0	0	0	0	0	0	0	0	0	0	0	0	0	0	0	0	0	0	0	0	0	0	0	0	0	0	0	0	0	0	0	0	0	0	0	0	0	0	0	0	0	0	0	0	0	0	0	0	0	0	0	0	0	0	0	0	0	0	0	0	0	0	0	0	0	0	0	0	0	0	0	0	0	0	0	0	0	0	0	0	0	0	0	0	0	0	0	0	0	0	0	0	25	11	50	41	98	27	2	45
0	0	0	0	0	0	0	0	0	0	0	0	0	0	0	0	0	0	0	0	0	0	0	0	0	0	0	0	0	0	0	0	0	0	0	0	0	0	0	0	0	0	0	0	0	0	0	0	0	0	0	0	0	0	0	0	0	0	0	0	0	0	0	0	0	0	0	0	0	0	0	0	0	0	0	0	0	0	0	0	0	0	0	0	0	0	0	0	0	0	0	0	0	0	0	0	0	0	0	0	0	0	0	0	0	0	0	0	0	0	0	0	0	0	0	0	0	0	0	0	0	71	59	51	58	19	49	74
0	0	0	0	0	0	0	0	0	0	0	0	0	0	0	0	0	0	0	0	0	0	0	0	0	0	0	0	0	0	0	0	0	0	0	0	0	0	0	0	0	0	0	0	0	0	0	0	0	0	0	0	0	0	0	0	0	0	0	0	0	0	0	0	0	0	0	0	0	0	0	0	0	0	0	0	0	0	0	0	0	0	0	0	0	0	0	0	0	0	0	0	0	0	0	0	0	0	0	0	0	0	0	0	0	0	0	0	0	0	0	0	0	0	0	0	0	0	0	0	0	0	2	47	121	24	30	26
0	0	0	0	0	0	0	0	0	0	0	0	0	0	0	0	0	0	0	0	0	0	0	0	0	0	0	0	0	0	0	0	0	0	0	0	0	0	0	0	0	0	0	0	0	0	0	0	0	0	0	0	0	0	0	0	0	0	0	0	0	0	0	0	0	0	0	0	0	0	0	0	0	0	0	0	0	0	0	0	0	0	0	0	0	0	0	0	0	0	0	0	0	0	0	0	0	0	0	0	0	0	0	0	0	0	0	0	0	0	0	0	0	0	0	0	0	0	0	0	0	0	0	56	36	72	109	89
0	0	0	0	0	0	0	0	0	0	0	0	0	0	0	0	0	0	0	0	0	0	0	0	0	0	0	0	0	0	0	0	0	0	0	0	0	0	0	0	0	0	0	0	0	0	0	0	0	0	0	0	0	0	0	0	0	0	0	0	0	0	0	0	0	0	0	0	0	0	0	0	0	0	0	0	0	0	0	0	0	0	0	0	0	0	0	0	0	0	0	0	0	0	0	0	0	0	0	0	0	0	0	0	0	0	0	0	0	0	0	0	0	0	0	0	0	0	0	0	0	0	0	0	109	18	111	15
0	0	0	0	0	0	0	0	0	0	0	0	0	0	0	0	0	0	0	0	0	0	0	0	0	0	0	0	0	0	0	0	0	0	0	0	0	0	0	0	0	0	0	0	0	0	0	0	0	0	0	0	0	0	0	0	0	0	0	0	0	0	0	0	0	0	0	0	0	0	0	0	0	0	0	0	0	0	0	0	0	0	0	0	0	0	0	0	0	0	0	0	0	0	0	0	0	0	0	0	0	0	0	0	0	0	0	0	0	0	0	0	0	0	0	0	0	0	0	0	0	0	0	0	0	29	83	16
0	0	0	0	0	0	0	0	0	0	0	0	0	0	0	0	0	0	0	0	0	0	0	0	0	0	0	0	0	0	0	0	0	0	0	0	0	0	0	0	0	0	0	0	0	0	0	0	0	0	0	0	0	0	0	0	0	0	0	0	0	0	0	0	0	0	0	0	0	0	0	0	0	0	0	0	0	0	0	0	0	0	0	0	0	0	0	0	0	0	0	0	0	0	0	0	0	0	0	0	0	0	0	0	0	0	0	0	0	0	0	0	0	0	0	0	0	0	0	0	0	0	0	0	0	0	74	40
0	0	0	0	0	0	0	0	0	0	0	0	0	0	0	0	0	0	0	0	0	0	0	0	0	0	0	0	0	0	0	0	0	0	0	0	0	0	0	0	0	0	0	0	0	0	0	0	0	0	0	0	0	0	0	0	0	0	0	0	0	0	0	0	0	0	0	0	0	0	0	0	0	0	0	0	0	0	0	0	0	0	0	0	0	0	0	0	0	0	0	0	0	0	0	0	0	0	0	0	0	0	0	0	0	0	0	0	0	0	0	0	0	0	0	0	0	0	0	0	0	0	0	0	0	0	0	35
0	0	0	0	0	0	0	0	0	0	0	0	0	0	0	0	0	0	0	0	0	0	0	0	0	0	0	0	0	0	0	0	0	0	0	0	0	0	0	0	0	0	0	0	0	0	0	0	0	0	0	0	0	0	0	0	0	0	0	0	0	0	0	0	0	0	0	0	0	0	0	0	0	0	0	0	0	0	0	0	0	0	0	0	0	0	0	0	0	0	0	0	0	0	0	0	0	0	0	0	0	0	0	0	0	0	0	0	0	0	0	0	0	0	0	0	0	0	0	0	0	0	0	0	0	0	0	0