0	84	94	85	116	62	122	52	127	34	96	126	38	25	115	11	17	52	91	53	70	79	31	76	116	57	124	74	35	97	13	106	10	38	108	17	58	56	34	26	67	87	9	32	72	13	117	106	117	3	35	123	102	13	73	63	104	90	79	105	20	32	127	109	126	82	88	124	103	123	88	110	93	119	69	12	60	82	4	4	94	55	27	26	19	90	44	11	51	74	110	40	121	47	66	27	70	7	55	127	49	55	54	98	62	120	48	100	95	32	65	26	15	37	94	46	59	99	112	85	67	46	17	75	54	30	39	36
0	0	26	98	3	100	80	84	118	26	31	67	98	45	88	127	23	103	63	7	86	125	55	96	23	111	81	59	63	108	6	19	116	112	67	49	101	73	111	43	5	23	86	114	51	20	41	67	49	105	18	4	41	26	3	105	88	76	67	95	26	37	7	63	39	57	85	106	114	46	39	56	14	128	112	14	56	79	50	1	86	102	81	22	7	15	39	88	128	51	113	81	7	110	65	100	65	19	87	102	51	27	94	5	122	6	51	14	56	42	13	2	50	123	85	126	121	123	59	64	12	80	59	1	49	103	22	1
0	0	0	91	95	43	68	62	108	52	64	125	7	59	12	33	124	87	105	48	61	34	45	92	47	25	67	74	45	122	78	41	50	1	61	89	67	122	63	87	91	99	77	71	72	63	5	17	56	10	118	124	113	28	128	40	113	2	15	45	97	65	42	38	96	13	19	126	61	40	67	45	100	56	54	90	123	73	99	127	5	89	102	43	102	75	75	14	104	85	123	125	58	75	8	7	42	43	51	19	81	71	128	81	33	124	13	83	23	2	20	45	86	41	17	101	67	75	56	99	81	88	121	87	26	66	79	120
0	0	0	0	72	101	114	59	41	76	19	51	74	54	74	77	78	48	29	45	11	103	115	70	1	81	33	127	9	93	69	94	67	24	45	87	76	126	23	66	112	85	109	81	12	63	8	96	102	9	35	110	126	97	113	76	81	56	46	47	89	37	64	71	101	49	115	18	6	31	70	59	118	117	21	64	42	38	50	49	16	28	20	63	48	32	29	6	26	88	27	62	19	82	95	25	99	71	18	44	13	89	69	45	57	91	82	85	51	48	77	86	35	11	106	108	104	79	76	4	113	66	104	63	53	92	119	77
0	0	0	0	0	95	18	3	114	26	87	103	102	51	53	102	87	58	123	68	72	51	55	24	108	77	45	56	21	87	93	12	76	108	37	125	7	72	44	28	11	117	117	97	95	41	17	62	95	81	107	27	13	75	1	5	126	17	38	67	17	57	115	76	79	6	89	126	67	9	95	25	30	36	6	104	100	42	60	54	33	30	53	84	105	12	46	88	34	70	24	94	61	55	25	5	93	20	71	75	8	78	35	95	21	59	84	127	118	116	81	40	109	23	71	22	106	59	89	94	117	94	88	18	54	43	87	106
0	0	0	0	0	0	2	43	101	115	34	102	115	97	80	62	59	47	27	37	5	24	107	120	65	5	95	113	54	116	89	100	6	24	62	50	90	59	116	49	104	40	44	2	63	32	125	98	78	44	31	115	27	88	50	19	37	63	65	44	78	54	31	50	15	14	48	102	38	90	126	78	72	33	43	24	13	86	11	7	12	37	86	106	95	36	46	69	116	47	66	71	75	120	112	81	17	23	14	27	38	127	78	54	44	109	106	39	74	46	95	94	50	92	41	106	104	86	79	10	18	107	120	128	103	100	117	122
0	0	0	0	0	0	0	111	74	38	60	45	10	55	52	70	88	65	106	78	9	40	39	2	100	4	114	89	42	13	116	6	31	66	79	36	46	77	33	50	38	77	126	78	69	26	16	92	99	126	57	26	8	120	66	116	10	83	99	51	56	91	118	46	82	45	54	96	43	54	64	124	54	84	119	66	72	88	47	81	77	14	24	121	12	41	41	4	78	10	93	38	20	90	71	121	121	99	79	118	30	96	27	95	24	43	19	76	86	53	52	97	77	26	8	6	114	85	95	5	4	28	118	8	51	110	127	15
0	0	0	0	0	0	0	0	28	64	106	8	93	37	88	99	84	122	84	49	96	68	127	125	25	39	4	2	5	67	30	88	94	98	45	51	89	75	88	25	89	111	128	22	111	23	77	88	123	81	75	53	8	43	65	77	115	117	30	108	123	31	65	1	101	100	43	7	123	42	18	16	127	50	36	21	10	37	50	30	61	95	30	95	31	31	55	30	23	32	46	29	106	95	31	48	31	67	50	72	11	39	75	90	68	1	99	65	99	71	120	70	60	91	50	30	106	110	38	121	117	125	20	46	17	91	2	4
0	0	0	0	0	0	0	0	0	43	81	110	7	118	95	91	11	67	72	121	123	63	61	23	68	69	125	74	98	101	50	95	2	102	111	101	43	70	124	112	21	117	31	10	36	57	115	103	57	119	126	81	78	49	69	128	91	106	54	122	20	99	110	18	86	23	85	38	71	122	104	3	46	92	101	12	48	24	38	62	62	125	2	53	18	11	87	93	63	94	17	25	123	126	18	21	11	72	105	72	54	21	71	3	102	24	48	32	81	99	55	112	125	66	9	126	96	74	91	124	39	1	114	87	61	98	109	30
0	0	0	0	0	0	0	0	0	0	119	35	29	88	38	10	47	43	52	89	96	17	64	11	13	22	40	104	69	119	6	83	56	6	53	2	113	90	39	113	87	38	6	26	48	28	16	3	96	109	55	34	46	103	47	33	67	75	94	120	57	122	73	67	116	46	111	3	33	65	32	2	52	114	119	36	7	114	38	127	116	61	48	1	5	40	6	43	2	114	33	2	57	46	61	53	6	92	52	125	41	89	36	67	87	17	78	2	80	103	9	23	92	28	112	26	64	128	35	112	114	87	66	73	44	87	12	20
0	0	0	0	0	0	0	0	0	0	0	60	51	114	68	13	30	56	29	32	33	20	113	128	66	89	3	24	57	80	113	40	6	56	94	98	118	116	88	45	24	86	13	76	93	121	103	41	20	107	126	71	91	35	106	126	28	96	33	91	18	121	112	43	121	85	26	97	71	105	52	18	59	61	105	88	59	128	72	28	82	110	14	27	27	84	48	66	123	81	91	122	81	84	62	115	55	101	36	50	32	2	25	45	42	42	96	69	108	18	18	49	128	25	99	52	8	119	42	104	100	7	63	73	127	105	33	70
0	0	0	0	0	0	0	0	0	0	0	0	91	72	13	112	99	56	55	38	3	62	57	122	106	86	59	87	49	97	15	47	80	34	94	102	103	116	62	65	17	52	62	35	92	32	116	41	90	119	52	36	23	40	9	54	43	115	78	104	37	99	72	46	3	109	127	27	90	40	122	63	16	104	52	8	72	63	26	105	101	32	5	91	18	20	88	70	31	121	111	17	57	116	68	9	40	19	105	7	23	81	71	60	102	60	73	14	1	6	22	2	1	10	80	126	66	50	63	48	44	96	67	91	78	19	81	97
0	0	0	0	0	0	0	0	0	0	0	0	0	115	100	74	29	61	43	37	42	9	85	87	101	44	91	91	7	39	96	78	55	38	30	88	3	13	48	58	117	41	120	62	62	114	37	112	109	51	103	39	58	102	57	28	105	51	72	56	2	117	49	33	19	94	111	28	35	73	5	112	15	76	61	77	53	28	82	111	41	95	79	54	19	1	12	118	103	32	3	119	95	116	126	22	112	99	96	89	62	7	25	30	78	97	23	51	97	106	114	56	77	92	113	114	95	90	112	47	124	5	25	67	40	75	44	98
0	0	0	0	0	0	0	0	0	0	0	0	0	0	94	111	55	66	21	110	126	93	46	114	92	40	30	71	29	118	2	110	120	88	16	27	16	68	99	15	10	6	6	107	90	2	92	124	126	25	86	26	2	12	31	17	54	10	99	77	64	110	27	56	32	22	49	103	58	86	66	94	61	81	119	47	81	54	122	13	11	93	64	96	4	85	45	64	44	121	12	95	17	106	12	6	13	84	90	54	30	89	49	97	47	69	119	73	94	45	44	26	115	97	77	68	90	121	15	116	118	40	93	56	82	13	50	83
0	0	0	0	0	0	0	0	0	0	0	0	0	0	0	8	103	16	87	21	21	94	17	88	78	37	67	46	79	1	36	113	75	12	37	64	121	24	7	93	97	58	90	116	23	3	22	23	92	15	81	81	35	82	128	27	14	83	88	120	114	93	35	69	85	79	108	127	20	30	31	108	19	104	128	71	5	90	96	14	24	105	26	32	94	53	73	29	44	58	6	93	61	15	64	108	64	15	80	58	124	58	4	100	70	105	118	58	62	59	17	2	106	81	19	124	128	34	107	107	10	81	7	122	74	55	74	105
0	0	0	0	0	0	0	0	0	0	0	0	0	0	0	0	102	24	84	73	42	118	11	53	86	126	111	49	89	70	42	119	114	31	62	12	78	50	38	98	43	79	72	22	102	36	112	53	29	103	87	7	42	72	114	74	52	90	76	39	18	80	76	110	112	90	23	79	10	99	13	90	127	122	61	106	21	60	70	83	83	58	56	31	36	66	128	7	102	75	58	100	18	111	110	30	27	44	10	15	93	105	127	81	98	94	66	49	89	21	60	2	93	55	119	96	8	46	126	50	2	124	57	32	21	117	110	90
0	0	0	0	0	0	0	0	0	0	0	0	0	0	0	0	0	35	56	46	39	58	7	52	46	95	6	43	2	106	47	75	57	44	37	109	91	12	113	13	127	54	115	92	107	104	124	85	80	67	95	102	69	82	22	110	22	26	94	91	100	123	36	64	90	17	114	90	29	49	29	27	125	33	53	42	61	12	55	64	44	28	116	114	24	82	78	70	85	64	66	76	54	2	45	44	83	112	116	83	21	18	50	82	3	103	44	120	70	5	114	51	111	32	82	69	74	91	23	88	124	23	36	97	117	72	100	69
0	0	0	0	0	0	0	0	0	0	0	0	0	0	0	0	0	0	21	26	16	49	70	113	128	19	113	50	25	117	12	61	121	48	102	82	43	65	120	43	57	74	74	57	93	48	120	18	92	85	98	80	34	3	8	28	3	69	22	33	123	43	44	72	15	11	99	50	113	22	98	44	60	124	94	128	60	87	96	90	98	73	88	118	13	32	75	37	45	63	125	71	103	20	84	20	90	15	108	87	7	119	26	57	76	128	87	98	99	112	101	32	17	47	121	41	40	112	46	125	105	36	33	14	24	38	108	102
0	0	0	0	0	0	0	0	0	0	0	0	0	0	0	0	0	0	0	112	127	20	8	102	77	46	25	110	2	56	56	95	3	127	6	74	45	34	5	54	80	26	28	102	86	97	69	100	77	105	103	3	75	72	23	73	68	67	63	109	122	50	56	45	25	112	22	77	80	2	63	121	99	54	8	13	80	21	103	22	35	41	124	31	21	73	79	33	99	3	27	9	2	94	44	49	14	34	32	70	73	25	79	17	51	54	7	22	27	43	8	106	1	64	42	98	5	112	53	71	19	50	59	17	25	70	24	61
0	0	0	0	0	0	0	0	0	0	0	0	0	0	0	0	0	0	0	0	18	106	112	128	71	89	38	100	113	48	56	75	28	22	14	108	79	112	38	128	82	124	29	120	34	92	108	35	43	91	82	125	27	71	2	115	88	118	1	23	106	55	24	38	52	98	124	66	60	24	126	83	17	28	29	57	105	92	79	114	60	112	9	125	26	29	123	5	6	98	67	15	14	51	44	41	58	80	101	59	6	17	61	11	30	2	3	86	117	41	124	101	31	5	7	34	75	3	102	41	111	119	104	20	112	50	95	41
0	0	0	0	0	0	0	0	0	0	0	0	0	0	0	0	0	0	0	0	0	20	88	51	112	110	44	87	91	46	40	83	112	19	90	17	16	122	103	19	20	111	90	20	51	13	119	59	122	38	9	76	50	18	78	83	83	71	103	13	58	70	34	114	92	120	87	2	107	114	58	39	103	1	96	93	58	45	7	114	118	94	82	33	117	65	98	103	125	51	29	56	74	69	105	3	7	25	116	91	19	27	66	32	62	33	38	57	6	117	81	87	5	77	115	55	34	110	95	27	124	61	59	122	28	80	36	67
0	0	0	0	0	0	0	0	0	0	0	0	0	0	0	0	0	0	0	0	0	0	115	104	96	82	89	1	28	41	7	87	99	44	34	98	109	18	60	83	76	112	30	114	20	20	83	41	18	67	25	107	46	105	60	7	47	30	94	119	4	79	125	95	91	32	105	80	28	43	88	66	90	61	82	99	114	99	32	15	54	123	98	80	101	25	9	29	101	1	67	123	91	119	128	83	36	126	5	111	43	82	25	125	74	104	30	120	24	79	63	90	95	97	54	126	112	123	78	74	54	61	31	42	90	3	111	50
0	0	0	0	0	0	0	0	0	0	0	0	0	0	0	0	0	0	0	0	0	0	0	128	71	99	66	83	31	120	52	123	9	26	103	103	32	120	65	105	109	128	6	30	32	118	68	7	26	123	45	7	71	50	122	13	102	11	62	126	106	109	71	119	85	83	116	28	126	5	77	3	87	35	2	23	21	120	34	101	69	105	7	99	72	34	8	14	26	102	37	3	1	63	65	2	72	72	40	118	66	79	51	120	11	67	52	42	47	63	109	7	92	41	65	46	20	16	100	109	91	6	68	14	126	121	94	39
0	0	0	0	0	0	0	0	0	0	0	0	0	0	0	0	0	0	0	0	0	0	0	0	43	94	35	26	72	120	35	121	83	47	50	38	116	2	8	127	20	115	20	18	48	89	117	104	47	114	117	18	51	34	21	108	76	18	13	60	42	67	103	112	126	95	57	26	58	40	12	48	90	43	37	15	115	29	107	14	118	54	12	81	11	97	86	44	61	82	104	10	81	115	102	49	9	72	128	119	5	48	44	11	10	43	115	78	56	90	70	71	48	113	63	109	22	23	14	90	34	71	7	119	60	2	39	18
0	0	0	0	0	0	0	0	0	0	0	0	0	0	0	0	0	0	0	0	0	0	0	0	0	25	31	105	29	10	18	5	70	68	46	127	77	101	105	126	51	22	85	59	20	37	1	26	43	11	127	43	70	33	69	21	40	87	111	47	118	88	46	13	94	54	45	106	86	36	72	103	112	102	113	75	58	39	19	112	109	3	23	114	100	66	3	5	37	29	79	80	103	21	115	104	108	47	59	76	7	72	51	110	64	76	90	48	3	93	124	106	103	15	36	5	75	19	109	76	112	45	65	37	63	40	121	33
0	0	0	0	0	0	0	0	0	0	0	0	0	0	0	0	0	0	0	0	0	0	0	0	0	0	95	113	97	8	3	26	51	24	86	53	72	99	93	5	95	115	110	63	27	7	18	106	116	47	123	38	4	10	74	105	19	114	8	63	100	5	66	60	127	98	86	14	29	32	107	114	102	34	79	12	66	37	25	90	108	39	125	88	102	104	40	22	84	117	2	90	71	8	124	53	99	105	86	115	114	35	21	99	55	101	19	104	59	117	111	3	9	88	37	97	85	5	17	90	34	37	77	24	115	127	95	85
0	0	0	0	0	0	0	0	0	0	0	0	0	0	0	0	0	0	0	0	0	0	0	0	0	0	0	104	96	29	47	92	94	72	95	121	28	125	98	108	70	21	26	18	109	110	14	57	4	31	7	29	98	113	59	105	11	48	100	105	36	116	56	85	110	30	28	98	59	28	4	114	18	116	95	27	96	17	111	94	113	36	124	75	95	10	87	116	86	75	24	58	20	109	90	6	38	124	9	43	44	54	63	93	109	20	16	83	90	29	82	1	108	30	28	92	60	42	67	36	100	62	39	114	99	13	16	2
0	0	0	0	0	0	0	0	0	0	0	0	0	0	0	0	0	0	0	0	0	0	0	0	0	0	0	0	48	78	3	117	27	74	38	126	124	108	128	97	18	29	33	20	96	45	45	41	16	105	123	68	23	106	5	75	76	110	37	24	119	40	99	45	80	26	83	28	3	81	57	1	30	117	76	20	112	84	27	52	117	72	79	116	38	13	124	56	128	62	56	46	21	97	124	20	35	88	115	5	13	38	107	55	75	24	98	109	113	28	125	44	54	86	78	42	109	29	30	46	99	62	8	109	126	106	81	85
0	0	0	0	0	0	0	0	0	0	0	0	0	0	0	0	0	0	0	0	0	0	0	0	0	0	0	0	0	98	74	79	125	88	66	124	46	35	127	68	118	109	110	45	69	37	27	27	39	28	30	61	100	63	22	116	60	86	14	6	63	46	110	98	118	91	110	72	120	87	103	108	55	38	64	59	109	80	55	95	27	107	108	109	108	37	2	85	8	71	86	93	71	24	57	70	125	20	80	15	51	45	16	20	22	48	111	107	89	64	39	33	42	18	6	7	48	49	7	106	52	109	9	21	74	72	28	13
0	0	0	0	0	0	0	0	0	0	0	0	0	0	0	0	0	0	0	0	0	0	0	0	0	0	0	0	0	0	85	110	48	19	82	37	10	84	84	108	68	56	88	56	20	36	11	28	43	6	35	91	127	110	122	91	127	16	8	65	86	92	79	28	22	84	117	123	94	90	46	52	42	9	109	110	44	47	19	128	12	91	10	74	63	46	59	31	17	69	111	60	34	35	37	90	59	84	2	92	43	83	82	80	27	7	44	106	58	63	100	95	117	38	50	58	34	43	38	80	78	2	79	40	64	31	50	106
0	0	0	0	0	0	0	0	0	0	0	0	0	0	0	0	0	0	0	0	0	0	0	0	0	0	0	0	0	0	0	107	98	34	48	67	9	51	57	23	58	115	85	11	32	80	103	119	81	39	52	34	41	119	68	112	120	124	46	93	78	92	2	112	104	109	99	101	123	68	128	90	107	125	22	126	80	44	35	32	114	120	67	99	69	111	109	43	20	33	115	43	4	47	98	126	17	28	90	92	48	73	100	13	101	60	69	116	1	70	26	72	108	79	60	59	29	6	64	109	76	126	25	31	49	46	121	59
0	0	0	0	0	0	0	0	0	0	0	0	0	0	0	0	0	0	0	0	0	0	0	0	0	0	0	0	0	0	0	0	90	85	98	122	90	2	105	71	94	104	100	64	110	40	24	39	120	67	101	44	99	37	26	126	30	53	12	83	69	115	11	20	51	60	33	15	103	92	73	99	2	114	54	76	71	13	72	9	71	102	84	40	93	23	61	23	90	28	84	3	100	54	5	3	125	62	15	18	93	108	77	21	20	39	64	41	24	80	14	67	82	29	67	110	72	57	51	38	76	112	27	38	38	27	59	47
0	0	0	0	0	0	0	0	0	0	0	0	0	0	0	0	0	0	0	0	0	0	0	0	0	0	0	0	0	0	0	0	0	81	91	18	64	5	78	34	47	77	79	102	27	11	33	57	70	41	120	52	18	127	33	53	14	50	58	96	37	76	126	4	6	23	15	109	56	108	52	72	120	53	49	119	114	115	128	39	3	60	20	76	29	15	80	107	24	40	79	30	90	1	36	23	123	96	101	125	59	19	51	83	120	50	42	66	95	68	7	8	69	117	49	40	40	127	97	118	50	42	101	121	65	107	61	79
0	0	0	0	0	0	0	0	0	0	0	0	0	0	0	0	0	0	0	0	0	0	0	0	0	0	0	0	0	0	0	0	0	0	41	14	121	13	103	121	128	16	91	109	8	104	78	112	3	99	35	94	63	59	50	63	118	48	37	107	63	113	6	19	70	7	16	124	63	80	50	59	117	22	21	28	67	78	40	80	45	5	113	8	75	74	13	12	76	95	49	29	68	36	12	71	9	106	56	124	18	103	19	37	19	126	58	9	15	85	31	65	123	73	7	22	62	88	116	70	73	10	20	56	13	5	50	94
0	0	0	0	0	0	0	0	0	0	0	0	0	0	0	0	0	0	0	0	0	0	0	0	0	0	0	0	0	0	0	0	0	0	0	124	35	4	98	14	11	81	71	72	123	122	11	94	31	36	61	98	117	105	73	105	16	50	45	97	80	108	100	108	110	124	108	23	12	54	114	45	42	33	49	9	100	115	3	118	66	89	18	122	16	39	99	11	93	1	46	94	89	123	82	114	121	70	57	63	24	100	40	90	34	47	4	79	21	85	107	50	105	68	126	63	116	86	85	108	119	115	114	39	52	94	70	78
0	0	0	0	0	0	0	0	0	0	0	0	0	0	0	0	0	0	0	0	0	0	0	0	0	0	0	0	0	0	0	0	0	0	0	0	20	76	53	8	43	46	102	124	100	73	127	101	114	19	128	33	119	51	66	90	118	103	105	17	112	32	33	65	79	70	3	33	58	48	27	116	43	40	21	2	9	62	10	120	59	17	61	116	78	59	25	9	76	5	92	53	70	85	103	16	18	112	13	69	27	3	51	96	115	47	86	90	128	40	2	126	4	123	115	65	21	82	45	14	52	50	36	101	74	94	106	3
0	0	0	0	0	0	0	0	0	0	0	0	0	0	0	0	0	0	0	0	0	0	0	0	0	0	0	0	0	0	0	0	0	0	0	0	0	18	29	42	128	94	61	108	102	105	102	90	99	43	61	4	11	15	87	68	2	61	31	100	107	40	13	94	122	105	48	47	87	56	83	17	37	13	110	10	19	80	14	41	45	30	39	40	18	83	27	39	48	73	82	64	115	120	22	36	56	123	75	33	117	102	21	20	6	105	110	42	35	33	8	117	116	112	9	78	105	94	103	92	39	38	107	113	42	98	39	94
0	0	0	0	0	0	0	0	0	0	0	0	0	0	0	0	0	0	0	0	0	0	0	0	0	0	0	0	0	0	0	0	0	0	0	0	0	0	5	57	49	98	43	4	56	8	42	35	125	39	52	12	88	128	12	98	44	106	60	128	112	110	80	19	54	102	8	27	99	75	110	70	91	80	19	22	34	79	18	97	68	110	108	42	95	99	123	42	21	72	69	72	96	72	77	40	124	88	26	91	109	26	58	116	88	61	109	120	64	38	103	54	86	22	46	72	10	74	4	62	70	84	43	46	51	2	17	98
0	0	0	0	0	0	0	0	0	0	0	0	0	0	0	0	0	0	0	0	0	0	0	0	0	0	0	0	0	0	0	0	0	0	0	0	0	0	0	43	37	69	51	5	30	109	55	33	101	24	26	76	90	12	78	117	111	105	64	78	108	25	108	107	89	11	63	124	46	104	58	16	51	81	60	5	82	22	53	82	48	87	121	35	48	71	117	111	112	45	32	90	94	112	7	43	29	11	77	40	51	75	82	123	41	128	40	65	42	60	47	46	28	79	102	95	95	91	51	60	40	98	116	111	60	102	82	84
0	0	0	0	0	0	0	0	0	0	0	0	0	0	0	0	0	0	0	0	0	0	0	0	0	0	0	0	0	0	0	0	0	0	0	0	0	0	0	0	124	76	60	52	62	51	45	78	5	72	66	110	70	26	29	73	37	109	65	87	98	89	60	62	109	25	111	16	35	106	14	113	104	81	49	55	86	110	109	44	91	105	74	13	104	50	71	111	128	107	9	39	127	125	97	116	19	21	122	77	95	54	35	90	18	30	18	114	22	74	88	57	99	55	63	27	14	23	15	45	90	124	41	9	67	44	77	12
0	0	0	0	0	0	0	0	0	0	0	0	0	0	0	0	0	0	0	0	0	0	0	0	0	0	0	0	0	0	0	0	0	0	0	0	0	0	0	0	0	124	109	112	90	60	105	67	127	53	125	15	36	48	83	57	114	108	3	8	30	108	126	9	101	79	127	98	87	118	102	90	10	64	26	123	72	44	37	9	46	3	56	17	76	99	120	41	91	125	96	60	82	65	46	125	101	21	44	61	2	103	17	95	64	40	2	109	87	125	33	76	18	29	27	13	65	94	52	39	3	104	15	94	45	10	81	12
0	0	0	0	0	0	0	0	0	0	0	0	0	0	0	0	0	0	0	0	0	0	0	0	0	0	0	0	0	0	0	0	0	0	0	0	0	0	0	0	0	0	32	88	102	70	42	88	125	125	86	50	29	2	8	38	14	24	84	1	48	103	103	20	121	67	13	17	48	38	6	58	49	65	95	23	79	70	54	91	65	37	91	29	5	115	45	25	65	88	58	68	100	114	20	89	24	42	21	114	86	23	66	118	5	112	80	9	25	36	38	61	44	103	39	66	124	32	109	84	88	69	93	110	78	59	113	60
0	0	0	0	0	0	0	0	0	0	0	0	0	0	0	0	0	0	0	0	0	0	0	0	0	0	0	0	0	0	0	0	0	0	0	0	0	0	0	0	0	0	0	41	33	91	38	18	120	100	117	8	35	93	70	115	99	69	65	21	124	98	111	36	84	48	14	100	89	4	49	45	127	92	24	10	48	59	3	27	8	100	38	79	6	15	113	51	49	41	56	78	28	101	44	73	26	16	50	84	114	17	16	84	55	45	47	89	95	105	87	32	123	21	48	18	89	1	79	77	34	40	49	127	51	98	2	93
0	0	0	0	0	0	0	0	0	0	0	0	0	0	0	0	0	0	0	0	0	0	0	0	0	0	0	0	0	0	0	0	0	0	0	0	0	0	0	0	0	0	0	0	8	19	59	83	89	113	47	28	30	50	114	15	118	84	28	126	50	108	79	44	81	15	1	101	19	69	89	75	16	33	98	3	24	96	125	84	56	88	94	112	48	44	109	72	97	79	123	4	58	8	73	13	20	60	50	99	55	25	68	64	104	36	33	84	70	78	50	98	98	88	51	2	19	60	92	33	35	70	9	44	122	63	16	29
0	0	0	0	0	0	0	0	0	0	0	0	0	0	0	0	0	0	0	0	0	0	0	0	0	0	0	0	0	0	0	0	0	0	0	0	0	0	0	0	0	0	0	0	0	95	127	126	93	53	128	81	26	54	75	34	36	58	113	49	4	52	108	48	61	73	112	13	27	81	107	35	61	70	40	60	43	59	82	3	107	105	120	90	92	105	43	16	32	89	49	12	22	19	22	6	62	7	76	53	52	65	62	98	100	123	64	68	80	99	12	8	56	21	36	102	31	74	124	77	35	32	91	116	41	109	123	124
0	0	0	0	0	0	0	0	0	0	0	0	0	0	0	0	0	0	0	0	0	0	0	0	0	0	0	0	0	0	0	0	0	0	0	0	0	0	0	0	0	0	0	0	0	0	91	22	86	89	79	81	48	55	31	95	2	98	49	29	34	14	106	29	95	24	76	41	4	97	89	21	85	38	128	64	80	85	44	89	74	18	81	19	109	92	95	7	52	70	28	60	120	119	9	99	62	111	18	89	108	41	12	115	1	113	102	93	71	13	23	20	106	87	113	96	99	86	119	28	125	52	59	13	120	102	12	44
0	0	0	0	0	0	0	0	0	0	0	0	0	0	0	0	0	0	0	0	0	0	0	0	0	0	0	0	0	0	0	0	0	0	0	0	0	0	0	0	0	0	0	0	0	0	0	67	21	100	38	122	13	107	107	92	36	55	25	37	32	10	39	128	94	1	18	32	37	111	16	17	108	108	86	5	47	62	15	105	4	72	37	125	42	6	56	67	128	109	59	20	19	12	16	71	69	48	122	105	121	38	20	77	83	82	59	14	83	108	127	61	81	95	31	58	128	45	54	59	22	27	61	20	66	89	49	52
0	0	0	0	0	0	0	0	0	0	0	0	0	0	0	0	0	0	0	0	0	0	0	0	0	0	0	0	0	0	0	0	0	0	0	0	0	0	0	0	0	0	0	0	0	0	0	0	127	91	82	35	5	45	77	76	11	4	7	7	40	32	28	81	79	25	85	13	54	46	87	101	26	44	13	22	112	58	77	34	128	67	1	95	52	90	96	110	22	44	122	120	117	93	37	76	25	119	87	88	72	112	70	18	115	7	62	26	14	88	22	123	118	108	25	13	32	84	16	38	55	73	29	90	77	95	45	73
0	0	0	0	0	0	0	0	0	0	0	0	0	0	0	0	0	0	0	0	0	0	0	0	0	0	0	0	0	0	0	0	0	0	0	0	0	0	0	0	0	0	0	0	0	0	0	0	0	57	106	56	70	96	113	113	94	119	43	3	53	35	118	72	117	76	69	12	75	15	69	73	48	62	76	48	93	36	64	101	6	123	68	13	40	67	91	115	56	107	65	124	27	93	46	83	46	122	63	40	96	80	102	37	25	75	72	26	123	103	59	43	108	5	26	125	93	85	69	27	78	70	25	6	31	93	50	45
0	0	0	0	0	0	0	0	0	0	0	0	0	0	0	0	0	0	0	0	0	0	0	0	0	0	0	0	0	0	0	0	0	0	0	0	0	0	0	0	0	0	0	0	0	0	0	0	0	0	23	76	54	9	78	52	74	120	79	35	79	128	41	100	28	24	72	99	90	61	101	24	111	100	47	73	75	28	69	96	104	70	23	98	44	125	5	53	24	41	128	114	78	5	99	78	69	56	71	53	73	69	81	114	17	120	6	122	97	38	41	68	70	111	57	21	57	61	108	37	22	29	67	1	77	3	4	88
0	0	0	0	0	0	0	0	0	0	0	0	0	0	0	0	0	0	0	0	0	0	0	0	0	0	0	0	0	0	0	0	0	0	0	0	0	0	0	0	0	0	0	0	0	0	0	0	0	0	0	125	116	88	116	92	87	39	72	69	53	83	22	33	117	73	26	23	124	36	73	103	91	10	51	98	35	9	18	75	96	118	102	67	53	61	23	64	119	65	70	30	87	26	8	127	3	50	80	46	32	71	81	91	77	50	122	14	127	119	61	126	54	27	111	127	70	1	53	7	76	33	47	116	95	101	16	78
0	0	0	0	0	0	0	0	0	0	0	0	0	0	0	0	0	0	0	0	0	0	0	0	0	0	0	0	0	0	0	0	0	0	0	0	0	0	0	0	0	0	0	0	0	0	0	0	0	0	0	0	121	115	18	27	22	53	102	90	36	85	43	47	112	35	110	119	54	56	91	99	57	58	47	85	24	13	128	96	5	109	53	118	127	42	35	43	68	19	99	95	11	92	45	21	41	99	78	52	110	111	93	128	107	87	50	115	48	27	83	81	2	77	23	31	118	98	3	82	18	29	3	5	45	47	10	99
0	0	0	0	0	0	0	0	0	0	0	0	0	0	0	0	0	0	0	0	0	0	0	0	0	0	0	0	0	0	0	0	0	0	0	0	0	0	0	0	0	0	0	0	0	0	0	0	0	0	0	0	0	116	80	104	120	12	87	121	94	77	39	67	42	49	66	93	77	115	121	40	52	120	38	52	23	12	31	19	59	16	33	110	67	1	102	107	118	55	18	57	98	49	64	115	121	107	111	16	57	76	87	26	70	102	68	13	6	78	71	66	64	73	120	80	95	43	25	69	75	90	26	36	11	74	110	28
0	0	0	0	0	0	0	0	0	0	0	0	0	0	0	0	0	0	0	0	0	0	0	0	0	0	0	0	0	0	0	0	0	0	0	0	0	0	0	0	0	0	0	0	0	0	0	0	0	0	0	0	0	0	71	16	47	26	47	125	28	78	70	78	120	101	119	20	27	66	118	97	118	31	98	36	27	75	33	122	23	78	31	99	3	105	108	51	109	110	126	23	10	59	6	75	109	48	20	103	51	55	48	102	46	119	44	118	18	22	4	62	126	74	93	15	98	7	99	125	94	61	87	42	10	118	115	114
0	0	0	0	0	0	0	0	0	0	0	0	0	0	0	0	0	0	0	0	0	0	0	0	0	0	0	0	0	0	0	0	0	0	0	0	0	0	0	0	0	0	0	0	0	0	0	0	0	0	0	0	0	0	0	56	115	78	28	79	47	88	56	125	106	8	125	116	62	34	27	100	61	42	127	35	97	8	127	10	87	53	27	29	1	100	117	9	14	104	31	50	71	106	104	38	38	53	42	62	39	74	94	54	87	59	38	85	65	17	3	74	76	85	96	73	80	16	45	90	74	102	14	79	43	97	117	85
0	0	0	0	0	0	0	0	0	0	0	0	0	0	0	0	0	0	0	0	0	0	0	0	0	0	0	0	0	0	0	0	0	0	0	0	0	0	0	0	0	0	0	0	0	0	0	0	0	0	0	0	0	0	0	0	96	4	38	86	70	103	47	77	94	4	55	60	94	18	108	43	17	5	41	121	17	53	46	18	79	97	79	50	88	75	26	43	128	107	108	116	7	62	68	40	117	78	56	125	89	70	46	58	46	78	83	1	49	21	44	91	19	33	25	84	89	39	37	65	61	20	4	120	7	55	40	47
0	0	0	0	0	0	0	0	0	0	0	0	0	0	0	0	0	0	0	0	0	0	0	0	0	0	0	0	0	0	0	0	0	0	0	0	0	0	0	0	0	0	0	0	0	0	0	0	0	0	0	0	0	0	0	0	0	124	124	117	21	128	65	121	125	26	41	102	87	25	32	51	73	100	128	68	95	4	128	13	77	37	7	99	34	22	67	123	70	65	24	7	12	124	61	32	35	3	66	35	34	5	29	87	35	60	100	41	117	112	14	74	123	108	25	13	34	80	45	126	105	109	50	25	49	43	12	85
0	0	0	0	0	0	0	0	0	0	0	0	0	0	0	0	0	0	0	0	0	0	0	0	0	0	0	0	0	0	0	0	0	0	0	0	0	0	0	0	0	0	0	0	0	0	0	0	0	0	0	0	0	0	0	0	0	0	34	116	128	17	103	20	7	4	88	24	6	64	27	8	26	76	32	35	55	119	60	48	26	8	102	78	121	31	79	118	45	93	17	119	108	65	120	11	35	92	99	90	35	54	33	13	45	60	51	99	111	26	97	106	29	15	60	48	77	15	31	77	117	102	13	91	2	94	78	21
0	0	0	0	0	0	0	0	0	0	0	0	0	0	0	0	0	0	0	0	0	0	0	0	0	0	0	0	0	0	0	0	0	0	0	0	0	0	0	0	0	0	0	0	0	0	0	0	0	0	0	0	0	0	0	0	0	0	0	6	16	51	71	20	20	8	49	61	90	39	1	79	48	32	95	94	63	51	103	55	21	127	85	44	126	17	116	10	56	64	69	71	109	37	37	94	101	67	74	33	73	117	29	23	29	37	39	21	11	54	70	58	85	60	111	19	104	49	53	105	60	47	46	61	111	12	17	36
0	0	0	0	0	0	0	0	0	0	0	0	0	0	0	0	0	0	0	0	0	0	0	0	0	0	0	0	0	0	0	0	0	0	0	0	0	0	0	0	0	0	0	0	0	0	0	0	0	0	0	0	0	0	0	0	0	0	0	0	13	82	40	54	42	7	63	8	64	19	82	53	58	36	42	7	8	2	65	1	17	59	33	12	6	37	31	83	58	20	78	34	50	74	85	53	89	34	34	65	15	57	95	114	73	54	92	83	89	68	70	104	99	49	116	31	113	95	21	89	127	32	9	71	72	37	80	16
0	0	0	0	0	0	0	0	0	0	0	0	0	0	0	0	0	0	0	0	0	0	0	0	0	0	0	0	0	0	0	0	0	0	0	0	0	0	0	0	0	0	0	0	0	0	0	0	0	0	0	0	0	0	0	0	0	0	0	0	0	79	1	83	94	35	91	35	7	44	35	36	20	50	104	39	118	1	24	122	63	68	62	2	45	68	21	31	38	39	50	29	90	13	74	98	40	54	104	43	47	51	22	105	92	10	14	49	48	73	66	114	113	68	65	102	2	109	95	41	101	41	119	28	4	19	50	19
0	0	0	0	0	0	0	0	0	0	0	0	0	0	0	0	0	0	0	0	0	0	0	0	0	0	0	0	0	0	0	0	0	0	0	0	0	0	0	0	0	0	0	0	0	0	0	0	0	0	0	0	0	0	0	0	0	0	0	0	0	0	35	112	67	67	33	93	116	47	44	28	123	23	19	81	89	127	59	48	128	10	118	6	46	49	95	72	54	102	60	71	122	128	51	98	18	110	80	59	110	35	107	62	105	25	95	82	92	82	31	74	64	128	33	18	120	33	98	96	41	113	97	104	110	9	126	46
0	0	0	0	0	0	0	0	0	0	0	0	0	0	0	0	0	0	0	0	0	0	0	0	0	0	0	0	0	0	0	0	0	0	0	0	0	0	0	0	0	0	0	0	0	0	0	0	0	0	0	0	0	0	0	0	0	0	0	0	0	0	0	57	44	23	5	85	15	40	2	40	37	117	105	97	56	7	125	39	52	71	54	33	109	27	112	24	59	103	112	115	5	82	96	13	23	24	53	97	49	18	128	17	1	64	66	15	49	93	94	34	65	35	53	119	84	91	111	24	21	43	110	61	5	27	66	54
0	0	0	0	0	0	0	0	0	0	0	0	0	0	0	0	0	0	0	0	0	0	0	0	0	0	0	0	0	0	0	0	0	0	0	0	0	0	0	0	0	0	0	0	0	0	0	0	0	0	0	0	0	0	0	0	0	0	0	0	0	0	0	0	95	30	4	66	54	105	79	74	32	50	5	108	58	86	119	45	86	128	7	126	125	83	117	25	32	101	23	128	87	63	40	2	122	124	52	108	44	46	19	18	66	51	44	25	71	119	96	122	23	69	62	17	47	123	117	6	46	79	116	40	107	87	107	126
0	0	0	0	0	0	0	0	0	0	0	0	0	0	0	0	0	0	0	0	0	0	0	0	0	0	0	0	0	0	0	0	0	0	0	0	0	0	0	0	0	0	0	0	0	0	0	0	0	0	0	0	0	0	0	0	0	0	0	0	0	0	0	0	0	51	79	86	7	56	7	35	95	37	6	4	37	101	101	18	79	95	113	62	94	92	9	27	88	87	110	124	9	30	33	25	67	86	44	29	20	101	102	89	16	51	43	42	83	57	30	42	30	94	88	12	35	88	69	89	90	90	17	72	32	75	127	15
0	0	0	0	0	0	0	0	0	0	0	0	0	0	0	0	0	0	0	0	0	0	0	0	0	0	0	0	0	0	0	0	0	0	0	0	0	0	0	0	0	0	0	0	0	0	0	0	0	0	0	0	0	0	0	0	0	0	0	0	0	0	0	0	0	0	10	7	90	121	24	69	77	35	109	68	102	64	123	101	22	10	45	45	58	5	77	52	71	105	80	88	126	94	112	23	66	84	107	82	44	92	17	82	74	15	104	105	20	48	109	2	75	82	31	14	123	24	109	106	26	35	99	122	105	86	119	42
0	0	0	0	0	0	0	0	0	0	0	0	0	0	0	0	0	0	0	0	0	0	0	0	0	0	0	0	0	0	0	0	0	0	0	0	0	0	0	0	0	0	0	0	0	0	0	0	0	0	0	0	0	0	0	0	0	0	0	0	0	0	0	0	0	0	0	98	49	56	120	38	13	64	31	80	62	9	34	104	72	66	97	7	20	73	104	36	87	80	23	86	81	121	104	68	12	89	76	21	46	1	43	12	127	125	88	104	35	4	80	58	14	8	74	124	49	86	17	64	121	73	64	101	3	101	40	98
0	0	0	0	0	0	0	0	0	0	0	0	0	0	0	0	0	0	0	0	0	0	0	0	0	0	0	0	0	0	0	0	0	0	0	0	0	0	0	0	0	0	0	0	0	0	0	0	0	0	0	0	0	0	0	0	0	0	0	0	0	0	0	0	0	0	0	0	112	74	97	46	79	37	25	16	25	59	115	14	38	31	34	82	67	115	26	91	52	40	12	66	27	105	124	47	10	43	65	24	90	45	82	79	70	34	41	107	85	82	124	128	117	102	25	107	35	61	122	101	2	51	112	124	52	48	85	4
0	0	0	0	0	0	0	0	0	0	0	0	0	0	0	0	0	0	0	0	0	0	0	0	0	0	0	0	0	0	0	0	0	0	0	0	0	0	0	0	0	0	0	0	0	0	0	0	0	0	0	0	0	0	0	0	0	0	0	0	0	0	0	0	0	0	0	0	0	10	105	18	104	92	71	111	38	45	12	74	117	44	121	122	94	38	119	37	47	21	86	34	6	59	66	92	13	51	108	121	77	116	96	54	18	116	22	63	126	79	96	10	94	114	104	90	109	43	50	15	10	89	51	40	12	45	110	92
0	0	0	0	0	0	0	0	0	0	0	0	0	0	0	0	0	0	0	0	0	0	0	0	0	0	0	0	0	0	0	0	0	0	0	0	0	0	0	0	0	0	0	0	0	0	0	0	0	0	0	0	0	0	0	0	0	0	0	0	0	0	0	0	0	0	0	0	0	0	7	86	42	90	26	107	39	3	126	50	48	17	114	62	92	84	92	4	27	114	91	64	8	81	6	91	16	1	94	101	14	4	95	76	127	51	117	83	11	84	35	79	67	70	100	58	41	78	119	121	26	46	126	101	36	126	80	81
0	0	0	0	0	0	0	0	0	0	0	0	0	0	0	0	0	0	0	0	0	0	0	0	0	0	0	0	0	0	0	0	0	0	0	0	0	0	0	0	0	0	0	0	0	0	0	0	0	0	0	0	0	0	0	0	0	0	0	0	0	0	0	0	0	0	0	0	0	0	0	103	13	41	43	27	123	44	77	70	128	7	38	102	64	66	20	3	51	6	38	27	114	101	107	108	9	50	43	51	85	31	73	98	69	126	39	47	46	78	42	121	118	80	125	99	69	29	62	90	99	63	7	5	91	45	90	32
0	0	0	0	0	0	0	0	0	0	0	0	0	0	0	0	0	0	0	0	0	0	0	0	0	0	0	0	0	0	0	0	0	0	0	0	0	0	0	0	0	0	0	0	0	0	0	0	0	0	0	0	0	0	0	0	0	0	0	0	0	0	0	0	0	0	0	0	0	0	0	0	97	23	1	87	74	86	68	73	64	7	117	11	34	102	114	22	24	38	127	4	85	110	68	20	59	107	66	15	122	32	15	114	75	45	64	79	35	10	102	108	7	28	127	56	66	35	96	55	59	24	54	53	37	73	40	90
0	0	0	0	0	0	0	0	0	0	0	0	0	0	0	0	0	0	0	0	0	0	0	0	0	0	0	0	0	0	0	0	0	0	0	0	0	0	0	0	0	0	0	0	0	0	0	0	0	0	0	0	0	0	0	0	0	0	0	0	0	0	0	0	0	0	0	0	0	0	0	0	0	89	107	24	60	6	102	73	69	34	57	47	15	119	44	40	123	46	51	30	118	92	68	59	113	30	12	24	105	112	62	56	109	65	58	96	21	31	17	117	105	62	99	107	13	12	47	40	45	43	68	1	52	110	17	81
0	0	0	0	0	0	0	0	0	0	0	0	0	0	0	0	0	0	0	0	0	0	0	0	0	0	0	0	0	0	0	0	0	0	0	0	0	0	0	0	0	0	0	0	0	0	0	0	0	0	0	0	0	0	0	0	0	0	0	0	0	0	0	0	0	0	0	0	0	0	0	0	0	0	118	79	112	41	112	102	17	109	103	122	37	91	113	71	63	87	118	37	116	11	23	124	7	21	30	69	78	36	94	115	111	29	81	78	93	10	120	85	69	4	114	83	125	79	19	82	15	19	21	64	128	62	83	79
0	0	0	0	0	0	0	0	0	0	0	0	0	0	0	0	0	0	0	0	0	0	0	0	0	0	0	0	0	0	0	0	0	0	0	0	0	0	0	0	0	0	0	0	0	0	0	0	0	0	0	0	0	0	0	0	0	0	0	0	0	0	0	0	0	0	0	0	0	0	0	0	0	0	0	28	47	40	68	80	68	26	91	24	63	51	57	88	92	44	119	20	62	43	97	47	105	6	20	103	36	123	86	58	92	58	82	15	113	62	53	66	11	119	36	40	19	13	42	106	94	17	14	64	35	67	123	71
0	0	0	0	0	0	0	0	0	0	0	0	0	0	0	0	0	0	0	0	0	0	0	0	0	0	0	0	0	0	0	0	0	0	0	0	0	0	0	0	0	0	0	0	0	0	0	0	0	0	0	0	0	0	0	0	0	0	0	0	0	0	0	0	0	0	0	0	0	0	0	0	0	0	0	0	88	14	24	36	69	55	7	113	47	81	30	97	88	43	121	24	127	77	7	3	101	116	64	15	7	31	102	31	44	77	29	76	118	28	38	34	39	81	73	123	95	91	78	58	95	123	36	56	16	15	5	61
0	0	0	0	0	0	0	0	0	0	0	0	0	0	0	0	0	0	0	0	0	0	0	0	0	0	0	0	0	0	0	0	0	0	0	0	0	0	0	0	0	0	0	0	0	0	0	0	0	0	0	0	0	0	0	0	0	0	0	0	0	0	0	0	0	0	0	0	0	0	0	0	0	0	0	0	0	39	122	71	115	26	98	39	99	63	111	33	103	80	37	109	122	109	67	95	84	41	92	9	68	126	92	96	16	78	5	30	121	44	98	60	88	77	93	118	48	52	103	84	48	110	75	110	49	25	88	38
0	0	0	0	0	0	0	0	0	0	0	0	0	0	0	0	0	0	0	0	0	0	0	0	0	0	0	0	0	0	0	0	0	0	0	0	0	0	0	0	0	0	0	0	0	0	0	0	0	0	0	0	0	0	0	0	0	0	0	0	0	0	0	0	0	0	0	0	0	0	0	0	0	0	0	0	0	0	128	23	113	97	53	81	83	88	1	99	58	53	9	51	12	124	91	95	62	12	85	68	55	53	120	59	28	60	124	128	121	81	120	33	94	24	6	51	54	92	72	28	82	68	97	64	117	79	87	34
0	0	0	0	0	0	0	0	0	0	0	0	0	0	0	0	0	0	0	0	0	0	0	0	0	0	0	0	0	0	0	0	0	0	0	0	0	0	0	0	0	0	0	0	0	0	0	0	0	0	0	0	0	0	0	0	0	0	0	0	0	0	0	0	0	0	0	0	0	0	0	0	0	0	0	0	0	0	0	31	64	81	70	97	102	110	74	26	50	50	103	123	24	51	45	67	89	117	14	38	112	55	112	125	120	61	94	121	118	90	18	56	45	22	85	56	50	26	124	45	89	20	78	84	23	31	88	30
0	0	0	0	0	0	0	0	0	0	0	0	0	0	0	0	0	0	0	0	0	0	0	0	0	0	0	0	0	0	0	0	0	0	0	0	0	0	0	0	0	0	0	0	0	0	0	0	0	0	0	0	0	0	0	0	0	0	0	0	0	0	0	0	0	0	0	0	0	0	0	0	0	0	0	0	0	0	0	0	90	125	29	107	46	56	29	107	37	36	18	124	22	50	60	118	55	5	118	40	44	89	117	64	37	73	111	5	44	109	4	33	59	53	115	7	58	50	90	87	69	126	72	108	38	125	45	77
0	0	0	0	0	0	0	0	0	0	0	0	0	0	0	0	0	0	0	0	0	0	0	0	0	0	0	0	0	0	0	0	0	0	0	0	0	0	0	0	0	0	0	0	0	0	0	0	0	0	0	0	0	0	0	0	0	0	0	0	0	0	0	0	0	0	0	0	0	0	0	0	0	0	0	0	0	0	0	0	0	80	103	71	27	44	21	99	106	10	35	10	117	36	64	95	45	108	95	104	26	111	36	36	83	109	107	98	91	33	2	26	32	59	126	13	16	35	79	83	72	15	126	30	107	128	81	7
0	0	0	0	0	0	0	0	0	0	0	0	0	0	0	0	0	0	0	0	0	0	0	0	0	0	0	0	0	0	0	0	0	0	0	0	0	0	0	0	0	0	0	0	0	0	0	0	0	0	0	0	0	0	0	0	0	0	0	0	0	0	0	0	0	0	0	0	0	0	0	0	0	0	0	0	0	0	0	0	0	0	40	87	6	109	92	33	98	90	100	100	85	77	101	70	123	88	51	118	32	85	95	38	16	49	89	23	80	125	28	8	99	90	41	72	31	66	43	81	49	29	53	99	88	117	81	113
0	0	0	0	0	0	0	0	0	0	0	0	0	0	0	0	0	0	0	0	0	0	0	0	0	0	0	0	0	0	0	0	0	0	0	0	0	0	0	0	0	0	0	0	0	0	0	0	0	0	0	0	0	0	0	0	0	0	0	0	0	0	0	0	0	0	0	0	0	0	0	0	0	0	0	0	0	0	0	0	0	0	0	12	68	39	91	13	112	96	1	1	44	128	14	68	120	3	124	102	104	38	128	83	127	95	67	73	58	27	16	64	38	32	111	93	11	69	29	8	35	62	25	68	61	91	64	65
0	0	0	0	0	0	0	0	0	0	0	0	0	0	0	0	0	0	0	0	0	0	0	0	0	0	0	0	0	0	0	0	0	0	0	0	0	0	0	0	0	0	0	0	0	0	0	0	0	0	0	0	0	0	0	0	0	0	0	0	0	0	0	0	0	0	0	0	0	0	0	0	0	0	0	0	0	0	0	0	0	0	0	0	87	94	9	13	75	81	127	64	58	126	74	17	19	85	26	67	43	81	3	7	62	51	4	91	3	98	45	43	10	87	15	109	104	67	31	90	64	11	95	38	28	124	7	79
0	0	0	0	0	0	0	0	0	0	0	0	0	0	0	0	0	0	0	0	0	0	0	0	0	0	0	0	0	0	0	0	0	0	0	0	0	0	0	0	0	0	0	0	0	0	0	0	0	0	0	0	0	0	0	0	0	0	0	0	0	0	0	0	0	0	0	0	0	0	0	0	0	0	0	0	0	0	0	0	0	0	0	0	0	104	96	48	50	61	32	10	93	108	41	62	122	71	75	70	90	91	26	30	5	66	25	73	71	126	68	77	95	23	67	89	35	102	82	124	2	81	107	127	39	92	111	85
0	0	0	0	0	0	0	0	0	0	0	0	0	0	0	0	0	0	0	0	0	0	0	0	0	0	0	0	0	0	0	0	0	0	0	0	0	0	0	0	0	0	0	0	0	0	0	0	0	0	0	0	0	0	0	0	0	0	0	0	0	0	0	0	0	0	0	0	0	0	0	0	0	0	0	0	0	0	0	0	0	0	0	0	0	0	64	8	63	127	85	13	99	59	80	57	82	122	34	103	114	9	112	48	34	128	44	82	5	115	68	36	22	22	102	63	126	38	33	40	74	49	64	88	94	39	58	104
0	0	0	0	0	0	0	0	0	0	0	0	0	0	0	0	0	0	0	0	0	0	0	0	0	0	0	0	0	0	0	0	0	0	0	0	0	0	0	0	0	0	0	0	0	0	0	0	0	0	0	0	0	0	0	0	0	0	0	0	0	0	0	0	0	0	0	0	0	0	0	0	0	0	0	0	0	0	0	0	0	0	0	0	0	0	0	81	95	81	59	60	118	84	80	73	91	11	10	116	18	11	94	46	24	40	66	81	18	66	36	87	113	65	85	83	94	24	53	3	102	19	117	71	86	53	50	23
0	0	0	0	0	0	0	0	0	0	0	0	0	0	0	0	0	0	0	0	0	0	0	0	0	0	0	0	0	0	0	0	0	0	0	0	0	0	0	0	0	0	0	0	0	0	0	0	0	0	0	0	0	0	0	0	0	0	0	0	0	0	0	0	0	0	0	0	0	0	0	0	0	0	0	0	0	0	0	0	0	0	0	0	0	0	0	0	53	120	74	64	90	125	43	17	76	127	1	119	70	52	107	120	55	63	74	94	21	113	109	53	54	72	120	109	68	72	115	94	55	70	100	19	43	39	73	11
0	0	0	0	0	0	0	0	0	0	0	0	0	0	0	0	0	0	0	0	0	0	0	0	0	0	0	0	0	0	0	0	0	0	0	0	0	0	0	0	0	0	0	0	0	0	0	0	0	0	0	0	0	0	0	0	0	0	0	0	0	0	0	0	0	0	0	0	0	0	0	0	0	0	0	0	0	0	0	0	0	0	0	0	0	0	0	0	0	36	58	75	71	89	45	69	78	110	102	10	7	60	69	16	19	10	33	54	53	100	99	8	99	47	93	78	7	99	65	74	88	97	98	32	96	121	98	126
0	0	0	0	0	0	0	0	0	0	0	0	0	0	0	0	0	0	0	0	0	0	0	0	0	0	0	0	0	0	0	0	0	0	0	0	0	0	0	0	0	0	0	0	0	0	0	0	0	0	0	0	0	0	0	0	0	0	0	0	0	0	0	0	0	0	0	0	0	0	0	0	0	0	0	0	0	0	0	0	0	0	0	0	0	0	0	0	0	0	23	10	71	120	21	127	128	97	27	29	80	126	5	14	45	5	81	61	23	65	123	2	41	31	94	114	109	85	77	8	37	24	108	36	84	108	59	13
0	0	0	0	0	0	0	0	0	0	0	0	0	0	0	0	0	0	0	0	0	0	0	0	0	0	0	0	0	0	0	0	0	0	0	0	0	0	0	0	0	0	0	0	0	0	0	0	0	0	0	0	0	0	0	0	0	0	0	0	0	0	0	0	0	0	0	0	0	0	0	0	0	0	0	0	0	0	0	0	0	0	0	0	0	0	0	0	0	0	0	120	15	9	39	5	114	40	11	29	109	43	43	99	115	31	2	83	55	100	62	1	108	125	31	119	102	77	111	118	23	65	125	33	97	75	124	96
0	0	0	0	0	0	0	0	0	0	0	0	0	0	0	0	0	0	0	0	0	0	0	0	0	0	0	0	0	0	0	0	0	0	0	0	0	0	0	0	0	0	0	0	0	0	0	0	0	0	0	0	0	0	0	0	0	0	0	0	0	0	0	0	0	0	0	0	0	0	0	0	0	0	0	0	0	0	0	0	0	0	0	0	0	0	0	0	0	0	0	0	116	124	18	88	106	102	98	6	113	98	91	63	56	15	89	60	121	22	35	69	59	54	71	17	96	107	76	115	5	121	76	123	123	41	56	113
0	0	0	0	0	0	0	0	0	0	0	0	0	0	0	0	0	0	0	0	0	0	0	0	0	0	0	0	0	0	0	0	0	0	0	0	0	0	0	0	0	0	0	0	0	0	0	0	0	0	0	0	0	0	0	0	0	0	0	0	0	0	0	0	0	0	0	0	0	0	0	0	0	0	0	0	0	0	0	0	0	0	0	0	0	0	0	0	0	0	0	0	0	8	74	24	66	114	88	50	43	4	22	23	99	17	45	76	5	10	117	34	84	68	104	29	61	103	63	5	89	53	44	32	27	69	57	42
0	0	0	0	0	0	0	0	0	0	0	0	0	0	0	0	0	0	0	0	0	0	0	0	0	0	0	0	0	0	0	0	0	0	0	0	0	0	0	0	0	0	0	0	0	0	0	0	0	0	0	0	0	0	0	0	0	0	0	0	0	0	0	0	0	0	0	0	0	0	0	0	0	0	0	0	0	0	0	0	0	0	0	0	0	0	0	0	0	0	0	0	0	0	122	91	85	98	56	106	30	7	53	116	62	80	80	80	109	120	85	79	96	100	61	95	47	118	110	121	3	5	87	103	87	111	34	106
0	0	0	0	0	0	0	0	0	0	0	0	0	0	0	0	0	0	0	0	0	0	0	0	0	0	0	0	0	0	0	0	0	0	0	0	0	0	0	0	0	0	0	0	0	0	0	0	0	0	0	0	0	0	0	0	0	0	0	0	0	0	0	0	0	0	0	0	0	0	0	0	0	0	0	0	0	0	0	0	0	0	0	0	0	0	0	0	0	0	0	0	0	0	0	108	90	20	122	126	6	24	16	2	105	20	127	67	127	87	64	83	17	6	24	76	84	95	53	35	19	109	112	33	116	108	84	25
0	0	0	0	0	0	0	0	0	0	0	0	0	0	0	0	0	0	0	0	0	0	0	0	0	0	0	0	0	0	0	0	0	0	0	0	0	0	0	0	0	0	0	0	0	0	0	0	0	0	0	0	0	0	0	0	0	0	0	0	0	0	0	0	0	0	0	0	0	0	0	0	0	0	0	0	0	0	0	0	0	0	0	0	0	0	0	0	0	0	0	0	0	0	0	0	97	4	124	100	78	123	57	8	23	92	83	8	56	107	90	76	46	24	32	10	125	100	37	58	50	120	23	61	64	49	61	118
0	0	0	0	0	0	0	0	0	0	0	0	0	0	0	0	0	0	0	0	0	0	0	0	0	0	0	0	0	0	0	0	0	0	0	0	0	0	0	0	0	0	0	0	0	0	0	0	0	0	0	0	0	0	0	0	0	0	0	0	0	0	0	0	0	0	0	0	0	0	0	0	0	0	0	0	0	0	0	0	0	0	0	0	0	0	0	0	0	0	0	0	0	0	0	0	0	28	57	113	2	114	107	118	120	49	63	31	114	34	92	52	108	55	98	62	68	114	93	70	52	74	2	31	125	3	111	36
0	0	0	0	0	0	0	0	0	0	0	0	0	0	0	0	0	0	0	0	0	0	0	0	0	0	0	0	0	0	0	0	0	0	0	0	0	0	0	0	0	0	0	0	0	0	0	0	0	0	0	0	0	0	0	0	0	0	0	0	0	0	0	0	0	0	0	0	0	0	0	0	0	0	0	0	0	0	0	0	0	0	0	0	0	0	0	0	0	0	0	0	0	0	0	0	0	0	28	41	20	46	22	39	24	14	116	112	128	18	63	87	34	16	54	81	113	52	81	111	85	51	61	43	12	93	26	54
0	0	0	0	0	0	0	0	0	0	0	0	0	0	0	0	0	0	0	0	0	0	0	0	0	0	0	0	0	0	0	0	0	0	0	0	0	0	0	0	0	0	0	0	0	0	0	0	0	0	0	0	0	0	0	0	0	0	0	0	0	0	0	0	0	0	0	0	0	0	0	0	0	0	0	0	0	0	0	0	0	0	0	0	0	0	0	0	0	0	0	0	0	0	0	0	0	0	0	108	60	29	40	48	18	32	25	46	75	55	119	107	127	65	49	59	106	89	11	85	59	22	105	60	30	61	116	69
0	0	0	0	0	0	0	0	0	0	0	0	0	0	0	0	0	0	0	0	0	0	0	0	0	0	0	0	0	0	0	0	0	0	0	0	0	0	0	0	0	0	0	0	0	0	0	0	0	0	0	0	0	0	0	0	0	0	0	0	0	0	0	0	0	0	0	0	0	0	0	0	0	0	0	0	0	0	0	0	0	0	0	0	0	0	0	0	0	0	0	0	0	0	0	0	0	0	0	0	103	88	6	126	79	69	112	106	1	38	128	83	67	107	109	80	115	40	4	56	120	119	17	116	60	78	104	55
0	0	0	0	0	0	0	0	0	0	0	0	0	0	0	0	0	0	0	0	0	0	0	0	0	0	0	0	0	0	0	0	0	0	0	0	0	0	0	0	0	0	0	0	0	0	0	0	0	0	0	0	0	0	0	0	0	0	0	0	0	0	0	0	0	0	0	0	0	0	0	0	0	0	0	0	0	0	0	0	0	0	0	0	0	0	0	0	0	0	0	0	0	0	0	0	0	0	0	0	0	27	28	79	57	107	110	101	66	61	20	103	22	30	10	73	52	69	63	24	93	48	102	60	69	90	16	115
0	0	0	0	0	0	0	0	0	0	0	0	0	0	0	0	0	0	0	0	0	0	0	0	0	0	0	0	0	0	0	0	0	0	0	0	0	0	0	0	0	0	0	0	0	0	0	0	0	0	0	0	0	0	0	0	0	0	0	0	0	0	0	0	0	0	0	0	0	0	0	0	0	0	0	0	0	0	0	0	0	0	0	0	0	0	0	0	0	0	0	0	0	0	0	0	0	0	0	0	0	0	27	127	13	107	127	115	110	87	23	126	7	28	20	15	26	52	30	47	22	36	120	13	123	128	18	98
0	0	0	0	0	0	0	0	0	0	0	0	0	0	0	0	0	0	0	0	0	0	0	0	0	0	0	0	0	0	0	0	0	0	0	0	0	0	0	0	0	0	0	0	0	0	0	0	0	0	0	0	0	0	0	0	0	0	0	0	0	0	0	0	0	0	0	0	0	0	0	0	0	0	0	0	0	0	0	0	0	0	0	0	0	0	0	0	0	0	0	0	0	0	0	0	0	0	0	0	0	0	0	105	83	88	22	26	87	42	16	42	97	27	16	2	51	4	78	113	72	115	80	50	19	114	12	118
0	0	0	0	0	0	0	0	0	0	0	0	0	0	0	0	0	0	0	0	0	0	0	0	0	0	0	0	0	0	0	0	0	0	0	0	0	0	0	0	0	0	0	0	0	0	0	0	0	0	0	0	0	0	0	0	0	0	0	0	0	0	0	0	0	0	0	0	0	0	0	0	0	0	0	0	0	0	0	0	0	0	0	0	0	0	0	0	0	0	0	0	0	0	0	0	0	0	0	0	0	0	0	0	72	40	79	64	25	117	4	78	17	114	44	116	120	100	38	118	104	54	126	110	113	46	116	50
0	0	0	0	0	0	0	0	0	0	0	0	0	0	0	0	0	0	0	0	0	0	0	0	0	0	0	0	0	0	0	0	0	0	0	0	0	0	0	0	0	0	0	0	0	0	0	0	0	0	0	0	0	0	0	0	0	0	0	0	0	0	0	0	0	0	0	0	0	0	0	0	0	0	0	0	0	0	0	0	0	0	0	0	0	0	0	0	0	0	0	0	0	0	0	0	0	0	0	0	0	0	0	0	0	20	61	37	55	43	36	9	4	77	30	55	45	10	95	16	25	75	82	109	15	61	62	31
0	0	0	0	0	0	0	0	0	0	0	0	0	0	0	0	0	0	0	0	0	0	0	0	0	0	0	0	0	0	0	0	0	0	0	0	0	0	0	0	0	0	0	0	0	0	0	0	0	0	0	0	0	0	0	0	0	0	0	0	0	0	0	0	0	0	0	0	0	0	0	0	0	0	0	0	0	0	0	0	0	0	0	0	0	0	0	0	0	0	0	0	0	0	0	0	0	0	0	0	0	0	0	0	0	0	23	19	32	31	103	103	81	89	51	1	89	106	42	49	120	9	42	128	95	125	106	125
0	0	0	0	0	0	0	0	0	0	0	0	0	0	0	0	0	0	0	0	0	0	0	0	0	0	0	0	0	0	0	0	0	0	0	0	0	0	0	0	0	0	0	0	0	0	0	0	0	0	0	0	0	0	0	0	0	0	0	0	0	0	0	0	0	0	0	0	0	0	0	0	0	0	0	0	0	0	0	0	0	0	0	0	0	0	0	0	0	0	0	0	0	0	0	0	0	0	0	0	0	0	0	0	0	0	0	77	12	117	53	85	56	83	56	50	99	21	76	61	33	70	101	90	49	15	22	58
0	0	0	0	0	0	0	0	0	0	0	0	0	0	0	0	0	0	0	0	0	0	0	0	0	0	0	0	0	0	0	0	0	0	0	0	0	0	0	0	0	0	0	0	0	0	0	0	0	0	0	0	0	0	0	0	0	0	0	0	0	0	0	0	0	0	0	0	0	0	0	0	0	0	0	0	0	0	0	0	0	0	0	0	0	0	0	0	0	0	0	0	0	0	0	0	0	0	0	0	0	0	0	0	0	0	0	0	4	61	88	41	1	55	68	78	121	70	2	100	61	27	70	80	26	86	72	90
0	0	0	0	0	0	0	0	0	0	0	0	0	0	0	0	0	0	0	0	0	0	0	0	0	0	0	0	0	0	0	0	0	0	0	0	0	0	0	0	0	0	0	0	0	0	0	0	0	0	0	0	0	0	0	0	0	0	0	0	0	0	0	0	0	0	0	0	0	0	0	0	0	0	0	0	0	0	0	0	0	0	0	0	0	0	0	0	0	0	0	0	0	0	0	0	0	0	0	0	0	0	0	0	0	0	0	0	0	128	93	8	119	109	9	92	2	13	57	103	102	127	49	99	40	45	102	17
0	0	0	0	0	0	0	0	0	0	0	0	0	0	0	0	0	0	0	0	0	0	0	0	0	0	0	0	0	0	0	0	0	0	0	0	0	0	0	0	0	0	0	0	0	0	0	0	0	0	0	0	0	0	0	0	0	0	0	0	0	0	0	0	0	0	0	0	0	0	0	0	0	0	0	0	0	0	0	0	0	0	0	0	0	0	0	0	0	0	0	0	0	0	0	0	0	0	0	0	0	0	0	0	0	0	0	0	0	0	112	18	103	82	10	128	62	102	50	8	100	93	36	65	3	56	101	96
0	0	0	0	0	0	0	0	0	0	0	0	0	0	0	0	0	0	0	0	0	0	0	0	0	0	0	0	0	0	0	0	0	0	0	0	0	0	0	0	0	0	0	0	0	0	0	0	0	0	0	0	0	0	0	0	0	0	0	0	0	0	0	0	0	0	0	0	0	0	0	0	0	0	0	0	0	0	0	0	0	0	0	0	0	0	0	0	0	0	0	0	0	0	0	0	0	0	0	0	0	0	0	0	0	0	0	0	0	0	0	37	5	20	89	72	45	91	1	67	126	13	35	120	114	55	7	98
0	0	0	0	0	0	0	0	0	0	0	0	0	0	0	0	0	0	0	0	0	0	0	0	0	0	0	0	0	0	0	0	0	0	0	0	0	0	0	0	0	0	0	0	0	0	0	0	0	0	0	0	0	0	0	0	0	0	0	0	0	0	0	0	0	0	0	0	0	0	0	0	0	0	0	0	0	0	0	0	0	0	0	0	0	0	0	0	0	0	0	0	0	0	0	0	0	0	0	0	0	0	0	0	0	0	0	0	0	0	0	0	115	31	18	107	86	102	3	48	70	93	29	8	61	37	106	29
0	0	0	0	0	0	0	0	0	0	0	0	0	0	0	0	0	0	0	0	0	0	0	0	0	0	0	0	0	0	0	0	0	0	0	0	0	0	0	0	0	0	0	0	0	0	0	0	0	0	0	0	0	0	0	0	0	0	0	0	0	0	0	0	0	0	0	0	0	0	0	0	0	0	0	0	0	0	0	0	0	0	0	0	0	0	0	0	0	0	0	0	0	0	0	0	0	0	0	0	0	0	0	0	0	0	0	0	0	0	0	0	0	59	57	22	4	84	93	103	52	102	123	125	40	23	13	72
0	0	0	0	0	0	0	0	0	0	0	0	0	0	0	0	0	0	0	0	0	0	0	0	0	0	0	0	0	0	0	0	0	0	0	0	0	0	0	0	0	0	0	0	0	0	0	0	0	0	0	0	0	0	0	0	0	0	0	0	0	0	0	0	0	0	0	0	0	0	0	0	0	0	0	0	0	0	0	0	0	0	0	0	0	0	0	0	0	0	0	0	0	0	0	0	0	0	0	0	0	0	0	0	0	0	0	0	0	0	0	0	0	0	55	49	123	70	63	2	40	5	51	124	51	14	9	23
0	0	0	0	0	0	0	0	0	0	0	0	0	0	0	0	0	0	0	0	0	0	0	0	0	0	0	0	0	0	0	0	0	0	0	0	0	0	0	0	0	0	0	0	0	0	0	0	0	0	0	0	0	0	0	0	0	0	0	0	0	0	0	0	0	0	0	0	0	0	0	0	0	0	0	0	0	0	0	0	0	0	0	0	0	0	0	0	0	0	0	0	0	0	0	0	0	0	0	0	0	0	0	0	0	0	0	0	0	0	0	0	0	0	0	36	62	107	123	50	13	87	106	105	6	36	110	95
0	0	0	0	0	0	0	0	0	0	0	0	0	0	0	0	0	0	0	0	0	0	0	0	0	0	0	0	0	0	0	0	0	0	0	0	0	0	0	0	0	0	0	0	0	0	0	0	0	0	0	0	0	0	0	0	0	0	0	0	0	0	0	0	0	0	0	0	0	0	0	0	0	0	0	0	0	0	0	0	0	0	0	0	0	0	0	0	0	0	0	0	0	0	0	0	0	0	0	0	0	0	0	0	0	0	0	0	0	0	0	0	0	0	0	0	29	15	92	20	10	8	103	15	2	100	34	1
0	0	0	0	0	0	0	0	0	0	0	0	0	0	0	0	0	0	0	0	0	0	0	0	0	0	0	0	0	0	0	0	0	0	0	0	0	0	0	0	0	0	0	0	0	0	0	0	0	0	0	0	0	0	0	0	0	0	0	0	0	0	0	0	0	0	0	0	0	0	0	0	0	0	0	0	0	0	0	0	0	0	0	0	0	0	0	0	0	0	0	0	0	0	0	0	0	0	0	0	0	0	0	0	0	0	0	0	0	0	0	0	0	0	0	0	0	127	87	92	109	85	4	21	10	118	47	107
0	0	0	0	0	0	0	0	0	0	0	0	0	0	0	0	0	0	0	0	0	0	0	0	0	0	0	0	0	0	0	0	0	0	0	0	0	0	0	0	0	0	0	0	0	0	0	0	0	0	0	0	0	0	0	0	0	0	0	0	0	0	0	0	0	0	0	0	0	0	0	0	0	0	0	0	0	0	0	0	0	0	0	0	0	0	0	0	0	0	0	0	0	0	0	0	0	0	0	0	0	0	0	0	0	0	0	0	0	0	0	0	0	0	0	0	0	0	44	84	20	50	59	90	32	91	42	33
0	0	0	0	0	0	0	0	0	0	0	0	0	0	0	0	0	0	0	0	0	0	0	0	0	0	0	0	0	0	0	0	0	0	0	0	0	0	0	0	0	0	0	0	0	0	0	0	0	0	0	0	0	0	0	0	0	0	0	0	0	0	0	0	0	0	0	0	0	0	0	0	0	0	0	0	0	0	0	0	0	0	0	0	0	0	0	0	0	0	0	0	0	0	0	0	0	0	0	0	0	0	0	0	0	0	0	0	0	0	0	0	0	0	0	0	0	0	0	120	89	39	104	31	16	63	62	46
0	0	0	0	0	0	0	0	0	0	0	0	0	0	0	0	0	0	0	0	0	0	0	0	0	0	0	0	0	0	0	0	0	0	0	0	0	0	0	0	0	0	0	0	0	0	0	0	0	0	0	0	0	0	0	0	0	0	0	0	0	0	0	0	0	0	0	0	0	0	0	0	0	0	0	0	0	0	0	0	0	0	0	0	0	0	0	0	0	0	0	0	0	0	0	0	0	0	0	0	0	0	0	0	0	0	0	0	0	0	0	0	0	0	0	0	0	0	0	0	32	48	64	38	64	105	29	128
0	0	0	0	0	0	0	0	0	0	0	0	0	0	0	0	0	0	0	0	0	0	0	0	0	0	0	0	0	0	0	0	0	0	0	0	0	0	0	0	0	0	0	0	0	0	0	0	0	0	0	0	0	0	0	0	0	0	0	0	0	0	0	0	0	0	0	0	0	0	0	0	0	0	0	0	0	0	0	0	0	0	0	0	0	0	0	0	0	0	0	0	0	0	0	0	0	0	0	0	0	0	0	0	0	0	0	0	0	0	0	0	0	0	0	0	0	0	0	0	0	112	66	67	46	43	45	17
0	0	0	0	0	0	0	0	0	0	0	0	0	0	0	0	0	0	0	0	0	0	0	0	0	0	0	0	0	0	0	0	0	0	0	0	0	0	0	0	0	0	0	0	0	0	0	0	0	0	0	0	0	0	0	0	0	0	0	0	0	0	0	0	0	0	0	0	0	0	0	0	0	0	0	0	0	0	0	0	0	0	0	0	0	0	0	0	0	0	0	0	0	0	0	0	0	0	0	0	0	0	0	0	0	0	0	0	0	0	0	0	0	0	0	0	0	0	0	0	0	0	128	116	37	39	51	79
0	0	0	0	0	0	0	0	0	0	0	0	0	0	0	0	0	0	0	0	0	0	0	0	0	0	0	0	0	0	0	0	0	0	0	0	0	0	0	0	0	0	0	0	0	0	0	0	0	0	0	0	0	0	0	0	0	0	0	0	0	0	0	0	0	0	0	0	0	0	0	0	0	0	0	0	0	0	0	0	0	0	0	0	0	0	0	0	0	0	0	0	0	0	0	0	0	0	0	0	0	0	0	0	0	0	0	0	0	0	0	0	0	0	0	0	0	0	0	0	0	0	0	70	86	60	23	65
0	0	0	0	0	0	0	0	0	0	0	0	0	0	0	0	0	0	0	0	0	0	0	0	0	0	0	0	0	0	0	0	0	0	0	0	0	0	0	0	0	0	0	0	0	0	0	0	0	0	0	0	0	0	0	0	0	0	0	0	0	0	0	0	0	0	0	0	0	0	0	0	0	0	0	0	0	0	0	0	0	0	0	0	0	0	0	0	0	0	0	0	0	0	0	0	0	0	0	0	0	0	0	0	0	0	0	0	0	0	0	0	0	0	0	0	0	0	0	0	0	0	0	0	23	53	48	47
0	0	0	0	0	0	0	0	0	0	0	0	0	0	0	0	0	0	0	0	0	0	0	0	0	0	0	0	0	0	0	0	0	0	0	0	0	0	0	0	0	0	0	0	0	0	0	0	0	0	0	0	0	0	0	0	0	0	0	0	0	0	0	0	0	0	0	0	0	0	0	0	0	0	0	0	0	0	0	0	0	0	0	0	0	0	0	0	0	0	0	0	0	0	0	0	0	0	0	0	0	0	0	0	0	0	0	0	0	0	0	0	0	0	0	0	0	0	0	0	0	0	0	0	0	8	90	70
0	0	0	0	0	0	0	0	0	0	0	0	0	0	0	0	0	0	0	0	0	0	0	0	0	0	0	0	0	0	0	0	0	0	0	0	0	0	0	0	0	0	0	0	0	0	0	0	0	0	0	0	0	0	0	0	0	0	0	0	0	0	0	0	0	0	0	0	0	0	0	0	0	0	0	0	0	0	0	0	0	0	0	0	0	0	0	0	0	0	0	0	0	0	0	0	0	0	0	0	0	0	0	0	0	0	0	0	0	0	0	0	0	0	0	0	0	0	0	0	0	0	0	0	0	0	14	64
0	0	0	0	0	0	0	0	0	0	0	0	0	0	0	0	0	0	0	0	0	0	0	0	0	0	0	0	0	0	0	0	0	0	0	0	0	0	0	0	0	0	0	0	0	0	0	0	0	0	0	0	0	0	0	0	0	0	0	0	0	0	0	0	0	0	0	0	0	0	0	0	0	0	0	0	0	0	0	0	0	0	0	0	0	0	0	0	0	0	0	0	0	0	0	0	0	0	0	0	0	0	0	0	0	0	0	0	0	0	0	0	0	0	0	0	0	0	0	0	0	0	0	0	0	0	0	13
0	0	0	0	0	0	0	0	0	0	0	0	0	0	0	0	0	0	0	0	0	0	0	0	0	0	0	0	0	0	0	0	0	0	0	0	0	0	0	0	0	0	0	0	0	0	0	0	0	0	0	0	0	0	0	0	0	0	0	0	0	0	0	0	0	0	0	0	0	0	0	0	0	0	0	0	0	0	0	0	0	0	0	0	0	0	0	0	0	0	0	0	0	0	0	0	0	0	0	0	0	0	0	0	0	0	0	0	0	0	0	0	0	0	0	0	0	0	0	0	0	0	0	0	0	0	0	0